"ID","SIZE","HH","TYPE","TIME","S_NUM","I_NUM"
1,5,1,"0",NA,NA,0
2,5,1,NA,NA,NA,0
3,5,1,NA,NA,NA,0
4,5,1,NA,NA,NA,0
5,5,1,NA,NA,NA,0
6,5,2,NA,NA,NA,0
7,5,2,NA,NA,NA,0
8,5,2,NA,NA,NA,0
9,5,2,NA,NA,NA,0
10,5,2,NA,NA,NA,0
11,4,3,NA,NA,NA,0
12,4,3,NA,NA,NA,0
13,4,3,NA,NA,NA,0
14,4,3,NA,NA,NA,0
15,5,4,NA,NA,NA,0
16,5,4,NA,NA,NA,0
17,5,4,NA,NA,NA,0
18,5,4,NA,NA,NA,0
19,5,4,NA,NA,NA,0
20,5,5,NA,NA,NA,0
21,5,5,NA,NA,NA,0
22,5,5,NA,NA,NA,0
23,5,5,NA,NA,NA,0
24,5,5,NA,NA,NA,0
25,4,6,NA,NA,NA,0
26,4,6,NA,NA,NA,0
27,4,6,NA,NA,NA,0
28,4,6,NA,NA,NA,0
29,3,7,NA,NA,NA,0
30,3,7,NA,NA,NA,0
31,3,7,NA,NA,NA,0
32,6,8,NA,NA,NA,0
33,6,8,NA,NA,NA,0
34,6,8,NA,NA,NA,0
35,6,8,NA,NA,NA,0
36,6,8,NA,NA,NA,0
37,6,8,NA,NA,NA,0
38,6,9,NA,NA,NA,0
39,6,9,NA,NA,NA,0
40,6,9,NA,NA,NA,0
41,6,9,NA,NA,NA,0
42,6,9,NA,NA,NA,0
43,6,9,NA,NA,NA,0
44,6,10,NA,NA,NA,0
45,6,10,NA,NA,NA,0
46,6,10,NA,NA,NA,0
47,6,10,NA,NA,NA,0
48,6,10,NA,NA,NA,0
49,6,10,NA,NA,NA,0
50,4,11,NA,NA,NA,0
51,4,11,NA,NA,NA,0
52,4,11,NA,NA,NA,0
53,4,11,NA,NA,NA,0
54,5,12,NA,NA,NA,0
55,5,12,NA,NA,NA,0
56,5,12,NA,NA,NA,0
57,5,12,NA,NA,NA,0
58,5,12,NA,NA,NA,0
59,5,13,NA,NA,NA,0
60,5,13,NA,NA,NA,0
61,5,13,NA,NA,NA,0
62,5,13,NA,NA,NA,0
63,5,13,NA,NA,NA,0
64,6,14,NA,NA,NA,0
65,6,14,NA,NA,NA,0
66,6,14,NA,NA,NA,0
67,6,14,NA,NA,NA,0
68,6,14,NA,NA,NA,0
69,6,14,NA,NA,NA,0
70,3,15,NA,NA,NA,0
71,3,15,NA,NA,NA,0
72,3,15,NA,NA,NA,0
73,3,16,NA,NA,NA,0
74,3,16,NA,NA,NA,0
75,3,16,"E",294,2,0
76,5,17,NA,NA,NA,0
77,5,17,NA,NA,NA,0
78,5,17,NA,NA,NA,0
79,5,17,NA,NA,NA,0
80,5,17,NA,NA,NA,0
81,4,18,NA,NA,NA,0
82,4,18,NA,NA,NA,0
83,4,18,NA,NA,NA,0
84,4,18,NA,NA,NA,0
85,5,19,NA,NA,NA,0
86,5,19,NA,NA,NA,0
87,5,19,NA,NA,NA,0
88,5,19,NA,NA,NA,0
89,5,19,NA,NA,NA,0
90,6,20,NA,NA,NA,0
91,6,20,NA,NA,NA,0
92,6,20,NA,NA,NA,0
93,6,20,NA,NA,NA,0
94,6,20,NA,NA,NA,0
95,6,20,NA,NA,NA,0
96,5,21,NA,NA,NA,0
97,5,21,NA,NA,NA,0
98,5,21,NA,NA,NA,0
99,5,21,NA,NA,NA,0
100,5,21,NA,NA,NA,0
101,4,22,NA,NA,NA,0
102,4,22,NA,NA,NA,0
103,4,22,NA,NA,NA,0
104,4,22,NA,NA,NA,0
105,3,23,NA,NA,NA,0
106,3,23,NA,NA,NA,0
107,3,23,NA,NA,NA,0
108,4,24,NA,NA,NA,0
109,4,24,NA,NA,NA,0
110,4,24,NA,NA,NA,0
111,4,24,NA,NA,NA,0
112,3,25,NA,NA,NA,0
113,3,25,NA,NA,NA,0
114,3,25,NA,NA,NA,0
115,3,26,NA,NA,NA,0
116,3,26,NA,NA,NA,0
117,3,26,NA,NA,NA,0
118,6,27,NA,NA,NA,0
119,6,27,NA,NA,NA,0
120,6,27,NA,NA,NA,0
121,6,27,NA,NA,NA,0
122,6,27,NA,NA,NA,0
123,6,27,NA,NA,NA,0
124,6,28,NA,NA,NA,0
125,6,28,NA,NA,NA,0
126,6,28,NA,NA,NA,0
127,6,28,NA,NA,NA,0
128,6,28,NA,NA,NA,0
129,6,28,NA,NA,NA,0
130,3,29,NA,NA,NA,0
131,3,29,NA,NA,NA,0
132,3,29,"C",330,2,0
133,5,30,NA,NA,NA,0
134,5,30,NA,NA,NA,0
135,5,30,NA,NA,NA,0
136,5,30,NA,NA,NA,0
137,5,30,NA,NA,NA,0
138,5,31,NA,NA,NA,0
139,5,31,NA,NA,NA,0
140,5,31,NA,NA,NA,0
141,5,31,NA,NA,NA,0
142,5,31,NA,NA,NA,0
143,4,32,NA,NA,NA,0
144,4,32,NA,NA,NA,0
145,4,32,NA,NA,NA,0
146,4,32,NA,NA,NA,0
147,4,33,NA,NA,NA,0
148,4,33,NA,NA,NA,0
149,4,33,NA,NA,NA,0
150,4,33,NA,NA,NA,0
151,3,34,NA,NA,NA,0
152,3,34,NA,NA,NA,0
153,3,34,NA,NA,NA,0
154,5,35,NA,NA,NA,0
155,5,35,NA,NA,NA,0
156,5,35,NA,NA,NA,0
157,5,35,NA,NA,NA,0
158,5,35,NA,NA,NA,0
159,5,36,NA,NA,NA,0
160,5,36,NA,NA,NA,0
161,5,36,NA,NA,NA,0
162,5,36,NA,NA,NA,0
163,5,36,NA,NA,NA,0
164,5,37,NA,NA,NA,0
165,5,37,NA,NA,NA,0
166,5,37,NA,NA,NA,0
167,5,37,NA,NA,NA,0
168,5,37,NA,NA,NA,0
169,4,38,NA,NA,NA,0
170,4,38,NA,NA,NA,0
171,4,38,NA,NA,NA,0
172,4,38,NA,NA,NA,0
173,4,39,NA,NA,NA,0
174,4,39,NA,NA,NA,0
175,4,39,NA,NA,NA,0
176,4,39,NA,NA,NA,0
177,3,40,NA,NA,NA,0
178,3,40,NA,NA,NA,0
179,3,40,NA,NA,NA,0
180,4,41,NA,NA,NA,0
181,4,41,NA,NA,NA,0
182,4,41,NA,NA,NA,0
183,4,41,NA,NA,NA,0
184,5,42,NA,NA,NA,0
185,5,42,NA,NA,NA,0
186,5,42,NA,NA,NA,0
187,5,42,NA,NA,NA,0
188,5,42,NA,NA,NA,0
189,4,43,"C",145,3,1
190,4,43,NA,NA,NA,0
191,4,43,"H",196,2,0
192,4,43,NA,NA,NA,0
193,3,44,NA,NA,NA,0
194,3,44,NA,NA,NA,0
195,3,44,NA,NA,NA,0
196,4,45,NA,NA,NA,0
197,4,45,NA,NA,NA,0
198,4,45,NA,NA,NA,0
199,4,45,NA,NA,NA,0
200,5,46,NA,NA,NA,0
201,5,46,NA,NA,NA,0
202,5,46,NA,NA,NA,0
203,5,46,NA,NA,NA,0
204,5,46,NA,NA,NA,0
205,5,47,NA,NA,NA,0
206,5,47,NA,NA,NA,0
207,5,47,NA,NA,NA,0
208,5,47,NA,NA,NA,0
209,5,47,NA,NA,NA,0
210,5,48,NA,NA,NA,0
211,5,48,NA,NA,NA,0
212,5,48,NA,NA,NA,0
213,5,48,NA,NA,NA,0
214,5,48,NA,NA,NA,0
215,6,49,NA,NA,NA,0
216,6,49,NA,NA,NA,0
217,6,49,NA,NA,NA,0
218,6,49,NA,NA,NA,0
219,6,49,NA,NA,NA,0
220,6,49,NA,NA,NA,0
221,6,50,NA,NA,NA,0
222,6,50,NA,NA,NA,0
223,6,50,NA,NA,NA,0
224,6,50,NA,NA,NA,0
225,6,50,NA,NA,NA,0
226,6,50,NA,NA,NA,0
227,6,51,NA,NA,NA,0
228,6,51,NA,NA,NA,0
229,6,51,NA,NA,NA,0
230,6,51,NA,NA,NA,0
231,6,51,NA,NA,NA,0
232,6,51,NA,NA,NA,0
233,3,52,NA,NA,NA,0
234,3,52,NA,NA,NA,0
235,3,52,NA,NA,NA,0
236,6,53,NA,NA,NA,0
237,6,53,NA,NA,NA,0
238,6,53,NA,NA,NA,0
239,6,53,NA,NA,NA,0
240,6,53,NA,NA,NA,0
241,6,53,NA,NA,NA,0
242,6,54,NA,NA,NA,0
243,6,54,NA,NA,NA,0
244,6,54,NA,NA,NA,0
245,6,54,NA,NA,NA,0
246,6,54,NA,NA,NA,0
247,6,54,NA,NA,NA,0
248,5,55,NA,NA,NA,0
249,5,55,NA,NA,NA,0
250,5,55,NA,NA,NA,0
251,5,55,NA,NA,NA,0
252,5,55,NA,NA,NA,0
253,5,56,"C",169,4,0
254,5,56,NA,NA,NA,0
255,5,56,NA,NA,NA,0
256,5,56,NA,NA,NA,0
257,5,56,NA,NA,NA,0
258,3,57,NA,NA,NA,0
259,3,57,NA,NA,NA,0
260,3,57,NA,NA,NA,0
261,5,58,NA,NA,NA,0
262,5,58,NA,NA,NA,0
263,5,58,NA,NA,NA,0
264,5,58,NA,NA,NA,0
265,5,58,NA,NA,NA,0
266,4,59,"H",246,1,0
267,4,59,NA,NA,NA,0
268,4,59,"E",222,2,1
269,4,59,"E",79,3,0
270,5,60,NA,NA,NA,0
271,5,60,NA,NA,NA,0
272,5,60,NA,NA,NA,0
273,5,60,NA,NA,NA,0
274,5,60,NA,NA,NA,0
275,6,61,NA,NA,NA,0
276,6,61,NA,NA,NA,0
277,6,61,NA,NA,NA,0
278,6,61,NA,NA,NA,0
279,6,61,NA,NA,NA,0
280,6,61,NA,NA,NA,0
281,6,62,NA,NA,NA,0
282,6,62,"C",NA,NA,0
283,6,62,NA,NA,NA,0
284,6,62,NA,NA,NA,0
285,6,62,NA,NA,NA,0
286,6,62,NA,NA,NA,0
287,3,63,NA,NA,NA,0
288,3,63,NA,NA,NA,0
289,3,63,NA,NA,NA,0
290,3,64,NA,NA,NA,0
291,3,64,NA,NA,NA,0
292,3,64,NA,NA,NA,0
293,4,65,NA,NA,NA,0
294,4,65,NA,NA,NA,0
295,4,65,NA,NA,NA,0
296,4,65,NA,NA,NA,0
297,3,66,NA,NA,NA,0
298,3,66,NA,NA,NA,0
299,3,66,NA,NA,NA,0
300,5,67,NA,NA,NA,0
301,5,67,NA,NA,NA,0
302,5,67,NA,NA,NA,0
303,5,67,NA,NA,NA,0
304,5,67,NA,NA,NA,0
305,4,68,NA,NA,NA,0
306,4,68,NA,NA,NA,0
307,4,68,NA,NA,NA,0
308,4,68,NA,NA,NA,0
309,6,69,NA,NA,NA,0
310,6,69,"H",126,2,0
311,6,69,NA,NA,NA,0
312,6,69,"E",60,5,1
313,6,69,"H",103,4,2
314,6,69,"H",161,2,0
315,6,70,NA,NA,NA,0
316,6,70,NA,NA,NA,0
317,6,70,NA,NA,NA,0
318,6,70,NA,NA,NA,0
319,6,70,NA,NA,NA,0
320,6,70,NA,NA,NA,0
321,6,71,NA,NA,NA,0
322,6,71,NA,NA,NA,0
323,6,71,NA,NA,NA,0
324,6,71,NA,NA,NA,0
325,6,71,NA,NA,NA,0
326,6,71,NA,NA,NA,0
327,6,72,"H",262,2,1
328,6,72,"H",288,1,1
329,6,72,"H",255,2,0
330,6,72,"E",224,5,2
331,6,72,"H",332,0,0
332,6,72,"H",238,3,1
333,6,73,NA,NA,NA,0
334,6,73,NA,NA,NA,0
335,6,73,NA,NA,NA,0
336,6,73,NA,NA,NA,0
337,6,73,NA,NA,NA,0
338,6,73,NA,NA,NA,0
339,6,74,NA,NA,NA,0
340,6,74,NA,NA,NA,0
341,6,74,NA,NA,NA,0
342,6,74,NA,NA,NA,0
343,6,74,NA,NA,NA,0
344,6,74,NA,NA,NA,0
345,3,75,NA,NA,NA,0
346,3,75,NA,NA,NA,0
347,3,75,NA,NA,NA,0
348,6,76,NA,NA,NA,0
349,6,76,NA,NA,NA,0
350,6,76,NA,NA,NA,0
351,6,76,NA,NA,NA,0
352,6,76,NA,NA,NA,0
353,6,76,NA,NA,NA,0
354,3,77,NA,NA,NA,0
355,3,77,NA,NA,NA,0
356,3,77,NA,NA,NA,0
357,5,78,NA,NA,NA,0
358,5,78,NA,NA,NA,0
359,5,78,NA,NA,NA,0
360,5,78,NA,NA,NA,0
361,5,78,NA,NA,NA,0
362,4,79,NA,NA,NA,0
363,4,79,NA,NA,NA,0
364,4,79,NA,NA,NA,0
365,4,79,NA,NA,NA,0
366,6,80,NA,NA,NA,0
367,6,80,NA,NA,NA,0
368,6,80,NA,NA,NA,0
369,6,80,NA,NA,NA,0
370,6,80,NA,NA,NA,0
371,6,80,NA,NA,NA,0
372,4,81,NA,NA,NA,0
373,4,81,NA,NA,NA,0
374,4,81,NA,NA,NA,0
375,4,81,NA,NA,NA,0
376,4,82,NA,NA,NA,0
377,4,82,NA,NA,NA,0
378,4,82,NA,NA,NA,0
379,4,82,NA,NA,NA,0
380,5,83,NA,NA,NA,0
381,5,83,NA,NA,NA,0
382,5,83,NA,NA,NA,0
383,5,83,NA,NA,NA,0
384,5,83,NA,NA,NA,0
385,6,84,NA,NA,NA,0
386,6,84,NA,NA,NA,0
387,6,84,NA,NA,NA,0
388,6,84,NA,NA,NA,0
389,6,84,NA,NA,NA,0
390,6,84,NA,NA,NA,0
391,3,85,"E",245,2,1
392,3,85,"H",278,1,0
393,3,85,NA,NA,NA,0
394,5,86,NA,NA,NA,0
395,5,86,NA,NA,NA,0
396,5,86,NA,NA,NA,0
397,5,86,NA,NA,NA,0
398,5,86,NA,NA,NA,0
399,5,87,NA,NA,NA,0
400,5,87,"E",85,4,2
401,5,87,"H",109,2,0
402,5,87,NA,NA,NA,0
403,5,87,"H",140,2,0
404,3,88,NA,NA,NA,0
405,3,88,NA,NA,NA,0
406,3,88,NA,NA,NA,0
407,5,89,"H",266,0,0
408,5,89,"H",187,3,1
409,5,89,"E",105,4,1
410,5,89,"H",231,2,2
411,5,89,"H",290,0,0
412,6,90,"E",89,5,1
413,6,90,NA,NA,NA,0
414,6,90,"H",196,1,0
415,6,90,"H",187,1,0
416,6,90,"H",147,2,1
417,6,90,"H",127,4,2
418,6,91,NA,NA,NA,0
419,6,91,NA,NA,NA,0
420,6,91,NA,NA,NA,0
421,6,91,NA,NA,NA,0
422,6,91,NA,NA,NA,0
423,6,91,NA,NA,NA,0
424,5,92,NA,NA,NA,0
425,5,92,NA,NA,NA,0
426,5,92,NA,NA,NA,0
427,5,92,NA,NA,NA,0
428,5,92,NA,NA,NA,0
429,3,93,NA,NA,NA,0
430,3,93,NA,NA,NA,0
431,3,93,NA,NA,NA,0
432,3,94,NA,NA,NA,0
433,3,94,NA,NA,NA,0
434,3,94,NA,NA,NA,0
435,6,95,NA,NA,NA,0
436,6,95,NA,NA,NA,0
437,6,95,NA,NA,NA,0
438,6,95,NA,NA,NA,0
439,6,95,NA,NA,NA,0
440,6,95,"C",303,5,0
441,5,96,NA,NA,NA,0
442,5,96,NA,NA,NA,0
443,5,96,NA,NA,NA,0
444,5,96,NA,NA,NA,0
445,5,96,NA,NA,NA,0
446,3,97,NA,NA,NA,0
447,3,97,NA,NA,NA,0
448,3,97,NA,NA,NA,0
449,3,98,NA,NA,NA,0
450,3,98,NA,NA,NA,0
451,3,98,NA,NA,NA,0
452,5,99,NA,NA,NA,0
453,5,99,NA,NA,NA,0
454,5,99,NA,NA,NA,0
455,5,99,NA,NA,NA,0
456,5,99,NA,NA,NA,0
457,4,100,NA,NA,NA,0
458,4,100,NA,NA,NA,0
459,4,100,NA,NA,NA,0
460,4,100,NA,NA,NA,0
461,6,101,NA,NA,NA,0
462,6,101,NA,NA,NA,0
463,6,101,NA,NA,NA,0
464,6,101,NA,NA,NA,0
465,6,101,NA,NA,NA,0
466,6,101,NA,NA,NA,0
467,4,102,NA,NA,NA,0
468,4,102,NA,NA,NA,0
469,4,102,NA,NA,NA,0
470,4,102,NA,NA,NA,0
471,3,103,NA,NA,NA,0
472,3,103,NA,NA,NA,0
473,3,103,NA,NA,NA,0
474,3,104,NA,NA,NA,0
475,3,104,NA,NA,NA,0
476,3,104,NA,NA,NA,0
477,3,105,NA,NA,NA,0
478,3,105,NA,NA,NA,0
479,3,105,NA,NA,NA,0
480,4,106,NA,NA,NA,0
481,4,106,NA,NA,NA,0
482,4,106,NA,NA,NA,0
483,4,106,NA,NA,NA,0
484,5,107,NA,NA,NA,0
485,5,107,NA,NA,NA,0
486,5,107,NA,NA,NA,0
487,5,107,NA,NA,NA,0
488,5,107,NA,NA,NA,0
489,3,108,NA,NA,NA,0
490,3,108,NA,NA,NA,0
491,3,108,NA,NA,NA,0
492,5,109,NA,NA,NA,0
493,5,109,NA,NA,NA,0
494,5,109,"E",63,4,0
495,5,109,NA,NA,NA,0
496,5,109,NA,NA,NA,0
497,6,110,NA,NA,NA,0
498,6,110,NA,NA,NA,0
499,6,110,NA,NA,NA,0
500,6,110,NA,NA,NA,0
501,6,110,NA,NA,NA,0
502,6,110,NA,NA,NA,0
503,4,111,NA,NA,NA,0
504,4,111,NA,NA,NA,0
505,4,111,NA,NA,NA,0
506,4,111,NA,NA,NA,0
507,4,112,NA,NA,NA,0
508,4,112,NA,NA,NA,0
509,4,112,NA,NA,NA,0
510,4,112,NA,NA,NA,0
511,6,113,NA,NA,NA,0
512,6,113,NA,NA,NA,0
513,6,113,NA,NA,NA,0
514,6,113,NA,NA,NA,0
515,6,113,NA,NA,NA,0
516,6,113,NA,NA,NA,0
517,6,114,NA,NA,NA,0
518,6,114,NA,NA,NA,0
519,6,114,NA,NA,NA,0
520,6,114,NA,NA,NA,0
521,6,114,NA,NA,NA,0
522,6,114,NA,NA,NA,0
523,6,115,NA,NA,NA,0
524,6,115,NA,NA,NA,0
525,6,115,NA,NA,NA,0
526,6,115,NA,NA,NA,0
527,6,115,NA,NA,NA,0
528,6,115,NA,NA,NA,0
529,3,116,NA,NA,NA,0
530,3,116,NA,NA,NA,0
531,3,116,NA,NA,NA,0
532,6,117,NA,NA,NA,0
533,6,117,NA,NA,NA,0
534,6,117,NA,NA,NA,0
535,6,117,NA,NA,NA,0
536,6,117,NA,NA,NA,0
537,6,117,NA,NA,NA,0
538,6,118,NA,NA,NA,0
539,6,118,NA,NA,NA,0
540,6,118,NA,NA,NA,0
541,6,118,NA,NA,NA,0
542,6,118,NA,NA,NA,0
543,6,118,NA,NA,NA,0
544,3,119,NA,NA,NA,0
545,3,119,NA,NA,NA,0
546,3,119,NA,NA,NA,0
547,5,120,NA,NA,NA,0
548,5,120,NA,NA,NA,0
549,5,120,NA,NA,NA,0
550,5,120,NA,NA,NA,0
551,5,120,NA,NA,NA,0
552,5,121,NA,NA,NA,0
553,5,121,NA,NA,NA,0
554,5,121,NA,NA,NA,0
555,5,121,NA,NA,NA,0
556,5,121,NA,NA,NA,0
557,4,122,NA,NA,NA,0
558,4,122,NA,NA,NA,0
559,4,122,NA,NA,NA,0
560,4,122,NA,NA,NA,0
561,4,123,NA,NA,NA,0
562,4,123,NA,NA,NA,0
563,4,123,NA,NA,NA,0
564,4,123,NA,NA,NA,0
565,3,124,NA,NA,NA,0
566,3,124,"C",NA,NA,0
567,3,124,NA,NA,NA,0
568,3,125,NA,NA,NA,0
569,3,125,NA,NA,NA,0
570,3,125,NA,NA,NA,0
571,5,126,NA,NA,NA,0
572,5,126,NA,NA,NA,0
573,5,126,NA,NA,NA,0
574,5,126,NA,NA,NA,0
575,5,126,NA,NA,NA,0
576,4,127,NA,NA,NA,0
577,4,127,NA,NA,NA,0
578,4,127,NA,NA,NA,0
579,4,127,NA,NA,NA,0
580,4,128,NA,NA,NA,0
581,4,128,NA,NA,NA,0
582,4,128,NA,NA,NA,0
583,4,128,NA,NA,NA,0
584,5,129,NA,NA,NA,0
585,5,129,NA,NA,NA,0
586,5,129,NA,NA,NA,0
587,5,129,NA,NA,NA,0
588,5,129,NA,NA,NA,0
589,5,130,NA,NA,NA,0
590,5,130,NA,NA,NA,0
591,5,130,NA,NA,NA,0
592,5,130,NA,NA,NA,0
593,5,130,NA,NA,NA,0
594,6,131,NA,NA,NA,0
595,6,131,NA,NA,NA,0
596,6,131,NA,NA,NA,0
597,6,131,NA,NA,NA,0
598,6,131,NA,NA,NA,0
599,6,131,NA,NA,NA,0
600,6,132,NA,NA,NA,0
601,6,132,"H",363,3,1
602,6,132,"H",362,3,0
603,6,132,NA,NA,NA,0
604,6,132,"C",328,5,2
605,6,132,"H",NA,NA,0
606,6,133,NA,NA,NA,0
607,6,133,NA,NA,NA,0
608,6,133,NA,NA,NA,0
609,6,133,"C",NA,NA,0
610,6,133,NA,NA,NA,0
611,6,133,NA,NA,NA,0
612,6,134,NA,NA,NA,0
613,6,134,NA,NA,NA,0
614,6,134,NA,NA,NA,0
615,6,134,NA,NA,NA,0
616,6,134,NA,NA,NA,0
617,6,134,NA,NA,NA,0
618,3,135,NA,NA,NA,0
619,3,135,NA,NA,NA,0
620,3,135,NA,NA,NA,0
621,3,136,NA,NA,NA,0
622,3,136,NA,NA,NA,0
623,3,136,NA,NA,NA,0
624,5,137,NA,NA,NA,0
625,5,137,NA,NA,NA,0
626,5,137,NA,NA,NA,0
627,5,137,NA,NA,NA,0
628,5,137,NA,NA,NA,0
629,4,138,NA,NA,NA,0
630,4,138,NA,NA,NA,0
631,4,138,NA,NA,NA,0
632,4,138,NA,NA,NA,0
633,3,139,NA,NA,NA,0
634,3,139,NA,NA,NA,0
635,3,139,NA,NA,NA,0
636,5,140,NA,NA,NA,0
637,5,140,NA,NA,NA,0
638,5,140,NA,NA,NA,0
639,5,140,NA,NA,NA,0
640,5,140,NA,NA,NA,0
641,4,141,NA,NA,NA,0
642,4,141,NA,NA,NA,0
643,4,141,NA,NA,NA,0
644,4,141,NA,NA,NA,0
645,5,142,NA,NA,NA,0
646,5,142,NA,NA,NA,0
647,5,142,NA,NA,NA,0
648,5,142,NA,NA,NA,0
649,5,142,NA,NA,NA,0
650,3,143,NA,NA,NA,0
651,3,143,NA,NA,NA,0
652,3,143,NA,NA,NA,0
653,4,144,"H",328,1,0
654,4,144,"H",306,2,1
655,4,144,"C",280,3,1
656,4,144,NA,NA,NA,0
657,4,145,NA,NA,NA,0
658,4,145,NA,NA,NA,0
659,4,145,NA,NA,NA,0
660,4,145,NA,NA,NA,0
661,4,146,NA,NA,NA,0
662,4,146,NA,NA,NA,0
663,4,146,NA,NA,NA,0
664,4,146,NA,NA,NA,0
665,4,147,NA,NA,NA,0
666,4,147,NA,NA,NA,0
667,4,147,NA,NA,NA,0
668,4,147,NA,NA,NA,0
669,4,148,NA,NA,NA,0
670,4,148,NA,NA,NA,0
671,4,148,NA,NA,NA,0
672,4,148,NA,NA,NA,0
673,4,149,NA,NA,NA,0
674,4,149,NA,NA,NA,0
675,4,149,NA,NA,NA,0
676,4,149,NA,NA,NA,0
677,5,150,NA,NA,NA,0
678,5,150,NA,NA,NA,0
679,5,150,NA,NA,NA,0
680,5,150,NA,NA,NA,0
681,5,150,NA,NA,NA,0
682,3,151,NA,NA,NA,0
683,3,151,NA,NA,NA,0
684,3,151,NA,NA,NA,0
685,6,152,NA,NA,NA,0
686,6,152,NA,NA,NA,0
687,6,152,NA,NA,NA,0
688,6,152,NA,NA,NA,0
689,6,152,NA,NA,NA,0
690,6,152,NA,NA,NA,0
691,5,153,NA,NA,NA,0
692,5,153,NA,NA,NA,0
693,5,153,NA,NA,NA,0
694,5,153,NA,NA,NA,0
695,5,153,NA,NA,NA,0
696,4,154,NA,NA,NA,0
697,4,154,NA,NA,NA,0
698,4,154,NA,NA,NA,0
699,4,154,NA,NA,NA,0
700,4,155,NA,NA,NA,0
701,4,155,NA,NA,NA,0
702,4,155,NA,NA,NA,0
703,4,155,NA,NA,NA,0
704,4,156,NA,NA,NA,0
705,4,156,NA,NA,NA,0
706,4,156,NA,NA,NA,0
707,4,156,NA,NA,NA,0
708,6,157,NA,NA,NA,0
709,6,157,NA,NA,NA,0
710,6,157,NA,NA,NA,0
711,6,157,NA,NA,NA,0
712,6,157,NA,NA,NA,0
713,6,157,NA,NA,NA,0
714,4,158,NA,NA,NA,0
715,4,158,NA,NA,NA,0
716,4,158,NA,NA,NA,0
717,4,158,NA,NA,NA,0
718,3,159,NA,NA,NA,0
719,3,159,NA,NA,NA,0
720,3,159,NA,NA,NA,0
721,5,160,"H",NA,NA,0
722,5,160,NA,NA,NA,0
723,5,160,"H",NA,NA,0
724,5,160,NA,NA,NA,0
725,5,160,"E",355,4,2
726,5,161,NA,NA,NA,0
727,5,161,NA,NA,NA,0
728,5,161,NA,NA,NA,0
729,5,161,NA,NA,NA,0
730,5,161,NA,NA,NA,0
731,5,162,NA,NA,NA,0
732,5,162,NA,NA,NA,0
733,5,162,NA,NA,NA,0
734,5,162,NA,NA,NA,0
735,5,162,NA,NA,NA,0
736,4,163,NA,NA,NA,0
737,4,163,NA,NA,NA,0
738,4,163,NA,NA,NA,0
739,4,163,NA,NA,NA,0
740,3,164,NA,NA,NA,0
741,3,164,NA,NA,NA,0
742,3,164,NA,NA,NA,0
743,3,165,NA,NA,NA,0
744,3,165,NA,NA,NA,0
745,3,165,NA,NA,NA,0
746,4,166,NA,NA,NA,0
747,4,166,NA,NA,NA,0
748,4,166,NA,NA,NA,0
749,4,166,NA,NA,NA,0
750,3,167,NA,NA,NA,0
751,3,167,NA,NA,NA,0
752,3,167,NA,NA,NA,0
753,6,168,"H",268,0,0
754,6,168,"H",289,0,0
755,6,168,"E",244,5,4
756,6,168,"H",273,0,0
757,6,168,"H",269,0,0
758,6,168,"H",267,1,1
759,3,169,NA,NA,NA,0
760,3,169,NA,NA,NA,0
761,3,169,NA,NA,NA,0
762,5,170,NA,NA,NA,0
763,5,170,NA,NA,NA,0
764,5,170,NA,NA,NA,0
765,5,170,NA,NA,NA,0
766,5,170,NA,NA,NA,0
767,3,171,"C",101,2,0
768,3,171,NA,NA,NA,0
769,3,171,NA,NA,NA,0
770,5,172,NA,NA,NA,0
771,5,172,NA,NA,NA,0
772,5,172,NA,NA,NA,0
773,5,172,NA,NA,NA,0
774,5,172,NA,NA,NA,0
775,5,173,NA,NA,NA,0
776,5,173,NA,NA,NA,0
777,5,173,NA,NA,NA,0
778,5,173,NA,NA,NA,0
779,5,173,NA,NA,NA,0
780,5,174,NA,NA,NA,0
781,5,174,NA,NA,NA,0
782,5,174,NA,NA,NA,0
783,5,174,NA,NA,NA,0
784,5,174,NA,NA,NA,0
785,4,175,NA,NA,NA,0
786,4,175,NA,NA,NA,0
787,4,175,NA,NA,NA,0
788,4,175,NA,NA,NA,0
789,6,176,NA,NA,NA,0
790,6,176,NA,NA,NA,0
791,6,176,NA,NA,NA,0
792,6,176,NA,NA,NA,0
793,6,176,NA,NA,NA,0
794,6,176,NA,NA,NA,0
795,3,177,NA,NA,NA,0
796,3,177,NA,NA,NA,0
797,3,177,NA,NA,NA,0
798,5,178,NA,NA,NA,0
799,5,178,NA,NA,NA,0
800,5,178,NA,NA,NA,0
801,5,178,NA,NA,NA,0
802,5,178,NA,NA,NA,0
803,5,179,NA,NA,NA,0
804,5,179,NA,NA,NA,0
805,5,179,NA,NA,NA,0
806,5,179,NA,NA,NA,0
807,5,179,NA,NA,NA,0
808,6,180,NA,NA,NA,0
809,6,180,NA,NA,NA,0
810,6,180,NA,NA,NA,0
811,6,180,NA,NA,NA,0
812,6,180,NA,NA,NA,0
813,6,180,NA,NA,NA,0
814,3,181,NA,NA,NA,0
815,3,181,NA,NA,NA,0
816,3,181,NA,NA,NA,0
817,4,182,NA,NA,NA,0
818,4,182,NA,NA,NA,0
819,4,182,NA,NA,NA,0
820,4,182,NA,NA,NA,0
821,4,183,NA,NA,NA,0
822,4,183,NA,NA,NA,0
823,4,183,NA,NA,NA,0
824,4,183,"C",143,3,0
825,5,184,NA,NA,NA,0
826,5,184,NA,NA,NA,0
827,5,184,NA,NA,NA,0
828,5,184,NA,NA,NA,0
829,5,184,NA,NA,NA,0
830,6,185,NA,NA,NA,0
831,6,185,NA,NA,NA,0
832,6,185,NA,NA,NA,0
833,6,185,NA,NA,NA,0
834,6,185,NA,NA,NA,0
835,6,185,NA,NA,NA,0
836,3,186,NA,NA,NA,0
837,3,186,NA,NA,NA,0
838,3,186,NA,NA,NA,0
839,5,187,NA,NA,NA,0
840,5,187,NA,NA,NA,0
841,5,187,NA,NA,NA,0
842,5,187,NA,NA,NA,0
843,5,187,NA,NA,NA,0
844,4,188,NA,NA,NA,0
845,4,188,NA,NA,NA,0
846,4,188,NA,NA,NA,0
847,4,188,NA,NA,NA,0
848,4,189,NA,NA,NA,0
849,4,189,NA,NA,NA,0
850,4,189,NA,NA,NA,0
851,4,189,NA,NA,NA,0
852,5,190,NA,NA,NA,0
853,5,190,NA,NA,NA,0
854,5,190,NA,NA,NA,0
855,5,190,NA,NA,NA,0
856,5,190,NA,NA,NA,0
857,4,191,NA,NA,NA,0
858,4,191,NA,NA,NA,0
859,4,191,NA,NA,NA,0
860,4,191,NA,NA,NA,0
861,6,192,NA,NA,NA,0
862,6,192,NA,NA,NA,0
863,6,192,NA,NA,NA,0
864,6,192,NA,NA,NA,0
865,6,192,NA,NA,NA,0
866,6,192,NA,NA,NA,0
867,6,193,NA,NA,NA,0
868,6,193,NA,NA,NA,0
869,6,193,NA,NA,NA,0
870,6,193,NA,NA,NA,0
871,6,193,NA,NA,NA,0
872,6,193,NA,NA,NA,0
873,6,194,NA,NA,NA,0
874,6,194,NA,NA,NA,0
875,6,194,NA,NA,NA,0
876,6,194,NA,NA,NA,0
877,6,194,NA,NA,NA,0
878,6,194,NA,NA,NA,0
879,3,195,NA,NA,NA,0
880,3,195,NA,NA,NA,0
881,3,195,NA,NA,NA,0
882,3,196,NA,NA,NA,0
883,3,196,NA,NA,NA,0
884,3,196,NA,NA,NA,0
885,6,197,NA,NA,NA,0
886,6,197,NA,NA,NA,0
887,6,197,NA,NA,NA,0
888,6,197,NA,NA,NA,0
889,6,197,NA,NA,NA,0
890,6,197,NA,NA,NA,0
891,4,198,NA,NA,NA,0
892,4,198,"C",212,3,0
893,4,198,NA,NA,NA,0
894,4,198,NA,NA,NA,0
895,4,199,NA,NA,NA,0
896,4,199,NA,NA,NA,0
897,4,199,NA,NA,NA,0
898,4,199,NA,NA,NA,0
899,3,200,"H",80,0,0
900,3,200,"E",55,2,2
901,3,200,"H",93,0,0
902,4,201,NA,NA,NA,0
903,4,201,NA,NA,NA,0
904,4,201,NA,NA,NA,0
905,4,201,NA,NA,NA,0
906,3,202,NA,NA,NA,0
907,3,202,NA,NA,NA,0
908,3,202,NA,NA,NA,0
909,3,203,NA,NA,NA,0
910,3,203,NA,NA,NA,0
911,3,203,NA,NA,NA,0
912,5,204,NA,NA,NA,0
913,5,204,NA,NA,NA,0
914,5,204,NA,NA,NA,0
915,5,204,NA,NA,NA,0
916,5,204,NA,NA,NA,0
917,5,205,NA,NA,NA,0
918,5,205,NA,NA,NA,0
919,5,205,NA,NA,NA,0
920,5,205,NA,NA,NA,0
921,5,205,NA,NA,NA,0
922,4,206,NA,NA,NA,0
923,4,206,NA,NA,NA,0
924,4,206,NA,NA,NA,0
925,4,206,NA,NA,NA,0
926,4,207,NA,NA,NA,0
927,4,207,NA,NA,NA,0
928,4,207,NA,NA,NA,0
929,4,207,NA,NA,NA,0
930,6,208,NA,NA,NA,0
931,6,208,NA,NA,NA,0
932,6,208,NA,NA,NA,0
933,6,208,NA,NA,NA,0
934,6,208,NA,NA,NA,0
935,6,208,NA,NA,NA,0
936,4,209,NA,NA,NA,0
937,4,209,NA,NA,NA,0
938,4,209,NA,NA,NA,0
939,4,209,NA,NA,NA,0
940,3,210,NA,NA,NA,0
941,3,210,NA,NA,NA,0
942,3,210,NA,NA,NA,0
943,4,211,NA,NA,NA,0
944,4,211,NA,NA,NA,0
945,4,211,NA,NA,NA,0
946,4,211,NA,NA,NA,0
947,6,212,NA,NA,NA,0
948,6,212,NA,NA,NA,0
949,6,212,NA,NA,NA,0
950,6,212,NA,NA,NA,0
951,6,212,NA,NA,NA,0
952,6,212,NA,NA,NA,0
953,6,213,NA,NA,NA,0
954,6,213,NA,NA,NA,0
955,6,213,NA,NA,NA,0
956,6,213,NA,NA,NA,0
957,6,213,NA,NA,NA,0
958,6,213,NA,NA,NA,0
959,6,214,"H",NA,NA,0
960,6,214,NA,NA,NA,0
961,6,214,NA,NA,NA,0
962,6,214,NA,NA,NA,0
963,6,214,"H",NA,NA,0
964,6,214,"E",357,5,2
965,5,215,NA,NA,NA,0
966,5,215,NA,NA,NA,0
967,5,215,NA,NA,NA,0
968,5,215,NA,NA,NA,0
969,5,215,NA,NA,NA,0
970,5,216,"E",185,4,2
971,5,216,"H",230,2,2
972,5,216,"H",270,0,0
973,5,216,"H",255,0,0
974,5,216,"H",208,2,0
975,4,217,NA,NA,NA,0
976,4,217,NA,NA,NA,0
977,4,217,NA,NA,NA,0
978,4,217,NA,NA,NA,0
979,3,218,NA,NA,NA,0
980,3,218,NA,NA,NA,0
981,3,218,NA,NA,NA,0
982,3,219,NA,NA,NA,0
983,3,219,NA,NA,NA,0
984,3,219,NA,NA,NA,0
985,4,220,NA,NA,NA,0
986,4,220,NA,NA,NA,0
987,4,220,NA,NA,NA,0
988,4,220,NA,NA,NA,0
989,6,221,NA,NA,NA,0
990,6,221,NA,NA,NA,0
991,6,221,NA,NA,NA,0
992,6,221,NA,NA,NA,0
993,6,221,NA,NA,NA,0
994,6,221,NA,NA,NA,0
995,6,222,NA,NA,NA,0
996,6,222,NA,NA,NA,0
997,6,222,NA,NA,NA,0
998,6,222,NA,NA,NA,0
999,6,222,NA,NA,NA,0
1000,6,222,NA,NA,NA,0
