"ID","SIZE","HH","TYPE","TIME","S_NUM","I_NUM"
1,3,1,"0",NA,NA,0
2,3,1,NA,NA,NA,0
3,3,1,NA,NA,NA,0
4,6,2,NA,NA,NA,0
5,6,2,NA,NA,NA,0
6,6,2,NA,NA,NA,0
7,6,2,NA,NA,NA,0
8,6,2,NA,NA,NA,0
9,6,2,NA,NA,NA,0
10,6,3,NA,NA,NA,0
11,6,3,NA,NA,NA,0
12,6,3,NA,NA,NA,0
13,6,3,NA,NA,NA,0
14,6,3,NA,NA,NA,0
15,6,3,NA,NA,NA,0
16,5,4,NA,NA,NA,0
17,5,4,NA,NA,NA,0
18,5,4,NA,NA,NA,0
19,5,4,NA,NA,NA,0
20,5,4,NA,NA,NA,0
21,3,5,NA,NA,NA,0
22,3,5,NA,NA,NA,0
23,3,5,NA,NA,NA,0
24,5,6,NA,NA,NA,0
25,5,6,NA,NA,NA,0
26,5,6,NA,NA,NA,0
27,5,6,NA,NA,NA,0
28,5,6,NA,NA,NA,0
29,3,7,NA,NA,NA,0
30,3,7,NA,NA,NA,0
31,3,7,NA,NA,NA,0
32,4,8,NA,NA,NA,0
33,4,8,NA,NA,NA,0
34,4,8,NA,NA,NA,0
35,4,8,NA,NA,NA,0
36,6,9,NA,NA,NA,0
37,6,9,NA,NA,NA,0
38,6,9,NA,NA,NA,0
39,6,9,NA,NA,NA,0
40,6,9,NA,NA,NA,0
41,6,9,NA,NA,NA,0
42,5,10,NA,NA,NA,0
43,5,10,NA,NA,NA,0
44,5,10,NA,NA,NA,0
45,5,10,NA,NA,NA,0
46,5,10,NA,NA,NA,0
47,4,11,NA,NA,NA,0
48,4,11,NA,NA,NA,0
49,4,11,NA,NA,NA,0
50,4,11,NA,NA,NA,0
51,4,12,NA,NA,NA,0
52,4,12,NA,NA,NA,0
53,4,12,NA,NA,NA,0
54,4,12,NA,NA,NA,0
55,3,13,NA,NA,NA,0
56,3,13,NA,NA,NA,0
57,3,13,NA,NA,NA,0
58,3,14,NA,NA,NA,0
59,3,14,NA,NA,NA,0
60,3,14,NA,NA,NA,0
61,5,15,NA,NA,NA,0
62,5,15,NA,NA,NA,0
63,5,15,NA,NA,NA,0
64,5,15,NA,NA,NA,0
65,5,15,NA,NA,NA,0
66,5,16,NA,NA,NA,0
67,5,16,NA,NA,NA,0
68,5,16,NA,NA,NA,0
69,5,16,NA,NA,NA,0
70,5,16,NA,NA,NA,0
71,6,17,NA,NA,NA,0
72,6,17,NA,NA,NA,0
73,6,17,NA,NA,NA,0
74,6,17,NA,NA,NA,0
75,6,17,NA,NA,NA,0
76,6,17,NA,NA,NA,0
77,5,18,NA,NA,NA,0
78,5,18,"C",196,4,0
79,5,18,NA,NA,NA,0
80,5,18,NA,NA,NA,0
81,5,18,NA,NA,NA,0
82,5,19,NA,NA,NA,0
83,5,19,NA,NA,NA,0
84,5,19,NA,NA,NA,0
85,5,19,NA,NA,NA,0
86,5,19,NA,NA,NA,0
87,3,20,NA,NA,NA,0
88,3,20,NA,NA,NA,0
89,3,20,NA,NA,NA,0
90,3,21,NA,NA,NA,0
91,3,21,NA,NA,NA,0
92,3,21,NA,NA,NA,0
93,6,22,NA,NA,NA,0
94,6,22,NA,NA,NA,0
95,6,22,NA,NA,NA,0
96,6,22,NA,NA,NA,0
97,6,22,NA,NA,NA,0
98,6,22,NA,NA,NA,0
99,4,23,NA,NA,NA,0
100,4,23,NA,NA,NA,0
101,4,23,NA,NA,NA,0
102,4,23,NA,NA,NA,0
103,3,24,NA,NA,NA,0
104,3,24,NA,NA,NA,0
105,3,24,NA,NA,NA,0
106,4,25,NA,NA,NA,0
107,4,25,NA,NA,NA,0
108,4,25,NA,NA,NA,0
109,4,25,NA,NA,NA,0
110,3,26,NA,NA,NA,0
111,3,26,NA,NA,NA,0
112,3,26,"E",337,2,0
113,4,27,NA,NA,NA,0
114,4,27,NA,NA,NA,0
115,4,27,NA,NA,NA,0
116,4,27,NA,NA,NA,0
117,5,28,NA,NA,NA,0
118,5,28,NA,NA,NA,0
119,5,28,NA,NA,NA,0
120,5,28,NA,NA,NA,0
121,5,28,NA,NA,NA,0
122,6,29,NA,NA,NA,0
123,6,29,NA,NA,NA,0
124,6,29,NA,NA,NA,0
125,6,29,NA,NA,NA,0
126,6,29,NA,NA,NA,0
127,6,29,NA,NA,NA,0
128,3,30,NA,NA,NA,0
129,3,30,NA,NA,NA,0
130,3,30,NA,NA,NA,0
131,5,31,NA,NA,NA,0
132,5,31,NA,NA,NA,0
133,5,31,NA,NA,NA,0
134,5,31,NA,NA,NA,0
135,5,31,NA,NA,NA,0
136,5,32,NA,NA,NA,0
137,5,32,NA,NA,NA,0
138,5,32,NA,NA,NA,0
139,5,32,NA,NA,NA,0
140,5,32,NA,NA,NA,0
141,4,33,NA,NA,NA,0
142,4,33,NA,NA,NA,0
143,4,33,NA,NA,NA,0
144,4,33,NA,NA,NA,0
145,4,34,NA,NA,NA,0
146,4,34,NA,NA,NA,0
147,4,34,NA,NA,NA,0
148,4,34,NA,NA,NA,0
149,6,35,NA,NA,NA,0
150,6,35,NA,NA,NA,0
151,6,35,NA,NA,NA,0
152,6,35,NA,NA,NA,0
153,6,35,NA,NA,NA,0
154,6,35,NA,NA,NA,0
155,4,36,NA,NA,NA,0
156,4,36,NA,NA,NA,0
157,4,36,NA,NA,NA,0
158,4,36,NA,NA,NA,0
159,5,37,NA,NA,NA,0
160,5,37,NA,NA,NA,0
161,5,37,NA,NA,NA,0
162,5,37,NA,NA,NA,0
163,5,37,NA,NA,NA,0
164,4,38,NA,NA,NA,0
165,4,38,NA,NA,NA,0
166,4,38,NA,NA,NA,0
167,4,38,NA,NA,NA,0
168,3,39,"E",74,2,0
169,3,39,NA,NA,NA,0
170,3,39,NA,NA,NA,0
171,6,40,NA,NA,NA,0
172,6,40,NA,NA,NA,0
173,6,40,NA,NA,NA,0
174,6,40,NA,NA,NA,0
175,6,40,NA,NA,NA,0
176,6,40,NA,NA,NA,0
177,3,41,NA,NA,NA,0
178,3,41,NA,NA,NA,0
179,3,41,NA,NA,NA,0
180,4,42,NA,NA,NA,0
181,4,42,NA,NA,NA,0
182,4,42,NA,NA,NA,0
183,4,42,NA,NA,NA,0
184,5,43,"E",325,4,1
185,5,43,"H",NA,NA,0
186,5,43,NA,NA,NA,0
187,5,43,NA,NA,NA,0
188,5,43,NA,NA,NA,0
189,3,44,NA,NA,NA,0
190,3,44,NA,NA,NA,0
191,3,44,NA,NA,NA,0
192,3,45,NA,NA,NA,0
193,3,45,NA,NA,NA,0
194,3,45,NA,NA,NA,0
195,6,46,NA,NA,NA,0
196,6,46,"C",147,5,0
197,6,46,NA,NA,NA,0
198,6,46,NA,NA,NA,0
199,6,46,NA,NA,NA,0
200,6,46,NA,NA,NA,0
201,6,47,NA,NA,NA,0
202,6,47,NA,NA,NA,0
203,6,47,NA,NA,NA,0
204,6,47,NA,NA,NA,0
205,6,47,NA,NA,NA,0
206,6,47,NA,NA,NA,0
207,6,48,NA,NA,NA,0
208,6,48,NA,NA,NA,0
209,6,48,NA,NA,NA,0
210,6,48,NA,NA,NA,0
211,6,48,NA,NA,NA,0
212,6,48,NA,NA,NA,0
213,4,49,NA,NA,NA,0
214,4,49,NA,NA,NA,0
215,4,49,NA,NA,NA,0
216,4,49,NA,NA,NA,0
217,6,50,NA,NA,NA,0
218,6,50,NA,NA,NA,0
219,6,50,NA,NA,NA,0
220,6,50,NA,NA,NA,0
221,6,50,NA,NA,NA,0
222,6,50,NA,NA,NA,0
223,6,51,NA,NA,NA,0
224,6,51,NA,NA,NA,0
225,6,51,NA,NA,NA,0
226,6,51,NA,NA,NA,0
227,6,51,NA,NA,NA,0
228,6,51,NA,NA,NA,0
229,5,52,NA,NA,NA,0
230,5,52,NA,NA,NA,0
231,5,52,NA,NA,NA,0
232,5,52,NA,NA,NA,0
233,5,52,NA,NA,NA,0
234,3,53,NA,NA,NA,0
235,3,53,NA,NA,NA,0
236,3,53,NA,NA,NA,0
237,6,54,NA,NA,NA,0
238,6,54,NA,NA,NA,0
239,6,54,NA,NA,NA,0
240,6,54,NA,NA,NA,0
241,6,54,NA,NA,NA,0
242,6,54,NA,NA,NA,0
243,4,55,NA,NA,NA,0
244,4,55,NA,NA,NA,0
245,4,55,NA,NA,NA,0
246,4,55,NA,NA,NA,0
247,3,56,NA,NA,NA,0
248,3,56,NA,NA,NA,0
249,3,56,NA,NA,NA,0
250,5,57,NA,NA,NA,0
251,5,57,NA,NA,NA,0
252,5,57,NA,NA,NA,0
253,5,57,NA,NA,NA,0
254,5,57,NA,NA,NA,0
255,6,58,NA,NA,NA,0
256,6,58,NA,NA,NA,0
257,6,58,NA,NA,NA,0
258,6,58,NA,NA,NA,0
259,6,58,NA,NA,NA,0
260,6,58,NA,NA,NA,0
261,4,59,NA,NA,NA,0
262,4,59,NA,NA,NA,0
263,4,59,NA,NA,NA,0
264,4,59,NA,NA,NA,0
265,4,60,NA,NA,NA,0
266,4,60,NA,NA,NA,0
267,4,60,NA,NA,NA,0
268,4,60,NA,NA,NA,0
269,3,61,NA,NA,NA,0
270,3,61,NA,NA,NA,0
271,3,61,NA,NA,NA,0
272,5,62,NA,NA,NA,0
273,5,62,NA,NA,NA,0
274,5,62,NA,NA,NA,0
275,5,62,NA,NA,NA,0
276,5,62,NA,NA,NA,0
277,5,63,NA,NA,NA,0
278,5,63,NA,NA,NA,0
279,5,63,NA,NA,NA,0
280,5,63,NA,NA,NA,0
281,5,63,NA,NA,NA,0
282,4,64,NA,NA,NA,0
283,4,64,NA,NA,NA,0
284,4,64,NA,NA,NA,0
285,4,64,NA,NA,NA,0
286,5,65,NA,NA,NA,0
287,5,65,NA,NA,NA,0
288,5,65,NA,NA,NA,0
289,5,65,NA,NA,NA,0
290,5,65,NA,NA,NA,0
291,4,66,NA,NA,NA,0
292,4,66,NA,NA,NA,0
293,4,66,NA,NA,NA,0
294,4,66,NA,NA,NA,0
295,6,67,NA,NA,NA,0
296,6,67,NA,NA,NA,0
297,6,67,NA,NA,NA,0
298,6,67,NA,NA,NA,0
299,6,67,NA,NA,NA,0
300,6,67,NA,NA,NA,0
301,4,68,NA,NA,NA,0
302,4,68,NA,NA,NA,0
303,4,68,NA,NA,NA,0
304,4,68,NA,NA,NA,0
305,3,69,NA,NA,NA,0
306,3,69,NA,NA,NA,0
307,3,69,NA,NA,NA,0
308,4,70,NA,NA,NA,0
309,4,70,NA,NA,NA,0
310,4,70,NA,NA,NA,0
311,4,70,NA,NA,NA,0
312,4,71,NA,NA,NA,0
313,4,71,NA,NA,NA,0
314,4,71,NA,NA,NA,0
315,4,71,NA,NA,NA,0
316,4,72,NA,NA,NA,0
317,4,72,NA,NA,NA,0
318,4,72,NA,NA,NA,0
319,4,72,NA,NA,NA,0
320,3,73,NA,NA,NA,0
321,3,73,NA,NA,NA,0
322,3,73,NA,NA,NA,0
323,4,74,NA,NA,NA,0
324,4,74,NA,NA,NA,0
325,4,74,NA,NA,NA,0
326,4,74,NA,NA,NA,0
327,6,75,NA,NA,NA,0
328,6,75,NA,NA,NA,0
329,6,75,NA,NA,NA,0
330,6,75,NA,NA,NA,0
331,6,75,NA,NA,NA,0
332,6,75,NA,NA,NA,0
333,5,76,NA,NA,NA,0
334,5,76,NA,NA,NA,0
335,5,76,NA,NA,NA,0
336,5,76,NA,NA,NA,0
337,5,76,NA,NA,NA,0
338,6,77,NA,NA,NA,0
339,6,77,NA,NA,NA,0
340,6,77,NA,NA,NA,0
341,6,77,NA,NA,NA,0
342,6,77,NA,NA,NA,0
343,6,77,NA,NA,NA,0
344,6,78,NA,NA,NA,0
345,6,78,NA,NA,NA,0
346,6,78,"E",32,5,1
347,6,78,"H",62,4,0
348,6,78,NA,NA,NA,0
349,6,78,NA,NA,NA,0
350,5,79,NA,NA,NA,0
351,5,79,NA,NA,NA,0
352,5,79,NA,NA,NA,0
353,5,79,NA,NA,NA,0
354,5,79,NA,NA,NA,0
355,5,80,NA,NA,NA,0
356,5,80,NA,NA,NA,0
357,5,80,NA,NA,NA,0
358,5,80,NA,NA,NA,0
359,5,80,NA,NA,NA,0
360,3,81,NA,NA,NA,0
361,3,81,NA,NA,NA,0
362,3,81,NA,NA,NA,0
363,6,82,NA,NA,NA,0
364,6,82,NA,NA,NA,0
365,6,82,NA,NA,NA,0
366,6,82,NA,NA,NA,0
367,6,82,NA,NA,NA,0
368,6,82,NA,NA,NA,0
369,5,83,NA,NA,NA,0
370,5,83,NA,NA,NA,0
371,5,83,NA,NA,NA,0
372,5,83,NA,NA,NA,0
373,5,83,NA,NA,NA,0
374,3,84,NA,NA,NA,0
375,3,84,NA,NA,NA,0
376,3,84,NA,NA,NA,0
377,4,85,NA,NA,NA,0
378,4,85,NA,NA,NA,0
379,4,85,NA,NA,NA,0
380,4,85,NA,NA,NA,0
381,5,86,NA,NA,NA,0
382,5,86,NA,NA,NA,0
383,5,86,NA,NA,NA,0
384,5,86,NA,NA,NA,0
385,5,86,NA,NA,NA,0
386,5,87,NA,NA,NA,0
387,5,87,NA,NA,NA,0
388,5,87,NA,NA,NA,0
389,5,87,NA,NA,NA,0
390,5,87,NA,NA,NA,0
391,4,88,NA,NA,NA,0
392,4,88,NA,NA,NA,0
393,4,88,NA,NA,NA,0
394,4,88,NA,NA,NA,0
395,5,89,NA,NA,NA,0
396,5,89,NA,NA,NA,0
397,5,89,NA,NA,NA,0
398,5,89,NA,NA,NA,0
399,5,89,NA,NA,NA,0
400,5,90,NA,NA,NA,0
401,5,90,NA,NA,NA,0
402,5,90,NA,NA,NA,0
403,5,90,NA,NA,NA,0
404,5,90,NA,NA,NA,0
405,6,91,NA,NA,NA,0
406,6,91,NA,NA,NA,0
407,6,91,NA,NA,NA,0
408,6,91,NA,NA,NA,0
409,6,91,NA,NA,NA,0
410,6,91,NA,NA,NA,0
411,4,92,NA,NA,NA,0
412,4,92,NA,NA,NA,0
413,4,92,NA,NA,NA,0
414,4,92,NA,NA,NA,0
415,6,93,NA,NA,NA,0
416,6,93,NA,NA,NA,0
417,6,93,NA,NA,NA,0
418,6,93,NA,NA,NA,0
419,6,93,NA,NA,NA,0
420,6,93,NA,NA,NA,0
421,6,94,NA,NA,NA,0
422,6,94,NA,NA,NA,0
423,6,94,NA,NA,NA,0
424,6,94,NA,NA,NA,0
425,6,94,NA,NA,NA,0
426,6,94,NA,NA,NA,0
427,4,95,NA,NA,NA,0
428,4,95,NA,NA,NA,0
429,4,95,NA,NA,NA,0
430,4,95,NA,NA,NA,0
431,3,96,NA,NA,NA,0
432,3,96,NA,NA,NA,0
433,3,96,NA,NA,NA,0
434,4,97,"H",137,2,0
435,4,97,NA,NA,NA,0
436,4,97,"C",111,3,1
437,4,97,NA,NA,NA,0
438,6,98,NA,NA,NA,0
439,6,98,NA,NA,NA,0
440,6,98,NA,NA,NA,0
441,6,98,NA,NA,NA,0
442,6,98,NA,NA,NA,0
443,6,98,NA,NA,NA,0
444,5,99,"H",254,3,0
445,5,99,NA,NA,NA,0
446,5,99,"E",226,4,1
447,5,99,NA,NA,NA,0
448,5,99,NA,NA,NA,0
449,4,100,NA,NA,NA,0
450,4,100,NA,NA,NA,0
451,4,100,NA,NA,NA,0
452,4,100,NA,NA,NA,0
453,5,101,NA,NA,NA,0
454,5,101,NA,NA,NA,0
455,5,101,NA,NA,NA,0
456,5,101,"C",130,4,1
457,5,101,"H",162,3,0
458,5,102,NA,NA,NA,0
459,5,102,NA,NA,NA,0
460,5,102,NA,NA,NA,0
461,5,102,NA,NA,NA,0
462,5,102,NA,NA,NA,0
463,4,103,NA,NA,NA,0
464,4,103,NA,NA,NA,0
465,4,103,NA,NA,NA,0
466,4,103,NA,NA,NA,0
467,5,104,"H",362,1,0
468,5,104,"H",344,2,1
469,5,104,"C",313,4,2
470,5,104,NA,NA,NA,0
471,5,104,"H",365,1,0
472,5,105,"H",362,2,0
473,5,105,"E",314,4,2
474,5,105,"H",349,2,0
475,5,105,NA,NA,NA,0
476,5,105,NA,NA,NA,0
477,3,106,NA,NA,NA,0
478,3,106,NA,NA,NA,0
479,3,106,NA,NA,NA,0
480,4,107,NA,NA,NA,0
481,4,107,NA,NA,NA,0
482,4,107,NA,NA,NA,0
483,4,107,NA,NA,NA,0
484,3,108,NA,NA,NA,0
485,3,108,NA,NA,NA,0
486,3,108,NA,NA,NA,0
487,5,109,NA,NA,NA,0
488,5,109,"H",280,2,0
489,5,109,"C",238,4,2
490,5,109,"H",273,2,0
491,5,109,NA,NA,NA,0
492,5,110,NA,NA,NA,0
493,5,110,NA,NA,NA,0
494,5,110,NA,NA,NA,0
495,5,110,NA,NA,NA,0
496,5,110,NA,NA,NA,0
497,5,111,NA,NA,NA,0
498,5,111,NA,NA,NA,0
499,5,111,NA,NA,NA,0
500,5,111,NA,NA,NA,0
501,5,111,NA,NA,NA,0
502,3,112,NA,NA,NA,0
503,3,112,NA,NA,NA,0
504,3,112,NA,NA,NA,0
505,3,113,NA,NA,NA,0
506,3,113,NA,NA,NA,0
507,3,113,NA,NA,NA,0
508,5,114,NA,NA,NA,0
509,5,114,NA,NA,NA,0
510,5,114,NA,NA,NA,0
511,5,114,NA,NA,NA,0
512,5,114,NA,NA,NA,0
513,6,115,NA,NA,NA,0
514,6,115,NA,NA,NA,0
515,6,115,NA,NA,NA,0
516,6,115,NA,NA,NA,0
517,6,115,NA,NA,NA,0
518,6,115,NA,NA,NA,0
519,6,116,NA,NA,NA,0
520,6,116,NA,NA,NA,0
521,6,116,NA,NA,NA,0
522,6,116,NA,NA,NA,0
523,6,116,"H",NA,NA,0
524,6,116,"E",326,5,1
525,6,117,NA,NA,NA,0
526,6,117,NA,NA,NA,0
527,6,117,NA,NA,NA,0
528,6,117,NA,NA,NA,0
529,6,117,NA,NA,NA,0
530,6,117,NA,NA,NA,0
531,3,118,NA,NA,NA,0
532,3,118,NA,NA,NA,0
533,3,118,NA,NA,NA,0
534,4,119,NA,NA,NA,0
535,4,119,NA,NA,NA,0
536,4,119,NA,NA,NA,0
537,4,119,NA,NA,NA,0
538,6,120,NA,NA,NA,0
539,6,120,NA,NA,NA,0
540,6,120,NA,NA,NA,0
541,6,120,NA,NA,NA,0
542,6,120,NA,NA,NA,0
543,6,120,NA,NA,NA,0
544,3,121,NA,NA,NA,0
545,3,121,NA,NA,NA,0
546,3,121,NA,NA,NA,0
547,6,122,NA,NA,NA,0
548,6,122,NA,NA,NA,0
549,6,122,NA,NA,NA,0
550,6,122,NA,NA,NA,0
551,6,122,NA,NA,NA,0
552,6,122,NA,NA,NA,0
553,6,123,NA,NA,NA,0
554,6,123,NA,NA,NA,0
555,6,123,NA,NA,NA,0
556,6,123,NA,NA,NA,0
557,6,123,NA,NA,NA,0
558,6,123,NA,NA,NA,0
559,4,124,NA,NA,NA,0
560,4,124,NA,NA,NA,0
561,4,124,NA,NA,NA,0
562,4,124,NA,NA,NA,0
563,4,125,NA,NA,NA,0
564,4,125,NA,NA,NA,0
565,4,125,NA,NA,NA,0
566,4,125,NA,NA,NA,0
567,5,126,NA,NA,NA,0
568,5,126,NA,NA,NA,0
569,5,126,NA,NA,NA,0
570,5,126,NA,NA,NA,0
571,5,126,NA,NA,NA,0
572,4,127,NA,NA,NA,0
573,4,127,NA,NA,NA,0
574,4,127,NA,NA,NA,0
575,4,127,NA,NA,NA,0
576,3,128,NA,NA,NA,0
577,3,128,NA,NA,NA,0
578,3,128,NA,NA,NA,0
579,6,129,NA,NA,NA,0
580,6,129,NA,NA,NA,0
581,6,129,NA,NA,NA,0
582,6,129,NA,NA,NA,0
583,6,129,NA,NA,NA,0
584,6,129,NA,NA,NA,0
585,4,130,NA,NA,NA,0
586,4,130,NA,NA,NA,0
587,4,130,NA,NA,NA,0
588,4,130,NA,NA,NA,0
589,4,131,NA,NA,NA,0
590,4,131,NA,NA,NA,0
591,4,131,NA,NA,NA,0
592,4,131,NA,NA,NA,0
593,3,132,NA,NA,NA,0
594,3,132,NA,NA,NA,0
595,3,132,NA,NA,NA,0
596,5,133,NA,NA,NA,0
597,5,133,NA,NA,NA,0
598,5,133,NA,NA,NA,0
599,5,133,NA,NA,NA,0
600,5,133,NA,NA,NA,0
601,3,134,NA,NA,NA,0
602,3,134,NA,NA,NA,0
603,3,134,NA,NA,NA,0
604,4,135,NA,NA,NA,0
605,4,135,NA,NA,NA,0
606,4,135,NA,NA,NA,0
607,4,135,NA,NA,NA,0
608,4,136,NA,NA,NA,0
609,4,136,NA,NA,NA,0
610,4,136,NA,NA,NA,0
611,4,136,NA,NA,NA,0
612,3,137,NA,NA,NA,0
613,3,137,NA,NA,NA,0
614,3,137,NA,NA,NA,0
615,4,138,NA,NA,NA,0
616,4,138,NA,NA,NA,0
617,4,138,NA,NA,NA,0
618,4,138,NA,NA,NA,0
619,6,139,"H",308,0,0
620,6,139,"H",104,3,0
621,6,139,"H",274,1,1
622,6,139,"H",237,2,1
623,6,139,"H",207,3,1
624,6,139,"C",69,5,2
625,4,140,NA,NA,NA,0
626,4,140,NA,NA,NA,0
627,4,140,NA,NA,NA,0
628,4,140,NA,NA,NA,0
629,3,141,NA,NA,NA,0
630,3,141,NA,NA,NA,0
631,3,141,NA,NA,NA,0
632,3,142,NA,NA,NA,0
633,3,142,NA,NA,NA,0
634,3,142,NA,NA,NA,0
635,4,143,NA,NA,NA,0
636,4,143,NA,NA,NA,0
637,4,143,NA,NA,NA,0
638,4,143,NA,NA,NA,0
639,4,144,NA,NA,NA,0
640,4,144,NA,NA,NA,0
641,4,144,NA,NA,NA,0
642,4,144,NA,NA,NA,0
643,3,145,NA,NA,NA,0
644,3,145,NA,NA,NA,0
645,3,145,NA,NA,NA,0
646,3,146,NA,NA,NA,0
647,3,146,NA,NA,NA,0
648,3,146,NA,NA,NA,0
649,4,147,NA,NA,NA,0
650,4,147,NA,NA,NA,0
651,4,147,NA,NA,NA,0
652,4,147,NA,NA,NA,0
653,6,148,NA,NA,NA,0
654,6,148,NA,NA,NA,0
655,6,148,NA,NA,NA,0
656,6,148,NA,NA,NA,0
657,6,148,NA,NA,NA,0
658,6,148,NA,NA,NA,0
659,4,149,NA,NA,NA,0
660,4,149,NA,NA,NA,0
661,4,149,NA,NA,NA,0
662,4,149,NA,NA,NA,0
663,5,150,NA,NA,NA,0
664,5,150,NA,NA,NA,0
665,5,150,NA,NA,NA,0
666,5,150,NA,NA,NA,0
667,5,150,NA,NA,NA,0
668,4,151,NA,NA,NA,0
669,4,151,NA,NA,NA,0
670,4,151,NA,NA,NA,0
671,4,151,NA,NA,NA,0
672,5,152,NA,NA,NA,0
673,5,152,NA,NA,NA,0
674,5,152,NA,NA,NA,0
675,5,152,NA,NA,NA,0
676,5,152,NA,NA,NA,0
677,3,153,NA,NA,NA,0
678,3,153,NA,NA,NA,0
679,3,153,NA,NA,NA,0
680,5,154,NA,NA,NA,0
681,5,154,NA,NA,NA,0
682,5,154,NA,NA,NA,0
683,5,154,NA,NA,NA,0
684,5,154,NA,NA,NA,0
685,4,155,NA,NA,NA,0
686,4,155,NA,NA,NA,0
687,4,155,NA,NA,NA,0
688,4,155,NA,NA,NA,0
689,5,156,NA,NA,NA,0
690,5,156,NA,NA,NA,0
691,5,156,NA,NA,NA,0
692,5,156,NA,NA,NA,0
693,5,156,NA,NA,NA,0
694,6,157,NA,NA,NA,0
695,6,157,NA,NA,NA,0
696,6,157,NA,NA,NA,0
697,6,157,NA,NA,NA,0
698,6,157,NA,NA,NA,0
699,6,157,NA,NA,NA,0
700,5,158,NA,NA,NA,0
701,5,158,NA,NA,NA,0
702,5,158,NA,NA,NA,0
703,5,158,NA,NA,NA,0
704,5,158,NA,NA,NA,0
705,5,159,NA,NA,NA,0
706,5,159,NA,NA,NA,0
707,5,159,NA,NA,NA,0
708,5,159,NA,NA,NA,0
709,5,159,NA,NA,NA,0
710,5,160,NA,NA,NA,0
711,5,160,NA,NA,NA,0
712,5,160,NA,NA,NA,0
713,5,160,NA,NA,NA,0
714,5,160,NA,NA,NA,0
715,4,161,NA,NA,NA,0
716,4,161,NA,NA,NA,0
717,4,161,NA,NA,NA,0
718,4,161,NA,NA,NA,0
719,6,162,NA,NA,NA,0
720,6,162,"H",180,3,1
721,6,162,"E",163,5,2
722,6,162,"H",206,1,0
723,6,162,"H",186,2,1
724,6,162,"H",231,1,0
725,4,163,NA,NA,NA,0
726,4,163,NA,NA,NA,0
727,4,163,NA,NA,NA,0
728,4,163,NA,NA,NA,0
729,6,164,NA,NA,NA,0
730,6,164,NA,NA,NA,0
731,6,164,"C",243,5,1
732,6,164,"H",270,4,0
733,6,164,NA,NA,NA,0
734,6,164,NA,NA,NA,0
735,4,165,NA,NA,NA,0
736,4,165,NA,NA,NA,0
737,4,165,NA,NA,NA,0
738,4,165,NA,NA,NA,0
739,6,166,NA,NA,NA,0
740,6,166,NA,NA,NA,0
741,6,166,NA,NA,NA,0
742,6,166,NA,NA,NA,0
743,6,166,NA,NA,NA,0
744,6,166,NA,NA,NA,0
745,6,167,NA,NA,NA,0
746,6,167,NA,NA,NA,0
747,6,167,NA,NA,NA,0
748,6,167,NA,NA,NA,0
749,6,167,NA,NA,NA,0
750,6,167,NA,NA,NA,0
751,5,168,NA,NA,NA,0
752,5,168,NA,NA,NA,0
753,5,168,NA,NA,NA,0
754,5,168,NA,NA,NA,0
755,5,168,NA,NA,NA,0
756,6,169,NA,NA,NA,0
757,6,169,NA,NA,NA,0
758,6,169,NA,NA,NA,0
759,6,169,NA,NA,NA,0
760,6,169,NA,NA,NA,0
761,6,169,NA,NA,NA,0
762,6,170,NA,NA,NA,0
763,6,170,NA,NA,NA,0
764,6,170,NA,NA,NA,0
765,6,170,NA,NA,NA,0
766,6,170,NA,NA,NA,0
767,6,170,NA,NA,NA,0
768,4,171,NA,NA,NA,0
769,4,171,NA,NA,NA,0
770,4,171,NA,NA,NA,0
771,4,171,NA,NA,NA,0
772,4,172,NA,NA,NA,0
773,4,172,NA,NA,NA,0
774,4,172,NA,NA,NA,0
775,4,172,NA,NA,NA,0
776,6,173,NA,NA,NA,0
777,6,173,NA,NA,NA,0
778,6,173,NA,NA,NA,0
779,6,173,NA,NA,NA,0
780,6,173,NA,NA,NA,0
781,6,173,NA,NA,NA,0
782,6,174,NA,NA,NA,0
783,6,174,NA,NA,NA,0
784,6,174,NA,NA,NA,0
785,6,174,NA,NA,NA,0
786,6,174,NA,NA,NA,0
787,6,174,NA,NA,NA,0
788,4,175,NA,NA,NA,0
789,4,175,NA,NA,NA,0
790,4,175,NA,NA,NA,0
791,4,175,NA,NA,NA,0
792,6,176,NA,NA,NA,0
793,6,176,NA,NA,NA,0
794,6,176,NA,NA,NA,0
795,6,176,NA,NA,NA,0
796,6,176,NA,NA,NA,0
797,6,176,NA,NA,NA,0
798,3,177,NA,NA,NA,0
799,3,177,"C",147,2,0
800,3,177,NA,NA,NA,0
801,5,178,NA,NA,NA,0
802,5,178,NA,NA,NA,0
803,5,178,NA,NA,NA,0
804,5,178,NA,NA,NA,0
805,5,178,NA,NA,NA,0
806,3,179,NA,NA,NA,0
807,3,179,NA,NA,NA,0
808,3,179,NA,NA,NA,0
809,3,180,NA,NA,NA,0
810,3,180,NA,NA,NA,0
811,3,180,NA,NA,NA,0
812,6,181,NA,NA,NA,0
813,6,181,NA,NA,NA,0
814,6,181,NA,NA,NA,0
815,6,181,"E",326,5,0
816,6,181,NA,NA,NA,0
817,6,181,NA,NA,NA,0
818,5,182,NA,NA,NA,0
819,5,182,NA,NA,NA,0
820,5,182,"H",352,3,0
821,5,182,"E",309,4,1
822,5,182,NA,NA,NA,0
823,5,183,NA,NA,NA,0
824,5,183,NA,NA,NA,0
825,5,183,NA,NA,NA,0
826,5,183,NA,NA,NA,0
827,5,183,NA,NA,NA,0
828,4,184,NA,NA,NA,0
829,4,184,NA,NA,NA,0
830,4,184,NA,NA,NA,0
831,4,184,NA,NA,NA,0
832,4,185,NA,NA,NA,0
833,4,185,NA,NA,NA,0
834,4,185,NA,NA,NA,0
835,4,185,NA,NA,NA,0
836,6,186,NA,NA,NA,0
837,6,186,NA,NA,NA,0
838,6,186,NA,NA,NA,0
839,6,186,NA,NA,NA,0
840,6,186,NA,NA,NA,0
841,6,186,NA,NA,NA,0
842,3,187,NA,NA,NA,0
843,3,187,NA,NA,NA,0
844,3,187,NA,NA,NA,0
845,4,188,NA,NA,NA,0
846,4,188,NA,NA,NA,0
847,4,188,NA,NA,NA,0
848,4,188,NA,NA,NA,0
849,3,189,NA,NA,NA,0
850,3,189,NA,NA,NA,0
851,3,189,NA,NA,NA,0
852,4,190,NA,NA,NA,0
853,4,190,NA,NA,NA,0
854,4,190,NA,NA,NA,0
855,4,190,NA,NA,NA,0
856,6,191,NA,NA,NA,0
857,6,191,NA,NA,NA,0
858,6,191,NA,NA,NA,0
859,6,191,NA,NA,NA,0
860,6,191,NA,NA,NA,0
861,6,191,NA,NA,NA,0
862,4,192,NA,NA,NA,0
863,4,192,NA,NA,NA,0
864,4,192,NA,NA,NA,0
865,4,192,NA,NA,NA,0
866,3,193,NA,NA,NA,0
867,3,193,NA,NA,NA,0
868,3,193,NA,NA,NA,0
869,5,194,NA,NA,NA,0
870,5,194,NA,NA,NA,0
871,5,194,NA,NA,NA,0
872,5,194,NA,NA,NA,0
873,5,194,NA,NA,NA,0
874,3,195,NA,NA,NA,0
875,3,195,NA,NA,NA,0
876,3,195,NA,NA,NA,0
877,5,196,NA,NA,NA,0
878,5,196,NA,NA,NA,0
879,5,196,NA,NA,NA,0
880,5,196,NA,NA,NA,0
881,5,196,NA,NA,NA,0
882,4,197,NA,NA,NA,0
883,4,197,NA,NA,NA,0
884,4,197,NA,NA,NA,0
885,4,197,NA,NA,NA,0
886,5,198,NA,NA,NA,0
887,5,198,"H",NA,NA,0
888,5,198,"E",295,4,1
889,5,198,"H",318,3,1
890,5,198,NA,NA,NA,0
891,3,199,NA,NA,NA,0
892,3,199,NA,NA,NA,0
893,3,199,NA,NA,NA,0
894,6,200,NA,NA,NA,0
895,6,200,NA,NA,NA,0
896,6,200,NA,NA,NA,0
897,6,200,NA,NA,NA,0
898,6,200,NA,NA,NA,0
899,6,200,NA,NA,NA,0
900,5,201,NA,NA,NA,0
901,5,201,NA,NA,NA,0
902,5,201,NA,NA,NA,0
903,5,201,NA,NA,NA,0
904,5,201,NA,NA,NA,0
905,3,202,NA,NA,NA,0
906,3,202,NA,NA,NA,0
907,3,202,"E",86,2,0
908,6,203,NA,NA,NA,0
909,6,203,NA,NA,NA,0
910,6,203,NA,NA,NA,0
911,6,203,NA,NA,NA,0
912,6,203,NA,NA,NA,0
913,6,203,NA,NA,NA,0
914,4,204,NA,NA,NA,0
915,4,204,NA,NA,NA,0
916,4,204,NA,NA,NA,0
917,4,204,NA,NA,NA,0
918,4,205,NA,NA,NA,0
919,4,205,NA,NA,NA,0
920,4,205,NA,NA,NA,0
921,4,205,NA,NA,NA,0
922,3,206,NA,NA,NA,0
923,3,206,NA,NA,NA,0
924,3,206,NA,NA,NA,0
925,6,207,NA,NA,NA,0
926,6,207,NA,NA,NA,0
927,6,207,NA,NA,NA,0
928,6,207,NA,NA,NA,0
929,6,207,NA,NA,NA,0
930,6,207,NA,NA,NA,0
931,4,208,NA,NA,NA,0
932,4,208,NA,NA,NA,0
933,4,208,NA,NA,NA,0
934,4,208,NA,NA,NA,0
935,6,209,NA,NA,NA,0
936,6,209,NA,NA,NA,0
937,6,209,NA,NA,NA,0
938,6,209,NA,NA,NA,0
939,6,209,NA,NA,NA,0
940,6,209,NA,NA,NA,0
941,5,210,NA,NA,NA,0
942,5,210,NA,NA,NA,0
943,5,210,NA,NA,NA,0
944,5,210,NA,NA,NA,0
945,5,210,NA,NA,NA,0
946,4,211,NA,NA,NA,0
947,4,211,NA,NA,NA,0
948,4,211,NA,NA,NA,0
949,4,211,NA,NA,NA,0
950,4,212,NA,NA,NA,0
951,4,212,NA,NA,NA,0
952,4,212,NA,NA,NA,0
953,4,212,NA,NA,NA,0
954,3,213,NA,NA,NA,0
955,3,213,NA,NA,NA,0
956,3,213,NA,NA,NA,0
957,6,214,NA,NA,NA,0
958,6,214,NA,NA,NA,0
959,6,214,NA,NA,NA,0
960,6,214,NA,NA,NA,0
961,6,214,NA,NA,NA,0
962,6,214,NA,NA,NA,0
963,6,215,NA,NA,NA,0
964,6,215,NA,NA,NA,0
965,6,215,NA,NA,NA,0
966,6,215,NA,NA,NA,0
967,6,215,NA,NA,NA,0
968,6,215,NA,NA,NA,0
969,4,216,NA,NA,NA,0
970,4,216,NA,NA,NA,0
971,4,216,"C",NA,NA,0
972,4,216,NA,NA,NA,0
973,6,217,NA,NA,NA,0
974,6,217,NA,NA,NA,0
975,6,217,NA,NA,NA,0
976,6,217,NA,NA,NA,0
977,6,217,NA,NA,NA,0
978,6,217,NA,NA,NA,0
979,3,218,NA,NA,NA,0
980,3,218,NA,NA,NA,0
981,3,218,NA,NA,NA,0
982,6,219,NA,NA,NA,0
983,6,219,NA,NA,NA,0
984,6,219,NA,NA,NA,0
985,6,219,NA,NA,NA,0
986,6,219,NA,NA,NA,0
987,6,219,NA,NA,NA,0
988,5,220,NA,NA,NA,0
989,5,220,NA,NA,NA,0
990,5,220,NA,NA,NA,0
991,5,220,NA,NA,NA,0
992,5,220,NA,NA,NA,0
993,4,221,"C",92,3,0
994,4,221,NA,NA,NA,0
995,4,221,NA,NA,NA,0
996,4,221,NA,NA,NA,0
997,4,222,NA,NA,NA,0
998,4,222,"C",158,3,0
999,4,222,NA,NA,NA,0
1000,4,222,NA,NA,NA,0
