"ID","SIZE","HH","TYPE","TIME","S_NUM","I_NUM"
1,5,1,"0",NA,NA,0
2,5,1,NA,NA,NA,0
3,5,1,NA,NA,NA,0
4,5,1,NA,NA,NA,0
5,5,1,NA,NA,NA,0
6,3,2,NA,NA,NA,0
7,3,2,NA,NA,NA,0
8,3,2,NA,NA,NA,0
9,6,3,NA,NA,NA,0
10,6,3,NA,NA,NA,0
11,6,3,NA,NA,NA,0
12,6,3,NA,NA,NA,0
13,6,3,NA,NA,NA,0
14,6,3,NA,NA,NA,0
15,4,4,NA,NA,NA,0
16,4,4,NA,NA,NA,0
17,4,4,NA,NA,NA,0
18,4,4,NA,NA,NA,0
19,5,5,NA,NA,NA,0
20,5,5,NA,NA,NA,0
21,5,5,NA,NA,NA,0
22,5,5,NA,NA,NA,0
23,5,5,NA,NA,NA,0
24,5,6,NA,NA,NA,0
25,5,6,NA,NA,NA,0
26,5,6,NA,NA,NA,0
27,5,6,NA,NA,NA,0
28,5,6,NA,NA,NA,0
29,4,7,NA,NA,NA,0
30,4,7,NA,NA,NA,0
31,4,7,NA,NA,NA,0
32,4,7,NA,NA,NA,0
33,5,8,NA,NA,NA,0
34,5,8,NA,NA,NA,0
35,5,8,NA,NA,NA,0
36,5,8,NA,NA,NA,0
37,5,8,NA,NA,NA,0
38,3,9,NA,NA,NA,0
39,3,9,NA,NA,NA,0
40,3,9,NA,NA,NA,0
41,4,10,"C",329,3,3
42,4,10,"H",361,0,0
43,4,10,"H",360,0,0
44,4,10,"H",362,0,0
45,6,11,NA,NA,NA,0
46,6,11,NA,NA,NA,0
47,6,11,NA,NA,NA,0
48,6,11,NA,NA,NA,0
49,6,11,NA,NA,NA,0
50,6,11,NA,NA,NA,0
51,5,12,"E",307,2,0
52,5,12,NA,NA,NA,0
53,5,12,"C",148,4,1
54,5,12,NA,NA,NA,0
55,5,12,"H",187,3,0
56,6,13,NA,NA,NA,0
57,6,13,NA,NA,NA,0
58,6,13,NA,NA,NA,0
59,6,13,NA,NA,NA,0
60,6,13,NA,NA,NA,0
61,6,13,NA,NA,NA,0
62,3,14,NA,NA,NA,0
63,3,14,NA,NA,NA,0
64,3,14,NA,NA,NA,0
65,4,15,NA,NA,NA,0
66,4,15,NA,NA,NA,0
67,4,15,NA,NA,NA,0
68,4,15,NA,NA,NA,0
69,6,16,NA,NA,NA,0
70,6,16,NA,NA,NA,0
71,6,16,NA,NA,NA,0
72,6,16,NA,NA,NA,0
73,6,16,NA,NA,NA,0
74,6,16,NA,NA,NA,0
75,6,17,NA,NA,NA,0
76,6,17,NA,NA,NA,0
77,6,17,NA,NA,NA,0
78,6,17,NA,NA,NA,0
79,6,17,NA,NA,NA,0
80,6,17,NA,NA,NA,0
81,3,18,NA,NA,NA,0
82,3,18,NA,NA,NA,0
83,3,18,NA,NA,NA,0
84,4,19,NA,NA,NA,0
85,4,19,NA,NA,NA,0
86,4,19,NA,NA,NA,0
87,4,19,NA,NA,NA,0
88,5,20,NA,NA,NA,0
89,5,20,"H",NA,NA,0
90,5,20,"C",346,4,2
91,5,20,"H",NA,NA,0
92,5,20,NA,NA,NA,0
93,3,21,NA,NA,NA,0
94,3,21,NA,NA,NA,0
95,3,21,NA,NA,NA,0
96,3,22,NA,NA,NA,0
97,3,22,NA,NA,NA,0
98,3,22,NA,NA,NA,0
99,5,23,NA,NA,NA,0
100,5,23,NA,NA,NA,0
101,5,23,NA,NA,NA,0
102,5,23,NA,NA,NA,0
103,5,23,NA,NA,NA,0
104,3,24,NA,NA,NA,0
105,3,24,NA,NA,NA,0
106,3,24,NA,NA,NA,0
107,5,25,NA,NA,NA,0
108,5,25,NA,NA,NA,0
109,5,25,NA,NA,NA,0
110,5,25,NA,NA,NA,0
111,5,25,NA,NA,NA,0
112,5,26,NA,NA,NA,0
113,5,26,NA,NA,NA,0
114,5,26,NA,NA,NA,0
115,5,26,NA,NA,NA,0
116,5,26,NA,NA,NA,0
117,6,27,NA,NA,NA,0
118,6,27,NA,NA,NA,0
119,6,27,NA,NA,NA,0
120,6,27,NA,NA,NA,0
121,6,27,NA,NA,NA,0
122,6,27,NA,NA,NA,0
123,5,28,NA,NA,NA,0
124,5,28,NA,NA,NA,0
125,5,28,NA,NA,NA,0
126,5,28,NA,NA,NA,0
127,5,28,NA,NA,NA,0
128,5,29,NA,NA,NA,0
129,5,29,NA,NA,NA,0
130,5,29,NA,NA,NA,0
131,5,29,NA,NA,NA,0
132,5,29,NA,NA,NA,0
133,3,30,NA,NA,NA,0
134,3,30,NA,NA,NA,0
135,3,30,NA,NA,NA,0
136,4,31,"C",NA,NA,0
137,4,31,NA,NA,NA,0
138,4,31,NA,NA,NA,0
139,4,31,NA,NA,NA,0
140,6,32,NA,NA,NA,0
141,6,32,NA,NA,NA,0
142,6,32,NA,NA,NA,0
143,6,32,NA,NA,NA,0
144,6,32,NA,NA,NA,0
145,6,32,NA,NA,NA,0
146,4,33,NA,NA,NA,0
147,4,33,NA,NA,NA,0
148,4,33,NA,NA,NA,0
149,4,33,NA,NA,NA,0
150,3,34,NA,NA,NA,0
151,3,34,NA,NA,NA,0
152,3,34,NA,NA,NA,0
153,4,35,NA,NA,NA,0
154,4,35,NA,NA,NA,0
155,4,35,NA,NA,NA,0
156,4,35,NA,NA,NA,0
157,6,36,NA,NA,NA,0
158,6,36,NA,NA,NA,0
159,6,36,NA,NA,NA,0
160,6,36,NA,NA,NA,0
161,6,36,NA,NA,NA,0
162,6,36,NA,NA,NA,0
163,6,37,NA,NA,NA,0
164,6,37,NA,NA,NA,0
165,6,37,NA,NA,NA,0
166,6,37,NA,NA,NA,0
167,6,37,NA,NA,NA,0
168,6,37,NA,NA,NA,0
169,4,38,NA,NA,NA,0
170,4,38,NA,NA,NA,0
171,4,38,NA,NA,NA,0
172,4,38,NA,NA,NA,0
173,5,39,NA,NA,NA,0
174,5,39,NA,NA,NA,0
175,5,39,NA,NA,NA,0
176,5,39,NA,NA,NA,0
177,5,39,NA,NA,NA,0
178,3,40,NA,NA,NA,0
179,3,40,NA,NA,NA,0
180,3,40,NA,NA,NA,0
181,5,41,NA,NA,NA,0
182,5,41,NA,NA,NA,0
183,5,41,NA,NA,NA,0
184,5,41,NA,NA,NA,0
185,5,41,NA,NA,NA,0
186,3,42,NA,NA,NA,0
187,3,42,NA,NA,NA,0
188,3,42,NA,NA,NA,0
189,4,43,NA,NA,NA,0
190,4,43,NA,NA,NA,0
191,4,43,NA,NA,NA,0
192,4,43,NA,NA,NA,0
193,6,44,NA,NA,NA,0
194,6,44,NA,NA,NA,0
195,6,44,NA,NA,NA,0
196,6,44,NA,NA,NA,0
197,6,44,NA,NA,NA,0
198,6,44,NA,NA,NA,0
199,3,45,NA,NA,NA,0
200,3,45,NA,NA,NA,0
201,3,45,NA,NA,NA,0
202,3,46,NA,NA,NA,0
203,3,46,NA,NA,NA,0
204,3,46,NA,NA,NA,0
205,6,47,NA,NA,NA,0
206,6,47,NA,NA,NA,0
207,6,47,NA,NA,NA,0
208,6,47,NA,NA,NA,0
209,6,47,NA,NA,NA,0
210,6,47,NA,NA,NA,0
211,3,48,NA,NA,NA,0
212,3,48,NA,NA,NA,0
213,3,48,NA,NA,NA,0
214,6,49,NA,NA,NA,0
215,6,49,NA,NA,NA,0
216,6,49,NA,NA,NA,0
217,6,49,NA,NA,NA,0
218,6,49,NA,NA,NA,0
219,6,49,NA,NA,NA,0
220,6,50,NA,NA,NA,0
221,6,50,NA,NA,NA,0
222,6,50,NA,NA,NA,0
223,6,50,NA,NA,NA,0
224,6,50,NA,NA,NA,0
225,6,50,NA,NA,NA,0
226,6,51,NA,NA,NA,0
227,6,51,NA,NA,NA,0
228,6,51,NA,NA,NA,0
229,6,51,NA,NA,NA,0
230,6,51,NA,NA,NA,0
231,6,51,NA,NA,NA,0
232,4,52,NA,NA,NA,0
233,4,52,NA,NA,NA,0
234,4,52,NA,NA,NA,0
235,4,52,NA,NA,NA,0
236,4,53,NA,NA,NA,0
237,4,53,NA,NA,NA,0
238,4,53,NA,NA,NA,0
239,4,53,NA,NA,NA,0
240,4,54,NA,NA,NA,0
241,4,54,NA,NA,NA,0
242,4,54,NA,NA,NA,0
243,4,54,NA,NA,NA,0
244,5,55,NA,NA,NA,0
245,5,55,NA,NA,NA,0
246,5,55,NA,NA,NA,0
247,5,55,NA,NA,NA,0
248,5,55,NA,NA,NA,0
249,3,56,NA,NA,NA,0
250,3,56,NA,NA,NA,0
251,3,56,NA,NA,NA,0
252,3,57,NA,NA,NA,0
253,3,57,NA,NA,NA,0
254,3,57,NA,NA,NA,0
255,3,58,NA,NA,NA,0
256,3,58,NA,NA,NA,0
257,3,58,NA,NA,NA,0
258,3,59,NA,NA,NA,0
259,3,59,NA,NA,NA,0
260,3,59,NA,NA,NA,0
261,3,60,NA,NA,NA,0
262,3,60,NA,NA,NA,0
263,3,60,NA,NA,NA,0
264,4,61,NA,NA,NA,0
265,4,61,NA,NA,NA,0
266,4,61,NA,NA,NA,0
267,4,61,NA,NA,NA,0
268,4,62,NA,NA,NA,0
269,4,62,NA,NA,NA,0
270,4,62,NA,NA,NA,0
271,4,62,NA,NA,NA,0
272,6,63,NA,NA,NA,0
273,6,63,NA,NA,NA,0
274,6,63,NA,NA,NA,0
275,6,63,NA,NA,NA,0
276,6,63,NA,NA,NA,0
277,6,63,NA,NA,NA,0
278,6,64,NA,NA,NA,0
279,6,64,NA,NA,NA,0
280,6,64,NA,NA,NA,0
281,6,64,NA,NA,NA,0
282,6,64,NA,NA,NA,0
283,6,64,NA,NA,NA,0
284,5,65,NA,NA,NA,0
285,5,65,NA,NA,NA,0
286,5,65,NA,NA,NA,0
287,5,65,NA,NA,NA,0
288,5,65,NA,NA,NA,0
289,6,66,NA,NA,NA,0
290,6,66,NA,NA,NA,0
291,6,66,NA,NA,NA,0
292,6,66,NA,NA,NA,0
293,6,66,NA,NA,NA,0
294,6,66,NA,NA,NA,0
295,6,67,NA,NA,NA,0
296,6,67,NA,NA,NA,0
297,6,67,NA,NA,NA,0
298,6,67,NA,NA,NA,0
299,6,67,NA,NA,NA,0
300,6,67,NA,NA,NA,0
301,4,68,NA,NA,NA,0
302,4,68,NA,NA,NA,0
303,4,68,NA,NA,NA,0
304,4,68,NA,NA,NA,0
305,6,69,NA,NA,NA,0
306,6,69,NA,NA,NA,0
307,6,69,NA,NA,NA,0
308,6,69,NA,NA,NA,0
309,6,69,NA,NA,NA,0
310,6,69,NA,NA,NA,0
311,4,70,NA,NA,NA,0
312,4,70,NA,NA,NA,0
313,4,70,NA,NA,NA,0
314,4,70,NA,NA,NA,0
315,3,71,NA,NA,NA,0
316,3,71,NA,NA,NA,0
317,3,71,NA,NA,NA,0
318,3,72,NA,NA,NA,0
319,3,72,NA,NA,NA,0
320,3,72,NA,NA,NA,0
321,5,73,NA,NA,NA,0
322,5,73,NA,NA,NA,0
323,5,73,NA,NA,NA,0
324,5,73,NA,NA,NA,0
325,5,73,NA,NA,NA,0
326,3,74,NA,NA,NA,0
327,3,74,NA,NA,NA,0
328,3,74,NA,NA,NA,0
329,3,75,NA,NA,NA,0
330,3,75,NA,NA,NA,0
331,3,75,NA,NA,NA,0
332,4,76,NA,NA,NA,0
333,4,76,NA,NA,NA,0
334,4,76,NA,NA,NA,0
335,4,76,NA,NA,NA,0
336,6,77,NA,NA,NA,0
337,6,77,NA,NA,NA,0
338,6,77,NA,NA,NA,0
339,6,77,NA,NA,NA,0
340,6,77,NA,NA,NA,0
341,6,77,NA,NA,NA,0
342,6,78,NA,NA,NA,0
343,6,78,NA,NA,NA,0
344,6,78,NA,NA,NA,0
345,6,78,NA,NA,NA,0
346,6,78,NA,NA,NA,0
347,6,78,NA,NA,NA,0
348,3,79,NA,NA,NA,0
349,3,79,NA,NA,NA,0
350,3,79,NA,NA,NA,0
351,5,80,NA,NA,NA,0
352,5,80,NA,NA,NA,0
353,5,80,NA,NA,NA,0
354,5,80,NA,NA,NA,0
355,5,80,NA,NA,NA,0
356,4,81,NA,NA,NA,0
357,4,81,NA,NA,NA,0
358,4,81,NA,NA,NA,0
359,4,81,NA,NA,NA,0
360,3,82,NA,NA,NA,0
361,3,82,NA,NA,NA,0
362,3,82,NA,NA,NA,0
363,3,83,NA,NA,NA,0
364,3,83,"C",NA,NA,0
365,3,83,NA,NA,NA,0
366,3,84,NA,NA,NA,0
367,3,84,NA,NA,NA,0
368,3,84,NA,NA,NA,0
369,4,85,NA,NA,NA,0
370,4,85,NA,NA,NA,0
371,4,85,NA,NA,NA,0
372,4,85,NA,NA,NA,0
373,3,86,NA,NA,NA,0
374,3,86,NA,NA,NA,0
375,3,86,NA,NA,NA,0
376,4,87,NA,NA,NA,0
377,4,87,NA,NA,NA,0
378,4,87,NA,NA,NA,0
379,4,87,NA,NA,NA,0
380,6,88,NA,NA,NA,0
381,6,88,NA,NA,NA,0
382,6,88,NA,NA,NA,0
383,6,88,NA,NA,NA,0
384,6,88,NA,NA,NA,0
385,6,88,NA,NA,NA,0
386,6,89,NA,NA,NA,0
387,6,89,NA,NA,NA,0
388,6,89,NA,NA,NA,0
389,6,89,NA,NA,NA,0
390,6,89,NA,NA,NA,0
391,6,89,NA,NA,NA,0
392,3,90,NA,NA,NA,0
393,3,90,NA,NA,NA,0
394,3,90,NA,NA,NA,0
395,3,91,NA,NA,NA,0
396,3,91,NA,NA,NA,0
397,3,91,NA,NA,NA,0
398,6,92,NA,NA,NA,0
399,6,92,NA,NA,NA,0
400,6,92,NA,NA,NA,0
401,6,92,NA,NA,NA,0
402,6,92,NA,NA,NA,0
403,6,92,NA,NA,NA,0
404,6,93,NA,NA,NA,0
405,6,93,NA,NA,NA,0
406,6,93,NA,NA,NA,0
407,6,93,NA,NA,NA,0
408,6,93,NA,NA,NA,0
409,6,93,NA,NA,NA,0
410,6,94,NA,NA,NA,0
411,6,94,NA,NA,NA,0
412,6,94,NA,NA,NA,0
413,6,94,NA,NA,NA,0
414,6,94,NA,NA,NA,0
415,6,94,NA,NA,NA,0
416,6,95,NA,NA,NA,0
417,6,95,NA,NA,NA,0
418,6,95,NA,NA,NA,0
419,6,95,NA,NA,NA,0
420,6,95,NA,NA,NA,0
421,6,95,NA,NA,NA,0
422,5,96,NA,NA,NA,0
423,5,96,NA,NA,NA,0
424,5,96,NA,NA,NA,0
425,5,96,NA,NA,NA,0
426,5,96,NA,NA,NA,0
427,3,97,NA,NA,NA,0
428,3,97,NA,NA,NA,0
429,3,97,NA,NA,NA,0
430,5,98,NA,NA,NA,0
431,5,98,NA,NA,NA,0
432,5,98,NA,NA,NA,0
433,5,98,NA,NA,NA,0
434,5,98,NA,NA,NA,0
435,5,99,NA,NA,NA,0
436,5,99,NA,NA,NA,0
437,5,99,NA,NA,NA,0
438,5,99,NA,NA,NA,0
439,5,99,NA,NA,NA,0
440,4,100,NA,NA,NA,0
441,4,100,NA,NA,NA,0
442,4,100,NA,NA,NA,0
443,4,100,NA,NA,NA,0
444,4,101,NA,NA,NA,0
445,4,101,NA,NA,NA,0
446,4,101,NA,NA,NA,0
447,4,101,NA,NA,NA,0
448,6,102,NA,NA,NA,0
449,6,102,NA,NA,NA,0
450,6,102,NA,NA,NA,0
451,6,102,NA,NA,NA,0
452,6,102,NA,NA,NA,0
453,6,102,NA,NA,NA,0
454,5,103,NA,NA,NA,0
455,5,103,NA,NA,NA,0
456,5,103,NA,NA,NA,0
457,5,103,NA,NA,NA,0
458,5,103,NA,NA,NA,0
459,4,104,NA,NA,NA,0
460,4,104,NA,NA,NA,0
461,4,104,NA,NA,NA,0
462,4,104,NA,NA,NA,0
463,4,105,NA,NA,NA,0
464,4,105,NA,NA,NA,0
465,4,105,NA,NA,NA,0
466,4,105,NA,NA,NA,0
467,4,106,NA,NA,NA,0
468,4,106,NA,NA,NA,0
469,4,106,NA,NA,NA,0
470,4,106,NA,NA,NA,0
471,6,107,NA,NA,NA,0
472,6,107,NA,NA,NA,0
473,6,107,NA,NA,NA,0
474,6,107,NA,NA,NA,0
475,6,107,NA,NA,NA,0
476,6,107,NA,NA,NA,0
477,3,108,NA,NA,NA,0
478,3,108,NA,NA,NA,0
479,3,108,NA,NA,NA,0
480,3,109,NA,NA,NA,0
481,3,109,NA,NA,NA,0
482,3,109,NA,NA,NA,0
483,3,110,NA,NA,NA,0
484,3,110,NA,NA,NA,0
485,3,110,NA,NA,NA,0
486,4,111,NA,NA,NA,0
487,4,111,NA,NA,NA,0
488,4,111,NA,NA,NA,0
489,4,111,NA,NA,NA,0
490,5,112,NA,NA,NA,0
491,5,112,NA,NA,NA,0
492,5,112,NA,NA,NA,0
493,5,112,NA,NA,NA,0
494,5,112,NA,NA,NA,0
495,3,113,NA,NA,NA,0
496,3,113,NA,NA,NA,0
497,3,113,NA,NA,NA,0
498,3,114,NA,NA,NA,0
499,3,114,NA,NA,NA,0
500,3,114,NA,NA,NA,0
501,4,115,NA,NA,NA,0
502,4,115,NA,NA,NA,0
503,4,115,NA,NA,NA,0
504,4,115,NA,NA,NA,0
505,5,116,NA,NA,NA,0
506,5,116,NA,NA,NA,0
507,5,116,NA,NA,NA,0
508,5,116,NA,NA,NA,0
509,5,116,NA,NA,NA,0
510,6,117,NA,NA,NA,0
511,6,117,NA,NA,NA,0
512,6,117,NA,NA,NA,0
513,6,117,NA,NA,NA,0
514,6,117,NA,NA,NA,0
515,6,117,NA,NA,NA,0
516,6,118,NA,NA,NA,0
517,6,118,NA,NA,NA,0
518,6,118,NA,NA,NA,0
519,6,118,NA,NA,NA,0
520,6,118,NA,NA,NA,0
521,6,118,NA,NA,NA,0
522,3,119,NA,NA,NA,0
523,3,119,NA,NA,NA,0
524,3,119,NA,NA,NA,0
525,5,120,NA,NA,NA,0
526,5,120,NA,NA,NA,0
527,5,120,NA,NA,NA,0
528,5,120,NA,NA,NA,0
529,5,120,NA,NA,NA,0
530,5,121,NA,NA,NA,0
531,5,121,NA,NA,NA,0
532,5,121,NA,NA,NA,0
533,5,121,NA,NA,NA,0
534,5,121,NA,NA,NA,0
535,5,122,NA,NA,NA,0
536,5,122,"H",358,1,0
537,5,122,"H",322,2,1
538,5,122,"C",264,4,1
539,5,122,"H",301,3,1
540,5,123,NA,NA,NA,0
541,5,123,NA,NA,NA,0
542,5,123,NA,NA,NA,0
543,5,123,NA,NA,NA,0
544,5,123,NA,NA,NA,0
545,3,124,"C",NA,NA,0
546,3,124,NA,NA,NA,0
547,3,124,NA,NA,NA,0
548,4,125,NA,NA,NA,0
549,4,125,NA,NA,NA,0
550,4,125,NA,NA,NA,0
551,4,125,NA,NA,NA,0
552,6,126,NA,NA,NA,0
553,6,126,NA,NA,NA,0
554,6,126,NA,NA,NA,0
555,6,126,NA,NA,NA,0
556,6,126,NA,NA,NA,0
557,6,126,NA,NA,NA,0
558,3,127,NA,NA,NA,0
559,3,127,NA,NA,NA,0
560,3,127,NA,NA,NA,0
561,5,128,NA,NA,NA,0
562,5,128,NA,NA,NA,0
563,5,128,NA,NA,NA,0
564,5,128,NA,NA,NA,0
565,5,128,NA,NA,NA,0
566,5,129,NA,NA,NA,0
567,5,129,NA,NA,NA,0
568,5,129,NA,NA,NA,0
569,5,129,NA,NA,NA,0
570,5,129,NA,NA,NA,0
571,4,130,NA,NA,NA,0
572,4,130,NA,NA,NA,0
573,4,130,NA,NA,NA,0
574,4,130,NA,NA,NA,0
575,3,131,NA,NA,NA,0
576,3,131,NA,NA,NA,0
577,3,131,NA,NA,NA,0
578,3,132,NA,NA,NA,0
579,3,132,NA,NA,NA,0
580,3,132,NA,NA,NA,0
581,5,133,NA,NA,NA,0
582,5,133,NA,NA,NA,0
583,5,133,NA,NA,NA,0
584,5,133,NA,NA,NA,0
585,5,133,NA,NA,NA,0
586,4,134,NA,NA,NA,0
587,4,134,NA,NA,NA,0
588,4,134,NA,NA,NA,0
589,4,134,NA,NA,NA,0
590,3,135,NA,NA,NA,0
591,3,135,NA,NA,NA,0
592,3,135,NA,NA,NA,0
593,4,136,"H",220,2,0
594,4,136,NA,NA,NA,0
595,4,136,NA,NA,NA,0
596,4,136,"C",200,3,1
597,4,137,NA,NA,NA,0
598,4,137,NA,NA,NA,0
599,4,137,NA,NA,NA,0
600,4,137,NA,NA,NA,0
601,6,138,"H",205,2,1
602,6,138,"H",218,1,0
603,6,138,"H",177,4,2
604,6,138,"H",254,1,1
605,6,138,"H",282,0,0
606,6,138,"E",135,5,1
607,4,139,NA,NA,NA,0
608,4,139,NA,NA,NA,0
609,4,139,NA,NA,NA,0
610,4,139,NA,NA,NA,0
611,3,140,NA,NA,NA,0
612,3,140,NA,NA,NA,0
613,3,140,NA,NA,NA,0
614,3,141,NA,NA,NA,0
615,3,141,NA,NA,NA,0
616,3,141,NA,NA,NA,0
617,4,142,NA,NA,NA,0
618,4,142,NA,NA,NA,0
619,4,142,NA,NA,NA,0
620,4,142,NA,NA,NA,0
621,3,143,NA,NA,NA,0
622,3,143,NA,NA,NA,0
623,3,143,NA,NA,NA,0
624,3,144,"C",257,2,0
625,3,144,NA,NA,NA,0
626,3,144,NA,NA,NA,0
627,3,145,NA,NA,NA,0
628,3,145,NA,NA,NA,0
629,3,145,NA,NA,NA,0
630,3,146,NA,NA,NA,0
631,3,146,NA,NA,NA,0
632,3,146,NA,NA,NA,0
633,6,147,NA,NA,NA,0
634,6,147,NA,NA,NA,0
635,6,147,NA,NA,NA,0
636,6,147,NA,NA,NA,0
637,6,147,NA,NA,NA,0
638,6,147,NA,NA,NA,0
639,6,148,NA,NA,NA,0
640,6,148,NA,NA,NA,0
641,6,148,NA,NA,NA,0
642,6,148,"E",127,5,0
643,6,148,NA,NA,NA,0
644,6,148,NA,NA,NA,0
645,4,149,NA,NA,NA,0
646,4,149,NA,NA,NA,0
647,4,149,NA,NA,NA,0
648,4,149,NA,NA,NA,0
649,5,150,"E",211,4,1
650,5,150,"H",251,3,1
651,5,150,NA,NA,NA,0
652,5,150,"H",298,2,0
653,5,150,NA,NA,NA,0
654,5,151,NA,NA,NA,0
655,5,151,NA,NA,NA,0
656,5,151,NA,NA,NA,0
657,5,151,NA,NA,NA,0
658,5,151,NA,NA,NA,0
659,4,152,"E",272,3,0
660,4,152,NA,NA,NA,0
661,4,152,NA,NA,NA,0
662,4,152,NA,NA,NA,0
663,6,153,NA,NA,NA,0
664,6,153,NA,NA,NA,0
665,6,153,NA,NA,NA,0
666,6,153,NA,NA,NA,0
667,6,153,NA,NA,NA,0
668,6,153,NA,NA,NA,0
669,3,154,NA,NA,NA,0
670,3,154,NA,NA,NA,0
671,3,154,NA,NA,NA,0
672,6,155,"H",157,0,0
673,6,155,"H",65,4,1
674,6,155,"H",113,1,0
675,6,155,"H",98,3,2
676,6,155,"H",133,1,1
677,6,155,"E",37,5,1
678,3,156,NA,NA,NA,0
679,3,156,NA,NA,NA,0
680,3,156,NA,NA,NA,0
681,3,157,NA,NA,NA,0
682,3,157,NA,NA,NA,0
683,3,157,NA,NA,NA,0
684,4,158,NA,NA,NA,0
685,4,158,NA,NA,NA,0
686,4,158,NA,NA,NA,0
687,4,158,NA,NA,NA,0
688,5,159,NA,NA,NA,0
689,5,159,NA,NA,NA,0
690,5,159,NA,NA,NA,0
691,5,159,NA,NA,NA,0
692,5,159,NA,NA,NA,0
693,6,160,NA,NA,NA,0
694,6,160,NA,NA,NA,0
695,6,160,NA,NA,NA,0
696,6,160,NA,NA,NA,0
697,6,160,NA,NA,NA,0
698,6,160,NA,NA,NA,0
699,5,161,NA,NA,NA,0
700,5,161,NA,NA,NA,0
701,5,161,NA,NA,NA,0
702,5,161,NA,NA,NA,0
703,5,161,NA,NA,NA,0
704,4,162,NA,NA,NA,0
705,4,162,NA,NA,NA,0
706,4,162,NA,NA,NA,0
707,4,162,NA,NA,NA,0
708,5,163,NA,NA,NA,0
709,5,163,NA,NA,NA,0
710,5,163,NA,NA,NA,0
711,5,163,NA,NA,NA,0
712,5,163,NA,NA,NA,0
713,4,164,NA,NA,NA,0
714,4,164,NA,NA,NA,0
715,4,164,NA,NA,NA,0
716,4,164,NA,NA,NA,0
717,3,165,NA,NA,NA,0
718,3,165,NA,NA,NA,0
719,3,165,NA,NA,NA,0
720,6,166,NA,NA,NA,0
721,6,166,"E",223,5,0
722,6,166,NA,NA,NA,0
723,6,166,NA,NA,NA,0
724,6,166,NA,NA,NA,0
725,6,166,NA,NA,NA,0
726,3,167,NA,NA,NA,0
727,3,167,NA,NA,NA,0
728,3,167,NA,NA,NA,0
729,4,168,NA,NA,NA,0
730,4,168,NA,NA,NA,0
731,4,168,NA,NA,NA,0
732,4,168,NA,NA,NA,0
733,6,169,"H",NA,NA,0
734,6,169,"H",312,3,1
735,6,169,"H",344,1,1
736,6,169,"H",316,3,1
737,6,169,"H",NA,NA,0
738,6,169,"E",282,5,2
739,4,170,NA,NA,NA,0
740,4,170,NA,NA,NA,0
741,4,170,NA,NA,NA,0
742,4,170,NA,NA,NA,0
743,5,171,NA,NA,NA,0
744,5,171,NA,NA,NA,0
745,5,171,NA,NA,NA,0
746,5,171,NA,NA,NA,0
747,5,171,NA,NA,NA,0
748,5,172,NA,NA,NA,0
749,5,172,NA,NA,NA,0
750,5,172,NA,NA,NA,0
751,5,172,NA,NA,NA,0
752,5,172,NA,NA,NA,0
753,6,173,NA,NA,NA,0
754,6,173,NA,NA,NA,0
755,6,173,NA,NA,NA,0
756,6,173,NA,NA,NA,0
757,6,173,NA,NA,NA,0
758,6,173,NA,NA,NA,0
759,5,174,NA,NA,NA,0
760,5,174,NA,NA,NA,0
761,5,174,NA,NA,NA,0
762,5,174,NA,NA,NA,0
763,5,174,NA,NA,NA,0
764,4,175,NA,NA,NA,0
765,4,175,"C",335,3,1
766,4,175,NA,NA,NA,0
767,4,175,"H",NA,NA,0
768,4,176,NA,NA,NA,0
769,4,176,NA,NA,NA,0
770,4,176,NA,NA,NA,0
771,4,176,NA,NA,NA,0
772,3,177,NA,NA,NA,0
773,3,177,NA,NA,NA,0
774,3,177,NA,NA,NA,0
775,4,178,NA,NA,NA,0
776,4,178,NA,NA,NA,0
777,4,178,NA,NA,NA,0
778,4,178,NA,NA,NA,0
779,4,179,"C",259,3,0
780,4,179,NA,NA,NA,0
781,4,179,NA,NA,NA,0
782,4,179,NA,NA,NA,0
783,5,180,NA,NA,NA,0
784,5,180,NA,NA,NA,0
785,5,180,NA,NA,NA,0
786,5,180,NA,NA,NA,0
787,5,180,NA,NA,NA,0
788,3,181,NA,NA,NA,0
789,3,181,NA,NA,NA,0
790,3,181,NA,NA,NA,0
791,5,182,NA,NA,NA,0
792,5,182,NA,NA,NA,0
793,5,182,NA,NA,NA,0
794,5,182,NA,NA,NA,0
795,5,182,NA,NA,NA,0
796,5,183,NA,NA,NA,0
797,5,183,NA,NA,NA,0
798,5,183,NA,NA,NA,0
799,5,183,NA,NA,NA,0
800,5,183,NA,NA,NA,0
801,6,184,NA,NA,NA,0
802,6,184,NA,NA,NA,0
803,6,184,NA,NA,NA,0
804,6,184,NA,NA,NA,0
805,6,184,NA,NA,NA,0
806,6,184,NA,NA,NA,0
807,4,185,NA,NA,NA,0
808,4,185,NA,NA,NA,0
809,4,185,NA,NA,NA,0
810,4,185,NA,NA,NA,0
811,6,186,NA,NA,NA,0
812,6,186,NA,NA,NA,0
813,6,186,NA,NA,NA,0
814,6,186,NA,NA,NA,0
815,6,186,NA,NA,NA,0
816,6,186,NA,NA,NA,0
817,4,187,NA,NA,NA,0
818,4,187,NA,NA,NA,0
819,4,187,NA,NA,NA,0
820,4,187,NA,NA,NA,0
821,4,188,NA,NA,NA,0
822,4,188,NA,NA,NA,0
823,4,188,NA,NA,NA,0
824,4,188,NA,NA,NA,0
825,4,189,NA,NA,NA,0
826,4,189,NA,NA,NA,0
827,4,189,NA,NA,NA,0
828,4,189,NA,NA,NA,0
829,6,190,NA,NA,NA,0
830,6,190,NA,NA,NA,0
831,6,190,NA,NA,NA,0
832,6,190,NA,NA,NA,0
833,6,190,NA,NA,NA,0
834,6,190,NA,NA,NA,0
835,6,191,NA,NA,NA,0
836,6,191,NA,NA,NA,0
837,6,191,NA,NA,NA,0
838,6,191,NA,NA,NA,0
839,6,191,NA,NA,NA,0
840,6,191,NA,NA,NA,0
841,4,192,NA,NA,NA,0
842,4,192,NA,NA,NA,0
843,4,192,NA,NA,NA,0
844,4,192,NA,NA,NA,0
845,6,193,"E",220,2,0
846,6,193,NA,NA,NA,0
847,6,193,"H",242,2,0
848,6,193,"E",191,4,2
849,6,193,"H",210,2,0
850,6,193,NA,NA,NA,0
851,3,194,NA,NA,NA,0
852,3,194,NA,NA,NA,0
853,3,194,NA,NA,NA,0
854,3,195,NA,NA,NA,0
855,3,195,NA,NA,NA,0
856,3,195,NA,NA,NA,0
857,5,196,NA,NA,NA,0
858,5,196,NA,NA,NA,0
859,5,196,NA,NA,NA,0
860,5,196,NA,NA,NA,0
861,5,196,NA,NA,NA,0
862,3,197,NA,NA,NA,0
863,3,197,NA,NA,NA,0
864,3,197,NA,NA,NA,0
865,6,198,NA,NA,NA,0
866,6,198,NA,NA,NA,0
867,6,198,NA,NA,NA,0
868,6,198,NA,NA,NA,0
869,6,198,NA,NA,NA,0
870,6,198,NA,NA,NA,0
871,6,199,NA,NA,NA,0
872,6,199,NA,NA,NA,0
873,6,199,NA,NA,NA,0
874,6,199,NA,NA,NA,0
875,6,199,NA,NA,NA,0
876,6,199,NA,NA,NA,0
877,4,200,NA,NA,NA,0
878,4,200,NA,NA,NA,0
879,4,200,NA,NA,NA,0
880,4,200,NA,NA,NA,0
881,3,201,NA,NA,NA,0
882,3,201,NA,NA,NA,0
883,3,201,NA,NA,NA,0
884,5,202,NA,NA,NA,0
885,5,202,NA,NA,NA,0
886,5,202,NA,NA,NA,0
887,5,202,NA,NA,NA,0
888,5,202,NA,NA,NA,0
889,3,203,NA,NA,NA,0
890,3,203,NA,NA,NA,0
891,3,203,NA,NA,NA,0
892,6,204,NA,NA,NA,0
893,6,204,NA,NA,NA,0
894,6,204,"C",333,5,2
895,6,204,"H",NA,NA,0
896,6,204,"H",NA,NA,0
897,6,204,"H",356,3,1
898,4,205,NA,NA,NA,0
899,4,205,NA,NA,NA,0
900,4,205,NA,NA,NA,0
901,4,205,NA,NA,NA,0
902,4,206,NA,NA,NA,0
903,4,206,NA,NA,NA,0
904,4,206,NA,NA,NA,0
905,4,206,NA,NA,NA,0
906,4,207,NA,NA,NA,0
907,4,207,NA,NA,NA,0
908,4,207,NA,NA,NA,0
909,4,207,NA,NA,NA,0
910,3,208,NA,NA,NA,0
911,3,208,NA,NA,NA,0
912,3,208,NA,NA,NA,0
913,3,209,NA,NA,NA,0
914,3,209,NA,NA,NA,0
915,3,209,NA,NA,NA,0
916,3,210,NA,NA,NA,0
917,3,210,NA,NA,NA,0
918,3,210,NA,NA,NA,0
919,5,211,NA,NA,NA,0
920,5,211,NA,NA,NA,0
921,5,211,NA,NA,NA,0
922,5,211,NA,NA,NA,0
923,5,211,NA,NA,NA,0
924,3,212,NA,NA,NA,0
925,3,212,"E",353,1,0
926,3,212,"E",239,2,0
927,4,213,NA,NA,NA,0
928,4,213,NA,NA,NA,0
929,4,213,NA,NA,NA,0
930,4,213,NA,NA,NA,0
931,6,214,NA,NA,NA,0
932,6,214,NA,NA,NA,0
933,6,214,NA,NA,NA,0
934,6,214,NA,NA,NA,0
935,6,214,NA,NA,NA,0
936,6,214,NA,NA,NA,0
937,6,215,NA,NA,NA,0
938,6,215,NA,NA,NA,0
939,6,215,NA,NA,NA,0
940,6,215,NA,NA,NA,0
941,6,215,NA,NA,NA,0
942,6,215,NA,NA,NA,0
943,5,216,NA,NA,NA,0
944,5,216,NA,NA,NA,0
945,5,216,NA,NA,NA,0
946,5,216,NA,NA,NA,0
947,5,216,NA,NA,NA,0
948,4,217,NA,NA,NA,0
949,4,217,NA,NA,NA,0
950,4,217,NA,NA,NA,0
951,4,217,NA,NA,NA,0
952,6,218,"H",270,1,0
953,6,218,"H",234,2,1
954,6,218,"H",246,1,0
955,6,218,"E",176,5,1
956,6,218,"H",225,4,2
957,6,218,NA,NA,NA,0
958,4,219,NA,NA,NA,0
959,4,219,NA,NA,NA,0
960,4,219,NA,NA,NA,0
961,4,219,NA,NA,NA,0
962,6,220,NA,NA,NA,0
963,6,220,NA,NA,NA,0
964,6,220,NA,NA,NA,0
965,6,220,NA,NA,NA,0
966,6,220,NA,NA,NA,0
967,6,220,NA,NA,NA,0
968,5,221,NA,NA,NA,0
969,5,221,NA,NA,NA,0
970,5,221,NA,NA,NA,0
971,5,221,NA,NA,NA,0
972,5,221,NA,NA,NA,0
973,4,222,NA,NA,NA,0
974,4,222,NA,NA,NA,0
975,4,222,NA,NA,NA,0
976,4,222,NA,NA,NA,0
977,6,223,NA,NA,NA,0
978,6,223,NA,NA,NA,0
979,6,223,NA,NA,NA,0
980,6,223,"C",219,5,0
981,6,223,NA,NA,NA,0
982,6,223,NA,NA,NA,0
983,4,224,NA,NA,NA,0
984,4,224,NA,NA,NA,0
985,4,224,NA,NA,NA,0
986,4,224,NA,NA,NA,0
987,5,225,NA,NA,NA,0
988,5,225,NA,NA,NA,0
989,5,225,NA,NA,NA,0
990,5,225,NA,NA,NA,0
991,5,225,NA,NA,NA,0
992,3,226,NA,NA,NA,0
993,3,226,NA,NA,NA,0
994,3,226,NA,NA,NA,0
995,6,227,NA,NA,NA,0
996,6,227,NA,NA,NA,0
997,6,227,NA,NA,NA,0
998,6,227,NA,NA,NA,0
999,6,227,NA,NA,NA,0
1000,6,227,NA,NA,NA,0
