"","ID","SIZE","HH","TYPE","TIME","S_num","I_num"
"1",1,4,1,"0",NA,NA,0
"2",2,4,1,NA,NA,NA,0
"3",3,4,1,NA,NA,NA,0
"4",4,4,1,NA,NA,NA,0
"5",5,3,2,NA,NA,NA,0
"6",6,3,2,NA,NA,NA,0
"7",7,3,2,NA,NA,NA,0
"8",8,3,3,NA,NA,NA,0
"9",9,3,3,NA,NA,NA,0
"10",10,3,3,NA,NA,NA,0
"11",11,3,4,NA,NA,NA,0
"12",12,3,4,NA,NA,NA,0
"13",13,3,4,NA,NA,NA,0
"14",14,5,5,NA,NA,NA,0
"15",15,5,5,NA,NA,NA,0
"16",16,5,5,NA,NA,NA,0
"17",17,5,5,NA,NA,NA,0
"18",18,5,5,"E",308,4,0
"19",19,6,6,NA,NA,NA,0
"20",20,6,6,NA,NA,NA,0
"21",21,6,6,NA,NA,NA,0
"22",22,6,6,NA,NA,NA,0
"23",23,6,6,NA,NA,NA,0
"24",24,6,6,NA,NA,NA,0
"25",25,4,7,NA,NA,NA,0
"26",26,4,7,NA,NA,NA,0
"27",27,4,7,NA,NA,NA,0
"28",28,4,7,NA,NA,NA,0
"29",29,4,8,NA,NA,NA,0
"30",30,4,8,"E",167,3,0
"31",31,4,8,NA,NA,NA,0
"32",32,4,8,NA,NA,NA,0
"33",33,3,9,NA,NA,NA,0
"34",34,3,9,NA,NA,NA,0
"35",35,3,9,"E",276,2,0
"36",36,6,10,NA,NA,NA,0
"37",37,6,10,NA,NA,NA,0
"38",38,6,10,NA,NA,NA,0
"39",39,6,10,NA,NA,NA,0
"40",40,6,10,NA,NA,NA,0
"41",41,6,10,NA,NA,NA,0
"42",42,4,11,NA,NA,NA,0
"43",43,4,11,NA,NA,NA,0
"44",44,4,11,NA,NA,NA,0
"45",45,4,11,NA,NA,NA,0
"46",46,4,12,NA,NA,NA,0
"47",47,4,12,NA,NA,NA,0
"48",48,4,12,NA,NA,NA,0
"49",49,4,12,NA,NA,NA,0
"50",50,4,13,NA,NA,NA,0
"51",51,4,13,"E",328,2,0
"52",52,4,13,"E",259,3,0
"53",53,4,13,NA,NA,NA,0
"54",54,6,14,NA,NA,NA,0
"55",55,6,14,NA,NA,NA,0
"56",56,6,14,NA,NA,NA,0
"57",57,6,14,NA,NA,NA,0
"58",58,6,14,NA,NA,NA,0
"59",59,6,14,NA,NA,NA,0
"60",60,5,15,NA,NA,NA,0
"61",61,5,15,NA,NA,NA,0
"62",62,5,15,NA,NA,NA,0
"63",63,5,15,NA,NA,NA,0
"64",64,5,15,NA,NA,NA,0
"65",65,3,16,NA,NA,NA,0
"66",66,3,16,NA,NA,NA,0
"67",67,3,16,NA,NA,NA,0
"68",68,5,17,NA,NA,NA,0
"69",69,5,17,NA,NA,NA,0
"70",70,5,17,NA,NA,NA,0
"71",71,5,17,NA,NA,NA,0
"72",72,5,17,NA,NA,NA,0
"73",73,5,18,NA,NA,NA,0
"74",74,5,18,NA,NA,NA,0
"75",75,5,18,NA,NA,NA,0
"76",76,5,18,NA,NA,NA,0
"77",77,5,18,NA,NA,NA,0
"78",78,5,19,NA,NA,NA,0
"79",79,5,19,NA,NA,NA,0
"80",80,5,19,NA,NA,NA,0
"81",81,5,19,NA,NA,NA,0
"82",82,5,19,NA,NA,NA,0
"83",83,4,20,NA,NA,NA,0
"84",84,4,20,NA,NA,NA,0
"85",85,4,20,NA,NA,NA,0
"86",86,4,20,NA,NA,NA,0
"87",87,3,21,"E",118,2,0
"88",88,3,21,NA,NA,NA,0
"89",89,3,21,NA,NA,NA,0
"90",90,3,22,NA,NA,NA,0
"91",91,3,22,NA,NA,NA,0
"92",92,3,22,NA,NA,NA,0
"93",93,5,23,NA,NA,NA,0
"94",94,5,23,NA,NA,NA,0
"95",95,5,23,NA,NA,NA,0
"96",96,5,23,NA,NA,NA,0
"97",97,5,23,NA,NA,NA,0
"98",98,3,24,NA,NA,NA,0
"99",99,3,24,NA,NA,NA,0
"100",100,3,24,NA,NA,NA,0
"101",101,3,25,NA,NA,NA,0
"102",102,3,25,NA,NA,NA,0
"103",103,3,25,NA,NA,NA,0
"104",104,3,26,NA,NA,NA,0
"105",105,3,26,"E",287,2,0
"106",106,3,26,NA,NA,NA,0
"107",107,6,27,NA,NA,NA,0
"108",108,6,27,NA,NA,NA,0
"109",109,6,27,NA,NA,NA,0
"110",110,6,27,NA,NA,NA,0
"111",111,6,27,NA,NA,NA,0
"112",112,6,27,NA,NA,NA,0
"113",113,4,28,NA,NA,NA,0
"114",114,4,28,NA,NA,NA,0
"115",115,4,28,NA,NA,NA,0
"116",116,4,28,NA,NA,NA,0
"117",117,4,29,NA,NA,NA,0
"118",118,4,29,NA,NA,NA,0
"119",119,4,29,NA,NA,NA,0
"120",120,4,29,NA,NA,NA,0
"121",121,6,30,NA,NA,NA,0
"122",122,6,30,NA,NA,NA,0
"123",123,6,30,NA,NA,NA,0
"124",124,6,30,NA,NA,NA,0
"125",125,6,30,NA,NA,NA,0
"126",126,6,30,NA,NA,NA,0
"127",127,5,31,"E",364,4,0
"128",128,5,31,NA,NA,NA,0
"129",129,5,31,NA,NA,NA,0
"130",130,5,31,NA,NA,NA,0
"131",131,5,31,NA,NA,NA,0
"132",132,5,32,NA,NA,NA,0
"133",133,5,32,NA,NA,NA,0
"134",134,5,32,NA,NA,NA,0
"135",135,5,32,NA,NA,NA,0
"136",136,5,32,NA,NA,NA,0
"137",137,4,33,NA,NA,NA,0
"138",138,4,33,NA,NA,NA,0
"139",139,4,33,NA,NA,NA,0
"140",140,4,33,"E",211,3,0
"141",141,6,34,NA,NA,NA,0
"142",142,6,34,NA,NA,NA,0
"143",143,6,34,NA,NA,NA,0
"144",144,6,34,NA,NA,NA,0
"145",145,6,34,NA,NA,NA,0
"146",146,6,34,NA,NA,NA,0
"147",147,5,35,NA,NA,NA,0
"148",148,5,35,NA,NA,NA,0
"149",149,5,35,NA,NA,NA,0
"150",150,5,35,NA,NA,NA,0
"151",151,5,35,NA,NA,NA,0
"152",152,6,36,NA,NA,NA,0
"153",153,6,36,NA,NA,NA,0
"154",154,6,36,"E",202,5,0
"155",155,6,36,NA,NA,NA,0
"156",156,6,36,NA,NA,NA,0
"157",157,6,36,NA,NA,NA,0
"158",158,6,37,NA,NA,NA,0
"159",159,6,37,NA,NA,NA,0
"160",160,6,37,NA,NA,NA,0
"161",161,6,37,NA,NA,NA,0
"162",162,6,37,NA,NA,NA,0
"163",163,6,37,"E",223,5,0
"164",164,6,38,NA,NA,NA,0
"165",165,6,38,"E",147,5,1
"166",166,6,38,NA,NA,NA,0
"167",167,6,38,NA,NA,NA,0
"168",168,6,38,NA,NA,NA,0
"169",169,6,38,"H",193,4,0
"170",170,6,39,NA,NA,NA,0
"171",171,6,39,"E",132,5,0
"172",172,6,39,NA,NA,NA,0
"173",173,6,39,NA,NA,NA,0
"174",174,6,39,NA,NA,NA,0
"175",175,6,39,NA,NA,NA,0
"176",176,3,40,NA,NA,NA,0
"177",177,3,40,NA,NA,NA,0
"178",178,3,40,NA,NA,NA,0
"179",179,4,41,NA,NA,NA,0
"180",180,4,41,NA,NA,NA,0
"181",181,4,41,NA,NA,NA,0
"182",182,4,41,NA,NA,NA,0
"183",183,5,42,NA,NA,NA,0
"184",184,5,42,NA,NA,NA,0
"185",185,5,42,NA,NA,NA,0
"186",186,5,42,NA,NA,NA,0
"187",187,5,42,NA,NA,NA,0
"188",188,4,43,NA,NA,NA,0
"189",189,4,43,NA,NA,NA,0
"190",190,4,43,NA,NA,NA,0
"191",191,4,43,NA,NA,NA,0
"192",192,3,44,NA,NA,NA,0
"193",193,3,44,NA,NA,NA,0
"194",194,3,44,NA,NA,NA,0
"195",195,4,45,"E",169,3,2
"196",196,4,45,"H",197,1,0
"197",197,4,45,NA,NA,NA,0
"198",198,4,45,"H",214,1,0
"199",199,3,46,NA,NA,NA,0
"200",200,3,46,NA,NA,NA,0
"201",201,3,46,NA,NA,NA,0
"202",202,6,47,NA,NA,NA,0
"203",203,6,47,"H",115,2,0
"204",204,6,47,"E",218,1,0
"205",205,6,47,"E",57,5,2
"206",206,6,47,"H",91,3,1
"207",207,6,47,"H",75,3,0
"208",208,6,48,NA,NA,NA,0
"209",209,6,48,NA,NA,NA,0
"210",210,6,48,NA,NA,NA,0
"211",211,6,48,NA,NA,NA,0
"212",212,6,48,NA,NA,NA,0
"213",213,6,48,NA,NA,NA,0
"214",214,3,49,NA,NA,NA,0
"215",215,3,49,NA,NA,NA,0
"216",216,3,49,NA,NA,NA,0
"217",217,4,50,NA,NA,NA,0
"218",218,4,50,NA,NA,NA,0
"219",219,4,50,NA,NA,NA,0
"220",220,4,50,NA,NA,NA,0
"221",221,4,51,NA,NA,NA,0
"222",222,4,51,"E",NA,NA,0
"223",223,4,51,NA,NA,NA,0
"224",224,4,51,NA,NA,NA,0
"225",225,4,52,NA,NA,NA,0
"226",226,4,52,NA,NA,NA,0
"227",227,4,52,NA,NA,NA,0
"228",228,4,52,NA,NA,NA,0
"229",229,6,53,"E",66,5,0
"230",230,6,53,"E",264,4,0
"231",231,6,53,NA,NA,NA,0
"232",232,6,53,NA,NA,NA,0
"233",233,6,53,NA,NA,NA,0
"234",234,6,53,NA,NA,NA,0
"235",235,3,54,NA,NA,NA,0
"236",236,3,54,"E",204,2,0
"237",237,3,54,NA,NA,NA,0
"238",238,5,55,NA,NA,NA,0
"239",239,5,55,NA,NA,NA,0
"240",240,5,55,NA,NA,NA,0
"241",241,5,55,"E",273,4,0
"242",242,5,55,NA,NA,NA,0
"243",243,5,56,NA,NA,NA,0
"244",244,5,56,NA,NA,NA,0
"245",245,5,56,NA,NA,NA,0
"246",246,5,56,NA,NA,NA,0
"247",247,5,56,NA,NA,NA,0
"248",248,4,57,NA,NA,NA,0
"249",249,4,57,NA,NA,NA,0
"250",250,4,57,NA,NA,NA,0
"251",251,4,57,NA,NA,NA,0
"252",252,4,58,NA,NA,NA,0
"253",253,4,58,NA,NA,NA,0
"254",254,4,58,NA,NA,NA,0
"255",255,4,58,NA,NA,NA,0
"256",256,5,59,NA,NA,NA,0
"257",257,5,59,NA,NA,NA,0
"258",258,5,59,NA,NA,NA,0
"259",259,5,59,NA,NA,NA,0
"260",260,5,59,NA,NA,NA,0
"261",261,6,60,NA,NA,NA,0
"262",262,6,60,NA,NA,NA,0
"263",263,6,60,NA,NA,NA,0
"264",264,6,60,NA,NA,NA,0
"265",265,6,60,NA,NA,NA,0
"266",266,6,60,NA,NA,NA,0
"267",267,4,61,NA,NA,NA,0
"268",268,4,61,NA,NA,NA,0
"269",269,4,61,NA,NA,NA,0
"270",270,4,61,NA,NA,NA,0
"271",271,4,62,NA,NA,NA,0
"272",272,4,62,NA,NA,NA,0
"273",273,4,62,NA,NA,NA,0
"274",274,4,62,NA,NA,NA,0
"275",275,5,63,NA,NA,NA,0
"276",276,5,63,NA,NA,NA,0
"277",277,5,63,"E",322,4,1
"278",278,5,63,NA,NA,NA,0
"279",279,5,63,"H",349,3,0
"280",280,5,64,NA,NA,NA,0
"281",281,5,64,"E",162,4,0
"282",282,5,64,NA,NA,NA,0
"283",283,5,64,NA,NA,NA,0
"284",284,5,64,NA,NA,NA,0
"285",285,4,65,NA,NA,NA,0
"286",286,4,65,NA,NA,NA,0
"287",287,4,65,NA,NA,NA,0
"288",288,4,65,NA,NA,NA,0
"289",289,5,66,NA,NA,NA,0
"290",290,5,66,NA,NA,NA,0
"291",291,5,66,NA,NA,NA,0
"292",292,5,66,NA,NA,NA,0
"293",293,5,66,NA,NA,NA,0
"294",294,3,67,NA,NA,NA,0
"295",295,3,67,NA,NA,NA,0
"296",296,3,67,NA,NA,NA,0
"297",297,4,68,NA,NA,NA,0
"298",298,4,68,NA,NA,NA,0
"299",299,4,68,NA,NA,NA,0
"300",300,4,68,NA,NA,NA,0
"301",301,4,69,NA,NA,NA,0
"302",302,4,69,NA,NA,NA,0
"303",303,4,69,NA,NA,NA,0
"304",304,4,69,NA,NA,NA,0
"305",305,3,70,NA,NA,NA,0
"306",306,3,70,NA,NA,NA,0
"307",307,3,70,NA,NA,NA,0
"308",308,6,71,NA,NA,NA,0
"309",309,6,71,"E",100,5,1
"310",310,6,71,NA,NA,NA,0
"311",311,6,71,NA,NA,NA,0
"312",312,6,71,"H",136,4,0
"313",313,6,71,NA,NA,NA,0
"314",314,5,72,NA,NA,NA,0
"315",315,5,72,NA,NA,NA,0
"316",316,5,72,NA,NA,NA,0
"317",317,5,72,NA,NA,NA,0
"318",318,5,72,NA,NA,NA,0
"319",319,3,73,NA,NA,NA,0
"320",320,3,73,NA,NA,NA,0
"321",321,3,73,NA,NA,NA,0
"322",322,3,74,NA,NA,NA,0
"323",323,3,74,NA,NA,NA,0
"324",324,3,74,NA,NA,NA,0
"325",325,4,75,NA,NA,NA,0
"326",326,4,75,NA,NA,NA,0
"327",327,4,75,NA,NA,NA,0
"328",328,4,75,NA,NA,NA,0
"329",329,5,76,NA,NA,NA,0
"330",330,5,76,NA,NA,NA,0
"331",331,5,76,NA,NA,NA,0
"332",332,5,76,NA,NA,NA,0
"333",333,5,76,NA,NA,NA,0
"334",334,6,77,NA,NA,NA,0
"335",335,6,77,NA,NA,NA,0
"336",336,6,77,NA,NA,NA,0
"337",337,6,77,NA,NA,NA,0
"338",338,6,77,NA,NA,NA,0
"339",339,6,77,NA,NA,NA,0
"340",340,6,78,NA,NA,NA,0
"341",341,6,78,NA,NA,NA,0
"342",342,6,78,"E",259,5,0
"343",343,6,78,NA,NA,NA,0
"344",344,6,78,NA,NA,NA,0
"345",345,6,78,NA,NA,NA,0
"346",346,6,79,"H",238,4,0
"347",347,6,79,NA,NA,NA,0
"348",348,6,79,"E",200,5,1
"349",349,6,79,NA,NA,NA,0
"350",350,6,79,NA,NA,NA,0
"351",351,6,79,NA,NA,NA,0
"352",352,3,80,"E",176,2,0
"353",353,3,80,NA,NA,NA,0
"354",354,3,80,NA,NA,NA,0
"355",355,4,81,NA,NA,NA,0
"356",356,4,81,NA,NA,NA,0
"357",357,4,81,"E",351,3,0
"358",358,4,81,NA,NA,NA,0
"359",359,6,82,NA,NA,NA,0
"360",360,6,82,NA,NA,NA,0
"361",361,6,82,NA,NA,NA,0
"362",362,6,82,NA,NA,NA,0
"363",363,6,82,"E",291,5,0
"364",364,6,82,"E",NA,NA,0
"365",365,3,83,NA,NA,NA,0
"366",366,3,83,NA,NA,NA,0
"367",367,3,83,NA,NA,NA,0
"368",368,4,84,NA,NA,NA,0
"369",369,4,84,NA,NA,NA,0
"370",370,4,84,"E",140,3,1
"371",371,4,84,"H",233,2,0
"372",372,5,85,NA,NA,NA,0
"373",373,5,85,NA,NA,NA,0
"374",374,5,85,NA,NA,NA,0
"375",375,5,85,NA,NA,NA,0
"376",376,5,85,NA,NA,NA,0
"377",377,6,86,NA,NA,NA,0
"378",378,6,86,NA,NA,NA,0
"379",379,6,86,NA,NA,NA,0
"380",380,6,86,NA,NA,NA,0
"381",381,6,86,NA,NA,NA,0
"382",382,6,86,NA,NA,NA,0
"383",383,5,87,NA,NA,NA,0
"384",384,5,87,NA,NA,NA,0
"385",385,5,87,NA,NA,NA,0
"386",386,5,87,NA,NA,NA,0
"387",387,5,87,NA,NA,NA,0
"388",388,4,88,NA,NA,NA,0
"389",389,4,88,"E",196,3,0
"390",390,4,88,NA,NA,NA,0
"391",391,4,88,NA,NA,NA,0
"392",392,5,89,NA,NA,NA,0
"393",393,5,89,NA,NA,NA,0
"394",394,5,89,NA,NA,NA,0
"395",395,5,89,NA,NA,NA,0
"396",396,5,89,NA,NA,NA,0
"397",397,5,90,NA,NA,NA,0
"398",398,5,90,"E",196,4,0
"399",399,5,90,NA,NA,NA,0
"400",400,5,90,NA,NA,NA,0
"401",401,5,90,NA,NA,NA,0
"402",402,5,91,NA,NA,NA,0
"403",403,5,91,NA,NA,NA,0
"404",404,5,91,NA,NA,NA,0
"405",405,5,91,"E",99,4,0
"406",406,5,91,NA,NA,NA,0
"407",407,5,92,NA,NA,NA,0
"408",408,5,92,NA,NA,NA,0
"409",409,5,92,NA,NA,NA,0
"410",410,5,92,"E",NA,NA,0
"411",411,5,92,NA,NA,NA,0
"412",412,5,93,NA,NA,NA,0
"413",413,5,93,NA,NA,NA,0
"414",414,5,93,NA,NA,NA,0
"415",415,5,93,NA,NA,NA,0
"416",416,5,93,"E",NA,NA,0
"417",417,6,94,NA,NA,NA,0
"418",418,6,94,NA,NA,NA,0
"419",419,6,94,NA,NA,NA,0
"420",420,6,94,NA,NA,NA,0
"421",421,6,94,NA,NA,NA,0
"422",422,6,94,NA,NA,NA,0
"423",423,5,95,NA,NA,NA,0
"424",424,5,95,NA,NA,NA,0
"425",425,5,95,NA,NA,NA,0
"426",426,5,95,NA,NA,NA,0
"427",427,5,95,NA,NA,NA,0
"428",428,6,96,NA,NA,NA,0
"429",429,6,96,NA,NA,NA,0
"430",430,6,96,NA,NA,NA,0
"431",431,6,96,NA,NA,NA,0
"432",432,6,96,NA,NA,NA,0
"433",433,6,96,NA,NA,NA,0
"434",434,5,97,NA,NA,NA,0
"435",435,5,97,NA,NA,NA,0
"436",436,5,97,NA,NA,NA,0
"437",437,5,97,NA,NA,NA,0
"438",438,5,97,NA,NA,NA,0
"439",439,5,98,NA,NA,NA,0
"440",440,5,98,NA,NA,NA,0
"441",441,5,98,NA,NA,NA,0
"442",442,5,98,NA,NA,NA,0
"443",443,5,98,NA,NA,NA,0
"444",444,3,99,NA,NA,NA,0
"445",445,3,99,NA,NA,NA,0
"446",446,3,99,NA,NA,NA,0
"447",447,5,100,NA,NA,NA,0
"448",448,5,100,NA,NA,NA,0
"449",449,5,100,NA,NA,NA,0
"450",450,5,100,NA,NA,NA,0
"451",451,5,100,NA,NA,NA,0
"452",452,3,101,NA,NA,NA,0
"453",453,3,101,NA,NA,NA,0
"454",454,3,101,NA,NA,NA,0
"455",455,5,102,NA,NA,NA,0
"456",456,5,102,NA,NA,NA,0
"457",457,5,102,NA,NA,NA,0
"458",458,5,102,NA,NA,NA,0
"459",459,5,102,NA,NA,NA,0
"460",460,4,103,NA,NA,NA,0
"461",461,4,103,NA,NA,NA,0
"462",462,4,103,NA,NA,NA,0
"463",463,4,103,NA,NA,NA,0
"464",464,6,104,NA,NA,NA,0
"465",465,6,104,NA,NA,NA,0
"466",466,6,104,NA,NA,NA,0
"467",467,6,104,NA,NA,NA,0
"468",468,6,104,NA,NA,NA,0
"469",469,6,104,NA,NA,NA,0
"470",470,5,105,NA,NA,NA,0
"471",471,5,105,NA,NA,NA,0
"472",472,5,105,NA,NA,NA,0
"473",473,5,105,NA,NA,NA,0
"474",474,5,105,NA,NA,NA,0
"475",475,3,106,NA,NA,NA,0
"476",476,3,106,NA,NA,NA,0
"477",477,3,106,NA,NA,NA,0
"478",478,6,107,NA,NA,NA,0
"479",479,6,107,NA,NA,NA,0
"480",480,6,107,"E",130,5,0
"481",481,6,107,NA,NA,NA,0
"482",482,6,107,NA,NA,NA,0
"483",483,6,107,NA,NA,NA,0
"484",484,6,108,NA,NA,NA,0
"485",485,6,108,NA,NA,NA,0
"486",486,6,108,NA,NA,NA,0
"487",487,6,108,NA,NA,NA,0
"488",488,6,108,NA,NA,NA,0
"489",489,6,108,NA,NA,NA,0
"490",490,5,109,NA,NA,NA,0
"491",491,5,109,NA,NA,NA,0
"492",492,5,109,NA,NA,NA,0
"493",493,5,109,NA,NA,NA,0
"494",494,5,109,NA,NA,NA,0
"495",495,4,110,NA,NA,NA,0
"496",496,4,110,NA,NA,NA,0
"497",497,4,110,NA,NA,NA,0
"498",498,4,110,"E",35,3,0
"499",499,3,111,NA,NA,NA,0
"500",500,3,111,NA,NA,NA,0
"501",501,3,111,"E",309,2,0
"502",502,5,112,NA,NA,NA,0
"503",503,5,112,NA,NA,NA,0
"504",504,5,112,NA,NA,NA,0
"505",505,5,112,NA,NA,NA,0
"506",506,5,112,NA,NA,NA,0
"507",507,3,113,NA,NA,NA,0
"508",508,3,113,NA,NA,NA,0
"509",509,3,113,NA,NA,NA,0
"510",510,5,114,NA,NA,NA,0
"511",511,5,114,NA,NA,NA,0
"512",512,5,114,NA,NA,NA,0
"513",513,5,114,NA,NA,NA,0
"514",514,5,114,NA,NA,NA,0
"515",515,4,115,NA,NA,NA,0
"516",516,4,115,NA,NA,NA,0
"517",517,4,115,NA,NA,NA,0
"518",518,4,115,"E",179,3,0
"519",519,6,116,"E",155,5,0
"520",520,6,116,NA,NA,NA,0
"521",521,6,116,NA,NA,NA,0
"522",522,6,116,NA,NA,NA,0
"523",523,6,116,NA,NA,NA,0
"524",524,6,116,NA,NA,NA,0
"525",525,3,117,NA,NA,NA,0
"526",526,3,117,NA,NA,NA,0
"527",527,3,117,NA,NA,NA,0
"528",528,4,118,NA,NA,NA,0
"529",529,4,118,NA,NA,NA,0
"530",530,4,118,NA,NA,NA,0
"531",531,4,118,NA,NA,NA,0
"532",532,6,119,NA,NA,NA,0
"533",533,6,119,"H",NA,NA,0
"534",534,6,119,"E",358,5,1
"535",535,6,119,NA,NA,NA,0
"536",536,6,119,NA,NA,NA,0
"537",537,6,119,NA,NA,NA,0
"538",538,5,120,NA,NA,NA,0
"539",539,5,120,NA,NA,NA,0
"540",540,5,120,NA,NA,NA,0
"541",541,5,120,NA,NA,NA,0
"542",542,5,120,NA,NA,NA,0
"543",543,3,121,NA,NA,NA,0
"544",544,3,121,NA,NA,NA,0
"545",545,3,121,NA,NA,NA,0
"546",546,5,122,NA,NA,NA,0
"547",547,5,122,NA,NA,NA,0
"548",548,5,122,NA,NA,NA,0
"549",549,5,122,NA,NA,NA,0
"550",550,5,122,NA,NA,NA,0
"551",551,3,123,NA,NA,NA,0
"552",552,3,123,NA,NA,NA,0
"553",553,3,123,NA,NA,NA,0
"554",554,6,124,NA,NA,NA,0
"555",555,6,124,"E",187,4,1
"556",556,6,124,"E",77,5,0
"557",557,6,124,NA,NA,NA,0
"558",558,6,124,NA,NA,NA,0
"559",559,6,124,"H",220,3,0
"560",560,5,125,NA,NA,NA,0
"561",561,5,125,NA,NA,NA,0
"562",562,5,125,NA,NA,NA,0
"563",563,5,125,NA,NA,NA,0
"564",564,5,125,NA,NA,NA,0
"565",565,3,126,NA,NA,NA,0
"566",566,3,126,NA,NA,NA,0
"567",567,3,126,NA,NA,NA,0
"568",568,5,127,NA,NA,NA,0
"569",569,5,127,NA,NA,NA,0
"570",570,5,127,NA,NA,NA,0
"571",571,5,127,NA,NA,NA,0
"572",572,5,127,NA,NA,NA,0
"573",573,5,128,NA,NA,NA,0
"574",574,5,128,NA,NA,NA,0
"575",575,5,128,NA,NA,NA,0
"576",576,5,128,NA,NA,NA,0
"577",577,5,128,NA,NA,NA,0
"578",578,6,129,NA,NA,NA,0
"579",579,6,129,NA,NA,NA,0
"580",580,6,129,NA,NA,NA,0
"581",581,6,129,NA,NA,NA,0
"582",582,6,129,NA,NA,NA,0
"583",583,6,129,NA,NA,NA,0
"584",584,5,130,"H",349,3,0
"585",585,5,130,"E",283,4,1
"586",586,5,130,NA,NA,NA,0
"587",587,5,130,NA,NA,NA,0
"588",588,5,130,NA,NA,NA,0
"589",589,3,131,NA,NA,NA,0
"590",590,3,131,NA,NA,NA,0
"591",591,3,131,"E",NA,NA,0
"592",592,5,132,NA,NA,NA,0
"593",593,5,132,NA,NA,NA,0
"594",594,5,132,NA,NA,NA,0
"595",595,5,132,NA,NA,NA,0
"596",596,5,132,NA,NA,NA,0
"597",597,4,133,NA,NA,NA,0
"598",598,4,133,NA,NA,NA,0
"599",599,4,133,NA,NA,NA,0
"600",600,4,133,NA,NA,NA,0
"601",601,4,134,"E",109,3,0
"602",602,4,134,NA,NA,NA,0
"603",603,4,134,NA,NA,NA,0
"604",604,4,134,NA,NA,NA,0
"605",605,5,135,NA,NA,NA,0
"606",606,5,135,NA,NA,NA,0
"607",607,5,135,NA,NA,NA,0
"608",608,5,135,NA,NA,NA,0
"609",609,5,135,NA,NA,NA,0
"610",610,4,136,"E",235,3,1
"611",611,4,136,NA,NA,NA,0
"612",612,4,136,NA,NA,NA,0
"613",613,4,136,"H",293,2,0
"614",614,6,137,NA,NA,NA,0
"615",615,6,137,NA,NA,NA,0
"616",616,6,137,NA,NA,NA,0
"617",617,6,137,NA,NA,NA,0
"618",618,6,137,NA,NA,NA,0
"619",619,6,137,NA,NA,NA,0
"620",620,5,138,NA,NA,NA,0
"621",621,5,138,"E",324,4,0
"622",622,5,138,NA,NA,NA,0
"623",623,5,138,NA,NA,NA,0
"624",624,5,138,NA,NA,NA,0
"625",625,6,139,NA,NA,NA,0
"626",626,6,139,NA,NA,NA,0
"627",627,6,139,NA,NA,NA,0
"628",628,6,139,NA,NA,NA,0
"629",629,6,139,NA,NA,NA,0
"630",630,6,139,NA,NA,NA,0
"631",631,5,140,NA,NA,NA,0
"632",632,5,140,NA,NA,NA,0
"633",633,5,140,NA,NA,NA,0
"634",634,5,140,NA,NA,NA,0
"635",635,5,140,NA,NA,NA,0
"636",636,3,141,NA,NA,NA,0
"637",637,3,141,NA,NA,NA,0
"638",638,3,141,NA,NA,NA,0
"639",639,6,142,NA,NA,NA,0
"640",640,6,142,"E",298,5,0
"641",641,6,142,NA,NA,NA,0
"642",642,6,142,NA,NA,NA,0
"643",643,6,142,NA,NA,NA,0
"644",644,6,142,NA,NA,NA,0
"645",645,6,143,NA,NA,NA,0
"646",646,6,143,NA,NA,NA,0
"647",647,6,143,NA,NA,NA,0
"648",648,6,143,NA,NA,NA,0
"649",649,6,143,NA,NA,NA,0
"650",650,6,143,NA,NA,NA,0
"651",651,5,144,NA,NA,NA,0
"652",652,5,144,NA,NA,NA,0
"653",653,5,144,NA,NA,NA,0
"654",654,5,144,NA,NA,NA,0
"655",655,5,144,NA,NA,NA,0
"656",656,5,145,NA,NA,NA,0
"657",657,5,145,NA,NA,NA,0
"658",658,5,145,NA,NA,NA,0
"659",659,5,145,NA,NA,NA,0
"660",660,5,145,"E",183,4,0
"661",661,6,146,NA,NA,NA,0
"662",662,6,146,NA,NA,NA,0
"663",663,6,146,NA,NA,NA,0
"664",664,6,146,NA,NA,NA,0
"665",665,6,146,NA,NA,NA,0
"666",666,6,146,NA,NA,NA,0
"667",667,3,147,NA,NA,NA,0
"668",668,3,147,NA,NA,NA,0
"669",669,3,147,NA,NA,NA,0
"670",670,6,148,NA,NA,NA,0
"671",671,6,148,"E",110,5,0
"672",672,6,148,"E",180,4,0
"673",673,6,148,NA,NA,NA,0
"674",674,6,148,NA,NA,NA,0
"675",675,6,148,NA,NA,NA,0
"676",676,5,149,"E",118,4,0
"677",677,5,149,NA,NA,NA,0
"678",678,5,149,NA,NA,NA,0
"679",679,5,149,NA,NA,NA,0
"680",680,5,149,NA,NA,NA,0
"681",681,3,150,NA,NA,NA,0
"682",682,3,150,NA,NA,NA,0
"683",683,3,150,NA,NA,NA,0
"684",684,3,151,NA,NA,NA,0
"685",685,3,151,NA,NA,NA,0
"686",686,3,151,"E",NA,NA,0
"687",687,3,152,NA,NA,NA,0
"688",688,3,152,NA,NA,NA,0
"689",689,3,152,NA,NA,NA,0
"690",690,3,153,NA,NA,NA,0
"691",691,3,153,NA,NA,NA,0
"692",692,3,153,NA,NA,NA,0
"693",693,5,154,NA,NA,NA,0
"694",694,5,154,NA,NA,NA,0
"695",695,5,154,NA,NA,NA,0
"696",696,5,154,NA,NA,NA,0
"697",697,5,154,NA,NA,NA,0
"698",698,3,155,NA,NA,NA,0
"699",699,3,155,NA,NA,NA,0
"700",700,3,155,NA,NA,NA,0
"701",701,4,156,NA,NA,NA,0
"702",702,4,156,NA,NA,NA,0
"703",703,4,156,NA,NA,NA,0
"704",704,4,156,"E",257,3,0
"705",705,5,157,NA,NA,NA,0
"706",706,5,157,NA,NA,NA,0
"707",707,5,157,NA,NA,NA,0
"708",708,5,157,NA,NA,NA,0
"709",709,5,157,NA,NA,NA,0
"710",710,5,158,"H",288,1,0
"711",711,5,158,"H",226,2,1
"712",712,5,158,NA,NA,NA,0
"713",713,5,158,"H",220,2,0
"714",714,5,158,"E",187,4,2
"715",715,4,159,NA,NA,NA,0
"716",716,4,159,"E",NA,NA,0
"717",717,4,159,NA,NA,NA,0
"718",718,4,159,NA,NA,NA,0
"719",719,3,160,NA,NA,NA,0
"720",720,3,160,NA,NA,NA,0
"721",721,3,160,NA,NA,NA,0
"722",722,4,161,NA,NA,NA,0
"723",723,4,161,NA,NA,NA,0
"724",724,4,161,NA,NA,NA,0
"725",725,4,161,NA,NA,NA,0
"726",726,3,162,NA,NA,NA,0
"727",727,3,162,"E",365,2,0
"728",728,3,162,NA,NA,NA,0
"729",729,5,163,NA,NA,NA,0
"730",730,5,163,NA,NA,NA,0
"731",731,5,163,"H",265,3,0
"732",732,5,163,NA,NA,NA,0
"733",733,5,163,"E",225,4,1
"734",734,3,164,NA,NA,NA,0
"735",735,3,164,"H",239,1,0
"736",736,3,164,"E",209,2,1
"737",737,5,165,"H",240,2,0
"738",738,5,165,"H",218,2,0
"739",739,5,165,NA,NA,NA,0
"740",740,5,165,"E",194,4,2
"741",741,5,165,NA,NA,NA,0
"742",742,4,166,NA,NA,NA,0
"743",743,4,166,NA,NA,NA,0
"744",744,4,166,NA,NA,NA,0
"745",745,4,166,NA,NA,NA,0
"746",746,4,167,NA,NA,NA,0
"747",747,4,167,"E",343,3,1
"748",748,4,167,NA,NA,NA,0
"749",749,4,167,"H",NA,NA,0
"750",750,5,168,NA,NA,NA,0
"751",751,5,168,"E",117,4,0
"752",752,5,168,NA,NA,NA,0
"753",753,5,168,NA,NA,NA,0
"754",754,5,168,NA,NA,NA,0
"755",755,6,169,NA,NA,NA,0
"756",756,6,169,NA,NA,NA,0
"757",757,6,169,NA,NA,NA,0
"758",758,6,169,NA,NA,NA,0
"759",759,6,169,NA,NA,NA,0
"760",760,6,169,NA,NA,NA,0
"761",761,6,170,NA,NA,NA,0
"762",762,6,170,"E",268,5,2
"763",763,6,170,"H",310,3,0
"764",764,6,170,NA,NA,NA,0
"765",765,6,170,NA,NA,NA,0
"766",766,6,170,"H",302,3,0
"767",767,4,171,NA,NA,NA,0
"768",768,4,171,NA,NA,NA,0
"769",769,4,171,NA,NA,NA,0
"770",770,4,171,NA,NA,NA,0
"771",771,4,172,NA,NA,NA,0
"772",772,4,172,NA,NA,NA,0
"773",773,4,172,NA,NA,NA,0
"774",774,4,172,NA,NA,NA,0
"775",775,6,173,NA,NA,NA,0
"776",776,6,173,NA,NA,NA,0
"777",777,6,173,NA,NA,NA,0
"778",778,6,173,NA,NA,NA,0
"779",779,6,173,NA,NA,NA,0
"780",780,6,173,NA,NA,NA,0
"781",781,3,174,NA,NA,NA,0
"782",782,3,174,NA,NA,NA,0
"783",783,3,174,NA,NA,NA,0
"784",784,3,175,NA,NA,NA,0
"785",785,3,175,NA,NA,NA,0
"786",786,3,175,"E",170,2,0
"787",787,5,176,NA,NA,NA,0
"788",788,5,176,NA,NA,NA,0
"789",789,5,176,NA,NA,NA,0
"790",790,5,176,NA,NA,NA,0
"791",791,5,176,NA,NA,NA,0
"792",792,5,177,NA,NA,NA,0
"793",793,5,177,NA,NA,NA,0
"794",794,5,177,NA,NA,NA,0
"795",795,5,177,NA,NA,NA,0
"796",796,5,177,NA,NA,NA,0
"797",797,4,178,NA,NA,NA,0
"798",798,4,178,NA,NA,NA,0
"799",799,4,178,NA,NA,NA,0
"800",800,4,178,NA,NA,NA,0
"801",801,3,179,NA,NA,NA,0
"802",802,3,179,NA,NA,NA,0
"803",803,3,179,NA,NA,NA,0
"804",804,6,180,NA,NA,NA,0
"805",805,6,180,NA,NA,NA,0
"806",806,6,180,NA,NA,NA,0
"807",807,6,180,NA,NA,NA,0
"808",808,6,180,NA,NA,NA,0
"809",809,6,180,NA,NA,NA,0
"810",810,5,181,NA,NA,NA,0
"811",811,5,181,NA,NA,NA,0
"812",812,5,181,NA,NA,NA,0
"813",813,5,181,NA,NA,NA,0
"814",814,5,181,NA,NA,NA,0
"815",815,5,182,NA,NA,NA,0
"816",816,5,182,NA,NA,NA,0
"817",817,5,182,NA,NA,NA,0
"818",818,5,182,NA,NA,NA,0
"819",819,5,182,NA,NA,NA,0
"820",820,5,183,NA,NA,NA,0
"821",821,5,183,NA,NA,NA,0
"822",822,5,183,NA,NA,NA,0
"823",823,5,183,NA,NA,NA,0
"824",824,5,183,NA,NA,NA,0
"825",825,4,184,NA,NA,NA,0
"826",826,4,184,NA,NA,NA,0
"827",827,4,184,NA,NA,NA,0
"828",828,4,184,NA,NA,NA,0
"829",829,4,185,NA,NA,NA,0
"830",830,4,185,NA,NA,NA,0
"831",831,4,185,NA,NA,NA,0
"832",832,4,185,"E",113,3,0
"833",833,3,186,NA,NA,NA,0
"834",834,3,186,NA,NA,NA,0
"835",835,3,186,NA,NA,NA,0
"836",836,4,187,NA,NA,NA,0
"837",837,4,187,NA,NA,NA,0
"838",838,4,187,NA,NA,NA,0
"839",839,4,187,NA,NA,NA,0
"840",840,5,188,NA,NA,NA,0
"841",841,5,188,NA,NA,NA,0
"842",842,5,188,NA,NA,NA,0
"843",843,5,188,NA,NA,NA,0
"844",844,5,188,NA,NA,NA,0
"845",845,5,189,"H",152,3,1
"846",846,5,189,"E",181,1,0
"847",847,5,189,"H",178,1,0
"848",848,5,189,"E",118,4,1
"849",849,5,189,NA,NA,NA,0
"850",850,6,190,NA,NA,NA,0
"851",851,6,190,NA,NA,NA,0
"852",852,6,190,NA,NA,NA,0
"853",853,6,190,NA,NA,NA,0
"854",854,6,190,NA,NA,NA,0
"855",855,6,190,NA,NA,NA,0
"856",856,5,191,NA,NA,NA,0
"857",857,5,191,NA,NA,NA,0
"858",858,5,191,NA,NA,NA,0
"859",859,5,191,NA,NA,NA,0
"860",860,5,191,NA,NA,NA,0
"861",861,6,192,NA,NA,NA,0
"862",862,6,192,NA,NA,NA,0
"863",863,6,192,NA,NA,NA,0
"864",864,6,192,NA,NA,NA,0
"865",865,6,192,NA,NA,NA,0
"866",866,6,192,NA,NA,NA,0
"867",867,3,193,NA,NA,NA,0
"868",868,3,193,NA,NA,NA,0
"869",869,3,193,NA,NA,NA,0
"870",870,6,194,NA,NA,NA,0
"871",871,6,194,NA,NA,NA,0
"872",872,6,194,NA,NA,NA,0
"873",873,6,194,NA,NA,NA,0
"874",874,6,194,NA,NA,NA,0
"875",875,6,194,NA,NA,NA,0
"876",876,6,195,"H",58,4,1
"877",877,6,195,NA,NA,NA,0
"878",878,6,195,NA,NA,NA,0
"879",879,6,195,"H",95,3,0
"880",880,6,195,"E",33,5,1
"881",881,6,195,NA,NA,NA,0
"882",882,5,196,NA,NA,NA,0
"883",883,5,196,NA,NA,NA,0
"884",884,5,196,NA,NA,NA,0
"885",885,5,196,NA,NA,NA,0
"886",886,5,196,NA,NA,NA,0
"887",887,4,197,NA,NA,NA,0
"888",888,4,197,NA,NA,NA,0
"889",889,4,197,NA,NA,NA,0
"890",890,4,197,NA,NA,NA,0
"891",891,6,198,NA,NA,NA,0
"892",892,6,198,NA,NA,NA,0
"893",893,6,198,NA,NA,NA,0
"894",894,6,198,NA,NA,NA,0
"895",895,6,198,NA,NA,NA,0
"896",896,6,198,NA,NA,NA,0
"897",897,4,199,NA,NA,NA,0
"898",898,4,199,NA,NA,NA,0
"899",899,4,199,NA,NA,NA,0
"900",900,4,199,NA,NA,NA,0
"901",901,5,200,NA,NA,NA,0
"902",902,5,200,"E",361,3,0
"903",903,5,200,"E",99,4,0
"904",904,5,200,NA,NA,NA,0
"905",905,5,200,NA,NA,NA,0
"906",906,5,201,NA,NA,NA,0
"907",907,5,201,NA,NA,NA,0
"908",908,5,201,NA,NA,NA,0
"909",909,5,201,NA,NA,NA,0
"910",910,5,201,NA,NA,NA,0
"911",911,5,202,NA,NA,NA,0
"912",912,5,202,NA,NA,NA,0
"913",913,5,202,NA,NA,NA,0
"914",914,5,202,NA,NA,NA,0
"915",915,5,202,NA,NA,NA,0
"916",916,3,203,NA,NA,NA,0
"917",917,3,203,"E",106,2,0
"918",918,3,203,NA,NA,NA,0
"919",919,3,204,"E",173,2,0
"920",920,3,204,NA,NA,NA,0
"921",921,3,204,NA,NA,NA,0
"922",922,3,205,"E",129,2,0
"923",923,3,205,NA,NA,NA,0
"924",924,3,205,NA,NA,NA,0
"925",925,4,206,NA,NA,NA,0
"926",926,4,206,NA,NA,NA,0
"927",927,4,206,NA,NA,NA,0
"928",928,4,206,NA,NA,NA,0
"929",929,5,207,NA,NA,NA,0
"930",930,5,207,NA,NA,NA,0
"931",931,5,207,NA,NA,NA,0
"932",932,5,207,NA,NA,NA,0
"933",933,5,207,NA,NA,NA,0
"934",934,3,208,NA,NA,NA,0
"935",935,3,208,NA,NA,NA,0
"936",936,3,208,"E",NA,NA,0
"937",937,3,209,NA,NA,NA,0
"938",938,3,209,NA,NA,NA,0
"939",939,3,209,NA,NA,NA,0
"940",940,5,210,NA,NA,NA,0
"941",941,5,210,"H",NA,NA,0
"942",942,5,210,NA,NA,NA,0
"943",943,5,210,NA,NA,NA,0
"944",944,5,210,"E",363,4,1
"945",945,5,211,NA,NA,NA,0
"946",946,5,211,NA,NA,NA,0
"947",947,5,211,NA,NA,NA,0
"948",948,5,211,NA,NA,NA,0
"949",949,5,211,NA,NA,NA,0
"950",950,5,212,NA,NA,NA,0
"951",951,5,212,"H",305,2,0
"952",952,5,212,"H",266,3,1
"953",953,5,212,"E",233,4,1
"954",954,5,212,NA,NA,NA,0
"955",955,6,213,NA,NA,NA,0
"956",956,6,213,NA,NA,NA,0
"957",957,6,213,NA,NA,NA,0
"958",958,6,213,NA,NA,NA,0
"959",959,6,213,NA,NA,NA,0
"960",960,6,213,NA,NA,NA,0
"961",961,5,214,NA,NA,NA,0
"962",962,5,214,NA,NA,NA,0
"963",963,5,214,NA,NA,NA,0
"964",964,5,214,NA,NA,NA,0
"965",965,5,214,NA,NA,NA,0
"966",966,6,215,"H",227,4,0
"967",967,6,215,NA,NA,NA,0
"968",968,6,215,"E",173,5,1
"969",969,6,215,NA,NA,NA,0
"970",970,6,215,NA,NA,NA,0
"971",971,6,215,NA,NA,NA,0
"972",972,5,216,NA,NA,NA,0
"973",973,5,216,NA,NA,NA,0
"974",974,5,216,NA,NA,NA,0
"975",975,5,216,NA,NA,NA,0
"976",976,5,216,NA,NA,NA,0
"977",977,5,217,"H",189,2,0
"978",978,5,217,NA,NA,NA,0
"979",979,5,217,"H",214,2,0
"980",980,5,217,"E",167,4,2
"981",981,5,217,NA,NA,NA,0
"982",982,5,218,NA,NA,NA,0
"983",983,5,218,"E",112,4,0
"984",984,5,218,NA,NA,NA,0
"985",985,5,218,NA,NA,NA,0
"986",986,5,218,NA,NA,NA,0
"987",987,5,219,NA,NA,NA,0
"988",988,5,219,NA,NA,NA,0
"989",989,5,219,NA,NA,NA,0
"990",990,5,219,NA,NA,NA,0
"991",991,5,219,NA,NA,NA,0
"992",992,6,220,"H",244,4,0
"993",993,6,220,NA,NA,NA,0
"994",994,6,220,NA,NA,NA,0
"995",995,6,220,"E",185,5,1
"996",996,6,220,NA,NA,NA,0
"997",997,6,220,NA,NA,NA,0
"998",998,3,221,"E",20,2,0
"999",999,3,221,NA,NA,NA,0
"1000",1000,3,221,NA,NA,NA,0
