"","ID","SIZE","HH","TYPE","TIME","S_num","I_num"
"1",1,5,1,"0",NA,NA,0
"2",2,5,1,NA,NA,NA,0
"3",3,5,1,NA,NA,NA,0
"4",4,5,1,NA,NA,NA,0
"5",5,5,1,NA,NA,NA,0
"6",6,3,2,NA,NA,NA,0
"7",7,3,2,NA,NA,NA,0
"8",8,3,2,NA,NA,NA,0
"9",9,3,3,NA,NA,NA,0
"10",10,3,3,NA,NA,NA,0
"11",11,3,3,NA,NA,NA,0
"12",12,4,4,NA,NA,NA,0
"13",13,4,4,NA,NA,NA,0
"14",14,4,4,NA,NA,NA,0
"15",15,4,4,NA,NA,NA,0
"16",16,5,5,NA,NA,NA,0
"17",17,5,5,NA,NA,NA,0
"18",18,5,5,NA,NA,NA,0
"19",19,5,5,NA,NA,NA,0
"20",20,5,5,NA,NA,NA,0
"21",21,6,6,NA,NA,NA,0
"22",22,6,6,NA,NA,NA,0
"23",23,6,6,NA,NA,NA,0
"24",24,6,6,NA,NA,NA,0
"25",25,6,6,NA,NA,NA,0
"26",26,6,6,NA,NA,NA,0
"27",27,6,7,NA,NA,NA,0
"28",28,6,7,NA,NA,NA,0
"29",29,6,7,NA,NA,NA,0
"30",30,6,7,NA,NA,NA,0
"31",31,6,7,NA,NA,NA,0
"32",32,6,7,NA,NA,NA,0
"33",33,6,8,NA,NA,NA,0
"34",34,6,8,NA,NA,NA,0
"35",35,6,8,NA,NA,NA,0
"36",36,6,8,NA,NA,NA,0
"37",37,6,8,NA,NA,NA,0
"38",38,6,8,NA,NA,NA,0
"39",39,6,9,NA,NA,NA,0
"40",40,6,9,NA,NA,NA,0
"41",41,6,9,NA,NA,NA,0
"42",42,6,9,NA,NA,NA,0
"43",43,6,9,NA,NA,NA,0
"44",44,6,9,NA,NA,NA,0
"45",45,6,10,NA,NA,NA,0
"46",46,6,10,NA,NA,NA,0
"47",47,6,10,NA,NA,NA,0
"48",48,6,10,NA,NA,NA,0
"49",49,6,10,NA,NA,NA,0
"50",50,6,10,NA,NA,NA,0
"51",51,5,11,NA,NA,NA,0
"52",52,5,11,NA,NA,NA,0
"53",53,5,11,NA,NA,NA,0
"54",54,5,11,NA,NA,NA,0
"55",55,5,11,NA,NA,NA,0
"56",56,3,12,NA,NA,NA,0
"57",57,3,12,NA,NA,NA,0
"58",58,3,12,NA,NA,NA,0
"59",59,4,13,"H",226,0,0
"60",60,4,13,"E",183,3,2
"61",61,4,13,"H",252,0,0
"62",62,4,13,"H",207,1,1
"63",63,4,14,NA,NA,NA,0
"64",64,4,14,NA,NA,NA,0
"65",65,4,14,NA,NA,NA,0
"66",66,4,14,NA,NA,NA,0
"67",67,6,15,NA,NA,NA,0
"68",68,6,15,NA,NA,NA,0
"69",69,6,15,NA,NA,NA,0
"70",70,6,15,NA,NA,NA,0
"71",71,6,15,NA,NA,NA,0
"72",72,6,15,NA,NA,NA,0
"73",73,4,16,"E",327,3,1
"74",74,4,16,NA,NA,NA,0
"75",75,4,16,"H",NA,NA,0
"76",76,4,16,NA,NA,NA,0
"77",77,5,17,NA,NA,NA,0
"78",78,5,17,NA,NA,NA,0
"79",79,5,17,"E",182,4,0
"80",80,5,17,NA,NA,NA,0
"81",81,5,17,NA,NA,NA,0
"82",82,3,18,NA,NA,NA,0
"83",83,3,18,NA,NA,NA,0
"84",84,3,18,NA,NA,NA,0
"85",85,3,19,NA,NA,NA,0
"86",86,3,19,NA,NA,NA,0
"87",87,3,19,NA,NA,NA,0
"88",88,3,20,NA,NA,NA,0
"89",89,3,20,NA,NA,NA,0
"90",90,3,20,NA,NA,NA,0
"91",91,4,21,NA,NA,NA,0
"92",92,4,21,NA,NA,NA,0
"93",93,4,21,NA,NA,NA,0
"94",94,4,21,NA,NA,NA,0
"95",95,4,22,NA,NA,NA,0
"96",96,4,22,NA,NA,NA,0
"97",97,4,22,NA,NA,NA,0
"98",98,4,22,NA,NA,NA,0
"99",99,5,23,NA,NA,NA,0
"100",100,5,23,NA,NA,NA,0
"101",101,5,23,NA,NA,NA,0
"102",102,5,23,NA,NA,NA,0
"103",103,5,23,NA,NA,NA,0
"104",104,3,24,NA,NA,NA,0
"105",105,3,24,NA,NA,NA,0
"106",106,3,24,NA,NA,NA,0
"107",107,6,25,NA,NA,NA,0
"108",108,6,25,NA,NA,NA,0
"109",109,6,25,NA,NA,NA,0
"110",110,6,25,NA,NA,NA,0
"111",111,6,25,NA,NA,NA,0
"112",112,6,25,NA,NA,NA,0
"113",113,3,26,NA,NA,NA,0
"114",114,3,26,NA,NA,NA,0
"115",115,3,26,NA,NA,NA,0
"116",116,3,27,NA,NA,NA,0
"117",117,3,27,NA,NA,NA,0
"118",118,3,27,NA,NA,NA,0
"119",119,3,28,NA,NA,NA,0
"120",120,3,28,NA,NA,NA,0
"121",121,3,28,NA,NA,NA,0
"122",122,5,29,NA,NA,NA,0
"123",123,5,29,NA,NA,NA,0
"124",124,5,29,NA,NA,NA,0
"125",125,5,29,NA,NA,NA,0
"126",126,5,29,NA,NA,NA,0
"127",127,4,30,NA,NA,NA,0
"128",128,4,30,"E",48,3,0
"129",129,4,30,NA,NA,NA,0
"130",130,4,30,NA,NA,NA,0
"131",131,3,31,NA,NA,NA,0
"132",132,3,31,NA,NA,NA,0
"133",133,3,31,NA,NA,NA,0
"134",134,4,32,NA,NA,NA,0
"135",135,4,32,NA,NA,NA,0
"136",136,4,32,NA,NA,NA,0
"137",137,4,32,NA,NA,NA,0
"138",138,4,33,NA,NA,NA,0
"139",139,4,33,NA,NA,NA,0
"140",140,4,33,NA,NA,NA,0
"141",141,4,33,NA,NA,NA,0
"142",142,4,34,NA,NA,NA,0
"143",143,4,34,NA,NA,NA,0
"144",144,4,34,NA,NA,NA,0
"145",145,4,34,NA,NA,NA,0
"146",146,3,35,NA,NA,NA,0
"147",147,3,35,NA,NA,NA,0
"148",148,3,35,NA,NA,NA,0
"149",149,3,36,"C",148,1,0
"150",150,3,36,NA,NA,NA,0
"151",151,3,36,"E",143,1,0
"152",152,5,37,NA,NA,NA,0
"153",153,5,37,NA,NA,NA,0
"154",154,5,37,NA,NA,NA,0
"155",155,5,37,NA,NA,NA,0
"156",156,5,37,NA,NA,NA,0
"157",157,5,38,NA,NA,NA,0
"158",158,5,38,NA,NA,NA,0
"159",159,5,38,NA,NA,NA,0
"160",160,5,38,NA,NA,NA,0
"161",161,5,38,"E",339,4,0
"162",162,6,39,NA,NA,NA,0
"163",163,6,39,NA,NA,NA,0
"164",164,6,39,NA,NA,NA,0
"165",165,6,39,NA,NA,NA,0
"166",166,6,39,NA,NA,NA,0
"167",167,6,39,NA,NA,NA,0
"168",168,4,40,NA,NA,NA,0
"169",169,4,40,NA,NA,NA,0
"170",170,4,40,NA,NA,NA,0
"171",171,4,40,NA,NA,NA,0
"172",172,5,41,NA,NA,NA,0
"173",173,5,41,NA,NA,NA,0
"174",174,5,41,NA,NA,NA,0
"175",175,5,41,NA,NA,NA,0
"176",176,5,41,NA,NA,NA,0
"177",177,5,42,NA,NA,NA,0
"178",178,5,42,NA,NA,NA,0
"179",179,5,42,NA,NA,NA,0
"180",180,5,42,"E",267,4,0
"181",181,5,42,NA,NA,NA,0
"182",182,6,43,NA,NA,NA,0
"183",183,6,43,NA,NA,NA,0
"184",184,6,43,NA,NA,NA,0
"185",185,6,43,NA,NA,NA,0
"186",186,6,43,NA,NA,NA,0
"187",187,6,43,NA,NA,NA,0
"188",188,6,44,NA,NA,NA,0
"189",189,6,44,NA,NA,NA,0
"190",190,6,44,NA,NA,NA,0
"191",191,6,44,NA,NA,NA,0
"192",192,6,44,NA,NA,NA,0
"193",193,6,44,NA,NA,NA,0
"194",194,5,45,NA,NA,NA,0
"195",195,5,45,NA,NA,NA,0
"196",196,5,45,NA,NA,NA,0
"197",197,5,45,NA,NA,NA,0
"198",198,5,45,NA,NA,NA,0
"199",199,5,46,NA,NA,NA,0
"200",200,5,46,NA,NA,NA,0
"201",201,5,46,NA,NA,NA,0
"202",202,5,46,NA,NA,NA,0
"203",203,5,46,NA,NA,NA,0
"204",204,3,47,NA,NA,NA,0
"205",205,3,47,NA,NA,NA,0
"206",206,3,47,NA,NA,NA,0
"207",207,3,48,NA,NA,NA,0
"208",208,3,48,NA,NA,NA,0
"209",209,3,48,NA,NA,NA,0
"210",210,6,49,NA,NA,NA,0
"211",211,6,49,"H",NA,NA,0
"212",212,6,49,NA,NA,NA,0
"213",213,6,49,"E",331,5,2
"214",214,6,49,"H",NA,NA,0
"215",215,6,49,NA,NA,NA,0
"216",216,5,50,NA,NA,NA,0
"217",217,5,50,NA,NA,NA,0
"218",218,5,50,NA,NA,NA,0
"219",219,5,50,NA,NA,NA,0
"220",220,5,50,NA,NA,NA,0
"221",221,5,51,NA,NA,NA,0
"222",222,5,51,NA,NA,NA,0
"223",223,5,51,NA,NA,NA,0
"224",224,5,51,NA,NA,NA,0
"225",225,5,51,NA,NA,NA,0
"226",226,6,52,NA,NA,NA,0
"227",227,6,52,NA,NA,NA,0
"228",228,6,52,NA,NA,NA,0
"229",229,6,52,NA,NA,NA,0
"230",230,6,52,NA,NA,NA,0
"231",231,6,52,NA,NA,NA,0
"232",232,5,53,NA,NA,NA,0
"233",233,5,53,NA,NA,NA,0
"234",234,5,53,NA,NA,NA,0
"235",235,5,53,NA,NA,NA,0
"236",236,5,53,NA,NA,NA,0
"237",237,5,54,NA,NA,NA,0
"238",238,5,54,NA,NA,NA,0
"239",239,5,54,NA,NA,NA,0
"240",240,5,54,NA,NA,NA,0
"241",241,5,54,NA,NA,NA,0
"242",242,4,55,NA,NA,NA,0
"243",243,4,55,NA,NA,NA,0
"244",244,4,55,NA,NA,NA,0
"245",245,4,55,NA,NA,NA,0
"246",246,4,56,NA,NA,NA,0
"247",247,4,56,NA,NA,NA,0
"248",248,4,56,NA,NA,NA,0
"249",249,4,56,NA,NA,NA,0
"250",250,3,57,NA,NA,NA,0
"251",251,3,57,NA,NA,NA,0
"252",252,3,57,NA,NA,NA,0
"253",253,4,58,NA,NA,NA,0
"254",254,4,58,NA,NA,NA,0
"255",255,4,58,NA,NA,NA,0
"256",256,4,58,NA,NA,NA,0
"257",257,6,59,NA,NA,NA,0
"258",258,6,59,NA,NA,NA,0
"259",259,6,59,NA,NA,NA,0
"260",260,6,59,NA,NA,NA,0
"261",261,6,59,NA,NA,NA,0
"262",262,6,59,NA,NA,NA,0
"263",263,4,60,NA,NA,NA,0
"264",264,4,60,NA,NA,NA,0
"265",265,4,60,NA,NA,NA,0
"266",266,4,60,NA,NA,NA,0
"267",267,5,61,NA,NA,NA,0
"268",268,5,61,NA,NA,NA,0
"269",269,5,61,NA,NA,NA,0
"270",270,5,61,NA,NA,NA,0
"271",271,5,61,NA,NA,NA,0
"272",272,4,62,NA,NA,NA,0
"273",273,4,62,NA,NA,NA,0
"274",274,4,62,NA,NA,NA,0
"275",275,4,62,NA,NA,NA,0
"276",276,3,63,NA,NA,NA,0
"277",277,3,63,NA,NA,NA,0
"278",278,3,63,"E",296,2,0
"279",279,3,64,NA,NA,NA,0
"280",280,3,64,NA,NA,NA,0
"281",281,3,64,NA,NA,NA,0
"282",282,5,65,NA,NA,NA,0
"283",283,5,65,NA,NA,NA,0
"284",284,5,65,"E",208,4,0
"285",285,5,65,NA,NA,NA,0
"286",286,5,65,NA,NA,NA,0
"287",287,6,66,NA,NA,NA,0
"288",288,6,66,NA,NA,NA,0
"289",289,6,66,NA,NA,NA,0
"290",290,6,66,NA,NA,NA,0
"291",291,6,66,NA,NA,NA,0
"292",292,6,66,NA,NA,NA,0
"293",293,4,67,NA,NA,NA,0
"294",294,4,67,NA,NA,NA,0
"295",295,4,67,NA,NA,NA,0
"296",296,4,67,NA,NA,NA,0
"297",297,6,68,NA,NA,NA,0
"298",298,6,68,NA,NA,NA,0
"299",299,6,68,NA,NA,NA,0
"300",300,6,68,NA,NA,NA,0
"301",301,6,68,NA,NA,NA,0
"302",302,6,68,NA,NA,NA,0
"303",303,4,69,NA,NA,NA,0
"304",304,4,69,NA,NA,NA,0
"305",305,4,69,NA,NA,NA,0
"306",306,4,69,NA,NA,NA,0
"307",307,6,70,NA,NA,NA,0
"308",308,6,70,NA,NA,NA,0
"309",309,6,70,NA,NA,NA,0
"310",310,6,70,NA,NA,NA,0
"311",311,6,70,NA,NA,NA,0
"312",312,6,70,NA,NA,NA,0
"313",313,3,71,NA,NA,NA,0
"314",314,3,71,NA,NA,NA,0
"315",315,3,71,NA,NA,NA,0
"316",316,4,72,"E",NA,NA,0
"317",317,4,72,NA,NA,NA,0
"318",318,4,72,NA,NA,NA,0
"319",319,4,72,NA,NA,NA,0
"320",320,3,73,NA,NA,NA,0
"321",321,3,73,NA,NA,NA,0
"322",322,3,73,NA,NA,NA,0
"323",323,3,74,NA,NA,NA,0
"324",324,3,74,NA,NA,NA,0
"325",325,3,74,NA,NA,NA,0
"326",326,4,75,"E",119,3,0
"327",327,4,75,NA,NA,NA,0
"328",328,4,75,NA,NA,NA,0
"329",329,4,75,NA,NA,NA,0
"330",330,5,76,NA,NA,NA,0
"331",331,5,76,NA,NA,NA,0
"332",332,5,76,"E",136,4,0
"333",333,5,76,NA,NA,NA,0
"334",334,5,76,NA,NA,NA,0
"335",335,4,77,NA,NA,NA,0
"336",336,4,77,NA,NA,NA,0
"337",337,4,77,NA,NA,NA,0
"338",338,4,77,NA,NA,NA,0
"339",339,3,78,NA,NA,NA,0
"340",340,3,78,NA,NA,NA,0
"341",341,3,78,NA,NA,NA,0
"342",342,4,79,NA,NA,NA,0
"343",343,4,79,NA,NA,NA,0
"344",344,4,79,"E",175,3,0
"345",345,4,79,"E",292,2,0
"346",346,5,80,"E",115,4,0
"347",347,5,80,NA,NA,NA,0
"348",348,5,80,NA,NA,NA,0
"349",349,5,80,NA,NA,NA,0
"350",350,5,80,NA,NA,NA,0
"351",351,3,81,NA,NA,NA,0
"352",352,3,81,"E",246,2,0
"353",353,3,81,NA,NA,NA,0
"354",354,4,82,NA,NA,NA,0
"355",355,4,82,NA,NA,NA,0
"356",356,4,82,NA,NA,NA,0
"357",357,4,82,NA,NA,NA,0
"358",358,6,83,NA,NA,NA,0
"359",359,6,83,NA,NA,NA,0
"360",360,6,83,NA,NA,NA,0
"361",361,6,83,NA,NA,NA,0
"362",362,6,83,NA,NA,NA,0
"363",363,6,83,NA,NA,NA,0
"364",364,6,84,NA,NA,NA,0
"365",365,6,84,NA,NA,NA,0
"366",366,6,84,NA,NA,NA,0
"367",367,6,84,NA,NA,NA,0
"368",368,6,84,NA,NA,NA,0
"369",369,6,84,NA,NA,NA,0
"370",370,5,85,NA,NA,NA,0
"371",371,5,85,NA,NA,NA,0
"372",372,5,85,NA,NA,NA,0
"373",373,5,85,NA,NA,NA,0
"374",374,5,85,NA,NA,NA,0
"375",375,6,86,NA,NA,NA,0
"376",376,6,86,NA,NA,NA,0
"377",377,6,86,NA,NA,NA,0
"378",378,6,86,NA,NA,NA,0
"379",379,6,86,NA,NA,NA,0
"380",380,6,86,NA,NA,NA,0
"381",381,4,87,NA,NA,NA,0
"382",382,4,87,NA,NA,NA,0
"383",383,4,87,NA,NA,NA,0
"384",384,4,87,NA,NA,NA,0
"385",385,5,88,NA,NA,NA,0
"386",386,5,88,NA,NA,NA,0
"387",387,5,88,NA,NA,NA,0
"388",388,5,88,NA,NA,NA,0
"389",389,5,88,NA,NA,NA,0
"390",390,5,89,NA,NA,NA,0
"391",391,5,89,NA,NA,NA,0
"392",392,5,89,NA,NA,NA,0
"393",393,5,89,NA,NA,NA,0
"394",394,5,89,NA,NA,NA,0
"395",395,5,90,NA,NA,NA,0
"396",396,5,90,NA,NA,NA,0
"397",397,5,90,NA,NA,NA,0
"398",398,5,90,NA,NA,NA,0
"399",399,5,90,NA,NA,NA,0
"400",400,3,91,NA,NA,NA,0
"401",401,3,91,NA,NA,NA,0
"402",402,3,91,NA,NA,NA,0
"403",403,5,92,NA,NA,NA,0
"404",404,5,92,NA,NA,NA,0
"405",405,5,92,NA,NA,NA,0
"406",406,5,92,NA,NA,NA,0
"407",407,5,92,NA,NA,NA,0
"408",408,4,93,NA,NA,NA,0
"409",409,4,93,NA,NA,NA,0
"410",410,4,93,NA,NA,NA,0
"411",411,4,93,NA,NA,NA,0
"412",412,3,94,NA,NA,NA,0
"413",413,3,94,NA,NA,NA,0
"414",414,3,94,NA,NA,NA,0
"415",415,5,95,"E",271,4,1
"416",416,5,95,NA,NA,NA,0
"417",417,5,95,"H",285,3,0
"418",418,5,95,NA,NA,NA,0
"419",419,5,95,NA,NA,NA,0
"420",420,6,96,NA,NA,NA,0
"421",421,6,96,NA,NA,NA,0
"422",422,6,96,NA,NA,NA,0
"423",423,6,96,NA,NA,NA,0
"424",424,6,96,NA,NA,NA,0
"425",425,6,96,NA,NA,NA,0
"426",426,3,97,NA,NA,NA,0
"427",427,3,97,NA,NA,NA,0
"428",428,3,97,NA,NA,NA,0
"429",429,4,98,NA,NA,NA,0
"430",430,4,98,NA,NA,NA,0
"431",431,4,98,NA,NA,NA,0
"432",432,4,98,NA,NA,NA,0
"433",433,5,99,NA,NA,NA,0
"434",434,5,99,NA,NA,NA,0
"435",435,5,99,NA,NA,NA,0
"436",436,5,99,NA,NA,NA,0
"437",437,5,99,NA,NA,NA,0
"438",438,6,100,NA,NA,NA,0
"439",439,6,100,NA,NA,NA,0
"440",440,6,100,NA,NA,NA,0
"441",441,6,100,NA,NA,NA,0
"442",442,6,100,NA,NA,NA,0
"443",443,6,100,NA,NA,NA,0
"444",444,5,101,NA,NA,NA,0
"445",445,5,101,NA,NA,NA,0
"446",446,5,101,NA,NA,NA,0
"447",447,5,101,NA,NA,NA,0
"448",448,5,101,NA,NA,NA,0
"449",449,4,102,NA,NA,NA,0
"450",450,4,102,NA,NA,NA,0
"451",451,4,102,NA,NA,NA,0
"452",452,4,102,NA,NA,NA,0
"453",453,5,103,NA,NA,NA,0
"454",454,5,103,NA,NA,NA,0
"455",455,5,103,NA,NA,NA,0
"456",456,5,103,NA,NA,NA,0
"457",457,5,103,NA,NA,NA,0
"458",458,3,104,NA,NA,NA,0
"459",459,3,104,NA,NA,NA,0
"460",460,3,104,NA,NA,NA,0
"461",461,6,105,NA,NA,NA,0
"462",462,6,105,NA,NA,NA,0
"463",463,6,105,NA,NA,NA,0
"464",464,6,105,NA,NA,NA,0
"465",465,6,105,NA,NA,NA,0
"466",466,6,105,NA,NA,NA,0
"467",467,4,106,NA,NA,NA,0
"468",468,4,106,NA,NA,NA,0
"469",469,4,106,NA,NA,NA,0
"470",470,4,106,NA,NA,NA,0
"471",471,6,107,NA,NA,NA,0
"472",472,6,107,NA,NA,NA,0
"473",473,6,107,NA,NA,NA,0
"474",474,6,107,NA,NA,NA,0
"475",475,6,107,NA,NA,NA,0
"476",476,6,107,NA,NA,NA,0
"477",477,6,108,NA,NA,NA,0
"478",478,6,108,NA,NA,NA,0
"479",479,6,108,NA,NA,NA,0
"480",480,6,108,NA,NA,NA,0
"481",481,6,108,NA,NA,NA,0
"482",482,6,108,NA,NA,NA,0
"483",483,5,109,NA,NA,NA,0
"484",484,5,109,NA,NA,NA,0
"485",485,5,109,NA,NA,NA,0
"486",486,5,109,NA,NA,NA,0
"487",487,5,109,NA,NA,NA,0
"488",488,4,110,NA,NA,NA,0
"489",489,4,110,NA,NA,NA,0
"490",490,4,110,NA,NA,NA,0
"491",491,4,110,NA,NA,NA,0
"492",492,6,111,NA,NA,NA,0
"493",493,6,111,NA,NA,NA,0
"494",494,6,111,NA,NA,NA,0
"495",495,6,111,NA,NA,NA,0
"496",496,6,111,NA,NA,NA,0
"497",497,6,111,NA,NA,NA,0
"498",498,5,112,NA,NA,NA,0
"499",499,5,112,NA,NA,NA,0
"500",500,5,112,NA,NA,NA,0
"501",501,5,112,NA,NA,NA,0
"502",502,5,112,NA,NA,NA,0
"503",503,3,113,NA,NA,NA,0
"504",504,3,113,NA,NA,NA,0
"505",505,3,113,NA,NA,NA,0
"506",506,6,114,NA,NA,NA,0
"507",507,6,114,NA,NA,NA,0
"508",508,6,114,NA,NA,NA,0
"509",509,6,114,NA,NA,NA,0
"510",510,6,114,NA,NA,NA,0
"511",511,6,114,NA,NA,NA,0
"512",512,3,115,NA,NA,NA,0
"513",513,3,115,NA,NA,NA,0
"514",514,3,115,NA,NA,NA,0
"515",515,5,116,NA,NA,NA,0
"516",516,5,116,NA,NA,NA,0
"517",517,5,116,NA,NA,NA,0
"518",518,5,116,NA,NA,NA,0
"519",519,5,116,NA,NA,NA,0
"520",520,3,117,NA,NA,NA,0
"521",521,3,117,NA,NA,NA,0
"522",522,3,117,NA,NA,NA,0
"523",523,4,118,NA,NA,NA,0
"524",524,4,118,NA,NA,NA,0
"525",525,4,118,NA,NA,NA,0
"526",526,4,118,NA,NA,NA,0
"527",527,3,119,NA,NA,NA,0
"528",528,3,119,NA,NA,NA,0
"529",529,3,119,NA,NA,NA,0
"530",530,5,120,NA,NA,NA,0
"531",531,5,120,NA,NA,NA,0
"532",532,5,120,NA,NA,NA,0
"533",533,5,120,NA,NA,NA,0
"534",534,5,120,NA,NA,NA,0
"535",535,6,121,NA,NA,NA,0
"536",536,6,121,NA,NA,NA,0
"537",537,6,121,"E",225,5,0
"538",538,6,121,NA,NA,NA,0
"539",539,6,121,NA,NA,NA,0
"540",540,6,121,NA,NA,NA,0
"541",541,4,122,NA,NA,NA,0
"542",542,4,122,NA,NA,NA,0
"543",543,4,122,NA,NA,NA,0
"544",544,4,122,NA,NA,NA,0
"545",545,4,123,NA,NA,NA,0
"546",546,4,123,NA,NA,NA,0
"547",547,4,123,NA,NA,NA,0
"548",548,4,123,NA,NA,NA,0
"549",549,3,124,NA,NA,NA,0
"550",550,3,124,NA,NA,NA,0
"551",551,3,124,NA,NA,NA,0
"552",552,5,125,NA,NA,NA,0
"553",553,5,125,NA,NA,NA,0
"554",554,5,125,NA,NA,NA,0
"555",555,5,125,NA,NA,NA,0
"556",556,5,125,NA,NA,NA,0
"557",557,4,126,NA,NA,NA,0
"558",558,4,126,NA,NA,NA,0
"559",559,4,126,NA,NA,NA,0
"560",560,4,126,NA,NA,NA,0
"561",561,5,127,NA,NA,NA,0
"562",562,5,127,NA,NA,NA,0
"563",563,5,127,NA,NA,NA,0
"564",564,5,127,"E",144,4,0
"565",565,5,127,NA,NA,NA,0
"566",566,6,128,NA,NA,NA,0
"567",567,6,128,NA,NA,NA,0
"568",568,6,128,NA,NA,NA,0
"569",569,6,128,NA,NA,NA,0
"570",570,6,128,NA,NA,NA,0
"571",571,6,128,NA,NA,NA,0
"572",572,5,129,NA,NA,NA,0
"573",573,5,129,NA,NA,NA,0
"574",574,5,129,NA,NA,NA,0
"575",575,5,129,NA,NA,NA,0
"576",576,5,129,NA,NA,NA,0
"577",577,5,130,NA,NA,NA,0
"578",578,5,130,NA,NA,NA,0
"579",579,5,130,NA,NA,NA,0
"580",580,5,130,NA,NA,NA,0
"581",581,5,130,NA,NA,NA,0
"582",582,5,131,NA,NA,NA,0
"583",583,5,131,NA,NA,NA,0
"584",584,5,131,NA,NA,NA,0
"585",585,5,131,NA,NA,NA,0
"586",586,5,131,NA,NA,NA,0
"587",587,6,132,NA,NA,NA,0
"588",588,6,132,NA,NA,NA,0
"589",589,6,132,NA,NA,NA,0
"590",590,6,132,NA,NA,NA,0
"591",591,6,132,NA,NA,NA,0
"592",592,6,132,NA,NA,NA,0
"593",593,5,133,NA,NA,NA,0
"594",594,5,133,NA,NA,NA,0
"595",595,5,133,NA,NA,NA,0
"596",596,5,133,NA,NA,NA,0
"597",597,5,133,NA,NA,NA,0
"598",598,4,134,NA,NA,NA,0
"599",599,4,134,NA,NA,NA,0
"600",600,4,134,NA,NA,NA,0
"601",601,4,134,NA,NA,NA,0
"602",602,5,135,NA,NA,NA,0
"603",603,5,135,NA,NA,NA,0
"604",604,5,135,NA,NA,NA,0
"605",605,5,135,NA,NA,NA,0
"606",606,5,135,NA,NA,NA,0
"607",607,4,136,NA,NA,NA,0
"608",608,4,136,NA,NA,NA,0
"609",609,4,136,"E",174,3,0
"610",610,4,136,NA,NA,NA,0
"611",611,6,137,NA,NA,NA,0
"612",612,6,137,NA,NA,NA,0
"613",613,6,137,NA,NA,NA,0
"614",614,6,137,NA,NA,NA,0
"615",615,6,137,NA,NA,NA,0
"616",616,6,137,NA,NA,NA,0
"617",617,4,138,"E",162,3,1
"618",618,4,138,"H",209,2,0
"619",619,4,138,NA,NA,NA,0
"620",620,4,138,NA,NA,NA,0
"621",621,5,139,NA,NA,NA,0
"622",622,5,139,NA,NA,NA,0
"623",623,5,139,NA,NA,NA,0
"624",624,5,139,NA,NA,NA,0
"625",625,5,139,NA,NA,NA,0
"626",626,4,140,NA,NA,NA,0
"627",627,4,140,NA,NA,NA,0
"628",628,4,140,NA,NA,NA,0
"629",629,4,140,NA,NA,NA,0
"630",630,6,141,NA,NA,NA,0
"631",631,6,141,NA,NA,NA,0
"632",632,6,141,NA,NA,NA,0
"633",633,6,141,NA,NA,NA,0
"634",634,6,141,NA,NA,NA,0
"635",635,6,141,NA,NA,NA,0
"636",636,4,142,NA,NA,NA,0
"637",637,4,142,NA,NA,NA,0
"638",638,4,142,NA,NA,NA,0
"639",639,4,142,NA,NA,NA,0
"640",640,6,143,NA,NA,NA,0
"641",641,6,143,NA,NA,NA,0
"642",642,6,143,NA,NA,NA,0
"643",643,6,143,"E",86,5,0
"644",644,6,143,NA,NA,NA,0
"645",645,6,143,NA,NA,NA,0
"646",646,6,144,NA,NA,NA,0
"647",647,6,144,NA,NA,NA,0
"648",648,6,144,NA,NA,NA,0
"649",649,6,144,NA,NA,NA,0
"650",650,6,144,NA,NA,NA,0
"651",651,6,144,NA,NA,NA,0
"652",652,4,145,NA,NA,NA,0
"653",653,4,145,"E",304,3,1
"654",654,4,145,NA,NA,NA,0
"655",655,4,145,"H",340,2,0
"656",656,4,146,NA,NA,NA,0
"657",657,4,146,NA,NA,NA,0
"658",658,4,146,NA,NA,NA,0
"659",659,4,146,NA,NA,NA,0
"660",660,6,147,NA,NA,NA,0
"661",661,6,147,NA,NA,NA,0
"662",662,6,147,NA,NA,NA,0
"663",663,6,147,NA,NA,NA,0
"664",664,6,147,NA,NA,NA,0
"665",665,6,147,NA,NA,NA,0
"666",666,5,148,NA,NA,NA,0
"667",667,5,148,NA,NA,NA,0
"668",668,5,148,NA,NA,NA,0
"669",669,5,148,NA,NA,NA,0
"670",670,5,148,NA,NA,NA,0
"671",671,3,149,NA,NA,NA,0
"672",672,3,149,NA,NA,NA,0
"673",673,3,149,NA,NA,NA,0
"674",674,4,150,NA,NA,NA,0
"675",675,4,150,NA,NA,NA,0
"676",676,4,150,NA,NA,NA,0
"677",677,4,150,NA,NA,NA,0
"678",678,6,151,NA,NA,NA,0
"679",679,6,151,NA,NA,NA,0
"680",680,6,151,NA,NA,NA,0
"681",681,6,151,NA,NA,NA,0
"682",682,6,151,NA,NA,NA,0
"683",683,6,151,NA,NA,NA,0
"684",684,4,152,NA,NA,NA,0
"685",685,4,152,NA,NA,NA,0
"686",686,4,152,NA,NA,NA,0
"687",687,4,152,NA,NA,NA,0
"688",688,3,153,NA,NA,NA,0
"689",689,3,153,NA,NA,NA,0
"690",690,3,153,NA,NA,NA,0
"691",691,3,154,NA,NA,NA,0
"692",692,3,154,NA,NA,NA,0
"693",693,3,154,"E",NA,NA,0
"694",694,3,155,NA,NA,NA,0
"695",695,3,155,NA,NA,NA,0
"696",696,3,155,NA,NA,NA,0
"697",697,6,156,NA,NA,NA,0
"698",698,6,156,NA,NA,NA,0
"699",699,6,156,NA,NA,NA,0
"700",700,6,156,NA,NA,NA,0
"701",701,6,156,NA,NA,NA,0
"702",702,6,156,NA,NA,NA,0
"703",703,5,157,NA,NA,NA,0
"704",704,5,157,NA,NA,NA,0
"705",705,5,157,NA,NA,NA,0
"706",706,5,157,NA,NA,NA,0
"707",707,5,157,NA,NA,NA,0
"708",708,6,158,NA,NA,NA,0
"709",709,6,158,NA,NA,NA,0
"710",710,6,158,NA,NA,NA,0
"711",711,6,158,NA,NA,NA,0
"712",712,6,158,NA,NA,NA,0
"713",713,6,158,NA,NA,NA,0
"714",714,3,159,"C",164,2,0
"715",715,3,159,NA,NA,NA,0
"716",716,3,159,NA,NA,NA,0
"717",717,4,160,NA,NA,NA,0
"718",718,4,160,"H",133,2,0
"719",719,4,160,"E",115,3,1
"720",720,4,160,NA,NA,NA,0
"721",721,5,161,NA,NA,NA,0
"722",722,5,161,NA,NA,NA,0
"723",723,5,161,NA,NA,NA,0
"724",724,5,161,NA,NA,NA,0
"725",725,5,161,NA,NA,NA,0
"726",726,5,162,NA,NA,NA,0
"727",727,5,162,NA,NA,NA,0
"728",728,5,162,NA,NA,NA,0
"729",729,5,162,NA,NA,NA,0
"730",730,5,162,NA,NA,NA,0
"731",731,4,163,NA,NA,NA,0
"732",732,4,163,NA,NA,NA,0
"733",733,4,163,NA,NA,NA,0
"734",734,4,163,NA,NA,NA,0
"735",735,3,164,NA,NA,NA,0
"736",736,3,164,NA,NA,NA,0
"737",737,3,164,NA,NA,NA,0
"738",738,5,165,NA,NA,NA,0
"739",739,5,165,NA,NA,NA,0
"740",740,5,165,NA,NA,NA,0
"741",741,5,165,NA,NA,NA,0
"742",742,5,165,NA,NA,NA,0
"743",743,3,166,NA,NA,NA,0
"744",744,3,166,"E",295,2,0
"745",745,3,166,NA,NA,NA,0
"746",746,3,167,NA,NA,NA,0
"747",747,3,167,NA,NA,NA,0
"748",748,3,167,NA,NA,NA,0
"749",749,6,168,NA,NA,NA,0
"750",750,6,168,"E",110,5,0
"751",751,6,168,NA,NA,NA,0
"752",752,6,168,NA,NA,NA,0
"753",753,6,168,NA,NA,NA,0
"754",754,6,168,"C",204,4,0
"755",755,4,169,NA,NA,NA,0
"756",756,4,169,NA,NA,NA,0
"757",757,4,169,NA,NA,NA,0
"758",758,4,169,NA,NA,NA,0
"759",759,3,170,NA,NA,NA,0
"760",760,3,170,NA,NA,NA,0
"761",761,3,170,NA,NA,NA,0
"762",762,5,171,NA,NA,NA,0
"763",763,5,171,NA,NA,NA,0
"764",764,5,171,NA,NA,NA,0
"765",765,5,171,NA,NA,NA,0
"766",766,5,171,NA,NA,NA,0
"767",767,3,172,NA,NA,NA,0
"768",768,3,172,NA,NA,NA,0
"769",769,3,172,NA,NA,NA,0
"770",770,6,173,NA,NA,NA,0
"771",771,6,173,NA,NA,NA,0
"772",772,6,173,NA,NA,NA,0
"773",773,6,173,"E",312,5,0
"774",774,6,173,NA,NA,NA,0
"775",775,6,173,NA,NA,NA,0
"776",776,5,174,NA,NA,NA,0
"777",777,5,174,NA,NA,NA,0
"778",778,5,174,NA,NA,NA,0
"779",779,5,174,NA,NA,NA,0
"780",780,5,174,NA,NA,NA,0
"781",781,6,175,NA,NA,NA,0
"782",782,6,175,NA,NA,NA,0
"783",783,6,175,NA,NA,NA,0
"784",784,6,175,NA,NA,NA,0
"785",785,6,175,NA,NA,NA,0
"786",786,6,175,NA,NA,NA,0
"787",787,5,176,NA,NA,NA,0
"788",788,5,176,NA,NA,NA,0
"789",789,5,176,NA,NA,NA,0
"790",790,5,176,NA,NA,NA,0
"791",791,5,176,NA,NA,NA,0
"792",792,4,177,NA,NA,NA,0
"793",793,4,177,NA,NA,NA,0
"794",794,4,177,NA,NA,NA,0
"795",795,4,177,NA,NA,NA,0
"796",796,3,178,NA,NA,NA,0
"797",797,3,178,NA,NA,NA,0
"798",798,3,178,NA,NA,NA,0
"799",799,4,179,NA,NA,NA,0
"800",800,4,179,NA,NA,NA,0
"801",801,4,179,NA,NA,NA,0
"802",802,4,179,NA,NA,NA,0
"803",803,5,180,NA,NA,NA,0
"804",804,5,180,NA,NA,NA,0
"805",805,5,180,NA,NA,NA,0
"806",806,5,180,NA,NA,NA,0
"807",807,5,180,NA,NA,NA,0
"808",808,4,181,NA,NA,NA,0
"809",809,4,181,NA,NA,NA,0
"810",810,4,181,NA,NA,NA,0
"811",811,4,181,NA,NA,NA,0
"812",812,5,182,NA,NA,NA,0
"813",813,5,182,NA,NA,NA,0
"814",814,5,182,NA,NA,NA,0
"815",815,5,182,NA,NA,NA,0
"816",816,5,182,NA,NA,NA,0
"817",817,3,183,NA,NA,NA,0
"818",818,3,183,NA,NA,NA,0
"819",819,3,183,NA,NA,NA,0
"820",820,5,184,NA,NA,NA,0
"821",821,5,184,NA,NA,NA,0
"822",822,5,184,NA,NA,NA,0
"823",823,5,184,NA,NA,NA,0
"824",824,5,184,NA,NA,NA,0
"825",825,4,185,NA,NA,NA,0
"826",826,4,185,NA,NA,NA,0
"827",827,4,185,NA,NA,NA,0
"828",828,4,185,NA,NA,NA,0
"829",829,6,186,"H",189,4,0
"830",830,6,186,NA,NA,NA,0
"831",831,6,186,"E",173,5,1
"832",832,6,186,NA,NA,NA,0
"833",833,6,186,NA,NA,NA,0
"834",834,6,186,NA,NA,NA,0
"835",835,5,187,NA,NA,NA,0
"836",836,5,187,"E",212,4,0
"837",837,5,187,NA,NA,NA,0
"838",838,5,187,NA,NA,NA,0
"839",839,5,187,NA,NA,NA,0
"840",840,3,188,NA,NA,NA,0
"841",841,3,188,NA,NA,NA,0
"842",842,3,188,NA,NA,NA,0
"843",843,5,189,NA,NA,NA,0
"844",844,5,189,NA,NA,NA,0
"845",845,5,189,NA,NA,NA,0
"846",846,5,189,NA,NA,NA,0
"847",847,5,189,NA,NA,NA,0
"848",848,4,190,NA,NA,NA,0
"849",849,4,190,NA,NA,NA,0
"850",850,4,190,NA,NA,NA,0
"851",851,4,190,NA,NA,NA,0
"852",852,4,191,"H",308,2,0
"853",853,4,191,"E",289,3,1
"854",854,4,191,NA,NA,NA,0
"855",855,4,191,NA,NA,NA,0
"856",856,5,192,NA,NA,NA,0
"857",857,5,192,NA,NA,NA,0
"858",858,5,192,NA,NA,NA,0
"859",859,5,192,NA,NA,NA,0
"860",860,5,192,NA,NA,NA,0
"861",861,6,193,NA,NA,NA,0
"862",862,6,193,NA,NA,NA,0
"863",863,6,193,NA,NA,NA,0
"864",864,6,193,NA,NA,NA,0
"865",865,6,193,NA,NA,NA,0
"866",866,6,193,NA,NA,NA,0
"867",867,6,194,NA,NA,NA,0
"868",868,6,194,NA,NA,NA,0
"869",869,6,194,NA,NA,NA,0
"870",870,6,194,NA,NA,NA,0
"871",871,6,194,NA,NA,NA,0
"872",872,6,194,NA,NA,NA,0
"873",873,6,195,NA,NA,NA,0
"874",874,6,195,NA,NA,NA,0
"875",875,6,195,NA,NA,NA,0
"876",876,6,195,NA,NA,NA,0
"877",877,6,195,NA,NA,NA,0
"878",878,6,195,NA,NA,NA,0
"879",879,6,196,NA,NA,NA,0
"880",880,6,196,NA,NA,NA,0
"881",881,6,196,NA,NA,NA,0
"882",882,6,196,NA,NA,NA,0
"883",883,6,196,NA,NA,NA,0
"884",884,6,196,NA,NA,NA,0
"885",885,6,197,NA,NA,NA,0
"886",886,6,197,NA,NA,NA,0
"887",887,6,197,NA,NA,NA,0
"888",888,6,197,NA,NA,NA,0
"889",889,6,197,NA,NA,NA,0
"890",890,6,197,NA,NA,NA,0
"891",891,5,198,NA,NA,NA,0
"892",892,5,198,NA,NA,NA,0
"893",893,5,198,NA,NA,NA,0
"894",894,5,198,NA,NA,NA,0
"895",895,5,198,NA,NA,NA,0
"896",896,4,199,NA,NA,NA,0
"897",897,4,199,"E",309,3,1
"898",898,4,199,NA,NA,NA,0
"899",899,4,199,"H",352,2,0
"900",900,3,200,NA,NA,NA,0
"901",901,3,200,NA,NA,NA,0
"902",902,3,200,NA,NA,NA,0
"903",903,5,201,NA,NA,NA,0
"904",904,5,201,NA,NA,NA,0
"905",905,5,201,NA,NA,NA,0
"906",906,5,201,NA,NA,NA,0
"907",907,5,201,NA,NA,NA,0
"908",908,5,202,NA,NA,NA,0
"909",909,5,202,NA,NA,NA,0
"910",910,5,202,NA,NA,NA,0
"911",911,5,202,NA,NA,NA,0
"912",912,5,202,NA,NA,NA,0
"913",913,3,203,"H",249,1,0
"914",914,3,203,NA,NA,NA,0
"915",915,3,203,"E",222,2,1
"916",916,4,204,NA,NA,NA,0
"917",917,4,204,NA,NA,NA,0
"918",918,4,204,NA,NA,NA,0
"919",919,4,204,NA,NA,NA,0
"920",920,3,205,NA,NA,NA,0
"921",921,3,205,NA,NA,NA,0
"922",922,3,205,NA,NA,NA,0
"923",923,6,206,NA,NA,NA,0
"924",924,6,206,NA,NA,NA,0
"925",925,6,206,NA,NA,NA,0
"926",926,6,206,NA,NA,NA,0
"927",927,6,206,NA,NA,NA,0
"928",928,6,206,NA,NA,NA,0
"929",929,3,207,NA,NA,NA,0
"930",930,3,207,NA,NA,NA,0
"931",931,3,207,NA,NA,NA,0
"932",932,6,208,NA,NA,NA,0
"933",933,6,208,NA,NA,NA,0
"934",934,6,208,NA,NA,NA,0
"935",935,6,208,NA,NA,NA,0
"936",936,6,208,NA,NA,NA,0
"937",937,6,208,NA,NA,NA,0
"938",938,4,209,NA,NA,NA,0
"939",939,4,209,NA,NA,NA,0
"940",940,4,209,NA,NA,NA,0
"941",941,4,209,NA,NA,NA,0
"942",942,6,210,NA,NA,NA,0
"943",943,6,210,NA,NA,NA,0
"944",944,6,210,NA,NA,NA,0
"945",945,6,210,NA,NA,NA,0
"946",946,6,210,NA,NA,NA,0
"947",947,6,210,NA,NA,NA,0
"948",948,6,211,NA,NA,NA,0
"949",949,6,211,NA,NA,NA,0
"950",950,6,211,NA,NA,NA,0
"951",951,6,211,NA,NA,NA,0
"952",952,6,211,NA,NA,NA,0
"953",953,6,211,NA,NA,NA,0
"954",954,5,212,NA,NA,NA,0
"955",955,5,212,NA,NA,NA,0
"956",956,5,212,NA,NA,NA,0
"957",957,5,212,NA,NA,NA,0
"958",958,5,212,NA,NA,NA,0
"959",959,4,213,NA,NA,NA,0
"960",960,4,213,NA,NA,NA,0
"961",961,4,213,NA,NA,NA,0
"962",962,4,213,NA,NA,NA,0
"963",963,6,214,"E",117,5,0
"964",964,6,214,NA,NA,NA,0
"965",965,6,214,NA,NA,NA,0
"966",966,6,214,NA,NA,NA,0
"967",967,6,214,NA,NA,NA,0
"968",968,6,214,NA,NA,NA,0
"969",969,3,215,NA,NA,NA,0
"970",970,3,215,NA,NA,NA,0
"971",971,3,215,NA,NA,NA,0
"972",972,4,216,NA,NA,NA,0
"973",973,4,216,NA,NA,NA,0
"974",974,4,216,NA,NA,NA,0
"975",975,4,216,NA,NA,NA,0
"976",976,3,217,NA,NA,NA,0
"977",977,3,217,NA,NA,NA,0
"978",978,3,217,NA,NA,NA,0
"979",979,3,218,NA,NA,NA,0
"980",980,3,218,NA,NA,NA,0
"981",981,3,218,"E",85,2,0
"982",982,5,219,NA,NA,NA,0
"983",983,5,219,NA,NA,NA,0
"984",984,5,219,NA,NA,NA,0
"985",985,5,219,NA,NA,NA,0
"986",986,5,219,NA,NA,NA,0
"987",987,3,220,NA,NA,NA,0
"988",988,3,220,NA,NA,NA,0
"989",989,3,220,NA,NA,NA,0
"990",990,4,221,NA,NA,NA,0
"991",991,4,221,NA,NA,NA,0
"992",992,4,221,NA,NA,NA,0
"993",993,4,221,NA,NA,NA,0
"994",994,4,222,NA,NA,NA,0
"995",995,4,222,NA,NA,NA,0
"996",996,4,222,NA,NA,NA,0
"997",997,4,222,NA,NA,NA,0
"998",998,3,223,NA,NA,NA,0
"999",999,3,223,NA,NA,NA,0
"1000",1000,3,223,"E",233,2,0
