"","ID","SIZE","HH","TYPE","TIME","S_num","I_num"
"1",1,5,1,"0",30,4,3
"2",2,5,1,"H",50,1,0
"3",3,5,1,"H",56,1,0
"4",4,5,1,"H",76,1,0
"5",5,5,1,NA,NA,NA,0
"6",6,4,2,NA,NA,NA,0
"7",7,4,2,NA,NA,NA,0
"8",8,4,2,NA,NA,NA,0
"9",9,4,2,NA,NA,NA,0
"10",10,3,3,NA,NA,NA,0
"11",11,3,3,NA,NA,NA,0
"12",12,3,3,NA,NA,NA,0
"13",13,4,4,NA,NA,NA,0
"14",14,4,4,NA,NA,NA,0
"15",15,4,4,NA,NA,NA,0
"16",16,4,4,NA,NA,NA,0
"17",17,5,5,NA,NA,NA,0
"18",18,5,5,NA,NA,NA,0
"19",19,5,5,NA,NA,NA,0
"20",20,5,5,NA,NA,NA,0
"21",21,5,5,NA,NA,NA,0
"22",22,3,6,NA,NA,NA,0
"23",23,3,6,NA,NA,NA,0
"24",24,3,6,NA,NA,NA,0
"25",25,3,7,NA,NA,NA,0
"26",26,3,7,NA,NA,NA,0
"27",27,3,7,NA,NA,NA,0
"28",28,6,8,NA,NA,NA,0
"29",29,6,8,NA,NA,NA,0
"30",30,6,8,NA,NA,NA,0
"31",31,6,8,NA,NA,NA,0
"32",32,6,8,NA,NA,NA,0
"33",33,6,8,NA,NA,NA,0
"34",34,4,9,NA,NA,NA,0
"35",35,4,9,NA,NA,NA,0
"36",36,4,9,NA,NA,NA,0
"37",37,4,9,NA,NA,NA,0
"38",38,6,10,NA,NA,NA,0
"39",39,6,10,NA,NA,NA,0
"40",40,6,10,NA,NA,NA,0
"41",41,6,10,NA,NA,NA,0
"42",42,6,10,NA,NA,NA,0
"43",43,6,10,NA,NA,NA,0
"44",44,4,11,NA,NA,NA,0
"45",45,4,11,NA,NA,NA,0
"46",46,4,11,NA,NA,NA,0
"47",47,4,11,NA,NA,NA,0
"48",48,3,12,NA,NA,NA,0
"49",49,3,12,NA,NA,NA,0
"50",50,3,12,NA,NA,NA,0
"51",51,5,13,NA,NA,NA,0
"52",52,5,13,NA,NA,NA,0
"53",53,5,13,NA,NA,NA,0
"54",54,5,13,NA,NA,NA,0
"55",55,5,13,NA,NA,NA,0
"56",56,4,14,NA,NA,NA,0
"57",57,4,14,NA,NA,NA,0
"58",58,4,14,NA,NA,NA,0
"59",59,4,14,NA,NA,NA,0
"60",60,5,15,NA,NA,NA,0
"61",61,5,15,NA,NA,NA,0
"62",62,5,15,NA,NA,NA,0
"63",63,5,15,NA,NA,NA,0
"64",64,5,15,NA,NA,NA,0
"65",65,6,16,NA,NA,NA,0
"66",66,6,16,NA,NA,NA,0
"67",67,6,16,NA,NA,NA,0
"68",68,6,16,NA,NA,NA,0
"69",69,6,16,NA,NA,NA,0
"70",70,6,16,NA,NA,NA,0
"71",71,5,17,NA,NA,NA,0
"72",72,5,17,NA,NA,NA,0
"73",73,5,17,NA,NA,NA,0
"74",74,5,17,NA,NA,NA,0
"75",75,5,17,NA,NA,NA,0
"76",76,5,18,NA,NA,NA,0
"77",77,5,18,NA,NA,NA,0
"78",78,5,18,NA,NA,NA,0
"79",79,5,18,NA,NA,NA,0
"80",80,5,18,NA,NA,NA,0
"81",81,3,19,NA,NA,NA,0
"82",82,3,19,NA,NA,NA,0
"83",83,3,19,NA,NA,NA,0
"84",84,4,20,NA,NA,NA,0
"85",85,4,20,NA,NA,NA,0
"86",86,4,20,NA,NA,NA,0
"87",87,4,20,NA,NA,NA,0
"88",88,6,21,NA,NA,NA,0
"89",89,6,21,NA,NA,NA,0
"90",90,6,21,NA,NA,NA,0
"91",91,6,21,NA,NA,NA,0
"92",92,6,21,NA,NA,NA,0
"93",93,6,21,NA,NA,NA,0
"94",94,3,22,NA,NA,NA,0
"95",95,3,22,NA,NA,NA,0
"96",96,3,22,NA,NA,NA,0
"97",97,3,23,NA,NA,NA,0
"98",98,3,23,NA,NA,NA,0
"99",99,3,23,NA,NA,NA,0
"100",100,4,24,NA,NA,NA,0
"101",101,4,24,NA,NA,NA,0
"102",102,4,24,NA,NA,NA,0
"103",103,4,24,NA,NA,NA,0
"104",104,3,25,NA,NA,NA,0
"105",105,3,25,"C",363,2,0
"106",106,3,25,NA,NA,NA,0
"107",107,4,26,NA,NA,NA,0
"108",108,4,26,NA,NA,NA,0
"109",109,4,26,NA,NA,NA,0
"110",110,4,26,NA,NA,NA,0
"111",111,3,27,NA,NA,NA,0
"112",112,3,27,NA,NA,NA,0
"113",113,3,27,NA,NA,NA,0
"114",114,5,28,NA,NA,NA,0
"115",115,5,28,NA,NA,NA,0
"116",116,5,28,NA,NA,NA,0
"117",117,5,28,NA,NA,NA,0
"118",118,5,28,NA,NA,NA,0
"119",119,3,29,NA,NA,NA,0
"120",120,3,29,NA,NA,NA,0
"121",121,3,29,NA,NA,NA,0
"122",122,5,30,NA,NA,NA,0
"123",123,5,30,NA,NA,NA,0
"124",124,5,30,NA,NA,NA,0
"125",125,5,30,NA,NA,NA,0
"126",126,5,30,NA,NA,NA,0
"127",127,4,31,"C",76,3,1
"128",128,4,31,"H",128,2,1
"129",129,4,31,"H",154,1,1
"130",130,4,31,"H",184,0,0
"131",131,5,32,NA,NA,NA,0
"132",132,5,32,NA,NA,NA,0
"133",133,5,32,NA,NA,NA,0
"134",134,5,32,NA,NA,NA,0
"135",135,5,32,NA,NA,NA,0
"136",136,4,33,NA,NA,NA,0
"137",137,4,33,NA,NA,NA,0
"138",138,4,33,NA,NA,NA,0
"139",139,4,33,NA,NA,NA,0
"140",140,6,34,NA,NA,NA,0
"141",141,6,34,NA,NA,NA,0
"142",142,6,34,NA,NA,NA,0
"143",143,6,34,NA,NA,NA,0
"144",144,6,34,NA,NA,NA,0
"145",145,6,34,NA,NA,NA,0
"146",146,5,35,NA,NA,NA,0
"147",147,5,35,NA,NA,NA,0
"148",148,5,35,NA,NA,NA,0
"149",149,5,35,NA,NA,NA,0
"150",150,5,35,NA,NA,NA,0
"151",151,3,36,NA,NA,NA,0
"152",152,3,36,NA,NA,NA,0
"153",153,3,36,NA,NA,NA,0
"154",154,5,37,"C",294,4,3
"155",155,5,37,"C",312,0,0
"156",156,5,37,"H",328,0,0
"157",157,5,37,"H",NA,NA,0
"158",158,5,37,"H",310,0,0
"159",159,5,38,NA,NA,NA,0
"160",160,5,38,NA,NA,NA,0
"161",161,5,38,NA,NA,NA,0
"162",162,5,38,NA,NA,NA,0
"163",163,5,38,"C",NA,NA,0
"164",164,3,39,NA,NA,NA,0
"165",165,3,39,NA,NA,NA,0
"166",166,3,39,NA,NA,NA,0
"167",167,3,40,NA,NA,NA,0
"168",168,3,40,NA,NA,NA,0
"169",169,3,40,"C",235,2,0
"170",170,4,41,NA,NA,NA,0
"171",171,4,41,NA,NA,NA,0
"172",172,4,41,NA,NA,NA,0
"173",173,4,41,NA,NA,NA,0
"174",174,5,42,NA,NA,NA,0
"175",175,5,42,NA,NA,NA,0
"176",176,5,42,NA,NA,NA,0
"177",177,5,42,NA,NA,NA,0
"178",178,5,42,NA,NA,NA,0
"179",179,3,43,NA,NA,NA,0
"180",180,3,43,NA,NA,NA,0
"181",181,3,43,NA,NA,NA,0
"182",182,3,44,"C",288,2,0
"183",183,3,44,NA,NA,NA,0
"184",184,3,44,NA,NA,NA,0
"185",185,6,45,NA,NA,NA,0
"186",186,6,45,NA,NA,NA,0
"187",187,6,45,NA,NA,NA,0
"188",188,6,45,NA,NA,NA,0
"189",189,6,45,NA,NA,NA,0
"190",190,6,45,NA,NA,NA,0
"191",191,6,46,NA,NA,NA,0
"192",192,6,46,NA,NA,NA,0
"193",193,6,46,NA,NA,NA,0
"194",194,6,46,NA,NA,NA,0
"195",195,6,46,NA,NA,NA,0
"196",196,6,46,NA,NA,NA,0
"197",197,3,47,NA,NA,NA,0
"198",198,3,47,NA,NA,NA,0
"199",199,3,47,NA,NA,NA,0
"200",200,4,48,NA,NA,NA,0
"201",201,4,48,NA,NA,NA,0
"202",202,4,48,NA,NA,NA,0
"203",203,4,48,NA,NA,NA,0
"204",204,3,49,NA,NA,NA,0
"205",205,3,49,NA,NA,NA,0
"206",206,3,49,NA,NA,NA,0
"207",207,3,50,NA,NA,NA,0
"208",208,3,50,NA,NA,NA,0
"209",209,3,50,NA,NA,NA,0
"210",210,4,51,NA,NA,NA,0
"211",211,4,51,NA,NA,NA,0
"212",212,4,51,NA,NA,NA,0
"213",213,4,51,NA,NA,NA,0
"214",214,4,52,NA,NA,NA,0
"215",215,4,52,NA,NA,NA,0
"216",216,4,52,NA,NA,NA,0
"217",217,4,52,NA,NA,NA,0
"218",218,3,53,NA,NA,NA,0
"219",219,3,53,NA,NA,NA,0
"220",220,3,53,NA,NA,NA,0
"221",221,4,54,NA,NA,NA,0
"222",222,4,54,NA,NA,NA,0
"223",223,4,54,NA,NA,NA,0
"224",224,4,54,NA,NA,NA,0
"225",225,4,55,NA,NA,NA,0
"226",226,4,55,NA,NA,NA,0
"227",227,4,55,NA,NA,NA,0
"228",228,4,55,NA,NA,NA,0
"229",229,5,56,NA,NA,NA,0
"230",230,5,56,NA,NA,NA,0
"231",231,5,56,NA,NA,NA,0
"232",232,5,56,NA,NA,NA,0
"233",233,5,56,NA,NA,NA,0
"234",234,3,57,NA,NA,NA,0
"235",235,3,57,NA,NA,NA,0
"236",236,3,57,NA,NA,NA,0
"237",237,6,58,NA,NA,NA,0
"238",238,6,58,"C",343,5,2
"239",239,6,58,"H",NA,NA,0
"240",240,6,58,NA,NA,NA,0
"241",241,6,58,"H",NA,NA,0
"242",242,6,58,NA,NA,NA,0
"243",243,4,59,NA,NA,NA,0
"244",244,4,59,NA,NA,NA,0
"245",245,4,59,NA,NA,NA,0
"246",246,4,59,NA,NA,NA,0
"247",247,3,60,NA,NA,NA,0
"248",248,3,60,NA,NA,NA,0
"249",249,3,60,NA,NA,NA,0
"250",250,5,61,NA,NA,NA,0
"251",251,5,61,NA,NA,NA,0
"252",252,5,61,NA,NA,NA,0
"253",253,5,61,NA,NA,NA,0
"254",254,5,61,NA,NA,NA,0
"255",255,6,62,NA,NA,NA,0
"256",256,6,62,NA,NA,NA,0
"257",257,6,62,NA,NA,NA,0
"258",258,6,62,NA,NA,NA,0
"259",259,6,62,NA,NA,NA,0
"260",260,6,62,NA,NA,NA,0
"261",261,3,63,NA,NA,NA,0
"262",262,3,63,NA,NA,NA,0
"263",263,3,63,NA,NA,NA,0
"264",264,5,64,NA,NA,NA,0
"265",265,5,64,NA,NA,NA,0
"266",266,5,64,NA,NA,NA,0
"267",267,5,64,NA,NA,NA,0
"268",268,5,64,NA,NA,NA,0
"269",269,5,65,NA,NA,NA,0
"270",270,5,65,NA,NA,NA,0
"271",271,5,65,NA,NA,NA,0
"272",272,5,65,NA,NA,NA,0
"273",273,5,65,NA,NA,NA,0
"274",274,5,66,NA,NA,NA,0
"275",275,5,66,NA,NA,NA,0
"276",276,5,66,NA,NA,NA,0
"277",277,5,66,NA,NA,NA,0
"278",278,5,66,NA,NA,NA,0
"279",279,6,67,NA,NA,NA,0
"280",280,6,67,NA,NA,NA,0
"281",281,6,67,NA,NA,NA,0
"282",282,6,67,NA,NA,NA,0
"283",283,6,67,NA,NA,NA,0
"284",284,6,67,NA,NA,NA,0
"285",285,5,68,NA,NA,NA,0
"286",286,5,68,NA,NA,NA,0
"287",287,5,68,NA,NA,NA,0
"288",288,5,68,NA,NA,NA,0
"289",289,5,68,NA,NA,NA,0
"290",290,4,69,NA,NA,NA,0
"291",291,4,69,NA,NA,NA,0
"292",292,4,69,NA,NA,NA,0
"293",293,4,69,NA,NA,NA,0
"294",294,4,70,NA,NA,NA,0
"295",295,4,70,NA,NA,NA,0
"296",296,4,70,NA,NA,NA,0
"297",297,4,70,NA,NA,NA,0
"298",298,6,71,NA,NA,NA,0
"299",299,6,71,NA,NA,NA,0
"300",300,6,71,NA,NA,NA,0
"301",301,6,71,NA,NA,NA,0
"302",302,6,71,NA,NA,NA,0
"303",303,6,71,NA,NA,NA,0
"304",304,4,72,NA,NA,NA,0
"305",305,4,72,NA,NA,NA,0
"306",306,4,72,NA,NA,NA,0
"307",307,4,72,NA,NA,NA,0
"308",308,5,73,NA,NA,NA,0
"309",309,5,73,NA,NA,NA,0
"310",310,5,73,NA,NA,NA,0
"311",311,5,73,NA,NA,NA,0
"312",312,5,73,NA,NA,NA,0
"313",313,4,74,NA,NA,NA,0
"314",314,4,74,NA,NA,NA,0
"315",315,4,74,NA,NA,NA,0
"316",316,4,74,NA,NA,NA,0
"317",317,5,75,NA,NA,NA,0
"318",318,5,75,NA,NA,NA,0
"319",319,5,75,NA,NA,NA,0
"320",320,5,75,NA,NA,NA,0
"321",321,5,75,NA,NA,NA,0
"322",322,6,76,NA,NA,NA,0
"323",323,6,76,NA,NA,NA,0
"324",324,6,76,NA,NA,NA,0
"325",325,6,76,NA,NA,NA,0
"326",326,6,76,NA,NA,NA,0
"327",327,6,76,NA,NA,NA,0
"328",328,6,77,NA,NA,NA,0
"329",329,6,77,NA,NA,NA,0
"330",330,6,77,NA,NA,NA,0
"331",331,6,77,NA,NA,NA,0
"332",332,6,77,NA,NA,NA,0
"333",333,6,77,NA,NA,NA,0
"334",334,6,78,NA,NA,NA,0
"335",335,6,78,NA,NA,NA,0
"336",336,6,78,NA,NA,NA,0
"337",337,6,78,NA,NA,NA,0
"338",338,6,78,NA,NA,NA,0
"339",339,6,78,NA,NA,NA,0
"340",340,4,79,NA,NA,NA,0
"341",341,4,79,NA,NA,NA,0
"342",342,4,79,NA,NA,NA,0
"343",343,4,79,"C",NA,NA,0
"344",344,3,80,NA,NA,NA,0
"345",345,3,80,NA,NA,NA,0
"346",346,3,80,NA,NA,NA,0
"347",347,3,81,NA,NA,NA,0
"348",348,3,81,NA,NA,NA,0
"349",349,3,81,"C",NA,NA,0
"350",350,5,82,NA,NA,NA,0
"351",351,5,82,NA,NA,NA,0
"352",352,5,82,NA,NA,NA,0
"353",353,5,82,NA,NA,NA,0
"354",354,5,82,NA,NA,NA,0
"355",355,5,83,NA,NA,NA,0
"356",356,5,83,NA,NA,NA,0
"357",357,5,83,NA,NA,NA,0
"358",358,5,83,NA,NA,NA,0
"359",359,5,83,NA,NA,NA,0
"360",360,6,84,NA,NA,NA,0
"361",361,6,84,NA,NA,NA,0
"362",362,6,84,NA,NA,NA,0
"363",363,6,84,NA,NA,NA,0
"364",364,6,84,NA,NA,NA,0
"365",365,6,84,NA,NA,NA,0
"366",366,4,85,NA,NA,NA,0
"367",367,4,85,NA,NA,NA,0
"368",368,4,85,NA,NA,NA,0
"369",369,4,85,NA,NA,NA,0
"370",370,3,86,NA,NA,NA,0
"371",371,3,86,NA,NA,NA,0
"372",372,3,86,NA,NA,NA,0
"373",373,6,87,NA,NA,NA,0
"374",374,6,87,NA,NA,NA,0
"375",375,6,87,NA,NA,NA,0
"376",376,6,87,NA,NA,NA,0
"377",377,6,87,NA,NA,NA,0
"378",378,6,87,NA,NA,NA,0
"379",379,5,88,NA,NA,NA,0
"380",380,5,88,NA,NA,NA,0
"381",381,5,88,NA,NA,NA,0
"382",382,5,88,NA,NA,NA,0
"383",383,5,88,NA,NA,NA,0
"384",384,6,89,NA,NA,NA,0
"385",385,6,89,NA,NA,NA,0
"386",386,6,89,"H",283,4,2
"387",387,6,89,"C",264,5,1
"388",388,6,89,"H",310,2,0
"389",389,6,89,"H",304,2,0
"390",390,3,90,NA,NA,NA,0
"391",391,3,90,NA,NA,NA,0
"392",392,3,90,NA,NA,NA,0
"393",393,4,91,NA,NA,NA,0
"394",394,4,91,NA,NA,NA,0
"395",395,4,91,NA,NA,NA,0
"396",396,4,91,NA,NA,NA,0
"397",397,3,92,NA,NA,NA,0
"398",398,3,92,NA,NA,NA,0
"399",399,3,92,NA,NA,NA,0
"400",400,6,93,NA,NA,NA,0
"401",401,6,93,NA,NA,NA,0
"402",402,6,93,NA,NA,NA,0
"403",403,6,93,NA,NA,NA,0
"404",404,6,93,NA,NA,NA,0
"405",405,6,93,NA,NA,NA,0
"406",406,3,94,NA,NA,NA,0
"407",407,3,94,NA,NA,NA,0
"408",408,3,94,NA,NA,NA,0
"409",409,5,95,NA,NA,NA,0
"410",410,5,95,NA,NA,NA,0
"411",411,5,95,NA,NA,NA,0
"412",412,5,95,NA,NA,NA,0
"413",413,5,95,NA,NA,NA,0
"414",414,3,96,NA,NA,NA,0
"415",415,3,96,NA,NA,NA,0
"416",416,3,96,NA,NA,NA,0
"417",417,3,97,NA,NA,NA,0
"418",418,3,97,NA,NA,NA,0
"419",419,3,97,NA,NA,NA,0
"420",420,5,98,NA,NA,NA,0
"421",421,5,98,NA,NA,NA,0
"422",422,5,98,NA,NA,NA,0
"423",423,5,98,NA,NA,NA,0
"424",424,5,98,NA,NA,NA,0
"425",425,6,99,NA,NA,NA,0
"426",426,6,99,NA,NA,NA,0
"427",427,6,99,NA,NA,NA,0
"428",428,6,99,NA,NA,NA,0
"429",429,6,99,NA,NA,NA,0
"430",430,6,99,NA,NA,NA,0
"431",431,5,100,NA,NA,NA,0
"432",432,5,100,NA,NA,NA,0
"433",433,5,100,NA,NA,NA,0
"434",434,5,100,NA,NA,NA,0
"435",435,5,100,NA,NA,NA,0
"436",436,5,101,NA,NA,NA,0
"437",437,5,101,NA,NA,NA,0
"438",438,5,101,NA,NA,NA,0
"439",439,5,101,NA,NA,NA,0
"440",440,5,101,NA,NA,NA,0
"441",441,5,102,NA,NA,NA,0
"442",442,5,102,NA,NA,NA,0
"443",443,5,102,NA,NA,NA,0
"444",444,5,102,NA,NA,NA,0
"445",445,5,102,NA,NA,NA,0
"446",446,5,103,NA,NA,NA,0
"447",447,5,103,NA,NA,NA,0
"448",448,5,103,NA,NA,NA,0
"449",449,5,103,NA,NA,NA,0
"450",450,5,103,NA,NA,NA,0
"451",451,5,104,NA,NA,NA,0
"452",452,5,104,NA,NA,NA,0
"453",453,5,104,NA,NA,NA,0
"454",454,5,104,NA,NA,NA,0
"455",455,5,104,NA,NA,NA,0
"456",456,4,105,"C",299,3,1
"457",457,4,105,NA,NA,NA,0
"458",458,4,105,"H",328,2,0
"459",459,4,105,NA,NA,NA,0
"460",460,4,106,NA,NA,NA,0
"461",461,4,106,NA,NA,NA,0
"462",462,4,106,NA,NA,NA,0
"463",463,4,106,NA,NA,NA,0
"464",464,3,107,NA,NA,NA,0
"465",465,3,107,NA,NA,NA,0
"466",466,3,107,NA,NA,NA,0
"467",467,4,108,NA,NA,NA,0
"468",468,4,108,NA,NA,NA,0
"469",469,4,108,NA,NA,NA,0
"470",470,4,108,NA,NA,NA,0
"471",471,5,109,NA,NA,NA,0
"472",472,5,109,NA,NA,NA,0
"473",473,5,109,NA,NA,NA,0
"474",474,5,109,NA,NA,NA,0
"475",475,5,109,NA,NA,NA,0
"476",476,6,110,NA,NA,NA,0
"477",477,6,110,NA,NA,NA,0
"478",478,6,110,NA,NA,NA,0
"479",479,6,110,NA,NA,NA,0
"480",480,6,110,NA,NA,NA,0
"481",481,6,110,NA,NA,NA,0
"482",482,6,111,"H",350,2,0
"483",483,6,111,NA,NA,NA,0
"484",484,6,111,"C",276,5,1
"485",485,6,111,"H",307,4,2
"486",486,6,111,NA,NA,NA,0
"487",487,6,111,"H",345,2,0
"488",488,3,112,NA,NA,NA,0
"489",489,3,112,NA,NA,NA,0
"490",490,3,112,NA,NA,NA,0
"491",491,3,113,NA,NA,NA,0
"492",492,3,113,NA,NA,NA,0
"493",493,3,113,NA,NA,NA,0
"494",494,6,114,NA,NA,NA,0
"495",495,6,114,NA,NA,NA,0
"496",496,6,114,NA,NA,NA,0
"497",497,6,114,NA,NA,NA,0
"498",498,6,114,NA,NA,NA,0
"499",499,6,114,NA,NA,NA,0
"500",500,6,115,NA,NA,NA,0
"501",501,6,115,NA,NA,NA,0
"502",502,6,115,NA,NA,NA,0
"503",503,6,115,NA,NA,NA,0
"504",504,6,115,NA,NA,NA,0
"505",505,6,115,NA,NA,NA,0
"506",506,4,116,NA,NA,NA,0
"507",507,4,116,NA,NA,NA,0
"508",508,4,116,NA,NA,NA,0
"509",509,4,116,NA,NA,NA,0
"510",510,3,117,NA,NA,NA,0
"511",511,3,117,NA,NA,NA,0
"512",512,3,117,NA,NA,NA,0
"513",513,5,118,NA,NA,NA,0
"514",514,5,118,NA,NA,NA,0
"515",515,5,118,NA,NA,NA,0
"516",516,5,118,NA,NA,NA,0
"517",517,5,118,NA,NA,NA,0
"518",518,3,119,NA,NA,NA,0
"519",519,3,119,NA,NA,NA,0
"520",520,3,119,NA,NA,NA,0
"521",521,3,120,NA,NA,NA,0
"522",522,3,120,NA,NA,NA,0
"523",523,3,120,NA,NA,NA,0
"524",524,4,121,"C",330,3,1
"525",525,4,121,NA,NA,NA,0
"526",526,4,121,"H",NA,NA,0
"527",527,4,121,NA,NA,NA,0
"528",528,6,122,NA,NA,NA,0
"529",529,6,122,NA,NA,NA,0
"530",530,6,122,NA,NA,NA,0
"531",531,6,122,NA,NA,NA,0
"532",532,6,122,NA,NA,NA,0
"533",533,6,122,NA,NA,NA,0
"534",534,4,123,NA,NA,NA,0
"535",535,4,123,NA,NA,NA,0
"536",536,4,123,NA,NA,NA,0
"537",537,4,123,NA,NA,NA,0
"538",538,6,124,NA,NA,NA,0
"539",539,6,124,NA,NA,NA,0
"540",540,6,124,NA,NA,NA,0
"541",541,6,124,NA,NA,NA,0
"542",542,6,124,NA,NA,NA,0
"543",543,6,124,NA,NA,NA,0
"544",544,6,125,NA,NA,NA,0
"545",545,6,125,NA,NA,NA,0
"546",546,6,125,NA,NA,NA,0
"547",547,6,125,NA,NA,NA,0
"548",548,6,125,NA,NA,NA,0
"549",549,6,125,NA,NA,NA,0
"550",550,6,126,NA,NA,NA,0
"551",551,6,126,NA,NA,NA,0
"552",552,6,126,NA,NA,NA,0
"553",553,6,126,NA,NA,NA,0
"554",554,6,126,NA,NA,NA,0
"555",555,6,126,NA,NA,NA,0
"556",556,6,127,NA,NA,NA,0
"557",557,6,127,NA,NA,NA,0
"558",558,6,127,NA,NA,NA,0
"559",559,6,127,NA,NA,NA,0
"560",560,6,127,NA,NA,NA,0
"561",561,6,127,NA,NA,NA,0
"562",562,3,128,NA,NA,NA,0
"563",563,3,128,NA,NA,NA,0
"564",564,3,128,NA,NA,NA,0
"565",565,5,129,NA,NA,NA,0
"566",566,5,129,NA,NA,NA,0
"567",567,5,129,NA,NA,NA,0
"568",568,5,129,NA,NA,NA,0
"569",569,5,129,NA,NA,NA,0
"570",570,6,130,NA,NA,NA,0
"571",571,6,130,NA,NA,NA,0
"572",572,6,130,NA,NA,NA,0
"573",573,6,130,NA,NA,NA,0
"574",574,6,130,NA,NA,NA,0
"575",575,6,130,NA,NA,NA,0
"576",576,3,131,NA,NA,NA,0
"577",577,3,131,NA,NA,NA,0
"578",578,3,131,NA,NA,NA,0
"579",579,4,132,NA,NA,NA,0
"580",580,4,132,NA,NA,NA,0
"581",581,4,132,NA,NA,NA,0
"582",582,4,132,NA,NA,NA,0
"583",583,6,133,NA,NA,NA,0
"584",584,6,133,NA,NA,NA,0
"585",585,6,133,NA,NA,NA,0
"586",586,6,133,NA,NA,NA,0
"587",587,6,133,NA,NA,NA,0
"588",588,6,133,NA,NA,NA,0
"589",589,3,134,NA,NA,NA,0
"590",590,3,134,NA,NA,NA,0
"591",591,3,134,NA,NA,NA,0
"592",592,5,135,NA,NA,NA,0
"593",593,5,135,NA,NA,NA,0
"594",594,5,135,NA,NA,NA,0
"595",595,5,135,NA,NA,NA,0
"596",596,5,135,NA,NA,NA,0
"597",597,5,136,NA,NA,NA,0
"598",598,5,136,NA,NA,NA,0
"599",599,5,136,NA,NA,NA,0
"600",600,5,136,NA,NA,NA,0
"601",601,5,136,NA,NA,NA,0
"602",602,3,137,NA,NA,NA,0
"603",603,3,137,NA,NA,NA,0
"604",604,3,137,NA,NA,NA,0
"605",605,6,138,NA,NA,NA,0
"606",606,6,138,NA,NA,NA,0
"607",607,6,138,NA,NA,NA,0
"608",608,6,138,NA,NA,NA,0
"609",609,6,138,NA,NA,NA,0
"610",610,6,138,NA,NA,NA,0
"611",611,6,139,NA,NA,NA,0
"612",612,6,139,NA,NA,NA,0
"613",613,6,139,NA,NA,NA,0
"614",614,6,139,NA,NA,NA,0
"615",615,6,139,NA,NA,NA,0
"616",616,6,139,NA,NA,NA,0
"617",617,6,140,"H",175,1,0
"618",618,6,140,"H",248,0,0
"619",619,6,140,"H",132,3,1
"620",620,6,140,"H",142,2,1
"621",621,6,140,"H",205,1,1
"622",622,6,140,"C",114,5,2
"623",623,4,141,NA,NA,NA,0
"624",624,4,141,NA,NA,NA,0
"625",625,4,141,NA,NA,NA,0
"626",626,4,141,NA,NA,NA,0
"627",627,3,142,NA,NA,NA,0
"628",628,3,142,NA,NA,NA,0
"629",629,3,142,NA,NA,NA,0
"630",630,5,143,NA,NA,NA,0
"631",631,5,143,NA,NA,NA,0
"632",632,5,143,NA,NA,NA,0
"633",633,5,143,NA,NA,NA,0
"634",634,5,143,NA,NA,NA,0
"635",635,3,144,NA,NA,NA,0
"636",636,3,144,NA,NA,NA,0
"637",637,3,144,NA,NA,NA,0
"638",638,3,145,NA,NA,NA,0
"639",639,3,145,NA,NA,NA,0
"640",640,3,145,NA,NA,NA,0
"641",641,5,146,NA,NA,NA,0
"642",642,5,146,NA,NA,NA,0
"643",643,5,146,NA,NA,NA,0
"644",644,5,146,NA,NA,NA,0
"645",645,5,146,NA,NA,NA,0
"646",646,3,147,NA,NA,NA,0
"647",647,3,147,NA,NA,NA,0
"648",648,3,147,NA,NA,NA,0
"649",649,3,148,NA,NA,NA,0
"650",650,3,148,NA,NA,NA,0
"651",651,3,148,NA,NA,NA,0
"652",652,4,149,NA,NA,NA,0
"653",653,4,149,NA,NA,NA,0
"654",654,4,149,NA,NA,NA,0
"655",655,4,149,NA,NA,NA,0
"656",656,6,150,"C",342,4,1
"657",657,6,150,NA,NA,NA,0
"658",658,6,150,NA,NA,NA,0
"659",659,6,150,"H",NA,NA,0
"660",660,6,150,NA,NA,NA,0
"661",661,6,150,"C",345,4,0
"662",662,4,151,NA,NA,NA,0
"663",663,4,151,NA,NA,NA,0
"664",664,4,151,NA,NA,NA,0
"665",665,4,151,NA,NA,NA,0
"666",666,4,152,NA,NA,NA,0
"667",667,4,152,NA,NA,NA,0
"668",668,4,152,NA,NA,NA,0
"669",669,4,152,NA,NA,NA,0
"670",670,3,153,NA,NA,NA,0
"671",671,3,153,NA,NA,NA,0
"672",672,3,153,NA,NA,NA,0
"673",673,4,154,NA,NA,NA,0
"674",674,4,154,NA,NA,NA,0
"675",675,4,154,NA,NA,NA,0
"676",676,4,154,NA,NA,NA,0
"677",677,6,155,NA,NA,NA,0
"678",678,6,155,NA,NA,NA,0
"679",679,6,155,NA,NA,NA,0
"680",680,6,155,NA,NA,NA,0
"681",681,6,155,NA,NA,NA,0
"682",682,6,155,NA,NA,NA,0
"683",683,3,156,NA,NA,NA,0
"684",684,3,156,NA,NA,NA,0
"685",685,3,156,NA,NA,NA,0
"686",686,4,157,NA,NA,NA,0
"687",687,4,157,NA,NA,NA,0
"688",688,4,157,NA,NA,NA,0
"689",689,4,157,NA,NA,NA,0
"690",690,4,158,NA,NA,NA,0
"691",691,4,158,NA,NA,NA,0
"692",692,4,158,NA,NA,NA,0
"693",693,4,158,NA,NA,NA,0
"694",694,4,159,NA,NA,NA,0
"695",695,4,159,NA,NA,NA,0
"696",696,4,159,NA,NA,NA,0
"697",697,4,159,NA,NA,NA,0
"698",698,3,160,NA,NA,NA,0
"699",699,3,160,NA,NA,NA,0
"700",700,3,160,NA,NA,NA,0
"701",701,4,161,NA,NA,NA,0
"702",702,4,161,NA,NA,NA,0
"703",703,4,161,NA,NA,NA,0
"704",704,4,161,NA,NA,NA,0
"705",705,6,162,NA,NA,NA,0
"706",706,6,162,NA,NA,NA,0
"707",707,6,162,NA,NA,NA,0
"708",708,6,162,NA,NA,NA,0
"709",709,6,162,NA,NA,NA,0
"710",710,6,162,NA,NA,NA,0
"711",711,5,163,NA,NA,NA,0
"712",712,5,163,NA,NA,NA,0
"713",713,5,163,NA,NA,NA,0
"714",714,5,163,NA,NA,NA,0
"715",715,5,163,NA,NA,NA,0
"716",716,6,164,NA,NA,NA,0
"717",717,6,164,NA,NA,NA,0
"718",718,6,164,NA,NA,NA,0
"719",719,6,164,NA,NA,NA,0
"720",720,6,164,NA,NA,NA,0
"721",721,6,164,NA,NA,NA,0
"722",722,5,165,"H",NA,NA,0
"723",723,5,165,"C",364,4,1
"724",724,5,165,NA,NA,NA,0
"725",725,5,165,NA,NA,NA,0
"726",726,5,165,NA,NA,NA,0
"727",727,4,166,NA,NA,NA,0
"728",728,4,166,NA,NA,NA,0
"729",729,4,166,NA,NA,NA,0
"730",730,4,166,NA,NA,NA,0
"731",731,4,167,NA,NA,NA,0
"732",732,4,167,NA,NA,NA,0
"733",733,4,167,NA,NA,NA,0
"734",734,4,167,NA,NA,NA,0
"735",735,6,168,NA,NA,NA,0
"736",736,6,168,NA,NA,NA,0
"737",737,6,168,NA,NA,NA,0
"738",738,6,168,NA,NA,NA,0
"739",739,6,168,NA,NA,NA,0
"740",740,6,168,NA,NA,NA,0
"741",741,6,169,NA,NA,NA,0
"742",742,6,169,NA,NA,NA,0
"743",743,6,169,NA,NA,NA,0
"744",744,6,169,NA,NA,NA,0
"745",745,6,169,NA,NA,NA,0
"746",746,6,169,NA,NA,NA,0
"747",747,5,170,NA,NA,NA,0
"748",748,5,170,NA,NA,NA,0
"749",749,5,170,NA,NA,NA,0
"750",750,5,170,NA,NA,NA,0
"751",751,5,170,NA,NA,NA,0
"752",752,5,171,NA,NA,NA,0
"753",753,5,171,NA,NA,NA,0
"754",754,5,171,NA,NA,NA,0
"755",755,5,171,NA,NA,NA,0
"756",756,5,171,NA,NA,NA,0
"757",757,4,172,NA,NA,NA,0
"758",758,4,172,NA,NA,NA,0
"759",759,4,172,NA,NA,NA,0
"760",760,4,172,NA,NA,NA,0
"761",761,6,173,NA,NA,NA,0
"762",762,6,173,NA,NA,NA,0
"763",763,6,173,NA,NA,NA,0
"764",764,6,173,NA,NA,NA,0
"765",765,6,173,NA,NA,NA,0
"766",766,6,173,NA,NA,NA,0
"767",767,6,174,"C",329,5,2
"768",768,6,174,"H",365,2,0
"769",769,6,174,NA,NA,NA,0
"770",770,6,174,"H",357,3,1
"771",771,6,174,"H",NA,NA,0
"772",772,6,174,NA,NA,NA,0
"773",773,5,175,NA,NA,NA,0
"774",774,5,175,NA,NA,NA,0
"775",775,5,175,NA,NA,NA,0
"776",776,5,175,NA,NA,NA,0
"777",777,5,175,NA,NA,NA,0
"778",778,4,176,NA,NA,NA,0
"779",779,4,176,NA,NA,NA,0
"780",780,4,176,NA,NA,NA,0
"781",781,4,176,NA,NA,NA,0
"782",782,3,177,NA,NA,NA,0
"783",783,3,177,NA,NA,NA,0
"784",784,3,177,NA,NA,NA,0
"785",785,3,178,NA,NA,NA,0
"786",786,3,178,NA,NA,NA,0
"787",787,3,178,NA,NA,NA,0
"788",788,6,179,NA,NA,NA,0
"789",789,6,179,NA,NA,NA,0
"790",790,6,179,NA,NA,NA,0
"791",791,6,179,NA,NA,NA,0
"792",792,6,179,NA,NA,NA,0
"793",793,6,179,NA,NA,NA,0
"794",794,4,180,NA,NA,NA,0
"795",795,4,180,NA,NA,NA,0
"796",796,4,180,NA,NA,NA,0
"797",797,4,180,NA,NA,NA,0
"798",798,4,181,NA,NA,NA,0
"799",799,4,181,NA,NA,NA,0
"800",800,4,181,NA,NA,NA,0
"801",801,4,181,NA,NA,NA,0
"802",802,3,182,NA,NA,NA,0
"803",803,3,182,NA,NA,NA,0
"804",804,3,182,NA,NA,NA,0
"805",805,5,183,NA,NA,NA,0
"806",806,5,183,NA,NA,NA,0
"807",807,5,183,NA,NA,NA,0
"808",808,5,183,NA,NA,NA,0
"809",809,5,183,NA,NA,NA,0
"810",810,6,184,NA,NA,NA,0
"811",811,6,184,NA,NA,NA,0
"812",812,6,184,NA,NA,NA,0
"813",813,6,184,NA,NA,NA,0
"814",814,6,184,NA,NA,NA,0
"815",815,6,184,NA,NA,NA,0
"816",816,3,185,NA,NA,NA,0
"817",817,3,185,NA,NA,NA,0
"818",818,3,185,NA,NA,NA,0
"819",819,4,186,NA,NA,NA,0
"820",820,4,186,NA,NA,NA,0
"821",821,4,186,NA,NA,NA,0
"822",822,4,186,NA,NA,NA,0
"823",823,4,187,NA,NA,NA,0
"824",824,4,187,NA,NA,NA,0
"825",825,4,187,NA,NA,NA,0
"826",826,4,187,NA,NA,NA,0
"827",827,5,188,NA,NA,NA,0
"828",828,5,188,NA,NA,NA,0
"829",829,5,188,NA,NA,NA,0
"830",830,5,188,NA,NA,NA,0
"831",831,5,188,NA,NA,NA,0
"832",832,3,189,NA,NA,NA,0
"833",833,3,189,NA,NA,NA,0
"834",834,3,189,NA,NA,NA,0
"835",835,5,190,NA,NA,NA,0
"836",836,5,190,NA,NA,NA,0
"837",837,5,190,NA,NA,NA,0
"838",838,5,190,NA,NA,NA,0
"839",839,5,190,NA,NA,NA,0
"840",840,4,191,NA,NA,NA,0
"841",841,4,191,NA,NA,NA,0
"842",842,4,191,NA,NA,NA,0
"843",843,4,191,NA,NA,NA,0
"844",844,5,192,NA,NA,NA,0
"845",845,5,192,NA,NA,NA,0
"846",846,5,192,NA,NA,NA,0
"847",847,5,192,NA,NA,NA,0
"848",848,5,192,NA,NA,NA,0
"849",849,4,193,NA,NA,NA,0
"850",850,4,193,NA,NA,NA,0
"851",851,4,193,NA,NA,NA,0
"852",852,4,193,NA,NA,NA,0
"853",853,3,194,NA,NA,NA,0
"854",854,3,194,NA,NA,NA,0
"855",855,3,194,NA,NA,NA,0
"856",856,3,195,NA,NA,NA,0
"857",857,3,195,NA,NA,NA,0
"858",858,3,195,NA,NA,NA,0
"859",859,6,196,NA,NA,NA,0
"860",860,6,196,NA,NA,NA,0
"861",861,6,196,NA,NA,NA,0
"862",862,6,196,NA,NA,NA,0
"863",863,6,196,NA,NA,NA,0
"864",864,6,196,NA,NA,NA,0
"865",865,4,197,NA,NA,NA,0
"866",866,4,197,NA,NA,NA,0
"867",867,4,197,NA,NA,NA,0
"868",868,4,197,NA,NA,NA,0
"869",869,6,198,NA,NA,NA,0
"870",870,6,198,NA,NA,NA,0
"871",871,6,198,NA,NA,NA,0
"872",872,6,198,NA,NA,NA,0
"873",873,6,198,NA,NA,NA,0
"874",874,6,198,NA,NA,NA,0
"875",875,4,199,NA,NA,NA,0
"876",876,4,199,NA,NA,NA,0
"877",877,4,199,NA,NA,NA,0
"878",878,4,199,NA,NA,NA,0
"879",879,4,200,"C",276,3,0
"880",880,4,200,NA,NA,NA,0
"881",881,4,200,NA,NA,NA,0
"882",882,4,200,NA,NA,NA,0
"883",883,4,201,NA,NA,NA,0
"884",884,4,201,NA,NA,NA,0
"885",885,4,201,NA,NA,NA,0
"886",886,4,201,NA,NA,NA,0
"887",887,6,202,NA,NA,NA,0
"888",888,6,202,NA,NA,NA,0
"889",889,6,202,NA,NA,NA,0
"890",890,6,202,NA,NA,NA,0
"891",891,6,202,NA,NA,NA,0
"892",892,6,202,NA,NA,NA,0
"893",893,4,203,NA,NA,NA,0
"894",894,4,203,NA,NA,NA,0
"895",895,4,203,NA,NA,NA,0
"896",896,4,203,NA,NA,NA,0
"897",897,3,204,NA,NA,NA,0
"898",898,3,204,NA,NA,NA,0
"899",899,3,204,NA,NA,NA,0
"900",900,3,205,NA,NA,NA,0
"901",901,3,205,NA,NA,NA,0
"902",902,3,205,NA,NA,NA,0
"903",903,4,206,NA,NA,NA,0
"904",904,4,206,NA,NA,NA,0
"905",905,4,206,NA,NA,NA,0
"906",906,4,206,NA,NA,NA,0
"907",907,4,207,NA,NA,NA,0
"908",908,4,207,NA,NA,NA,0
"909",909,4,207,NA,NA,NA,0
"910",910,4,207,NA,NA,NA,0
"911",911,6,208,NA,NA,NA,0
"912",912,6,208,NA,NA,NA,0
"913",913,6,208,NA,NA,NA,0
"914",914,6,208,NA,NA,NA,0
"915",915,6,208,NA,NA,NA,0
"916",916,6,208,NA,NA,NA,0
"917",917,3,209,NA,NA,NA,0
"918",918,3,209,NA,NA,NA,0
"919",919,3,209,NA,NA,NA,0
"920",920,6,210,NA,NA,NA,0
"921",921,6,210,NA,NA,NA,0
"922",922,6,210,NA,NA,NA,0
"923",923,6,210,NA,NA,NA,0
"924",924,6,210,NA,NA,NA,0
"925",925,6,210,NA,NA,NA,0
"926",926,3,211,NA,NA,NA,0
"927",927,3,211,NA,NA,NA,0
"928",928,3,211,NA,NA,NA,0
"929",929,3,212,NA,NA,NA,0
"930",930,3,212,NA,NA,NA,0
"931",931,3,212,NA,NA,NA,0
"932",932,4,213,NA,NA,NA,0
"933",933,4,213,NA,NA,NA,0
"934",934,4,213,NA,NA,NA,0
"935",935,4,213,NA,NA,NA,0
"936",936,4,214,NA,NA,NA,0
"937",937,4,214,NA,NA,NA,0
"938",938,4,214,NA,NA,NA,0
"939",939,4,214,NA,NA,NA,0
"940",940,5,215,NA,NA,NA,0
"941",941,5,215,NA,NA,NA,0
"942",942,5,215,NA,NA,NA,0
"943",943,5,215,NA,NA,NA,0
"944",944,5,215,NA,NA,NA,0
"945",945,5,216,NA,NA,NA,0
"946",946,5,216,NA,NA,NA,0
"947",947,5,216,NA,NA,NA,0
"948",948,5,216,NA,NA,NA,0
"949",949,5,216,NA,NA,NA,0
"950",950,3,217,NA,NA,NA,0
"951",951,3,217,NA,NA,NA,0
"952",952,3,217,NA,NA,NA,0
"953",953,6,218,NA,NA,NA,0
"954",954,6,218,NA,NA,NA,0
"955",955,6,218,NA,NA,NA,0
"956",956,6,218,NA,NA,NA,0
"957",957,6,218,NA,NA,NA,0
"958",958,6,218,NA,NA,NA,0
"959",959,3,219,NA,NA,NA,0
"960",960,3,219,NA,NA,NA,0
"961",961,3,219,NA,NA,NA,0
"962",962,6,220,NA,NA,NA,0
"963",963,6,220,NA,NA,NA,0
"964",964,6,220,NA,NA,NA,0
"965",965,6,220,NA,NA,NA,0
"966",966,6,220,NA,NA,NA,0
"967",967,6,220,NA,NA,NA,0
"968",968,3,221,NA,NA,NA,0
"969",969,3,221,NA,NA,NA,0
"970",970,3,221,NA,NA,NA,0
"971",971,3,222,NA,NA,NA,0
"972",972,3,222,NA,NA,NA,0
"973",973,3,222,NA,NA,NA,0
"974",974,5,223,NA,NA,NA,0
"975",975,5,223,NA,NA,NA,0
"976",976,5,223,NA,NA,NA,0
"977",977,5,223,NA,NA,NA,0
"978",978,5,223,NA,NA,NA,0
"979",979,3,224,NA,NA,NA,0
"980",980,3,224,NA,NA,NA,0
"981",981,3,224,NA,NA,NA,0
"982",982,4,225,NA,NA,NA,0
"983",983,4,225,NA,NA,NA,0
"984",984,4,225,NA,NA,NA,0
"985",985,4,225,NA,NA,NA,0
"986",986,6,226,NA,NA,NA,0
"987",987,6,226,NA,NA,NA,0
"988",988,6,226,NA,NA,NA,0
"989",989,6,226,NA,NA,NA,0
"990",990,6,226,NA,NA,NA,0
"991",991,6,226,NA,NA,NA,0
"992",992,4,227,NA,NA,NA,0
"993",993,4,227,NA,NA,NA,0
"994",994,4,227,NA,NA,NA,0
"995",995,4,227,NA,NA,NA,0
"996",996,5,228,NA,NA,NA,0
"997",997,5,228,NA,NA,NA,0
"998",998,5,228,NA,NA,NA,0
"999",999,5,228,NA,NA,NA,0
"1000",1000,5,228,NA,NA,NA,0
