"","V1","V2","V3"
"1",0.523809523809524,0.5,0.250088850233683
"2",0.559322033898305,0.542372881355932,0.0613919154988374
"3",0,0,NA
"4",0.487179487179487,0.41025641025641,0.178906363586594
"5",0,0,NA
"6",0.428571428571429,0.285714285714286,0.416679779797787
"7",0.538461538461538,0.519230769230769,0.20976698085502
"8",0.573170731707317,0.536585365853659,0.0644363090222996
"9",0.333333333333333,0,1.21870502776071e-11
"10",0.4,0.4,0.499999999993513
"11",0,0,NA
"12",0.333333333333333,0.333333333333333,0.00102537176995869
"13",0.75,0.75,1
"14",0.428571428571429,0.285714285714286,0.5
"15",0.566666666666667,0.433333333333333,0.158095643169055
"16",0.641509433962264,0.584905660377358,0.241019708513614
"17",0.619718309859155,0.563380281690141,0.174176180811887
"18",0,0,NA
"19",0.5,0.5,0.666024421778891
"20",0,0,NA
"21",0.615384615384615,0.538461538461538,0.0938709511953927
"22",0.75,0.625,0.728409075169357
"23",0.630434782608696,0.521739130434783,0.145771757236854
"24",0,0,NA
"25",0.585365853658537,0.569105691056911,0.0799193581205055
"26",0.566666666666667,0.585714285714286,0.0514582670839366
"27",0.333333333333333,0,0.199999999999974
"28",0.444444444444444,0.555555555555556,0.270062505733886
"29",0.5,0.5,1
"30",0.590909090909091,0.5,0.421564696272087
"31",0.560747663551402,0.504672897196262,0.101421363188026
"32",0.557251908396947,0.526717557251908,0.0791462479088119
"33",0.6,0.566666666666667,0.288652041521302
"34",0.541666666666667,0.520833333333333,0.215731006618908
"35",0.6,0.6,0.749967162050734
"36",0,0,0
"37",0,0,NA
"38",0,0,NA
"39",0.549019607843137,0.542483660130719,0.085937302190765
"40",0.666666666666667,0.666666666666667,0.799999892624999
"41",0,0,NA
"42",0,0,NA
"43",0.594594594594595,0.576576576576577,0.128226471704385
"44",0.536585365853659,0.48780487804878,0.163711326763241
"45",0.549019607843137,0.490196078431373,0.104235584087128
"46",0,0,NA
"47",0.5,0.25,0.319304121793103
"48",0.52112676056338,0.492957746478873,0.10898559117831
"49",0.540880503144654,0.50314465408805,0.0512078613533211
"50",0.519480519480519,0.519480519480519,0.0918672327860448
"51",0,0,NA
"52",0.56969696969697,0.521212121212121,0.0752495913746718
"53",0.607734806629834,0.558011049723757,0.0597835073010363
"54",0.571428571428571,0.476190476190476,0.452264394725213
"55",0.25,0,0.333333333333333
"56",0.5,0.375,0.571428571428571
"57",0.602803738317757,0.565420560747664,0.065065228310315
"58",0.607142857142857,0.535714285714286,0.171304620164169
"59",0,0,NA
"60",0.65,0.65,0.584473549769171
"61",0.666666666666667,0.5,0.358731188591082
"62",0.708333333333333,0.625,0.472344071504997
"63",0,0,NA
"64",0.588235294117647,0.529411764705882,0.423408232799024
"65",0.574468085106383,0.531914893617021,0.15786128145737
"66",0,0,NA
"67",0.642857142857143,0.571428571428571,0.180255731172967
"68",0.53125,0.5,0.076604399388957
"69",0,0,NA
"70",0.60377358490566,0.566037735849057,0.0776637983933142
"71",0.565217391304348,0.514492753623188,0.0783168019032699
"72",0.647058823529412,0.529411764705882,0.350783338639818
"73",0.590697674418605,0.544186046511628,0.0513247878744406
"74",0.666666666666667,0.666666666666667,0.799998612250485
"75",0.588235294117647,0.470588235294118,0.42140368707158
"76",0.59,0.55,0.102701800261565
"77",0.65625,0.614583333333333,0.145300473697277
"78",0,0,NA
"79",0.5,0.5,1
"80",0.533333333333333,0.5,0.158751039894744
"81",0,0,NA
"82",0.538461538461538,0.505494505494505,0.104282215204594
"83",0.564516129032258,0.451612903225806,0.16622768665183
"84",0.566666666666667,0.533333333333333,0.106609789953307
"85",0,0,NA
"86",0.576271186440678,0.559322033898305,0.206442421898971
"87",0.5,0.5,1
"88",0,0,NA
"89",0.52,0.5,0.0637905818793249
"90",0,0,NA
"91",0.573913043478261,0.547826086956522,0.107726304789749
"92",0.571428571428571,0.53968253968254,0.147856628868879
"93",0,0,0
"94",0.619047619047619,0.523809523809524,0.379404170606202
"95",0.692307692307692,0.615384615384615,0.749999974845222
"96",0.533333333333333,0.48,0.115939110719175
"97",0.333333333333333,0,0.000122684740271311
"98",0.833333333333333,0.833333333333333,1
"99",0.461538461538462,0.430769230769231,0.117557637427894
"100",0.540540540540541,0.513513513513513,0.0948044981460425
"101",0.75,0.75,1
"102",0.611650485436893,0.572815533980582,0.113064645428933
"103",0.5,0.333333333333333,0.599997702510818
"104",0.528301886792453,0.415094339622642,0.0948057071864658
"105",0.483870967741935,0.483870967741935,0.304637715546343
"106",0.5,0.5,1
"107",0,0,NA
"108",0.63953488372093,0.569767441860465,0.133179316601549
"109",0.5,0.25,0.168777991039664
"110",0.556338028169014,0.514084507042254,0.0669526213577088
"111",0.714285714285714,0.714285714285714,0.479161437302782
"112",0.542372881355932,0.406779661016949,0.102165413230574
"113",0.595744680851064,0.553191489361702,0.188898605185163
"114",0.511627906976744,0.441860465116279,0.240831958406649
"115",0.62,0.5,0.213224239075561
"116",0,0,NA
"117",0.333333333333333,0.333333333333333,0.5
"118",0.478260869565217,0.434782608695652,0.314090669228195
"119",0.547826086956522,0.504347826086956,0.0844867162644685
"120",0.538461538461538,0.461538461538462,0.352819153687981
"121",0.5,0.25,0.666666666666667
"122",0.5,0.5,0.666666666666667
"123",0.475247524752475,0.435643564356436,0.0960572864509634
"124",0.5,0,1
"125",0,0,NA
"126",0.5,0.5,1
"127",0.615384615384615,0.615384615384615,0.441262646629869
"128",0.75,0.75,1
"129",0.661290322580645,0.596774193548387,0.182494404445542
"130",0.589473684210526,0.547368421052632,0.0403227844580881
"131",0,0,NA
"132",0.450980392156863,0.352941176470588,0.153144816667972
"133",0,0,NA
"134",0.333333333333333,0,0.5
"135",0.544117647058823,0.514705882352941,0.104545227478494
"136",0.666666666666667,0.666666666666667,0.752976256781531
"137",0.636363636363636,0.545454545454545,0.453500816447285
"138",0,0,NA
"139",0.593023255813954,0.534883720930233,0.107045089234973
"140",0.578947368421053,0.5,0.224599446526095
"141",0,0,NA
"142",0,0,0
"143",0.589285714285714,0.5625,0.0775615204016865
"144",0,0,NA
"145",0.586466165413534,0.571428571428571,0.0760486140118498
"146",0,0,NA
"147",0.507936507936508,0.507936507936508,0.140540812880553
"148",0.51219512195122,0.48780487804878,0.10308855397122
"149",0.5,0.5,1
"150",0,0,NA
"151",0.608695652173913,0.478260869565217,0.162399213117302
"152",0.596899224806202,0.534883720930233,0.0755652111657757
"153",0,0,NA
"154",0.615384615384615,0.512820512820513,0.215633783641743
"155",0,0,NA
"156",0.666666666666667,0.666666666666667,1
"157",0.572115384615385,0.552884615384615,0.0425199153381248
"158",0.627450980392157,0.607843137254902,0.219948764603004
"159",0.563636363636364,0.454545454545455,0.134626964278476
"160",0.592592592592593,0.444444444444444,0.183113293733702
"161",0,0,NA
"162",0,0,NA
"163",0,0,NA
"164",0.666666666666667,0.333333333333333,1
"165",0,0,NA
"166",0.75,0.75,0.857142857142857
"167",0.4,0.4,0.252943316545205
"168",0.619047619047619,0.571428571428571,0.341392176768133
"169",0.8,0.8,1
"170",0.577777777777778,0.511111111111111,0.209320810796472
"171",0,0,NA
"172",0.666666666666667,0.666666666666667,1
"173",0.539473684210526,0.473684210526316,0.133890250737083
"174",0.5625,0.53125,0.275710722290111
"175",0.5,0.5,1
"176",0.666666666666667,0.666666666666667,1
"177",0.588235294117647,0.529411764705882,0.205154752746663
"178",0,0,NA
"179",0.548245614035088,0.508771929824561,0.0448722296170071
"180",0.333333333333333,0.333333333333333,0.5
"181",0,0,NA
"182",0.8,0.8,0.721335548223889
"183",0.570957095709571,0.534653465346535,0.0390243864145628
"184",0.544444444444444,0.477777777777778,0.10828535204768
"185",0.666666666666667,0.666666666666667,1
"186",0.565217391304348,0.565217391304348,0.373264840305376
"187",0.580645161290323,0.516129032258065,0.187216805762444
"188",0,0,NA
"189",0,0,NA
"190",0,0,NA
"191",0.5,0.5,1
"192",0.6,0.62,0.230535616402941
"193",0.5625,0.515625,0.151610884096223
"194",0,0,NA
"195",0,0,NA
"196",0.333333333333333,0.333333333333333,0.499999999999982
"197",0.5,0,1
"198",0.407407407407407,0.407407407407407,0.324226695247674
"199",0,0,NA
"200",0.6,0.568421052631579,0.0561668503326972
"201",0.595092024539877,0.558282208588957,0.0622944974483138
"202",0.5,0,1
"203",0.525,0.5,0.297107171509104
"204",0.635514018691589,0.607476635514019,0.117707833954076
"205",0,0,NA
"206",0.75,0.25,1
"207",0.545454545454545,0.509090909090909,0.148361810287458
"208",0.625,0.5,0.714263079529718
"209",0.532258064516129,0.516129032258065,0.166630087827728
"210",0,0,NA
"211",0.526315789473684,0.368421052631579,0.280489926329574
"212",0.578947368421053,0.473684210526316,0.150032822959787
"213",0.544827586206897,0.531034482758621,0.0512335514126686
"214",0,0,NA
"215",0.637254901960784,0.57843137254902,0.0903277975890572
"216",0.625,0.625,0.351596833065772
"217",0,0,NA
"218",0,0,NA
"219",0.627450980392157,0.529411764705882,0.181734938404877
"220",0,0,NA
"221",0,0,NA
"222",0,0,NA
"223",0.585365853658537,0.577235772357724,0.0814354203665021
"224",0.53968253968254,0.46031746031746,0.142988900185545
"225",0,0,NA
"226",0.5,0.5,1
"227",0.5,0,1
"228",0.48,0.4,0.252459071219168
"229",0,0,NA
"230",0.525547445255474,0.525547445255474,0.0714965573460478
"231",0.5,0.5,1
"232",0.578947368421053,0.56140350877193,0.161393413784551
"233",0.695652173913043,0.652173913043478,0.348385340528124
"234",0.5,0.5,1
"235",0,0,NA
"236",0.56551724137931,0.524137931034483,0.0605126273563591
"237",0.481481481481481,0.37037037037037,0.214247768250273
"238",0.517241379310345,0.488505747126437,0.0561036414490608
"239",0.592417061611374,0.587677725118483,0.0551411298202961
"240",0.473684210526316,0.315789473684211,0.174574911975066
"241",0,0,NA
"242",0.590909090909091,0.545454545454545,0.148405574337258
"243",0.4,0.2,0.5
"244",0.433333333333333,0.3,0.15188266552834
"245",0.574468085106383,0.521276595744681,0.056872481485041
"246",0.58695652173913,0.565217391304348,0.186306708327468
"247",0.575,0.5375,0.134509975355309
"248",0.529411764705882,0.470588235294118,0.244008302625039
"249",0.5,0.5,1
"250",0.666666666666667,0.333333333333333,1
"251",0,0,NA
"252",0.576687116564417,0.576687116564417,0.080991804596986
"253",0,0,NA
"254",0.636363636363636,0.454545454545455,0.599862088391449
"255",0.736842105263158,0.578947368421053,0.487769480355784
"256",0,0,NA
"257",0.594594594594595,0.540540540540541,0.0703475014217722
"258",0,0,NA
"259",0.529411764705882,0.490196078431373,0.17794577504447
"260",0.5,0.5,1
"261",0.486486486486487,0.378378378378378,0.120953617898718
"262",0.6,0.575,0.232704977230977
"263",0,0,NA
"264",0,0,NA
"265",0.571428571428571,0.547619047619048,0.274486472732992
"266",0.612903225806452,0.548387096774194,0.294779560831788
"267",0.5,0.5,1
"268",0,0,NA
"269",0.4,0.4,0.499741942240811
"270",0.513513513513513,0.459459459459459,0.206744866329747
"271",0.547169811320755,0.528301886792453,0.10555725523241
"272",0,0,NA
"273",0.541666666666667,0.5,0.387715223715217
"274",0,0,NA
"275",0.564885496183206,0.534351145038168,0.0833327721900253
"276",0.594444444444444,0.594444444444444,0.0589803201693939
"277",0.5,0.5,1
"278",0,0,NA
"279",0.25,0,0.333333333333333
"280",0.705882352941177,0.529411764705882,0.561641771403549
"281",0.642857142857143,0.589285714285714,0.176098125671297
"282",0.628571428571429,0.542857142857143,0.278654112271833
"283",0.5,0.5,0.666666666666667
"284",0.5,0.5,0.48086896038526
"285",0.636363636363636,0.545454545454545,0.254730712249975
"286",0.595744680851064,0.574468085106383,0.112881994397173
"287",0,0,NA
"288",0.682926829268293,0.609756097560976,0.267167382260838
"289",0.545454545454545,0.454545454545455,0.449999070917991
"290",0.536231884057971,0.536231884057971,0.0694049044384881
"291",0,0,NA
"292",0.564102564102564,0.519230769230769,0.0511536691908376
"293",0.666666666666667,0.333333333333333,1
"294",0.333333333333333,0.333333333333333,0.00109135822267259
"295",0.666666666666667,0.666666666666667,1
"296",0.526315789473684,0.421052631578947,0.33213995012721
"297",0.620253164556962,0.582278481012658,0.122104003061425
"298",0.635294117647059,0.564705882352941,0.136853719374185
"299",0.555555555555556,0.481481481481481,0.291747015765143
"300",0.583038869257951,0.565371024734982,0.0414986374549477
"301",0.547169811320755,0.522012578616352,0.0659978247046477
"302",0.519480519480519,0.454545454545455,0.100113767612477
"303",0,0,NA
"304",0.55045871559633,0.513761467889908,0.0791918855342009
"305",0.517241379310345,0.448275862068966,0.281055991684063
"306",0.582089552238806,0.522388059701492,0.17301767643137
"307",0.666666666666667,0.533333333333333,0.714285714285714
"308",0.722222222222222,0.722222222222222,0.428339351401627
"309",0.5,0,1
"310",0.55,0.4,0.304030705996142
"311",0.666666666666667,0.666666666666667,1
"312",0.557692307692308,0.461538461538462,0.189118922002042
"313",0.833333333333333,0.833333333333333,1
"314",0.4,0.2,0.206564020533637
"315",0.647058823529412,0.529411764705882,0.199422191041089
"316",0,0,NA
"317",0.8,0.8,1
"318",0.647058823529412,0.529411764705882,0.542504799950281
"319",0,0,0
"320",0.666666666666667,0.666666666666667,0.629609443253013
"321",0.518518518518518,0.481481481481481,0.0959797847302359
"322",0.5,0.5,1
"323",0.615384615384615,0.512820512820513,0.266730837393412
"324",0.595238095238095,0.5,0.175805711626372
"325",0,0,NA
"326",0.555555555555556,0.5,0.380567282461881
"327",0.538461538461538,0.461538461538462,0.572252979983485
"328",0.75,0.75,1
"329",0.75,0.5,1
"330",0.554545454545455,0.527272727272727,0.106952817428357
"331",0.581818181818182,0.533333333333333,0.0680255886739939
"332",0.625,0.55,0.207989861172995
"333",0.536585365853659,0.463414634146341,0.120373560244755
"334",0.572916666666667,0.510416666666667,0.0808695483498741
"335",0.545454545454545,0.545454545454545,0.535625567897979
"336",0.614814814814815,0.585185185185185,0.0858886278048858
"337",0,0,NA
"338",0.578947368421053,0.578947368421053,0.463413037235372
"339",0.666666666666667,0.666666666666667,1
"340",0.666666666666667,0.666666666666667,1
"341",0.553846153846154,0.497435897435897,0.0469007679843112
"342",0.58695652173913,0.565217391304348,0.248718352126854
"343",0.536363636363636,0.509090909090909,0.108376454008045
"344",0.62962962962963,0.614814814814815,0.105280838045998
"345",0.522222222222222,0.488888888888889,0.0908181185369132
"346",0.558333333333333,0.533333333333333,0.0872472140753707
"347",0.564356435643564,0.534653465346535,0.106270514306113
"348",0,0,NA
"349",0.525,0.425,0.190829143804159
"350",0.584615384615385,0.492307692307692,0.133999298482944
"351",0.522222222222222,0.455555555555556,0.122475796629864
"352",0.585714285714286,0.514285714285714,0.137450642861527
"353",0.617021276595745,0.595744680851064,0.294780053811377
"354",0.556521739130435,0.5,0.0596835577481611
"355",0.549132947976879,0.508670520231214,0.0505837853945236
"356",0.5,0.490384615384615,0.0831777704510868
"357",0.563636363636364,0.527272727272727,0.145291550887074
"358",0,0,NA
"359",0.519685039370079,0.464566929133858,0.0558594453133314
"360",0,0,NA
"361",0.506493506493506,0.454545454545455,0.118731763372434
"362",0.625,0.625,0.585169317885497
"363",0.545454545454545,0.424242424242424,0.168064586623026
"364",0,0,NA
"365",0,0,NA
"366",0.5,0.5,1
"367",0.575757575757576,0.515151515151515,0.320069198642808
"368",0.666666666666667,0.666666666666667,1
"369",0,0,NA
"370",0.75,0.75,1
"371",0,0,NA
"372",0.559322033898305,0.457627118644068,0.144060124055994
"373",0.75,0.75,1
"374",0.505263157894737,0.494736842105263,0.0989335816525671
"375",0.5,0.5,1
"376",0.666666666666667,0.666666666666667,1
"377",0.529411764705882,0.470588235294118,0.0970514054659337
"378",0.584070796460177,0.530973451327434,0.0993718705923243
"379",0,0,NA
"380",0.6,0.6,0.75
"381",0.6,0.507692307692308,0.127607285867815
"382",0.6,0.6,0.749999865781249
"383",0.608695652173913,0.478260869565217,0.2698445555173
"384",0,0,NA
"385",0.576923076923077,0.512820512820513,0.114224490834616
"386",0,0,NA
"387",0.625,0.375,0.42857143717543
"388",0.512820512820513,0.487179487179487,0.247954463441179
"389",0,0,0
"390",0.581081081081081,0.540540540540541,0.122896631486939
"391",0.666666666666667,0.333333333333333,1
"392",0.611111111111111,0.5,0.545101162453885
"393",0.636363636363636,0.545454545454545,0.649999999998079
"394",0.8,0.7,0.3870412792495
"395",0,0,NA
"396",0.6,0.563636363636364,0.208072984160317
"397",0.642857142857143,0.547619047619048,0.110646885165357
"398",0.666666666666667,0.666666666666667,1
"399",0.573333333333333,0.537777777777778,0.0458230176205586
"400",0.333333333333333,0,0.5
"401",0,0,NA
"402",0,0,NA
"403",0.596153846153846,0.567307692307692,0.10775392486822
"404",0,0,NA
"405",0.572727272727273,0.554545454545455,0.122877349538501
"406",0,0,NA
"407",0.6,0.55,0.207380297772879
"408",0.571428571428571,0.428571428571429,0.666666666666654
"409",0.666666666666667,0.5,0.799999999999911
"410",0.597560975609756,0.548780487804878,0.129624021564083
"411",0.5,0.5,1
"412",0.6,0.48,0.115105219051021
"413",0,0,NA
"414",0,0,NA
"415",0,0,NA
"416",0,0,NA
"417",0.543307086614173,0.503937007874016,0.0597638700476223
"418",0.58421052631579,0.526315789473684,0.0479178796407237
"419",0.5,0.5,0.666638393939687
"420",0.590909090909091,0.545454545454545,0.488717583601617
"421",0.514492753623188,0.492753623188406,0.0709610864820615
"422",0.584821428571429,0.566964285714286,0.0543694886963377
"423",0.641791044776119,0.597014925373134,0.172388230409895
"424",0.586206896551724,0.551724137931034,0.141022702572805
"425",0.6,0.6,0.649701957223437
"426",0.428571428571429,0.428571428571429,0.499999999529971
"427",0,0,NA
"428",0.619047619047619,0.547619047619048,0.200759709626215
"429",0.620689655172414,0.551724137931034,0.167360997507338
"430",0.2,0.2,0.24999986578123
"431",0.6,0.56,0.213889712318905
"432",0,0,NA
"433",0.578947368421053,0.631578947368421,0.461232028496048
"434",0.585365853658537,0.536585365853659,0.197438294642211
"435",0,0,NA
"436",0,0,NA
"437",0.563218390804598,0.505747126436782,0.104335777919498
"438",0.584615384615385,0.507692307692308,0.139256266119101
"439",0,0,NA
"440",0.588235294117647,0.529411764705882,0.373938693379453
"441",0.538461538461538,0.480769230769231,0.177722286965189
"442",0,0,NA
"443",0.56140350877193,0.543859649122807,0.105263507088598
"444",0.5,0.5,1
"445",0.4,0,0.5
"446",0.466666666666667,0.4,0.391601091839993
"447",0.666666666666667,0.555555555555556,0.749996766571115
"448",0.606382978723404,0.5,0.0878548736641851
"449",0.666666666666667,0.666666666666667,1
"450",0.5,0,1
"451",0.833333333333333,0.833333333333333,0.909090812027011
"452",0.569444444444444,0.486111111111111,0.115751177175982
"453",0,0,NA
"454",0.8,0.8,1
"455",0.631578947368421,0.526315789473684,0.355622121722716
"456",0.55,0.55,0.33451190487972
"457",0.5,0.5,1
"458",0.5,0,1
"459",0.666666666666667,0.333333333333333,1
"460",0.610738255033557,0.563758389261745,0.0603292473230447
"461",0,0,NA
"462",0.558139534883721,0.511627906976744,0.103841067026067
"463",0.553846153846154,0.507692307692308,0.0663658889260452
"464",0.585106382978723,0.558510638297872,0.0626204245590831
"465",0.5,0.5,0.666666666640027
"466",0.705882352941177,0.588235294117647,0.450885865001786
"467",0.666666666666667,0.444444444444444,0.216837100341891
"468",0,0,NA
"469",0,0,NA
"470",0.666666666666667,0.666666666666667,1
"471",0.571428571428571,0.571428571428571,0.19087474069336
"472",0.54,0.46,0.154291524820923
"473",0.541284403669725,0.532110091743119,0.0995256032714239
"474",0,0,NA
"475",0.565217391304348,0.463768115942029,0.0943749619818543
"476",0.5625,0.4375,0.404773181972465
"477",0,0,NA
"478",0.578947368421053,0.503759398496241,0.0771374420962495
"479",0.494505494505495,0.461538461538462,0.0886644048168064
"480",0.333333333333333,0.333333333333333,0.5
"481",0.555555555555556,0.530864197530864,0.0990475845155596
"482",0.666666666666667,0.666666666666667,1
"483",0.541666666666667,0.520833333333333,0.144753960677748
"484",0.538461538461538,0.461538461538462,0.137518499295925
"485",0.576576576576577,0.567567567567568,0.0958524737831269
"486",0,0,NA
"487",0.56,0.528,0.0901256403420276
"488",0.577777777777778,0.511111111111111,0.0623890708896485
"489",0.5,0.5,0.559726233058464
"490",0.564356435643564,0.534653465346535,0.108249790829977
"491",0.612244897959184,0.571428571428571,0.0959861986085881
"492",0,0,NA
"493",0.552447552447552,0.524475524475524,0.0705537289433382
"494",0.5625,0.526041666666667,0.0598247543731602
"495",0.518518518518518,0.444444444444444,0.0720977823617351
"496",0.577777777777778,0.533333333333333,0.0858454682611872
"497",0,0,NA
"498",0.666666666666667,0.666666666666667,1
"499",0.579234972677596,0.546448087431694,0.0577782481108246
"500",0,0,NA
"501",0,0,NA
"502",0.568627450980392,0.529411764705882,0.0912878794648069
"503",0,0,NA
"504",0.585714285714286,0.514285714285714,0.0828180105866019
"505",0,0,NA
"506",0.461538461538462,0.384615384615385,0.336412768266897
"507",0,0,NA
"508",0.25,0.25,0.333333333333333
"509",0.604651162790698,0.523255813953488,0.118679271936274
"510",0,0,NA
"511",0.6,0.571428571428571,0.256583720153341
"512",0,0,0
"513",0,0,0
"514",0.565217391304348,0.478260869565217,0.373503309679337
"515",0.597222222222222,0.555555555555556,0.130366318099732
"516",0.517647058823529,0.470588235294118,0.108534535343679
"517",0,0,NA
"518",0.333333333333333,0,0.5
"519",0.6,0.6,0.75
"520",0.421052631578947,0.368421052631579,0.30873010474382
"521",0,0,NA
"522",0.714285714285714,0.428571428571429,0.833333333333333
"523",0.642857142857143,0.595238095238095,0.137207235365594
"524",0.5,0.25,0.571428571428571
"525",0.513888888888889,0.486111111111111,0.126715983077068
"526",0.588607594936709,0.563291139240506,0.0738804614692013
"527",0.607843137254902,0.568627450980392,0.193482661641498
"528",0.666666666666667,0.333333333333333,1
"529",0.565217391304348,0.565217391304348,0.422912722143344
"530",0.5,0.5,1
"531",0.5,0.5,1
"532",0,0,NA
"533",0.75,0.75,1
"534",0.56,0.56,0.407851993713867
"535",0.647058823529412,0.541176470588235,0.143263675927315
"536",0.571428571428571,0.571428571428571,0.647863736968455
"537",0.625,0.4375,0.341131734486936
"538",0.590909090909091,0.534090909090909,0.112602387509763
"539",0.777777777777778,0.777777777777778,0.631866559422665
"540",0.561904761904762,0.533333333333333,0.133766007408379
"541",0,0,NA
"542",0,0,NA
"543",0.428571428571429,0.428571428571429,0.370471829997222
"544",0.8,0.8,1
"545",0,0,NA
"546",0,0,0
"547",0,0,NA
"548",0.642857142857143,0.5,0.334525100762787
"549",0.621495327102804,0.61214953271028,0.0533450024768733
"550",0,0,NA
"551",0.65625,0.5,0.253171847236161
"552",0.56,0.49,0.0961832300214884
"553",0.636363636363636,0.606060606060606,0.363805974771001
"554",0.627450980392157,0.627450980392157,0.226824225997425
"555",0,0,NA
"556",0.615384615384615,0.557692307692308,0.132353645840493
"557",0.645833333333333,0.625,0.248373184463939
"558",0,0,NA
"559",0.544776119402985,0.492537313432836,0.0818746522110081
"560",0.375,0.3125,0.140037345499081
"561",0.692307692307692,0.615384615384615,0.430132045185972
"562",0,0,NA
"563",0,0,NA
"564",0.571428571428571,0.53968253968254,0.172960397413502
"565",0.7,0.65,0.552089387882799
"566",0.592592592592593,0.518518518518518,0.29868189210259
"567",0.678571428571429,0.607142857142857,0.432080543371819
"568",0.598039215686274,0.57843137254902,0.14194324399794
"569",0.333333333333333,0,2.03544467257235e-16
"570",0.4,0.2,0.257785957633695
"571",0.333333333333333,0.333333333333333,0.399999999959184
"572",0.563218390804598,0.505747126436782,0.113835369346902
"573",0.714285714285714,0.657142857142857,0.32240175678904
"574",0.333333333333333,0,5.69995926521528e-13
"575",0.6,0.4,0.50113909784572
"576",0.666666666666667,0.333333333333333,1
"577",0.54639175257732,0.484536082474227,0.0821840324460339
"578",0.538461538461538,0.487179487179487,0.168901168143659
"579",0.5,0.5,1
"580",0.571428571428571,0.544642857142857,0.0931090807839916
"581",0.529411764705882,0.431372549019608,0.164851236266527
"582",0.4,0.4,0.5
"583",0.561797752808989,0.539325842696629,0.0267630806888386
"584",0,0,NA
"585",0.636363636363636,0.636363636363636,0.699933299214439
"586",0.433333333333333,0.366666666666667,0.185333890690525
"587",0,0,NA
"588",0.548387096774194,0.387096774193548,0.237093941766414
"589",0.4,0.2,0.222251247182265
"590",0.333333333333333,0,0.5
"591",0.642857142857143,0.642857142857143,0.452503421650753
"592",0.565217391304348,0.478260869565217,0.362064679771545
"593",0.375,0.25,0.285714285714249
"594",0.570212765957447,0.514893617021277,0.0372610860156743
"595",0.5,0,1
"596",0.529411764705882,0.470588235294118,0.303642981467531
"597",0,0,NA
"598",0.467391304347826,0.434782608695652,0.0834438167708749
"599",0.532,0.532,0.0502964437918819
"600",0.640625,0.640625,0.208192652299137
"601",0,0,NA
"602",0.648148148148148,0.611111111111111,0.197235119581481
"603",0.56875,0.54375,0.0646998173181649
"604",0.492753623188406,0.449275362318841,0.0874325111700644
"605",0,0,NA
"606",0.75,0.75,1
"607",0,0,NA
"608",0.601156069364162,0.53757225433526,0.067328743849465
"609",0.655172413793103,0.586206896551724,0.324806266536616
"610",0,0,NA
"611",0.5,0.5,1
"612",0,0,NA
"613",0.536082474226804,0.479381443298969,0.0699176973836255
"614",0.575757575757576,0.545454545454545,0.0687654976257471
"615",0.625,0.4375,0.366660124389509
"616",0.636363636363636,0.568181818181818,0.201715165792002
"617",0,0,NA
"618",0.571428571428571,0.480519480519481,0.105753988973693
"619",0.545454545454545,0.5,0.221378002125336
"620",0,0,NA
"621",0.60427807486631,0.588235294117647,0.0548068828342209
"622",0,0,0
"623",0.642857142857143,0.595238095238095,0.301790718435594
"624",0.546666666666667,0.466666666666667,0.119731862010993
"625",0.666666666666667,0.666666666666667,1
"626",0.666666666666667,0.666666666666667,1
"627",0.531914893617021,0.51063829787234,0.194269830661164
"628",0.649122807017544,0.578947368421053,0.248151054066496
"629",0.4,0.2,0.279421215979567
"630",0.533333333333333,0.4,0.450603592937358
"631",0,0,NA
"632",0.597222222222222,0.5625,0.075393265262828
"633",0,0,NA
"634",0.593155893536122,0.5893536121673,0.0378351628267635
"635",0.5,0.5,1
"636",0.567901234567901,0.518518518518518,0.126919150647527
"637",0.5,0.5,0.402644564350461
"638",0,0,NA
"639",0.618834080717489,0.600896860986547,0.0541191312249205
"640",0,0,NA
"641",0,0,NA
"642",0.530434782608696,0.495652173913044,0.0819330547688815
"643",0.530612244897959,0.502040816326531,0.0412469410438811
"644",0.548387096774194,0.548387096774194,0.272026024691857
"645",0.536585365853659,0.463414634146341,0.215444643938681
"646",0.727272727272727,0.545454545454545,0.700359360256988
"647",0.666666666666667,0.666666666666667,0.625150294297847
"648",0.642857142857143,0.535714285714286,0.390491945981248
"649",0.769230769230769,0.769230769230769,0.522010286678949
"650",0.568965517241379,0.568965517241379,0.17179460611032
"651",0.56,0.48,0.231671454405508
"652",0.4,0.2,0.499574819397141
"653",0.5,0.5,1
"654",0.666666666666667,0.666666666666667,1
"655",0.5,0.5,1
"656",0.62,0.56,0.0927436513266821
"657",0.571428571428571,0.525835866261398,0.0291333833551482
"658",0.5,0.5,0.333555567435473
"659",0.582278481012658,0.510548523206751,0.0468160850540279
"660",0.724137931034483,0.724137931034483,0.485487786783518
"661",0.54726368159204,0.517412935323383,0.0615006009989214
"662",0.5,0.5,0.453918554972523
"663",0,0,NA
"664",0.509433962264151,0.490566037735849,0.219873135316239
"665",0.535714285714286,0.535714285714286,0.202581389602334
"666",0,0,NA
"667",0.6,0.6,0.75
"668",0,0,NA
"669",0.517241379310345,0.5,0.112805574433463
"670",0.54320987654321,0.54320987654321,0.113708086441096
"671",0,0,NA
"672",0.558620689655172,0.517241379310345,0.0632450574096946
"673",0.574468085106383,0.48936170212766,0.17429983875668
"674",0.645833333333333,0.604166666666667,0.219396157360323
"675",0,0,NA
"676",0,0,NA
"677",0,0,NA
"678",0.666666666666667,0.666666666666667,1
"679",0,0,NA
"680",0,0,NA
"681",0,0,NA
"682",0.555555555555556,0.488888888888889,0.189050044286817
"683",0.586206896551724,0.46551724137931,0.10052053529266
"684",0.571428571428571,0.571428571428571,0.26116395106545
"685",0,0,NA
"686",0.545454545454545,0.454545454545455,0.218283448543215
"687",0,0,NA
"688",0.61576354679803,0.551724137931034,0.0450049825212782
"689",0.602941176470588,0.534313725490196,0.0535570050363793
"690",0,0,NA
"691",0.553030303030303,0.507575757575758,0.0927575376603917
"692",0.591549295774648,0.556338028169014,0.0589601143677628
"693",0.727272727272727,0.636363636363636,0.544957659140079
"694",0.602150537634409,0.451612903225806,0.112405622480942
"695",0.636363636363636,0.545454545454545,0.577026387574664
"696",0.571428571428571,0.507936507936508,0.127236814525701
"697",0.544117647058823,0.455882352941176,0.161232371377148
"698",0.466666666666667,0.4,0.224375925222942
"699",0.614814814814815,0.57037037037037,0.0733534880442748
"700",0.5,0.5,0.419893815017884
"701",0.567164179104478,0.552238805970149,0.147991104143789
"702",0.563636363636364,0.527272727272727,0.175804821733747
"703",0.666666666666667,0.333333333333333,1
"704",0,0,NA
"705",0.574074074074074,0.537037037037037,0.213590891406038
"706",0.727272727272727,0.727272727272727,0.729203121199857
"707",0.25,0.25,0.333261151983368
"708",0.581632653061224,0.551020408163265,0.100176293549001
"709",0.666666666666667,0.666666666666667,1
"710",0.75,0.5,1
"711",0.5,0.5,0.554537967812696
"712",0.55,0.4625,0.0715747366941635
"713",0,0,NA
"714",0.611111111111111,0.527777777777778,0.273071715362899
"715",0.516129032258065,0.451612903225806,0.171263864134465
"716",0,0,0
"717",0.511627906976744,0.465116279069767,0.199109298801607
"718",0.631578947368421,0.631578947368421,0.555727864768162
"719",0.5,0.40625,0.253614717680906
"720",0.625,0.625,0.710347854426201
"721",0.2,0,0.25
"722",0.592307692307692,0.569230769230769,0.0711162607497251
"723",0.508771929824561,0.473684210526316,0.113431300814655
"724",0.583333333333333,0.5,0.254394361114983
"725",0.570048309178744,0.57487922705314,0.0479548220161233
"726",0.545454545454545,0.46969696969697,0.116551531354775
"727",0.5,0,1
"728",0.623762376237624,0.564356435643564,0.106388817023167
"729",0.5,0.5,0.6
"730",0.571428571428571,0.571428571428571,0.649791239112925
"731",0.636363636363636,0.545454545454545,0.536295868731062
"732",0.8,0.6,1
"733",0.558718861209964,0.540925266903915,0.0434188413543438
"734",0,0,NA
"735",0.5,0.5,1
"736",0.578512396694215,0.528925619834711,0.0924588858567077
"737",0.592,0.552,0.0992536779419148
"738",0.53448275862069,0.396551724137931,0.0764769693187878
"739",0,0,NA
"740",0.555023923444976,0.550239234449761,0.0437612382578354
"741",0.594594594594595,0.513513513513513,0.237136445012767
"742",0.8,0.6,1
"743",0.583333333333333,0.5,0.226189380204216
"744",0,0,NA
"745",0.625,0.625,0.562376306110149
"746",0.5,0.5,0.599999999994732
"747",0,0,NA
"748",0.4,0.4,0.5
"749",0.5,0.333333333333333,0.275723956522893
"750",0,0,NA
"751",0.509433962264151,0.471698113207547,0.110742450056361
"752",0,0,NA
"753",0,0,NA
"754",0.571428571428571,0.571428571428571,0.664800545212236
"755",0.666666666666667,0.666666666666667,0.8
"756",0.666666666666667,0.666666666666667,1
"757",0.547826086956522,0.539130434782609,0.0764691538841423
"758",0.5,0.5,1
"759",0.681818181818182,0.590909090909091,0.314770646088453
"760",0.558139534883721,0.482558139534884,0.0504054664244394
"761",0.68,0.64,0.330173396278021
"762",0.575,0.55,0.181989076125862
"763",0.641975308641975,0.604938271604938,0.117372814128379
"764",0,0,NA
"765",0,0,NA
"766",0.75,0.75,1
"767",0.625,0.375,0.308014985356486
"768",0,0,NA
"769",0.567567567567568,0.405405405405405,0.189240188116093
"770",0.466666666666667,0.40952380952381,0.0637703268134402
"771",0,0,NA
"772",0.549019607843137,0.509803921568627,0.188614578783563
"773",0.550724637681159,0.507246376811594,0.126746124695257
"774",0,0,NA
"775",0,0,NA
"776",0.666666666666667,0.666666666666667,1
"777",0.526717557251908,0.488549618320611,0.0637144012531707
"778",0.628571428571429,0.542857142857143,0.311358709881314
"779",0.636363636363636,0.454545454545455,0.69947787527467
"780",0.6,0.542857142857143,0.080484823020718
"781",0,0,NA
"782",0.5,0.5,1
"783",0,0,NA
"784",0.566666666666667,0.533333333333333,0.181634807804138
"785",0,0,NA
"786",0.613636363636364,0.579545454545455,0.118518259719171
"787",0.576923076923077,0.538461538461538,0.121704220866695
"788",0.55,0.45,0.472086181161095
"789",0.578947368421053,0.526315789473684,0.413080974288303
"790",0.543478260869565,0.5,0.161462445431062
"791",0.2,0.2,0.249998259435937
"792",0.75,0.25,1
"793",0.595238095238095,0.523809523809524,0.301413878519999
"794",0,0,NA
"795",0,0,NA
"796",0,0,NA
"797",0.555555555555556,0.54320987654321,0.157021909310029
"798",0.607142857142857,0.607142857142857,0.428670621460691
"799",0,0,NA
"800",0.578947368421053,0.5,0.257524661629569
"801",0.542168674698795,0.566265060240964,0.107334888194317
"802",0.545454545454545,0.509090909090909,0.0403296874661284
"803",0.552631578947368,0.552631578947368,0.206718670010188
"804",0,0,0
"805",0,0,NA
"806",0.623853211009174,0.587155963302752,0.0872609447818709
"807",0.4,0.4,0.499999999948979
"808",0.506849315068493,0.479452054794521,0.0896373957535111
"809",0.576642335766423,0.547445255474453,0.0654816536788078
"810",0.5,0.5,1
"811",0,0,NA
"812",0,0,NA
"813",0.526717557251908,0.480916030534351,0.0488778877124609
"814",0.564102564102564,0.538461538461538,0.136997686714079
"815",0.695652173913043,0.608695652173913,0.397593249226664
"816",0.558558558558559,0.536036036036036,0.0547882723168269
"817",0.608695652173913,0.565217391304348,0.386635973010264
"818",0.622222222222222,0.6,0.237252952436137
"819",0.60126582278481,0.569620253164557,0.0751512484952681
"820",0.714285714285714,0.714285714285714,0.832765920993978
"821",0.542372881355932,0.457627118644068,0.10363338780984
"822",0.5,0.5,0.666666666666667
"823",0.5,0.5,1
"824",0.8,0.8,1
"825",0.529411764705882,0.482352941176471,0.0917019392809045
"826",0.560606060606061,0.484848484848485,0.126333034751781
"827",0,0,0
"828",0.555555555555556,0.537037037037037,0.0711222037350974
"829",0.559090909090909,0.572727272727273,0.0490725635274406
"830",0,0,0
"831",0.533333333333333,0.333333333333333,0.231037575129576
"832",0.542372881355932,0.508474576271186,0.161703922892787
"833",0,0,NA
"834",0.5,0,1
"835",0.601941747572815,0.538834951456311,0.0517265657794314
"836",0.6,0.4,1
"837",0,0,NA
"838",0.642857142857143,0.357142857142857,0.44004778323543
"839",0.652777777777778,0.597222222222222,0.131451508998836
"840",0.538461538461538,0.423076923076923,0.229880824466511
"841",0.538834951456311,0.529126213592233,0.058918275565694
"842",0.569444444444444,0.527777777777778,0.118482644995408
"843",0.625,0.59375,0.213453972768415
"844",0.5,0.5,0.571391258296525
"845",0,0,NA
"846",0.569444444444444,0.513888888888889,0.146056362638913
"847",0.565217391304348,0.391304347826087,0.297272288566082
"848",0,0,NA
"849",0.597014925373134,0.562189054726368,0.0546896145993326
"850",0,0,0
"851",0.545454545454545,0.545454545454545,0.450803865838371
"852",0.608695652173913,0.565217391304348,0.116189510670952
"853",0.666666666666667,0.333333333333333,1
"854",0.536585365853659,0.51219512195122,0.184053070028959
"855",0.5,0.25,0.662522783048972
"856",0.446808510638298,0.404255319148936,0.133489488531477
"857",0,0,NA
"858",0.549618320610687,0.480916030534351,0.0837583336664547
"859",0.587628865979381,0.54639175257732,0.118544218488508
"860",0.757575757575758,0.575757575757576,0.345103686736252
"861",0.5,0.5,0.6
"862",0.55,0.45,0.160773833604109
"863",0.508474576271186,0.525423728813559,0.168497538443524
"864",0.537313432835821,0.447761194029851,0.119400477777732
"865",0.444444444444444,0.407407407407407,0.229872687318974
"866",0.627118644067797,0.576271186440678,0.187162348199917
"867",0.647058823529412,0.607843137254902,0.195434734093071
"868",0,0,0
"869",0.619047619047619,0.571428571428571,0.494752380008868
"870",0.541871921182266,0.517241379310345,0.0330773927385579
"871",0,0,NA
"872",0.8,0.8,1
"873",0,0,NA
"874",0.644067796610169,0.610169491525424,0.17768247236586
"875",0,0,NA
"876",0.75,0.5,1
"877",0.573333333333333,0.52,0.117192685761569
"878",0,0,NA
"879",0,0,NA
"880",0.571428571428571,0.506493506493506,0.130918786663677
"881",0.666666666666667,0.333333333333333,1
"882",0.556962025316456,0.506329113924051,0.126977146386497
"883",0.577586206896552,0.577586206896552,0.11811302318822
"884",0.577319587628866,0.536082474226804,0.0529921958853785
"885",0,0,NA
"886",0.60377358490566,0.60377358490566,0.241082100951441
"887",0.333333333333333,0.333333333333333,0.5
"888",0.692307692307692,0.653846153846154,0.500908038431416
"889",0.5,0,1
"890",0.689655172413793,0.637931034482759,0.178202398736895
"891",0,0,NA
"892",0,0,NA
"893",0.573333333333333,0.573333333333333,0.18569151262424
"894",0.662337662337662,0.623376623376623,0.16273324827577
"895",0.557894736842105,0.494736842105263,0.103921243323812
"896",0.611111111111111,0.583333333333333,0.322309860661633
"897",0.666666666666667,0.666666666666667,1
"898",0.583333333333333,0.583333333333333,0.135084565332927
"899",0,0,NA
"900",0.666666666666667,0.333333333333333,1
"901",0.65,0.65,0.679612972767633
"902",0,0,NA
"903",0.571428571428571,0.519480519480519,0.0786893278719703
"904",0,0,NA
"905",0.583333333333333,0.520833333333333,0.161161259120521
"906",0.537037037037037,0.462962962962963,0.0844687058693269
"907",0.526315789473684,0.473684210526316,0.444812744457129
"908",0,0,NA
"909",0.555555555555556,0.555555555555556,0.514592429526157
"910",0.6,0.6,0.749487314115021
"911",0.578947368421053,0.517543859649123,0.0885104233605181
"912",0.578947368421053,0.473684210526316,0.468881489911103
"913",0.557046979865772,0.523489932885906,0.0472934717614837
"914",0.62,0.54,0.163298331262228
"915",0.565217391304348,0.543478260869565,0.235353296791854
"916",0.565217391304348,0.5,0.189382267674895
"917",0.579439252336449,0.570093457943925,0.10572332731767
"918",0,0,NA
"919",0.571428571428571,0.485714285714286,0.293332564585991
"920",0,0,NA
"921",0.488372093023256,0.476744186046512,0.11490944522784
"922",0.531914893617021,0.50354609929078,0.0595667898591687
"923",0.590909090909091,0.558441558441558,0.0792587985878201
"924",0.645569620253165,0.569620253164557,0.117352082027568
"925",0.5,0.4,0.323713490000437
"926",0.636363636363636,0.545454545454545,0.271626083466135
"927",0,0,NA
"928",0,0,NA
"929",0.586666666666667,0.533333333333333,0.144981006993008
"930",0.5,0.5,1
"931",0.714285714285714,0.714285714285714,0.833333333333333
"932",0,0,NA
"933",0.555555555555556,0.5,0.38930811386964
"934",0.6,0,0.000166421551300913
"935",0.625,0.616071428571429,0.0916608282261169
"936",0,0,NA
"937",0,0,NA
"938",0.548076923076923,0.509615384615385,0.0921925392426999
"939",0.54320987654321,0.54320987654321,0.0626142174741948
"940",0.522935779816514,0.486238532110092,0.112021372935413
"941",0.588235294117647,0.588235294117647,0.433834974717358
"942",0.597014925373134,0.567164179104478,0.161531769001975
"943",0.591549295774648,0.507042253521127,0.106196091504941
"944",0.535211267605634,0.47887323943662,0.120176225186489
"945",0.596638655462185,0.554621848739496,0.0920992868425567
"946",0.623456790123457,0.567901234567901,0.0625265329464102
"947",0.428571428571429,0.285714285714286,0.20056198828738
"948",0.5,0.5,1
"949",0.571428571428571,0.531746031746032,0.0756689276992944
"950",0.571428571428571,0.5,0.608335795436964
"951",0.555555555555556,0.555555555555556,0.585467512206852
"952",0.639344262295082,0.639344262295082,0.186451073312907
"953",0.666666666666667,0.666666666666667,0.799999763558226
"954",0,0,NA
"955",0.681818181818182,0.545454545454545,0.400045680628911
"956",0.5,0.25,0.333333332929655
"957",0.333333333333333,0.333333333333333,0.499999958833757
"958",0.552083333333333,0.572916666666667,0.102833725062409
"959",0,0,NA
"960",0.666666666666667,0.555555555555556,0.625328959071941
"961",0,0,NA
"962",0.60655737704918,0.590163934426229,0.149809247232049
"963",0.571428571428571,0.571428571428571,0.401705388971935
"964",0,0,0
"965",0,0,NA
"966",0.5,0.441176470588235,0.0649262088007432
"967",0.5,0.5,1
"968",0.590909090909091,0.53030303030303,0.122501549991099
"969",0.546961325966851,0.513812154696133,0.0519500285921692
"970",0.560606060606061,0.53030303030303,0.115957369404952
"971",0.55,0.483333333333333,0.177809997217928
"972",0.551282051282051,0.487179487179487,0.0617996790815243
"973",0.656862745098039,0.598039215686274,0.127076469699202
"974",0.511904761904762,0.464285714285714,0.0810905734994637
"975",0,0,NA
"976",0.655172413793103,0.620689655172414,0.405746351305763
"977",0,0,NA
"978",0.492063492063492,0.46031746031746,0.138551034870908
"979",0.5,0.5,0.666666666666667
"980",0.666666666666667,0.666666666666667,1
"981",0.604395604395604,0.587912087912088,0.0680751904161763
"982",0.574626865671642,0.559701492537313,0.072922648780755
"983",0,0,NA
"984",0,0,NA
"985",0,0,NA
"986",0,0,NA
"987",0.54601226993865,0.50920245398773,0.063630317009158
"988",0.657894736842105,0.657894736842105,0.287032164273989
"989",0.577464788732394,0.507042253521127,0.110519388177612
"990",0.602941176470588,0.558823529411765,0.129673018156882
"991",0.666666666666667,0.666666666666667,1
"992",0,0,NA
"993",0.333333333333333,0.333333333333333,0.5
"994",0,0,NA
"995",0,0,NA
"996",0.6,0.6,0.557277447850174
"997",0.60377358490566,0.584905660377358,0.0923943889680487
"998",0.25,0,3.09774573344827e-21
"999",0.605442176870748,0.54421768707483,0.0860467412021442
"1000",0,0,NA
