"ID","SIZE","HH","TYPE","TIME","S_NUM","I_NUM"
1,5,1,"0",NA,NA,0
2,5,1,NA,NA,NA,0
3,5,1,NA,NA,NA,0
4,5,1,"C",123,3,0
5,5,1,NA,NA,NA,0
6,4,2,NA,NA,NA,0
7,4,2,"H",168,1,0
8,4,2,"E",NA,3,1
9,4,2,"H",149,2,1
10,3,3,NA,NA,NA,0
11,3,3,NA,NA,NA,0
12,3,3,NA,NA,NA,0
13,4,4,"H",NA,1,0
14,4,4,"E",NA,3,0
15,4,4,"C",139,2,1
16,4,4,NA,NA,NA,0
17,3,5,NA,NA,NA,0
18,3,5,NA,NA,NA,0
19,3,5,NA,NA,NA,0
20,6,6,NA,NA,NA,0
21,6,6,NA,NA,NA,0
22,6,6,NA,NA,NA,0
23,6,6,NA,NA,NA,0
24,6,6,NA,NA,NA,0
25,6,6,NA,NA,NA,0
26,3,7,NA,NA,NA,0
27,3,7,NA,NA,NA,0
28,3,7,"E",197,2,0
29,4,8,NA,NA,NA,0
30,4,8,NA,NA,NA,0
31,4,8,"C",NA,3,0
32,4,8,NA,NA,NA,0
33,3,9,"C",312,2,1
34,3,9,"H",336,1,0
35,3,9,NA,NA,NA,0
36,3,10,NA,NA,NA,0
37,3,10,NA,NA,NA,0
38,3,10,NA,NA,NA,0
39,6,11,"E",NA,4,0
40,6,11,NA,NA,NA,0
41,6,11,NA,NA,NA,0
42,6,11,"C",NA,4,0
43,6,11,NA,NA,NA,0
44,6,11,NA,NA,NA,0
45,4,12,"H",158,1,0
46,4,12,NA,NA,NA,0
47,4,12,"C",NA,2,1
48,4,12,"C",58,3,0
49,6,13,"H",NA,4,1
50,6,13,NA,NA,NA,0
51,6,13,NA,NA,NA,0
52,6,13,"E",NA,5,1
53,6,13,NA,NA,NA,0
54,6,13,"H",352,3,0
55,5,14,NA,NA,NA,0
56,5,14,NA,NA,NA,0
57,5,14,NA,NA,NA,0
58,5,14,NA,NA,NA,0
59,5,14,NA,NA,NA,0
60,4,15,NA,NA,NA,0
61,4,15,NA,NA,NA,0
62,4,15,NA,NA,NA,0
63,4,15,NA,NA,NA,0
64,3,16,NA,NA,NA,0
65,3,16,NA,NA,NA,0
66,3,16,NA,NA,NA,0
67,6,17,"H",189,0,0
68,6,17,"H",NA,0,0
69,6,17,"H",NA,1,1
70,6,17,"C",121,5,2
71,6,17,"H",141,2,1
72,6,17,"H",141,3,1
73,6,18,NA,NA,NA,0
74,6,18,NA,NA,NA,0
75,6,18,NA,NA,NA,0
76,6,18,NA,NA,NA,0
77,6,18,NA,NA,NA,0
78,6,18,NA,NA,NA,0
79,6,19,NA,NA,NA,0
80,6,19,NA,NA,NA,0
81,6,19,NA,NA,NA,0
82,6,19,NA,NA,NA,0
83,6,19,NA,NA,NA,0
84,6,19,NA,NA,NA,0
85,3,20,NA,NA,NA,0
86,3,20,NA,NA,NA,0
87,3,20,NA,NA,NA,0
88,5,21,NA,NA,NA,0
89,5,21,NA,NA,NA,0
90,5,21,NA,NA,NA,0
91,5,21,NA,NA,NA,0
92,5,21,"C",NA,4,0
93,3,22,"E",NA,2,1
94,3,22,"H",81,1,0
95,3,22,"C",NA,0,0
96,4,23,"H",NA,0,0
97,4,23,"H",222,1,1
98,4,23,"C",186,3,2
99,4,23,"H",NA,0,0
100,4,24,"H",NA,0,0
101,4,24,"E",55,3,3
102,4,24,"H",102,0,0
103,4,24,"H",79,0,0
104,4,25,NA,NA,NA,0
105,4,25,NA,NA,NA,0
106,4,25,NA,NA,NA,0
107,4,25,NA,NA,NA,0
108,3,26,NA,NA,NA,0
109,3,26,NA,NA,NA,0
110,3,26,NA,NA,NA,0
111,3,27,NA,NA,NA,0
112,3,27,NA,NA,NA,0
113,3,27,NA,NA,NA,0
114,4,28,NA,NA,NA,0
115,4,28,NA,NA,NA,0
116,4,28,NA,NA,NA,0
117,4,28,NA,NA,NA,0
118,6,29,"E",NA,5,1
119,6,29,"C",NA,3,0
120,6,29,NA,NA,NA,0
121,6,29,NA,NA,NA,0
122,6,29,NA,NA,NA,0
123,6,29,"H",NA,4,0
124,5,30,NA,NA,NA,0
125,5,30,NA,NA,NA,0
126,5,30,NA,NA,NA,0
127,5,30,NA,NA,NA,0
128,5,30,NA,NA,NA,0
129,5,31,"C",225,4,1
130,5,31,NA,NA,NA,0
131,5,31,"E",NA,2,0
132,5,31,"H",NA,3,0
133,5,31,NA,NA,NA,0
134,3,32,NA,NA,NA,0
135,3,32,NA,NA,NA,0
136,3,32,NA,NA,NA,0
137,4,33,"C",333,1,0
138,4,33,"H",170,2,0
139,4,33,"E",127,3,1
140,4,33,NA,NA,NA,0
141,5,34,NA,NA,NA,0
142,5,34,"E",368,4,0
143,5,34,NA,NA,NA,0
144,5,34,NA,NA,NA,0
145,5,34,NA,NA,NA,0
146,6,35,NA,NA,NA,0
147,6,35,NA,NA,NA,0
148,6,35,NA,NA,NA,0
149,6,35,NA,NA,NA,0
150,6,35,NA,NA,NA,0
151,6,35,NA,NA,NA,0
152,3,36,NA,NA,NA,0
153,3,36,NA,NA,NA,0
154,3,36,"C",202,2,0
155,4,37,NA,NA,NA,0
156,4,37,NA,NA,NA,0
157,4,37,NA,NA,NA,0
158,4,37,NA,NA,NA,0
159,5,38,NA,NA,NA,0
160,5,38,NA,NA,NA,0
161,5,38,NA,NA,NA,0
162,5,38,NA,NA,NA,0
163,5,38,NA,NA,NA,0
164,5,39,NA,NA,NA,0
165,5,39,NA,NA,NA,0
166,5,39,NA,NA,NA,0
167,5,39,"C",NA,4,0
168,5,39,NA,NA,NA,0
169,3,40,"H",208,1,0
170,3,40,"C",177,2,1
171,3,40,NA,NA,NA,0
172,6,41,"H",NA,1,0
173,6,41,"H",NA,1,0
174,6,41,"H",NA,1,1
175,6,41,"E",NA,1,0
176,6,41,"H",117,0,0
177,6,41,"E",40,4,3
178,5,42,"H",228,0,0
179,5,42,"H",217,0,0
180,5,42,"C",175,4,3
181,5,42,"H",194,1,1
182,5,42,"H",NA,1,0
183,6,43,NA,NA,NA,0
184,6,43,NA,NA,NA,0
185,6,43,NA,NA,NA,0
186,6,43,NA,NA,NA,0
187,6,43,NA,NA,NA,0
188,6,43,NA,NA,NA,0
189,6,44,NA,NA,NA,0
190,6,44,NA,NA,NA,0
191,6,44,NA,NA,NA,0
192,6,44,NA,NA,NA,0
193,6,44,NA,NA,NA,0
194,6,44,NA,NA,NA,0
195,6,45,NA,NA,NA,0
196,6,45,NA,NA,NA,0
197,6,45,NA,NA,NA,0
198,6,45,NA,NA,NA,0
199,6,45,NA,NA,NA,0
200,6,45,NA,NA,NA,0
201,3,46,NA,NA,NA,0
202,3,46,NA,NA,NA,0
203,3,46,NA,NA,NA,0
204,5,47,NA,NA,NA,0
205,5,47,NA,NA,NA,0
206,5,47,NA,NA,NA,0
207,5,47,NA,NA,NA,0
208,5,47,NA,NA,NA,0
209,3,48,NA,NA,NA,0
210,3,48,NA,NA,NA,0
211,3,48,NA,NA,NA,0
212,4,49,NA,NA,NA,0
213,4,49,NA,NA,NA,0
214,4,49,NA,NA,NA,0
215,4,49,NA,NA,NA,0
216,6,50,NA,NA,NA,0
217,6,50,NA,NA,NA,0
218,6,50,NA,NA,NA,0
219,6,50,NA,NA,NA,0
220,6,50,NA,NA,NA,0
221,6,50,NA,NA,NA,0
222,5,51,"H",NA,1,0
223,5,51,"H",NA,2,1
224,5,51,"C",NA,4,2
225,5,51,NA,NA,NA,0
226,5,51,"H",227,1,0
227,6,52,NA,NA,NA,0
228,6,52,NA,NA,NA,0
229,6,52,NA,NA,NA,0
230,6,52,NA,NA,NA,0
231,6,52,NA,NA,NA,0
232,6,52,NA,NA,NA,0
233,6,53,NA,NA,NA,0
234,6,53,NA,NA,NA,0
235,6,53,NA,NA,NA,0
236,6,53,NA,NA,NA,0
237,6,53,NA,NA,NA,0
238,6,53,NA,NA,NA,0
239,4,54,NA,NA,NA,0
240,4,54,NA,NA,NA,0
241,4,54,NA,NA,NA,0
242,4,54,NA,NA,NA,0
243,5,55,NA,NA,NA,0
244,5,55,"C",NA,4,0
245,5,55,NA,NA,NA,0
246,5,55,NA,NA,NA,0
247,5,55,NA,NA,NA,0
248,4,56,NA,NA,NA,0
249,4,56,NA,NA,NA,0
250,4,56,NA,NA,NA,0
251,4,56,NA,NA,NA,0
252,4,57,NA,NA,NA,0
253,4,57,NA,NA,NA,0
254,4,57,NA,NA,NA,0
255,4,57,NA,NA,NA,0
256,4,58,NA,NA,NA,0
257,4,58,NA,NA,NA,0
258,4,58,"C",101,3,0
259,4,58,NA,NA,NA,0
260,3,59,NA,NA,NA,0
261,3,59,NA,NA,NA,0
262,3,59,NA,NA,NA,0
263,3,60,"H",NA,1,0
264,3,60,NA,NA,NA,0
265,3,60,"E",88,2,1
266,5,61,NA,NA,NA,0
267,5,61,NA,NA,NA,0
268,5,61,NA,NA,NA,0
269,5,61,NA,NA,NA,0
270,5,61,NA,NA,NA,0
271,5,62,NA,NA,NA,0
272,5,62,NA,NA,NA,0
273,5,62,NA,NA,NA,0
274,5,62,"E",153,4,0
275,5,62,NA,NA,NA,0
276,4,63,"E",140,3,1
277,4,63,NA,NA,NA,0
278,4,63,NA,NA,NA,0
279,4,63,"H",171,2,0
280,5,64,NA,NA,NA,0
281,5,64,NA,NA,NA,0
282,5,64,"H",NA,NA,0
283,5,64,NA,NA,NA,0
284,5,64,"E",NA,4,1
285,5,65,NA,NA,NA,0
286,5,65,NA,NA,NA,0
287,5,65,"H",144,3,0
288,5,65,NA,NA,NA,0
289,5,65,"C",121,4,1
290,3,66,"C",131,2,0
291,3,66,NA,NA,NA,0
292,3,66,NA,NA,NA,0
293,3,67,NA,NA,NA,0
294,3,67,NA,NA,NA,0
295,3,67,NA,NA,NA,0
296,3,68,NA,NA,NA,0
297,3,68,NA,NA,NA,0
298,3,68,NA,NA,NA,0
299,4,69,"C",221,3,1
300,4,69,"H",NA,1,0
301,4,69,"H",236,2,1
302,4,69,NA,NA,NA,0
303,4,70,NA,NA,NA,0
304,4,70,NA,NA,NA,0
305,4,70,NA,NA,NA,0
306,4,70,NA,NA,NA,0
307,5,71,NA,NA,NA,0
308,5,71,NA,NA,NA,0
309,5,71,NA,NA,NA,0
310,5,71,NA,NA,NA,0
311,5,71,NA,NA,NA,0
312,6,72,NA,NA,NA,0
313,6,72,NA,NA,NA,0
314,6,72,NA,NA,NA,0
315,6,72,"C",227,5,1
316,6,72,"H",NA,4,0
317,6,72,NA,NA,NA,0
318,3,73,NA,NA,NA,0
319,3,73,NA,NA,NA,0
320,3,73,NA,NA,NA,0
321,4,74,NA,NA,NA,0
322,4,74,NA,NA,NA,0
323,4,74,"E",364,3,1
324,4,74,"H",NA,NA,0
325,5,75,"H",NA,1,0
326,5,75,"C",NA,4,1
327,5,75,"H",214,1,0
328,5,75,"E",305,0,0
329,5,75,"H",NA,3,2
330,3,76,NA,NA,NA,0
331,3,76,NA,NA,NA,0
332,3,76,NA,NA,NA,0
333,6,77,NA,NA,NA,0
334,6,77,NA,NA,NA,0
335,6,77,NA,NA,NA,0
336,6,77,"C",NA,NA,0
337,6,77,NA,NA,NA,0
338,6,77,NA,NA,NA,0
339,3,78,"C",NA,2,0
340,3,78,NA,NA,NA,0
341,3,78,NA,NA,NA,0
342,4,79,"H",157,0,0
343,4,79,"E",131,3,2
344,4,79,"H",192,0,0
345,4,79,"H",NA,1,1
346,6,80,"C",NA,5,0
347,6,80,NA,NA,NA,0
348,6,80,NA,NA,NA,0
349,6,80,NA,NA,NA,0
350,6,80,NA,NA,NA,0
351,6,80,NA,NA,NA,0
352,5,81,"E",NA,4,0
353,5,81,NA,NA,NA,0
354,5,81,NA,NA,NA,0
355,5,81,NA,NA,NA,0
356,5,81,NA,NA,NA,0
357,6,82,"H",NA,1,1
358,6,82,"E",239,3,1
359,6,82,"H",NA,3,0
360,6,82,"H",NA,0,0
361,6,82,"H",NA,2,1
362,6,82,"C",NA,5,1
363,5,83,"H",NA,0,0
364,5,83,"H",208,1,1
365,5,83,"H",236,0,0
366,5,83,"E",170,4,2
367,5,83,"C",NA,1,0
368,4,84,"H",NA,0,0
369,4,84,"C",NA,3,2
370,4,84,"H",265,1,1
371,4,84,"H",NA,1,0
372,4,85,"C",143,2,1
373,4,85,NA,NA,NA,0
374,4,85,"H",NA,1,0
375,4,85,"E",174,1,0
376,5,86,"E",NA,4,0
377,5,86,NA,NA,NA,0
378,5,86,NA,NA,NA,0
379,5,86,NA,NA,NA,0
380,5,86,NA,NA,NA,0
381,3,87,"C",164,2,1
382,3,87,"H",NA,0,0
383,3,87,"H",NA,1,1
384,6,88,NA,NA,NA,0
385,6,88,"H",NA,NA,0
386,6,88,"C",340,5,1
387,6,88,NA,NA,NA,0
388,6,88,NA,NA,NA,0
389,6,88,NA,NA,NA,0
390,5,89,NA,NA,NA,0
391,5,89,NA,NA,NA,0
392,5,89,NA,NA,NA,0
393,5,89,NA,NA,NA,0
394,5,89,NA,NA,NA,0
395,5,90,NA,NA,NA,0
396,5,90,NA,NA,NA,0
397,5,90,NA,NA,NA,0
398,5,90,NA,NA,NA,0
399,5,90,NA,NA,NA,0
400,6,91,NA,NA,NA,0
401,6,91,NA,NA,NA,0
402,6,91,NA,NA,NA,0
403,6,91,NA,NA,NA,0
404,6,91,NA,NA,NA,0
405,6,91,NA,NA,NA,0
406,6,92,"H",314,3,1
407,6,92,NA,NA,NA,0
408,6,92,"E",233,5,1
409,6,92,"H",281,4,1
410,6,92,"H",331,2,0
411,6,92,NA,NA,NA,0
412,3,93,NA,NA,NA,0
413,3,93,NA,NA,NA,0
414,3,93,NA,NA,NA,0
415,4,94,NA,NA,NA,0
416,4,94,NA,NA,NA,0
417,4,94,NA,NA,NA,0
418,4,94,NA,NA,NA,0
419,5,95,NA,NA,NA,0
420,5,95,NA,NA,NA,0
421,5,95,NA,NA,NA,0
422,5,95,NA,NA,NA,0
423,5,95,NA,NA,NA,0
424,5,96,"E",262,4,1
425,5,96,NA,NA,NA,0
426,5,96,"H",326,3,0
427,5,96,NA,NA,NA,0
428,5,96,NA,NA,NA,0
429,3,97,NA,NA,NA,0
430,3,97,"E",75,2,0
431,3,97,NA,NA,NA,0
432,3,98,NA,NA,NA,0
433,3,98,NA,NA,NA,0
434,3,98,NA,NA,NA,0
435,6,99,NA,NA,NA,0
436,6,99,NA,NA,NA,0
437,6,99,NA,NA,NA,0
438,6,99,NA,NA,NA,0
439,6,99,NA,NA,NA,0
440,6,99,NA,NA,NA,0
441,5,100,NA,NA,NA,0
442,5,100,NA,NA,NA,0
443,5,100,NA,NA,NA,0
444,5,100,NA,NA,NA,0
445,5,100,"E",286,4,0
446,5,101,NA,NA,NA,0
447,5,101,"C",182,4,1
448,5,101,NA,NA,NA,0
449,5,101,"H",NA,3,1
450,5,101,"H",258,2,0
451,5,102,NA,NA,NA,0
452,5,102,NA,NA,NA,0
453,5,102,NA,NA,NA,0
454,5,102,NA,NA,NA,0
455,5,102,"C",367,4,0
456,4,103,"H",NA,0,0
457,4,103,"H",140,2,2
458,4,103,"H",183,0,0
459,4,103,"E",NA,3,1
460,4,104,NA,NA,NA,0
461,4,104,NA,NA,NA,0
462,4,104,NA,NA,NA,0
463,4,104,NA,NA,NA,0
464,4,105,"H",NA,1,1
465,4,105,"C",NA,3,2
466,4,105,"H",138,0,0
467,4,105,"H",169,0,0
468,5,106,NA,NA,NA,0
469,5,106,NA,NA,NA,0
470,5,106,NA,NA,NA,0
471,5,106,NA,NA,NA,0
472,5,106,NA,NA,NA,0
473,3,107,NA,NA,NA,0
474,3,107,NA,NA,NA,0
475,3,107,NA,NA,NA,0
476,4,108,NA,NA,NA,0
477,4,108,NA,NA,NA,0
478,4,108,NA,NA,NA,0
479,4,108,NA,NA,NA,0
480,4,109,NA,NA,NA,0
481,4,109,NA,NA,NA,0
482,4,109,NA,NA,NA,0
483,4,109,NA,NA,NA,0
484,4,110,NA,NA,NA,0
485,4,110,NA,NA,NA,0
486,4,110,NA,NA,NA,0
487,4,110,NA,NA,NA,0
488,5,111,NA,NA,NA,0
489,5,111,"E",NA,4,0
490,5,111,NA,NA,NA,0
491,5,111,NA,NA,NA,0
492,5,111,NA,NA,NA,0
493,3,112,NA,NA,NA,0
494,3,112,NA,NA,NA,0
495,3,112,"C",NA,2,0
496,4,113,NA,NA,NA,0
497,4,113,NA,NA,NA,0
498,4,113,NA,NA,NA,0
499,4,113,NA,NA,NA,0
500,4,114,NA,NA,NA,0
501,4,114,NA,NA,NA,0
502,4,114,"C",NA,3,0
503,4,114,"C",NA,NA,0
504,3,115,NA,NA,NA,0
505,3,115,"E",39,2,0
506,3,115,NA,NA,NA,0
507,4,116,"E",311,3,1
508,4,116,"H",359,2,0
509,4,116,NA,NA,NA,0
510,4,116,NA,NA,NA,0
511,6,117,"E",288,0,0
512,6,117,"H",NA,1,1
513,6,117,"E",NA,5,1
514,6,117,"H",NA,2,1
515,6,117,"H",302,0,0
516,6,117,"C",NA,1,0
517,4,118,NA,NA,NA,0
518,4,118,NA,NA,NA,0
519,4,118,"E",NA,NA,0
520,4,118,NA,NA,NA,0
521,3,119,NA,NA,NA,0
522,3,119,NA,NA,NA,0
523,3,119,NA,NA,NA,0
524,3,120,NA,NA,NA,0
525,3,120,NA,NA,NA,0
526,3,120,NA,NA,NA,0
527,6,121,NA,NA,NA,0
528,6,121,NA,NA,NA,0
529,6,121,NA,NA,NA,0
530,6,121,NA,NA,NA,0
531,6,121,NA,NA,NA,0
532,6,121,NA,NA,NA,0
533,4,122,NA,NA,NA,0
534,4,122,NA,NA,NA,0
535,4,122,NA,NA,NA,0
536,4,122,NA,NA,NA,0
537,5,123,NA,NA,NA,0
538,5,123,NA,NA,NA,0
539,5,123,NA,NA,NA,0
540,5,123,NA,NA,NA,0
541,5,123,NA,NA,NA,0
542,4,124,"E",NA,NA,0
543,4,124,NA,NA,NA,0
544,4,124,NA,NA,NA,0
545,4,124,NA,NA,NA,0
546,3,125,NA,NA,NA,0
547,3,125,NA,NA,NA,0
548,3,125,NA,NA,NA,0
549,5,126,NA,NA,NA,0
550,5,126,"H",NA,3,0
551,5,126,NA,NA,NA,0
552,5,126,"E",NA,4,1
553,5,126,NA,NA,NA,0
554,5,127,NA,NA,NA,0
555,5,127,"H",NA,3,1
556,5,127,"H",NA,1,0
557,5,127,"H",NA,2,1
558,5,127,"C",NA,4,1
559,5,128,NA,NA,NA,0
560,5,128,NA,NA,NA,0
561,5,128,NA,NA,NA,0
562,5,128,"E",102,4,0
563,5,128,"E",NA,NA,0
564,5,129,"C",157,2,2
565,5,129,"H",NA,0,0
566,5,129,"H",198,0,0
567,5,129,"H",209,0,0
568,5,129,"E",NA,3,1
569,5,130,"C",106,4,1
570,5,130,"H",NA,3,1
571,5,130,"H",NA,2,0
572,5,130,NA,NA,NA,0
573,5,130,NA,NA,NA,0
574,3,131,"E",NA,1,1
575,3,131,"E",73,2,0
576,3,131,"H",NA,0,0
577,6,132,NA,NA,NA,0
578,6,132,NA,NA,NA,0
579,6,132,NA,NA,NA,0
580,6,132,NA,NA,NA,0
581,6,132,NA,NA,NA,0
582,6,132,NA,NA,NA,0
583,6,133,NA,NA,NA,0
584,6,133,"E",366,4,0
585,6,133,NA,NA,NA,0
586,6,133,"E",NA,NA,0
587,6,133,NA,NA,NA,0
588,6,133,NA,NA,NA,0
589,6,134,"H",NA,0,0
590,6,134,"E",NA,5,1
591,6,134,"H",140,0,0
592,6,134,"H",71,4,1
593,6,134,"H",101,3,1
594,6,134,"C",120,1,1
595,5,135,"C",NA,4,0
596,5,135,"H",369,0,0
597,5,135,"H",357,0,0
598,5,135,"H",NA,0,0
599,5,135,"C",NA,3,3
600,4,136,NA,NA,NA,0
601,4,136,NA,NA,NA,0
602,4,136,NA,NA,NA,0
603,4,136,NA,NA,NA,0
604,4,137,NA,NA,NA,0
605,4,137,NA,NA,NA,0
606,4,137,NA,NA,NA,0
607,4,137,NA,NA,NA,0
608,6,138,NA,NA,NA,0
609,6,138,NA,NA,NA,0
610,6,138,NA,NA,NA,0
611,6,138,NA,NA,NA,0
612,6,138,NA,NA,NA,0
613,6,138,NA,NA,NA,0
614,5,139,NA,NA,NA,0
615,5,139,"H",NA,1,0
616,5,139,"H",155,3,2
617,5,139,"H",NA,1,0
618,5,139,"E",129,4,1
619,5,140,"H",NA,2,2
620,5,140,"C",153,4,2
621,5,140,"H",205,0,0
622,5,140,"H",NA,0,0
623,5,140,"H",232,0,0
624,3,141,"C",NA,2,1
625,3,141,NA,NA,NA,0
626,3,141,"H",368,1,0
627,4,142,NA,NA,NA,0
628,4,142,NA,NA,NA,0
629,4,142,NA,NA,NA,0
630,4,142,NA,NA,NA,0
631,4,143,"E",NA,2,1
632,4,143,"C",75,1,0
633,4,143,NA,NA,NA,0
634,4,143,"H",61,1,0
635,6,144,"H",242,1,1
636,6,144,"H",213,4,2
637,6,144,"C",185,5,1
638,6,144,"H",NA,0,0
639,6,144,"H",281,0,0
640,6,144,"H",NA,2,1
641,5,145,"E",NA,2,1
642,5,145,"E",NA,4,1
643,5,145,"H",NA,2,0
644,5,145,NA,NA,NA,0
645,5,145,"H",NA,1,0
646,6,146,NA,NA,NA,0
647,6,146,"H",174,2,0
648,6,146,"C",139,4,1
649,6,146,"H",170,2,0
650,6,146,"C",NA,3,1
651,6,146,NA,NA,NA,0
652,3,147,NA,NA,NA,0
653,3,147,NA,NA,NA,0
654,3,147,NA,NA,NA,0
655,6,148,NA,NA,NA,0
656,6,148,"E",NA,NA,0
657,6,148,NA,NA,NA,0
658,6,148,NA,NA,NA,0
659,6,148,NA,NA,NA,0
660,6,148,NA,NA,NA,0
661,3,149,NA,NA,NA,0
662,3,149,NA,NA,NA,0
663,3,149,"C",211,2,0
664,4,150,NA,NA,NA,0
665,4,150,NA,NA,NA,0
666,4,150,NA,NA,NA,0
667,4,150,NA,NA,NA,0
668,3,151,NA,NA,NA,0
669,3,151,NA,NA,NA,0
670,3,151,"C",NA,NA,0
671,6,152,NA,NA,NA,0
672,6,152,"H",88,4,1
673,6,152,NA,NA,NA,0
674,6,152,"E",68,5,1
675,6,152,NA,NA,NA,0
676,6,152,"H",NA,3,0
677,4,153,NA,NA,NA,0
678,4,153,NA,NA,NA,0
679,4,153,NA,NA,NA,0
680,4,153,NA,NA,NA,0
681,5,154,NA,NA,NA,0
682,5,154,"H",NA,3,0
683,5,154,NA,NA,NA,0
684,5,154,"E",NA,4,1
685,5,154,NA,NA,NA,0
686,3,155,NA,NA,NA,0
687,3,155,NA,NA,NA,0
688,3,155,NA,NA,NA,0
689,3,156,NA,NA,NA,0
690,3,156,NA,NA,NA,0
691,3,156,NA,NA,NA,0
692,4,157,NA,NA,NA,0
693,4,157,NA,NA,NA,0
694,4,157,NA,NA,NA,0
695,4,157,NA,NA,NA,0
696,3,158,NA,NA,NA,0
697,3,158,NA,NA,NA,0
698,3,158,NA,NA,NA,0
699,4,159,"C",205,3,1
700,4,159,NA,NA,NA,0
701,4,159,NA,NA,NA,0
702,4,159,"H",222,2,0
703,5,160,"H",NA,1,1
704,5,160,"H",NA,0,0
705,5,160,"H",218,3,2
706,5,160,"H",251,1,0
707,5,160,"C",195,4,1
708,5,161,NA,NA,NA,0
709,5,161,NA,NA,NA,0
710,5,161,NA,NA,NA,0
711,5,161,NA,NA,NA,0
712,5,161,"C",96,4,0
713,5,162,NA,NA,NA,0
714,5,162,"C",NA,4,1
715,5,162,NA,NA,NA,0
716,5,162,"H",258,3,0
717,5,162,NA,NA,NA,0
718,4,163,"H",NA,0,0
719,4,163,"H",186,0,0
720,4,163,"H",166,0,0
721,4,163,"E",115,3,3
722,3,164,NA,NA,NA,0
723,3,164,NA,NA,NA,0
724,3,164,NA,NA,NA,0
725,3,165,"E",NA,2,1
726,3,165,"H",224,1,1
727,3,165,"H",NA,0,0
728,4,166,NA,NA,NA,0
729,4,166,NA,NA,NA,0
730,4,166,NA,NA,NA,0
731,4,166,NA,NA,NA,0
732,4,167,NA,NA,NA,0
733,4,167,NA,NA,NA,0
734,4,167,NA,NA,NA,0
735,4,167,"C",NA,NA,0
736,3,168,NA,NA,NA,0
737,3,168,NA,NA,NA,0
738,3,168,NA,NA,NA,0
739,5,169,NA,NA,NA,0
740,5,169,NA,NA,NA,0
741,5,169,NA,NA,NA,0
742,5,169,"C",272,4,0
743,5,169,NA,NA,NA,0
744,5,170,"H",311,2,1
745,5,170,"H",NA,3,1
746,5,170,"H",360,1,0
747,5,170,NA,NA,NA,0
748,5,170,"E",NA,4,1
749,3,171,NA,NA,NA,0
750,3,171,NA,NA,NA,0
751,3,171,NA,NA,NA,0
752,3,172,"C",NA,NA,0
753,3,172,NA,NA,NA,0
754,3,172,NA,NA,NA,0
755,6,173,"H",354,3,1
756,6,173,NA,NA,NA,0
757,6,173,"C",NA,5,2
758,6,173,"H",NA,3,0
759,6,173,"H",NA,NA,0
760,6,173,NA,NA,NA,0
761,5,174,NA,NA,NA,0
762,5,174,NA,NA,NA,0
763,5,174,"E",333,4,0
764,5,174,NA,NA,NA,0
765,5,174,NA,NA,NA,0
766,5,175,NA,NA,NA,0
767,5,175,NA,NA,NA,0
768,5,175,NA,NA,NA,0
769,5,175,"E",149,3,0
770,5,175,"E",NA,3,0
771,4,176,NA,NA,NA,0
772,4,176,NA,NA,NA,0
773,4,176,NA,NA,NA,0
774,4,176,NA,NA,NA,0
775,4,177,"E",358,3,0
776,4,177,NA,NA,NA,0
777,4,177,NA,NA,NA,0
778,4,177,NA,NA,NA,0
779,3,178,NA,NA,NA,0
780,3,178,"C",240,2,0
781,3,178,NA,NA,NA,0
782,3,179,NA,NA,NA,0
783,3,179,NA,NA,NA,0
784,3,179,NA,NA,NA,0
785,4,180,NA,NA,NA,0
786,4,180,NA,NA,NA,0
787,4,180,NA,NA,NA,0
788,4,180,NA,NA,NA,0
789,6,181,"E",NA,4,1
790,6,181,NA,NA,NA,0
791,6,181,"C",NA,4,0
792,6,181,NA,NA,NA,0
793,6,181,"H",107,3,0
794,6,181,NA,NA,NA,0
795,5,182,"C",213,3,1
796,5,182,NA,NA,NA,0
797,5,182,"E",203,3,0
798,5,182,NA,NA,NA,0
799,5,182,"H",NA,2,0
800,6,183,NA,NA,NA,0
801,6,183,NA,NA,NA,0
802,6,183,NA,NA,NA,0
803,6,183,NA,NA,NA,0
804,6,183,NA,NA,NA,0
805,6,183,NA,NA,NA,0
806,3,184,NA,NA,NA,0
807,3,184,"H",NA,1,0
808,3,184,"C",138,2,1
809,5,185,NA,NA,NA,0
810,5,185,NA,NA,NA,0
811,5,185,NA,NA,NA,0
812,5,185,NA,NA,NA,0
813,5,185,NA,NA,NA,0
814,6,186,NA,NA,NA,0
815,6,186,NA,NA,NA,0
816,6,186,NA,NA,NA,0
817,6,186,NA,NA,NA,0
818,6,186,NA,NA,NA,0
819,6,186,NA,NA,NA,0
820,3,187,NA,NA,NA,0
821,3,187,NA,NA,NA,0
822,3,187,NA,NA,NA,0
823,6,188,"H",NA,4,1
824,6,188,"E",NA,5,1
825,6,188,"H",261,3,1
826,6,188,"H",NA,0,0
827,6,188,"E",NA,1,1
828,6,188,"H",295,1,0
829,6,189,"H",300,0,0
830,6,189,"H",199,2,1
831,6,189,"H",NA,1,1
832,6,189,"H",120,4,2
833,6,189,"H",132,2,0
834,6,189,"E",67,5,1
835,3,190,NA,NA,NA,0
836,3,190,NA,NA,NA,0
837,3,190,NA,NA,NA,0
838,3,191,NA,NA,NA,0
839,3,191,NA,NA,NA,0
840,3,191,NA,NA,NA,0
841,3,192,NA,NA,NA,0
842,3,192,NA,NA,NA,0
843,3,192,NA,NA,NA,0
844,3,193,NA,NA,NA,0
845,3,193,NA,NA,NA,0
846,3,193,NA,NA,NA,0
847,4,194,NA,NA,NA,0
848,4,194,NA,NA,NA,0
849,4,194,NA,NA,NA,0
850,4,194,NA,NA,NA,0
851,5,195,"C",NA,4,3
852,5,195,"H",218,0,0
853,5,195,"H",157,1,0
854,5,195,"H",171,1,1
855,5,195,"H",NA,1,0
856,3,196,NA,NA,NA,0
857,3,196,NA,NA,NA,0
858,3,196,NA,NA,NA,0
859,5,197,NA,NA,NA,0
860,5,197,NA,NA,NA,0
861,5,197,NA,NA,NA,0
862,5,197,NA,NA,NA,0
863,5,197,NA,NA,NA,0
864,3,198,NA,NA,NA,0
865,3,198,NA,NA,NA,0
866,3,198,NA,NA,NA,0
867,4,199,NA,NA,NA,0
868,4,199,NA,NA,NA,0
869,4,199,NA,NA,NA,0
870,4,199,NA,NA,NA,0
871,5,200,NA,NA,NA,0
872,5,200,NA,NA,NA,0
873,5,200,NA,NA,NA,0
874,5,200,NA,NA,NA,0
875,5,200,NA,NA,NA,0
876,5,201,"H",NA,2,0
877,5,201,"E",287,4,2
878,5,201,NA,NA,NA,0
879,5,201,NA,NA,NA,0
880,5,201,"H",NA,2,0
881,5,202,"E",NA,4,0
882,5,202,NA,NA,NA,0
883,5,202,NA,NA,NA,0
884,5,202,NA,NA,NA,0
885,5,202,NA,NA,NA,0
886,5,203,NA,NA,NA,0
887,5,203,NA,NA,NA,0
888,5,203,"E",NA,4,1
889,5,203,"H",NA,NA,0
890,5,203,NA,NA,NA,0
891,3,204,NA,NA,NA,0
892,3,204,NA,NA,NA,0
893,3,204,NA,NA,NA,0
894,3,205,NA,NA,NA,0
895,3,205,"C",NA,2,0
896,3,205,NA,NA,NA,0
897,3,206,NA,NA,NA,0
898,3,206,NA,NA,NA,0
899,3,206,"E",NA,2,0
900,5,207,NA,NA,NA,0
901,5,207,NA,NA,NA,0
902,5,207,NA,NA,NA,0
903,5,207,NA,NA,NA,0
904,5,207,NA,NA,NA,0
905,4,208,NA,NA,NA,0
906,4,208,NA,NA,NA,0
907,4,208,"C",NA,3,0
908,4,208,NA,NA,NA,0
909,6,209,NA,NA,NA,0
910,6,209,NA,NA,NA,0
911,6,209,NA,NA,NA,0
912,6,209,NA,NA,NA,0
913,6,209,NA,NA,NA,0
914,6,209,NA,NA,NA,0
915,6,210,"E",NA,5,1
916,6,210,NA,NA,NA,0
917,6,210,NA,NA,NA,0
918,6,210,NA,NA,NA,0
919,6,210,"H",248,4,0
920,6,210,NA,NA,NA,0
921,4,211,"E",50,3,0
922,4,211,NA,NA,NA,0
923,4,211,NA,NA,NA,0
924,4,211,NA,NA,NA,0
925,5,212,NA,NA,NA,0
926,5,212,NA,NA,NA,0
927,5,212,NA,NA,NA,0
928,5,212,NA,NA,NA,0
929,5,212,NA,NA,NA,0
930,5,213,NA,NA,NA,0
931,5,213,NA,NA,NA,0
932,5,213,NA,NA,NA,0
933,5,213,NA,NA,NA,0
934,5,213,NA,NA,NA,0
935,3,214,NA,NA,NA,0
936,3,214,NA,NA,NA,0
937,3,214,NA,NA,NA,0
938,5,215,NA,NA,NA,0
939,5,215,NA,NA,NA,0
940,5,215,"E",96,4,1
941,5,215,"H",NA,3,0
942,5,215,NA,NA,NA,0
943,5,216,"E",NA,4,0
944,5,216,"H",NA,2,0
945,5,216,NA,NA,NA,0
946,5,216,"C",NA,3,1
947,5,216,NA,NA,NA,0
948,6,217,"C",309,5,2
949,6,217,NA,NA,NA,0
950,6,217,NA,NA,NA,0
951,6,217,"H",343,3,0
952,6,217,"H",327,3,0
953,6,217,NA,NA,NA,0
954,4,218,NA,NA,NA,0
955,4,218,NA,NA,NA,0
956,4,218,NA,NA,NA,0
957,4,218,NA,NA,NA,0
958,4,219,"H",NA,NA,0
959,4,219,NA,NA,NA,0
960,4,219,"E",329,3,1
961,4,219,NA,NA,NA,0
962,4,220,"E",NA,2,0
963,4,220,NA,NA,NA,0
964,4,220,"E",NA,3,0
965,4,220,NA,NA,NA,0
966,5,221,NA,NA,NA,0
967,5,221,NA,NA,NA,0
968,5,221,NA,NA,NA,0
969,5,221,NA,NA,NA,0
970,5,221,NA,NA,NA,0
971,3,222,NA,NA,NA,0
972,3,222,NA,NA,NA,0
973,3,222,"E",360,2,0
974,4,223,NA,NA,NA,0
975,4,223,"C",NA,NA,0
976,4,223,NA,NA,NA,0
977,4,223,NA,NA,NA,0
978,4,224,NA,NA,NA,0
979,4,224,NA,NA,NA,0
980,4,224,NA,NA,NA,0
981,4,224,NA,NA,NA,0
982,6,225,NA,NA,NA,0
983,6,225,"H",155,2,0
984,6,225,"H",86,3,0
985,6,225,NA,NA,NA,0
986,6,225,"E",NA,5,2
987,6,225,"H",122,3,1
988,4,226,NA,NA,NA,0
989,4,226,NA,NA,NA,0
990,4,226,NA,NA,NA,0
991,4,226,"E",NA,3,0
992,6,227,"H",NA,4,1
993,6,227,NA,NA,NA,0
994,6,227,"H",72,3,0
995,6,227,"C",340,2,0
996,6,227,NA,NA,NA,0
997,6,227,"E",41,5,1
998,3,228,NA,NA,NA,0
999,3,228,NA,NA,NA,0
1000,3,228,NA,NA,NA,0
