"ID","SIZE","HH","TYPE","TIME","S_NUM","I_NUM"
1,5,1,"E",180,NA,0
2,5,1,NA,NA,NA,0
3,5,1,"E",NA,NA,0
4,5,1,NA,NA,NA,0
5,5,1,NA,NA,NA,0
6,6,2,"E",NA,NA,0
7,6,2,NA,NA,NA,0
8,6,2,"E",301,NA,0
9,6,2,NA,NA,NA,0
10,6,2,NA,NA,NA,0
11,6,2,NA,NA,NA,0
12,4,3,NA,NA,NA,0
13,4,3,"E",NA,NA,0
14,4,3,NA,NA,NA,0
15,4,3,NA,NA,NA,0
16,4,4,"E",NA,NA,0
17,4,4,NA,NA,NA,0
18,4,4,"E",239,NA,0
19,4,4,NA,NA,NA,0
20,5,5,NA,NA,NA,0
21,5,5,NA,NA,NA,0
22,5,5,"E",NA,NA,0
23,5,5,NA,NA,NA,0
24,5,5,NA,NA,NA,0
25,5,6,NA,NA,NA,0
26,5,6,NA,NA,NA,0
27,5,6,NA,NA,NA,0
28,5,6,"E",56,NA,0
29,5,6,NA,NA,NA,0
30,6,7,NA,NA,NA,0
31,6,7,"E",159,NA,0
32,6,7,"E",NA,NA,0
33,6,7,"E",101,NA,0
34,6,7,NA,NA,NA,0
35,6,7,"E",96,NA,0
36,3,8,"E",159,NA,0
37,3,8,"E",NA,NA,0
38,3,8,NA,NA,NA,0
39,5,9,NA,NA,NA,0
40,5,9,"E",NA,NA,0
41,5,9,NA,NA,NA,0
42,5,9,NA,NA,NA,0
43,5,9,NA,NA,NA,0
44,4,10,NA,NA,NA,0
45,4,10,"E",NA,NA,0
46,4,10,NA,NA,NA,0
47,4,10,NA,NA,NA,0
48,6,11,NA,NA,NA,0
49,6,11,"E",170,NA,0
50,6,11,NA,NA,NA,0
51,6,11,"E",151,NA,0
52,6,11,"E",147,NA,0
53,6,11,NA,NA,NA,0
54,5,12,NA,NA,NA,0
55,5,12,NA,NA,NA,0
56,5,12,"E",140,NA,0
57,5,12,NA,NA,NA,0
58,5,12,NA,NA,NA,0
59,6,13,NA,NA,NA,0
60,6,13,"E",NA,NA,0
61,6,13,"E",NA,NA,0
62,6,13,"E",NA,NA,0
63,6,13,NA,NA,NA,0
64,6,13,"E",165,NA,0
65,6,14,"E",NA,NA,0
66,6,14,NA,NA,NA,0
67,6,14,NA,NA,NA,0
68,6,14,NA,NA,NA,0
69,6,14,NA,NA,NA,0
70,6,14,NA,NA,NA,0
71,6,15,NA,NA,NA,0
72,6,15,"E",NA,NA,0
73,6,15,NA,NA,NA,0
74,6,15,NA,NA,NA,0
75,6,15,NA,NA,NA,0
76,6,15,NA,NA,NA,0
77,5,16,NA,NA,NA,0
78,5,16,NA,NA,NA,0
79,5,16,NA,NA,NA,0
80,5,16,NA,NA,NA,0
81,5,16,NA,NA,NA,0
82,6,17,NA,NA,NA,0
83,6,17,"E",248,NA,0
84,6,17,"E",250,NA,0
85,6,17,NA,NA,NA,0
86,6,17,NA,NA,NA,0
87,6,17,NA,NA,NA,0
88,4,18,NA,NA,NA,0
89,4,18,NA,NA,NA,0
90,4,18,NA,NA,NA,0
91,4,18,NA,NA,NA,0
92,4,19,NA,NA,NA,0
93,4,19,"E",NA,NA,0
94,4,19,NA,NA,NA,0
95,4,19,NA,NA,NA,0
96,5,20,NA,NA,NA,0
97,5,20,NA,NA,NA,0
98,5,20,"E",141,NA,0
99,5,20,NA,NA,NA,0
100,5,20,"E",NA,NA,0
101,4,21,NA,NA,NA,0
102,4,21,"E",NA,NA,0
103,4,21,NA,NA,NA,0
104,4,21,NA,NA,NA,0
105,5,22,NA,NA,NA,0
106,5,22,NA,NA,NA,0
107,5,22,NA,NA,NA,0
108,5,22,NA,NA,NA,0
109,5,22,"E",NA,NA,0
110,5,23,"E",NA,NA,0
111,5,23,NA,NA,NA,0
112,5,23,NA,NA,NA,0
113,5,23,NA,NA,NA,0
114,5,23,NA,NA,NA,0
115,6,24,"E",NA,NA,0
116,6,24,NA,NA,NA,0
117,6,24,"E",35,NA,0
118,6,24,NA,NA,NA,0
119,6,24,NA,NA,NA,0
120,6,24,NA,NA,NA,0
121,5,25,NA,NA,NA,0
122,5,25,NA,NA,NA,0
123,5,25,NA,NA,NA,0
124,5,25,"E",272,NA,0
125,5,25,NA,NA,NA,0
126,3,26,NA,NA,NA,0
127,3,26,NA,NA,NA,0
128,3,26,"E",NA,NA,0
129,3,27,NA,NA,NA,0
130,3,27,NA,NA,NA,0
131,3,27,NA,NA,NA,0
132,5,28,"E",322,NA,0
133,5,28,"E",NA,NA,0
134,5,28,NA,NA,NA,0
135,5,28,NA,NA,NA,0
136,5,28,"E",NA,NA,0
137,3,29,"E",NA,NA,0
138,3,29,"E",309,NA,0
139,3,29,NA,NA,NA,0
140,4,30,NA,NA,NA,0
141,4,30,"E",NA,NA,0
142,4,30,"E",NA,NA,0
143,4,30,"E",NA,NA,0
144,5,31,NA,NA,NA,0
145,5,31,NA,NA,NA,0
146,5,31,NA,NA,NA,0
147,5,31,"E",NA,NA,0
148,5,31,NA,NA,NA,0
149,4,32,"E",233,NA,0
150,4,32,NA,NA,NA,0
151,4,32,NA,NA,NA,0
152,4,32,"E",329,NA,0
153,6,33,"E",NA,NA,0
154,6,33,NA,NA,NA,0
155,6,33,NA,NA,NA,0
156,6,33,NA,NA,NA,0
157,6,33,"E",NA,NA,0
158,6,33,NA,NA,NA,0
159,6,34,NA,NA,NA,0
160,6,34,NA,NA,NA,0
161,6,34,NA,NA,NA,0
162,6,34,"E",NA,NA,0
163,6,34,NA,NA,NA,0
164,6,34,NA,NA,NA,0
165,6,35,NA,NA,NA,0
166,6,35,"E",107,NA,0
167,6,35,"E",267,NA,0
168,6,35,NA,NA,NA,0
169,6,35,NA,NA,NA,0
170,6,35,"E",62,NA,0
171,6,36,"E",285,NA,0
172,6,36,NA,NA,NA,0
173,6,36,NA,NA,NA,0
174,6,36,NA,NA,NA,0
175,6,36,"E",NA,NA,0
176,6,36,NA,NA,NA,0
177,4,37,"E",NA,NA,0
178,4,37,NA,NA,NA,0
179,4,37,"E",NA,NA,0
180,4,37,"E",NA,NA,0
181,5,38,"E",NA,NA,0
182,5,38,NA,NA,NA,0
183,5,38,NA,NA,NA,0
184,5,38,NA,NA,NA,0
185,5,38,"E",160,NA,0
186,5,39,NA,NA,NA,0
187,5,39,NA,NA,NA,0
188,5,39,NA,NA,NA,0
189,5,39,"E",NA,NA,0
190,5,39,"E",NA,NA,0
191,3,40,NA,NA,NA,0
192,3,40,"E",NA,NA,0
193,3,40,NA,NA,NA,0
194,3,41,"E",NA,NA,0
195,3,41,NA,NA,NA,0
196,3,41,"E",NA,NA,0
197,5,42,NA,NA,NA,0
198,5,42,"E",NA,NA,0
199,5,42,"E",254,NA,0
200,5,42,NA,NA,NA,0
201,5,42,"E",NA,NA,0
202,6,43,NA,NA,NA,0
203,6,43,NA,NA,NA,0
204,6,43,"E",NA,NA,0
205,6,43,NA,NA,NA,0
206,6,43,NA,NA,NA,0
207,6,43,"E",NA,NA,0
208,5,44,"E",NA,NA,0
209,5,44,NA,NA,NA,0
210,5,44,"E",NA,NA,0
211,5,44,NA,NA,NA,0
212,5,44,"E",43,NA,0
213,3,45,"E",NA,NA,0
214,3,45,"E",NA,NA,0
215,3,45,NA,NA,NA,0
216,5,46,"E",NA,NA,0
217,5,46,NA,NA,NA,0
218,5,46,NA,NA,NA,0
219,5,46,NA,NA,NA,0
220,5,46,"E",166,NA,0
221,4,47,NA,NA,NA,0
222,4,47,NA,NA,NA,0
223,4,47,NA,NA,NA,0
224,4,47,"E",205,NA,0
225,6,48,"E",NA,NA,0
226,6,48,NA,NA,NA,0
227,6,48,"E",349,NA,0
228,6,48,NA,NA,NA,0
229,6,48,"E",NA,NA,0
230,6,48,NA,NA,NA,0
231,4,49,NA,NA,NA,0
232,4,49,NA,NA,NA,0
233,4,49,"E",NA,NA,0
234,4,49,NA,NA,NA,0
235,4,50,NA,NA,NA,0
236,4,50,NA,NA,NA,0
237,4,50,NA,NA,NA,0
238,4,50,NA,NA,NA,0
239,6,51,"E",212,NA,0
240,6,51,"E",NA,NA,0
241,6,51,"E",66,NA,0
242,6,51,NA,NA,NA,0
243,6,51,"E",357,NA,0
244,6,51,NA,NA,NA,0
245,3,52,NA,NA,NA,0
246,3,52,NA,NA,NA,0
247,3,52,NA,NA,NA,0
248,3,53,NA,NA,NA,0
249,3,53,"E",NA,NA,0
250,3,53,"E",317,NA,0
251,6,54,"E",NA,NA,0
252,6,54,NA,NA,NA,0
253,6,54,NA,NA,NA,0
254,6,54,NA,NA,NA,0
255,6,54,NA,NA,NA,0
256,6,54,"E",NA,NA,0
257,3,55,"E",295,NA,0
258,3,55,"E",NA,NA,0
259,3,55,"E",58,NA,0
260,5,56,NA,NA,NA,0
261,5,56,NA,NA,NA,0
262,5,56,NA,NA,NA,0
263,5,56,NA,NA,NA,0
264,5,56,NA,NA,NA,0
265,5,57,NA,NA,NA,0
266,5,57,NA,NA,NA,0
267,5,57,NA,NA,NA,0
268,5,57,"E",187,NA,0
269,5,57,NA,NA,NA,0
270,3,58,"E",NA,NA,0
271,3,58,"E",NA,NA,0
272,3,58,NA,NA,NA,0
273,5,59,NA,NA,NA,0
274,5,59,"E",NA,NA,0
275,5,59,NA,NA,NA,0
276,5,59,NA,NA,NA,0
277,5,59,"E",150,NA,0
278,3,60,"E",NA,NA,0
279,3,60,NA,NA,NA,0
280,3,60,NA,NA,NA,0
281,3,61,NA,NA,NA,0
282,3,61,NA,NA,NA,0
283,3,61,NA,NA,NA,0
284,3,62,NA,NA,NA,0
285,3,62,"E",NA,NA,0
286,3,62,NA,NA,NA,0
287,3,63,"E",NA,NA,0
288,3,63,NA,NA,NA,0
289,3,63,"E",182,NA,0
290,4,64,"E",88,NA,0
291,4,64,NA,NA,NA,0
292,4,64,"E",NA,NA,0
293,4,64,NA,NA,NA,0
294,3,65,"E",NA,NA,0
295,3,65,"E",90,NA,0
296,3,65,NA,NA,NA,0
297,4,66,NA,NA,NA,0
298,4,66,"E",252,NA,0
299,4,66,NA,NA,NA,0
300,4,66,"E",211,NA,0
301,6,67,NA,NA,NA,0
302,6,67,"E",181,NA,0
303,6,67,NA,NA,NA,0
304,6,67,NA,NA,NA,0
305,6,67,NA,NA,NA,0
306,6,67,NA,NA,NA,0
307,3,68,"E",NA,NA,0
308,3,68,"E",69,NA,0
309,3,68,NA,NA,NA,0
310,6,69,NA,NA,NA,0
311,6,69,"E",NA,NA,0
312,6,69,NA,NA,NA,0
313,6,69,NA,NA,NA,0
314,6,69,NA,NA,NA,0
315,6,69,"E",NA,NA,0
316,6,70,"E",NA,NA,0
317,6,70,NA,NA,NA,0
318,6,70,"E",151,NA,0
319,6,70,NA,NA,NA,0
320,6,70,NA,NA,NA,0
321,6,70,"E",247,NA,0
322,6,71,"E",188,NA,0
323,6,71,NA,NA,NA,0
324,6,71,"E",NA,NA,0
325,6,71,NA,NA,NA,0
326,6,71,"E",NA,NA,0
327,6,71,NA,NA,NA,0
328,5,72,NA,NA,NA,0
329,5,72,NA,NA,NA,0
330,5,72,"E",NA,NA,0
331,5,72,NA,NA,NA,0
332,5,72,NA,NA,NA,0
333,3,73,NA,NA,NA,0
334,3,73,NA,NA,NA,0
335,3,73,NA,NA,NA,0
336,3,74,"E",251,NA,0
337,3,74,NA,NA,NA,0
338,3,74,NA,NA,NA,0
339,3,75,NA,NA,NA,0
340,3,75,NA,NA,NA,0
341,3,75,NA,NA,NA,0
342,4,76,NA,NA,NA,0
343,4,76,NA,NA,NA,0
344,4,76,NA,NA,NA,0
345,4,76,NA,NA,NA,0
346,3,77,NA,NA,NA,0
347,3,77,NA,NA,NA,0
348,3,77,"E",NA,NA,0
349,4,78,NA,NA,NA,0
350,4,78,NA,NA,NA,0
351,4,78,"E",69,NA,0
352,4,78,NA,NA,NA,0
353,4,79,NA,NA,NA,0
354,4,79,NA,NA,NA,0
355,4,79,NA,NA,NA,0
356,4,79,"E",NA,NA,0
357,3,80,NA,NA,NA,0
358,3,80,NA,NA,NA,0
359,3,80,NA,NA,NA,0
360,4,81,"E",NA,NA,0
361,4,81,NA,NA,NA,0
362,4,81,NA,NA,NA,0
363,4,81,NA,NA,NA,0
364,4,82,NA,NA,NA,0
365,4,82,NA,NA,NA,0
366,4,82,NA,NA,NA,0
367,4,82,"E",NA,NA,0
368,6,83,"E",338,NA,0
369,6,83,"E",168,NA,0
370,6,83,NA,NA,NA,0
371,6,83,NA,NA,NA,0
372,6,83,NA,NA,NA,0
373,6,83,NA,NA,NA,0
374,5,84,NA,NA,NA,0
375,5,84,"E",265,NA,0
376,5,84,NA,NA,NA,0
377,5,84,NA,NA,NA,0
378,5,84,"E",284,NA,0
379,6,85,NA,NA,NA,0
380,6,85,"E",NA,NA,0
381,6,85,"E",358,NA,0
382,6,85,NA,NA,NA,0
383,6,85,"E",119,NA,0
384,6,85,"E",284,NA,0
385,6,86,NA,NA,NA,0
386,6,86,"E",269,NA,0
387,6,86,"E",NA,NA,0
388,6,86,NA,NA,NA,0
389,6,86,NA,NA,NA,0
390,6,86,NA,NA,NA,0
391,6,87,NA,NA,NA,0
392,6,87,NA,NA,NA,0
393,6,87,NA,NA,NA,0
394,6,87,NA,NA,NA,0
395,6,87,NA,NA,NA,0
396,6,87,NA,NA,NA,0
397,5,88,"E",NA,NA,0
398,5,88,"E",37,NA,0
399,5,88,NA,NA,NA,0
400,5,88,NA,NA,NA,0
401,5,88,"E",NA,NA,0
402,4,89,"E",NA,NA,0
403,4,89,NA,NA,NA,0
404,4,89,NA,NA,NA,0
405,4,89,NA,NA,NA,0
406,5,90,"E",NA,NA,0
407,5,90,NA,NA,NA,0
408,5,90,NA,NA,NA,0
409,5,90,NA,NA,NA,0
410,5,90,"E",NA,NA,0
411,4,91,"E",NA,NA,0
412,4,91,NA,NA,NA,0
413,4,91,"E",NA,NA,0
414,4,91,NA,NA,NA,0
415,6,92,"E",NA,NA,0
416,6,92,NA,NA,NA,0
417,6,92,NA,NA,NA,0
418,6,92,NA,NA,NA,0
419,6,92,NA,NA,NA,0
420,6,92,NA,NA,NA,0
421,5,93,NA,NA,NA,0
422,5,93,NA,NA,NA,0
423,5,93,NA,NA,NA,0
424,5,93,"E",NA,NA,0
425,5,93,NA,NA,NA,0
426,5,94,"E",308,NA,0
427,5,94,"E",15,NA,0
428,5,94,"E",182,NA,0
429,5,94,NA,NA,NA,0
430,5,94,NA,NA,NA,0
431,6,95,NA,NA,NA,0
432,6,95,"E",NA,NA,0
433,6,95,NA,NA,NA,0
434,6,95,NA,NA,NA,0
435,6,95,NA,NA,NA,0
436,6,95,"E",251,NA,0
437,4,96,NA,NA,NA,0
438,4,96,NA,NA,NA,0
439,4,96,NA,NA,NA,0
440,4,96,NA,NA,NA,0
441,3,97,"E",102,NA,0
442,3,97,NA,NA,NA,0
443,3,97,NA,NA,NA,0
444,6,98,"E",352,NA,0
445,6,98,"E",NA,NA,0
446,6,98,NA,NA,NA,0
447,6,98,"E",NA,NA,0
448,6,98,"E",101,NA,0
449,6,98,NA,NA,NA,0
450,4,99,NA,NA,NA,0
451,4,99,NA,NA,NA,0
452,4,99,NA,NA,NA,0
453,4,99,NA,NA,NA,0
454,6,100,"E",NA,NA,0
455,6,100,NA,NA,NA,0
456,6,100,"E",246,NA,0
457,6,100,"E",NA,NA,0
458,6,100,NA,NA,NA,0
459,6,100,NA,NA,NA,0
460,4,101,NA,NA,NA,0
461,4,101,NA,NA,NA,0
462,4,101,NA,NA,NA,0
463,4,101,"E",120,NA,0
464,3,102,"E",NA,NA,0
465,3,102,NA,NA,NA,0
466,3,102,NA,NA,NA,0
467,5,103,NA,NA,NA,0
468,5,103,NA,NA,NA,0
469,5,103,NA,NA,NA,0
470,5,103,"E",176,NA,0
471,5,103,NA,NA,NA,0
472,5,104,NA,NA,NA,0
473,5,104,NA,NA,NA,0
474,5,104,NA,NA,NA,0
475,5,104,"E",241,NA,0
476,5,104,NA,NA,NA,0
477,6,105,NA,NA,NA,0
478,6,105,NA,NA,NA,0
479,6,105,NA,NA,NA,0
480,6,105,"E",NA,NA,0
481,6,105,"E",NA,NA,0
482,6,105,NA,NA,NA,0
483,4,106,NA,NA,NA,0
484,4,106,"E",350,NA,0
485,4,106,"E",NA,NA,0
486,4,106,NA,NA,NA,0
487,6,107,NA,NA,NA,0
488,6,107,"E",NA,NA,0
489,6,107,NA,NA,NA,0
490,6,107,"E",NA,NA,0
491,6,107,"E",77,NA,0
492,6,107,NA,NA,NA,0
493,5,108,NA,NA,NA,0
494,5,108,NA,NA,NA,0
495,5,108,NA,NA,NA,0
496,5,108,NA,NA,NA,0
497,5,108,"E",NA,NA,0
498,4,109,"E",208,NA,0
499,4,109,"E",NA,NA,0
500,4,109,NA,NA,NA,0
501,4,109,NA,NA,NA,0
502,3,110,NA,NA,NA,0
503,3,110,NA,NA,NA,0
504,3,110,"E",101,NA,0
505,6,111,NA,NA,NA,0
506,6,111,NA,NA,NA,0
507,6,111,"E",234,NA,0
508,6,111,"E",80,NA,0
509,6,111,"E",NA,NA,0
510,6,111,NA,NA,NA,0
511,3,112,"E",NA,NA,0
512,3,112,NA,NA,NA,0
513,3,112,NA,NA,NA,0
514,5,113,NA,NA,NA,0
515,5,113,"E",120,NA,0
516,5,113,NA,NA,NA,0
517,5,113,"E",149,NA,0
518,5,113,NA,NA,NA,0
519,4,114,NA,NA,NA,0
520,4,114,NA,NA,NA,0
521,4,114,NA,NA,NA,0
522,4,114,NA,NA,NA,0
523,6,115,NA,NA,NA,0
524,6,115,NA,NA,NA,0
525,6,115,NA,NA,NA,0
526,6,115,"E",NA,NA,0
527,6,115,NA,NA,NA,0
528,6,115,NA,NA,NA,0
529,6,116,NA,NA,NA,0
530,6,116,NA,NA,NA,0
531,6,116,NA,NA,NA,0
532,6,116,"E",361,NA,0
533,6,116,"E",349,NA,0
534,6,116,NA,NA,NA,0
535,3,117,NA,NA,NA,0
536,3,117,"E",NA,NA,0
537,3,117,NA,NA,NA,0
538,6,118,NA,NA,NA,0
539,6,118,NA,NA,NA,0
540,6,118,NA,NA,NA,0
541,6,118,NA,NA,NA,0
542,6,118,NA,NA,NA,0
543,6,118,NA,NA,NA,0
544,6,119,NA,NA,NA,0
545,6,119,"E",348,NA,0
546,6,119,NA,NA,NA,0
547,6,119,"E",NA,NA,0
548,6,119,NA,NA,NA,0
549,6,119,NA,NA,NA,0
550,4,120,NA,NA,NA,0
551,4,120,NA,NA,NA,0
552,4,120,NA,NA,NA,0
553,4,120,NA,NA,NA,0
554,5,121,NA,NA,NA,0
555,5,121,NA,NA,NA,0
556,5,121,NA,NA,NA,0
557,5,121,"E",NA,NA,0
558,5,121,"E",NA,NA,0
559,3,122,NA,NA,NA,0
560,3,122,"E",319,NA,0
561,3,122,"E",185,NA,0
562,3,123,NA,NA,NA,0
563,3,123,NA,NA,NA,0
564,3,123,"E",NA,NA,0
565,5,124,NA,NA,NA,0
566,5,124,"E",NA,NA,0
567,5,124,NA,NA,NA,0
568,5,124,NA,NA,NA,0
569,5,124,NA,NA,NA,0
570,6,125,NA,NA,NA,0
571,6,125,NA,NA,NA,0
572,6,125,NA,NA,NA,0
573,6,125,"E",366,NA,0
574,6,125,NA,NA,NA,0
575,6,125,"E",NA,NA,0
576,6,126,NA,NA,NA,0
577,6,126,NA,NA,NA,0
578,6,126,NA,NA,NA,0
579,6,126,NA,NA,NA,0
580,6,126,NA,NA,NA,0
581,6,126,NA,NA,NA,0
582,3,127,"E",208,NA,0
583,3,127,NA,NA,NA,0
584,3,127,NA,NA,NA,0
585,4,128,NA,NA,NA,0
586,4,128,NA,NA,NA,0
587,4,128,NA,NA,NA,0
588,4,128,NA,NA,NA,0
589,6,129,"E",NA,NA,0
590,6,129,"E",333,NA,0
591,6,129,"E",144,NA,0
592,6,129,"E",132,NA,0
593,6,129,NA,NA,NA,0
594,6,129,"E",NA,NA,0
595,3,130,NA,NA,NA,0
596,3,130,NA,NA,NA,0
597,3,130,NA,NA,NA,0
598,5,131,NA,NA,NA,0
599,5,131,NA,NA,NA,0
600,5,131,NA,NA,NA,0
601,5,131,"E",310,NA,0
602,5,131,NA,NA,NA,0
603,3,132,"E",NA,NA,0
604,3,132,"E",161,NA,0
605,3,132,NA,NA,NA,0
606,4,133,"E",NA,NA,0
607,4,133,NA,NA,NA,0
608,4,133,"E",NA,NA,0
609,4,133,NA,NA,NA,0
610,3,134,"E",NA,NA,0
611,3,134,NA,NA,NA,0
612,3,134,NA,NA,NA,0
613,6,135,"E",276,NA,0
614,6,135,NA,NA,NA,0
615,6,135,NA,NA,NA,0
616,6,135,NA,NA,NA,0
617,6,135,NA,NA,NA,0
618,6,135,NA,NA,NA,0
619,6,136,NA,NA,NA,0
620,6,136,NA,NA,NA,0
621,6,136,"E",NA,NA,0
622,6,136,NA,NA,NA,0
623,6,136,"E",NA,NA,0
624,6,136,NA,NA,NA,0
625,4,137,"E",111,NA,0
626,4,137,NA,NA,NA,0
627,4,137,NA,NA,NA,0
628,4,137,NA,NA,NA,0
629,4,138,"E",NA,NA,0
630,4,138,NA,NA,NA,0
631,4,138,"E",50,NA,0
632,4,138,NA,NA,NA,0
633,4,139,NA,NA,NA,0
634,4,139,"E",NA,NA,0
635,4,139,"E",NA,NA,0
636,4,139,"E",NA,NA,0
637,6,140,NA,NA,NA,0
638,6,140,"E",76,NA,0
639,6,140,NA,NA,NA,0
640,6,140,NA,NA,NA,0
641,6,140,"E",NA,NA,0
642,6,140,NA,NA,NA,0
643,4,141,"E",NA,NA,0
644,4,141,"E",216,NA,0
645,4,141,NA,NA,NA,0
646,4,141,NA,NA,NA,0
647,5,142,NA,NA,NA,0
648,5,142,NA,NA,NA,0
649,5,142,"E",NA,NA,0
650,5,142,NA,NA,NA,0
651,5,142,NA,NA,NA,0
652,4,143,"E",NA,NA,0
653,4,143,"E",NA,NA,0
654,4,143,"E",261,NA,0
655,4,143,NA,NA,NA,0
656,5,144,NA,NA,NA,0
657,5,144,NA,NA,NA,0
658,5,144,NA,NA,NA,0
659,5,144,"E",143,NA,0
660,5,144,NA,NA,NA,0
661,6,145,NA,NA,NA,0
662,6,145,NA,NA,NA,0
663,6,145,NA,NA,NA,0
664,6,145,NA,NA,NA,0
665,6,145,NA,NA,NA,0
666,6,145,"E",NA,NA,0
667,3,146,"E",NA,NA,0
668,3,146,NA,NA,NA,0
669,3,146,NA,NA,NA,0
670,3,147,NA,NA,NA,0
671,3,147,"E",NA,NA,0
672,3,147,"E",NA,NA,0
673,4,148,NA,NA,NA,0
674,4,148,NA,NA,NA,0
675,4,148,NA,NA,NA,0
676,4,148,NA,NA,NA,0
677,5,149,"E",272,NA,0
678,5,149,NA,NA,NA,0
679,5,149,NA,NA,NA,0
680,5,149,NA,NA,NA,0
681,5,149,NA,NA,NA,0
682,3,150,NA,NA,NA,0
683,3,150,NA,NA,NA,0
684,3,150,"E",125,NA,0
685,6,151,"E",NA,NA,0
686,6,151,NA,NA,NA,0
687,6,151,NA,NA,NA,0
688,6,151,NA,NA,NA,0
689,6,151,NA,NA,NA,0
690,6,151,NA,NA,NA,0
691,4,152,NA,NA,NA,0
692,4,152,"E",NA,NA,0
693,4,152,NA,NA,NA,0
694,4,152,"E",NA,NA,0
695,3,153,NA,NA,NA,0
696,3,153,NA,NA,NA,0
697,3,153,NA,NA,NA,0
698,3,154,NA,NA,NA,0
699,3,154,"E",NA,NA,0
700,3,154,NA,NA,NA,0
701,5,155,"E",NA,NA,0
702,5,155,NA,NA,NA,0
703,5,155,NA,NA,NA,0
704,5,155,NA,NA,NA,0
705,5,155,NA,NA,NA,0
706,6,156,NA,NA,NA,0
707,6,156,"E",353,NA,0
708,6,156,NA,NA,NA,0
709,6,156,"E",NA,NA,0
710,6,156,NA,NA,NA,0
711,6,156,"E",322,NA,0
712,5,157,NA,NA,NA,0
713,5,157,"E",NA,NA,0
714,5,157,NA,NA,NA,0
715,5,157,"E",NA,NA,0
716,5,157,NA,NA,NA,0
717,3,158,NA,NA,NA,0
718,3,158,"E",NA,NA,0
719,3,158,NA,NA,NA,0
720,6,159,NA,NA,NA,0
721,6,159,"E",330,NA,0
722,6,159,NA,NA,NA,0
723,6,159,"E",65,NA,0
724,6,159,NA,NA,NA,0
725,6,159,"E",NA,NA,0
726,4,160,NA,NA,NA,0
727,4,160,"E",NA,NA,0
728,4,160,"E",NA,NA,0
729,4,160,NA,NA,NA,0
730,3,161,"E",156,NA,0
731,3,161,NA,NA,NA,0
732,3,161,NA,NA,NA,0
733,6,162,NA,NA,NA,0
734,6,162,NA,NA,NA,0
735,6,162,NA,NA,NA,0
736,6,162,"E",NA,NA,0
737,6,162,"E",NA,NA,0
738,6,162,"E",NA,NA,0
739,5,163,NA,NA,NA,0
740,5,163,NA,NA,NA,0
741,5,163,NA,NA,NA,0
742,5,163,NA,NA,NA,0
743,5,163,"E",156,NA,0
744,5,164,"E",NA,NA,0
745,5,164,NA,NA,NA,0
746,5,164,NA,NA,NA,0
747,5,164,NA,NA,NA,0
748,5,164,NA,NA,NA,0
749,6,165,NA,NA,NA,0
750,6,165,NA,NA,NA,0
751,6,165,NA,NA,NA,0
752,6,165,NA,NA,NA,0
753,6,165,NA,NA,NA,0
754,6,165,NA,NA,NA,0
755,4,166,NA,NA,NA,0
756,4,166,NA,NA,NA,0
757,4,166,NA,NA,NA,0
758,4,166,NA,NA,NA,0
759,3,167,NA,NA,NA,0
760,3,167,NA,NA,NA,0
761,3,167,NA,NA,NA,0
762,3,168,NA,NA,NA,0
763,3,168,"E",365,NA,0
764,3,168,NA,NA,NA,0
765,3,169,"E",241,NA,0
766,3,169,"E",NA,NA,0
767,3,169,"E",210,NA,0
768,5,170,NA,NA,NA,0
769,5,170,NA,NA,NA,0
770,5,170,NA,NA,NA,0
771,5,170,"E",NA,NA,0
772,5,170,NA,NA,NA,0
773,3,171,NA,NA,NA,0
774,3,171,NA,NA,NA,0
775,3,171,"E",186,NA,0
776,6,172,NA,NA,NA,0
777,6,172,NA,NA,NA,0
778,6,172,"E",72,NA,0
779,6,172,"E",222,NA,0
780,6,172,NA,NA,NA,0
781,6,172,NA,NA,NA,0
782,5,173,NA,NA,NA,0
783,5,173,NA,NA,NA,0
784,5,173,NA,NA,NA,0
785,5,173,NA,NA,NA,0
786,5,173,NA,NA,NA,0
787,6,174,NA,NA,NA,0
788,6,174,NA,NA,NA,0
789,6,174,NA,NA,NA,0
790,6,174,NA,NA,NA,0
791,6,174,NA,NA,NA,0
792,6,174,"E",NA,NA,0
793,3,175,"E",NA,NA,0
794,3,175,"E",153,NA,0
795,3,175,NA,NA,NA,0
796,3,176,NA,NA,NA,0
797,3,176,NA,NA,NA,0
798,3,176,NA,NA,NA,0
799,6,177,NA,NA,NA,0
800,6,177,NA,NA,NA,0
801,6,177,NA,NA,NA,0
802,6,177,"E",NA,NA,0
803,6,177,NA,NA,NA,0
804,6,177,"E",NA,NA,0
805,3,178,NA,NA,NA,0
806,3,178,NA,NA,NA,0
807,3,178,"E",NA,NA,0
808,3,179,NA,NA,NA,0
809,3,179,"E",NA,NA,0
810,3,179,NA,NA,NA,0
811,3,180,NA,NA,NA,0
812,3,180,NA,NA,NA,0
813,3,180,NA,NA,NA,0
814,4,181,"E",275,NA,0
815,4,181,NA,NA,NA,0
816,4,181,"E",NA,NA,0
817,4,181,NA,NA,NA,0
818,3,182,NA,NA,NA,0
819,3,182,"E",NA,NA,0
820,3,182,"E",329,NA,0
821,5,183,NA,NA,NA,0
822,5,183,NA,NA,NA,0
823,5,183,NA,NA,NA,0
824,5,183,"E",36,NA,0
825,5,183,NA,NA,NA,0
826,3,184,NA,NA,NA,0
827,3,184,NA,NA,NA,0
828,3,184,NA,NA,NA,0
829,3,185,"E",NA,NA,0
830,3,185,NA,NA,NA,0
831,3,185,NA,NA,NA,0
832,4,186,"E",NA,NA,0
833,4,186,NA,NA,NA,0
834,4,186,NA,NA,NA,0
835,4,186,"E",309,NA,0
836,6,187,NA,NA,NA,0
837,6,187,NA,NA,NA,0
838,6,187,NA,NA,NA,0
839,6,187,"E",NA,NA,0
840,6,187,NA,NA,NA,0
841,6,187,NA,NA,NA,0
842,5,188,NA,NA,NA,0
843,5,188,NA,NA,NA,0
844,5,188,NA,NA,NA,0
845,5,188,"E",227,NA,0
846,5,188,NA,NA,NA,0
847,3,189,NA,NA,NA,0
848,3,189,NA,NA,NA,0
849,3,189,"E",189,NA,0
850,4,190,NA,NA,NA,0
851,4,190,"E",NA,NA,0
852,4,190,NA,NA,NA,0
853,4,190,NA,NA,NA,0
854,5,191,NA,NA,NA,0
855,5,191,"E",209,NA,0
856,5,191,"E",87,NA,0
857,5,191,"E",NA,NA,0
858,5,191,NA,NA,NA,0
859,5,192,"E",124,NA,0
860,5,192,"E",NA,NA,0
861,5,192,"E",NA,NA,0
862,5,192,NA,NA,NA,0
863,5,192,NA,NA,NA,0
864,3,193,NA,NA,NA,0
865,3,193,"E",105,NA,0
866,3,193,"E",NA,NA,0
867,4,194,NA,NA,NA,0
868,4,194,NA,NA,NA,0
869,4,194,NA,NA,NA,0
870,4,194,NA,NA,NA,0
871,3,195,NA,NA,NA,0
872,3,195,NA,NA,NA,0
873,3,195,NA,NA,NA,0
874,5,196,NA,NA,NA,0
875,5,196,"E",259,NA,0
876,5,196,NA,NA,NA,0
877,5,196,NA,NA,NA,0
878,5,196,NA,NA,NA,0
879,4,197,NA,NA,NA,0
880,4,197,NA,NA,NA,0
881,4,197,NA,NA,NA,0
882,4,197,"E",NA,NA,0
883,4,198,"E",208,NA,0
884,4,198,NA,NA,NA,0
885,4,198,NA,NA,NA,0
886,4,198,"E",252,NA,0
887,5,199,NA,NA,NA,0
888,5,199,NA,NA,NA,0
889,5,199,NA,NA,NA,0
890,5,199,NA,NA,NA,0
891,5,199,NA,NA,NA,0
892,3,200,NA,NA,NA,0
893,3,200,NA,NA,NA,0
894,3,200,"E",NA,NA,0
895,3,201,NA,NA,NA,0
896,3,201,NA,NA,NA,0
897,3,201,NA,NA,NA,0
898,3,202,NA,NA,NA,0
899,3,202,NA,NA,NA,0
900,3,202,"E",141,NA,0
901,4,203,"E",NA,NA,0
902,4,203,NA,NA,NA,0
903,4,203,"E",NA,NA,0
904,4,203,NA,NA,NA,0
905,4,204,NA,NA,NA,0
906,4,204,NA,NA,NA,0
907,4,204,NA,NA,NA,0
908,4,204,"E",35,NA,0
909,4,205,"E",NA,NA,0
910,4,205,NA,NA,NA,0
911,4,205,"E",NA,NA,0
912,4,205,"E",358,NA,0
913,5,206,NA,NA,NA,0
914,5,206,NA,NA,NA,0
915,5,206,NA,NA,NA,0
916,5,206,NA,NA,NA,0
917,5,206,NA,NA,NA,0
918,4,207,"E",NA,NA,0
919,4,207,"E",324,NA,0
920,4,207,NA,NA,NA,0
921,4,207,NA,NA,NA,0
922,4,208,"E",NA,NA,0
923,4,208,NA,NA,NA,0
924,4,208,NA,NA,NA,0
925,4,208,"E",NA,NA,0
926,3,209,NA,NA,NA,0
927,3,209,NA,NA,NA,0
928,3,209,NA,NA,NA,0
929,3,210,NA,NA,NA,0
930,3,210,NA,NA,NA,0
931,3,210,NA,NA,NA,0
932,4,211,NA,NA,NA,0
933,4,211,NA,NA,NA,0
934,4,211,NA,NA,NA,0
935,4,211,NA,NA,NA,0
936,3,212,NA,NA,NA,0
937,3,212,"E",NA,NA,0
938,3,212,NA,NA,NA,0
939,3,213,"E",NA,NA,0
940,3,213,NA,NA,NA,0
941,3,213,NA,NA,NA,0
942,6,214,NA,NA,NA,0
943,6,214,NA,NA,NA,0
944,6,214,NA,NA,NA,0
945,6,214,NA,NA,NA,0
946,6,214,"E",NA,NA,0
947,6,214,NA,NA,NA,0
948,4,215,NA,NA,NA,0
949,4,215,NA,NA,NA,0
950,4,215,NA,NA,NA,0
951,4,215,NA,NA,NA,0
952,4,216,NA,NA,NA,0
953,4,216,"E",NA,NA,0
954,4,216,"E",NA,NA,0
955,4,216,"E",34,NA,0
956,5,217,NA,NA,NA,0
957,5,217,"E",NA,NA,0
958,5,217,NA,NA,NA,0
959,5,217,NA,NA,NA,0
960,5,217,"E",137,NA,0
961,6,218,NA,NA,NA,0
962,6,218,NA,NA,NA,0
963,6,218,"E",NA,NA,0
964,6,218,"E",NA,NA,0
965,6,218,NA,NA,NA,0
966,6,218,NA,NA,NA,0
967,4,219,"E",NA,NA,0
968,4,219,NA,NA,NA,0
969,4,219,NA,NA,NA,0
970,4,219,NA,NA,NA,0
971,6,220,"E",NA,NA,0
972,6,220,"E",NA,NA,0
973,6,220,NA,NA,NA,0
974,6,220,"E",NA,NA,0
975,6,220,NA,NA,NA,0
976,6,220,NA,NA,NA,0
977,6,221,NA,NA,NA,0
978,6,221,"E",112,NA,0
979,6,221,NA,NA,NA,0
980,6,221,NA,NA,NA,0
981,6,221,NA,NA,NA,0
982,6,221,"E",NA,NA,0
983,3,222,NA,NA,NA,0
984,3,222,NA,NA,NA,0
985,3,222,NA,NA,NA,0
986,6,223,NA,NA,NA,0
987,6,223,NA,NA,NA,0
988,6,223,"E",273,NA,0
989,6,223,NA,NA,NA,0
990,6,223,NA,NA,NA,0
991,6,223,NA,NA,NA,0
992,5,224,"E",134,NA,0
993,5,224,NA,NA,NA,0
994,5,224,NA,NA,NA,0
995,5,224,"E",37,NA,0
996,5,224,"E",NA,NA,0
997,4,225,"E",NA,NA,0
998,4,225,"E",135,NA,0
999,4,225,NA,NA,NA,0
1000,4,225,NA,NA,NA,0
