"ID","SIZE","HH","TYPE","TIME","S_NUM","I_NUM"
1,6,1,"0",NA,5,1
2,6,1,NA,NA,NA,0
3,6,1,"H",NA,3,1
4,6,1,NA,NA,NA,0
5,6,1,"H",93,4,1
6,6,1,"H",NA,2,0
7,3,2,NA,NA,NA,0
8,3,2,NA,NA,NA,0
9,3,2,NA,NA,NA,0
10,4,3,NA,NA,NA,0
11,4,3,NA,NA,NA,0
12,4,3,NA,NA,NA,0
13,4,3,NA,NA,NA,0
14,6,4,NA,NA,NA,0
15,6,4,"C",261,5,1
16,6,4,NA,NA,NA,0
17,6,4,NA,NA,NA,0
18,6,4,"H",NA,4,0
19,6,4,NA,NA,NA,0
20,5,5,NA,NA,NA,0
21,5,5,NA,NA,NA,0
22,5,5,NA,NA,NA,0
23,5,5,NA,NA,NA,0
24,5,5,NA,NA,NA,0
25,6,6,NA,NA,NA,0
26,6,6,NA,NA,NA,0
27,6,6,NA,NA,NA,0
28,6,6,NA,NA,NA,0
29,6,6,NA,NA,NA,0
30,6,6,NA,NA,NA,0
31,5,7,NA,NA,NA,0
32,5,7,NA,NA,NA,0
33,5,7,NA,NA,NA,0
34,5,7,NA,NA,NA,0
35,5,7,NA,NA,NA,0
36,4,8,NA,NA,NA,0
37,4,8,NA,NA,NA,0
38,4,8,NA,NA,NA,0
39,4,8,NA,NA,NA,0
40,4,9,NA,NA,NA,0
41,4,9,NA,NA,NA,0
42,4,9,NA,NA,NA,0
43,4,9,NA,NA,NA,0
44,6,10,NA,NA,NA,0
45,6,10,NA,NA,NA,0
46,6,10,"C",NA,NA,0
47,6,10,NA,NA,NA,0
48,6,10,NA,NA,NA,0
49,6,10,NA,NA,NA,0
50,3,11,NA,NA,NA,0
51,3,11,NA,NA,NA,0
52,3,11,"C",NA,NA,0
53,6,12,NA,NA,NA,0
54,6,12,NA,NA,NA,0
55,6,12,NA,NA,NA,0
56,6,12,NA,NA,NA,0
57,6,12,NA,NA,NA,0
58,6,12,NA,NA,NA,0
59,5,13,NA,NA,NA,0
60,5,13,NA,NA,NA,0
61,5,13,NA,NA,NA,0
62,5,13,NA,NA,NA,0
63,5,13,NA,NA,NA,0
64,5,14,NA,NA,NA,0
65,5,14,NA,NA,NA,0
66,5,14,NA,NA,NA,0
67,5,14,NA,NA,NA,0
68,5,14,NA,NA,NA,0
69,5,15,NA,NA,NA,0
70,5,15,NA,NA,NA,0
71,5,15,NA,NA,NA,0
72,5,15,NA,NA,NA,0
73,5,15,NA,NA,NA,0
74,4,16,"C",292,3,2
75,4,16,NA,NA,NA,0
76,4,16,"H",NA,1,0
77,4,16,"H",366,1,0
78,6,17,NA,NA,NA,0
79,6,17,NA,NA,NA,0
80,6,17,NA,NA,NA,0
81,6,17,NA,NA,NA,0
82,6,17,NA,NA,NA,0
83,6,17,NA,NA,NA,0
84,5,18,NA,NA,NA,0
85,5,18,NA,NA,NA,0
86,5,18,NA,NA,NA,0
87,5,18,NA,NA,NA,0
88,5,18,NA,NA,NA,0
89,6,19,NA,NA,NA,0
90,6,19,NA,NA,NA,0
91,6,19,NA,NA,NA,0
92,6,19,NA,NA,NA,0
93,6,19,NA,NA,NA,0
94,6,19,NA,NA,NA,0
95,6,20,NA,NA,NA,0
96,6,20,NA,NA,NA,0
97,6,20,NA,NA,NA,0
98,6,20,NA,NA,NA,0
99,6,20,NA,NA,NA,0
100,6,20,NA,NA,NA,0
101,3,21,NA,NA,NA,0
102,3,21,NA,NA,NA,0
103,3,21,NA,NA,NA,0
104,4,22,"C",352,3,0
105,4,22,NA,NA,NA,0
106,4,22,NA,NA,NA,0
107,4,22,NA,NA,NA,0
108,5,23,NA,NA,NA,0
109,5,23,NA,NA,NA,0
110,5,23,NA,NA,NA,0
111,5,23,NA,NA,NA,0
112,5,23,NA,NA,NA,0
113,4,24,NA,NA,NA,0
114,4,24,NA,NA,NA,0
115,4,24,NA,NA,NA,0
116,4,24,NA,NA,NA,0
117,5,25,NA,NA,NA,0
118,5,25,NA,NA,NA,0
119,5,25,NA,NA,NA,0
120,5,25,NA,NA,NA,0
121,5,25,NA,NA,NA,0
122,4,26,NA,NA,NA,0
123,4,26,NA,NA,NA,0
124,4,26,NA,NA,NA,0
125,4,26,NA,NA,NA,0
126,4,27,"H",NA,2,1
127,4,27,NA,NA,NA,0
128,4,27,"C",NA,3,1
129,4,27,"H",NA,NA,0
130,5,28,NA,NA,NA,0
131,5,28,NA,NA,NA,0
132,5,28,NA,NA,NA,0
133,5,28,NA,NA,NA,0
134,5,28,NA,NA,NA,0
135,3,29,NA,NA,NA,0
136,3,29,NA,NA,NA,0
137,3,29,NA,NA,NA,0
138,6,30,NA,NA,NA,0
139,6,30,NA,NA,NA,0
140,6,30,NA,NA,NA,0
141,6,30,NA,NA,NA,0
142,6,30,NA,NA,NA,0
143,6,30,NA,NA,NA,0
144,6,31,NA,NA,NA,0
145,6,31,NA,NA,NA,0
146,6,31,NA,NA,NA,0
147,6,31,NA,NA,NA,0
148,6,31,NA,NA,NA,0
149,6,31,NA,NA,NA,0
150,4,32,NA,NA,NA,0
151,4,32,NA,NA,NA,0
152,4,32,NA,NA,NA,0
153,4,32,NA,NA,NA,0
154,3,33,NA,NA,NA,0
155,3,33,NA,NA,NA,0
156,3,33,NA,NA,NA,0
157,3,34,NA,NA,NA,0
158,3,34,NA,NA,NA,0
159,3,34,NA,NA,NA,0
160,4,35,"C",NA,3,2
161,4,35,"H",NA,NA,0
162,4,35,NA,NA,NA,0
163,4,35,"H",NA,NA,0
164,4,36,NA,NA,NA,0
165,4,36,NA,NA,NA,0
166,4,36,NA,NA,NA,0
167,4,36,NA,NA,NA,0
168,4,37,NA,NA,NA,0
169,4,37,NA,NA,NA,0
170,4,37,NA,NA,NA,0
171,4,37,NA,NA,NA,0
172,4,38,NA,NA,NA,0
173,4,38,NA,NA,NA,0
174,4,38,NA,NA,NA,0
175,4,38,NA,NA,NA,0
176,4,39,NA,NA,NA,0
177,4,39,NA,NA,NA,0
178,4,39,NA,NA,NA,0
179,4,39,NA,NA,NA,0
180,3,40,NA,NA,NA,0
181,3,40,NA,NA,NA,0
182,3,40,NA,NA,NA,0
183,3,41,NA,NA,NA,0
184,3,41,NA,NA,NA,0
185,3,41,NA,NA,NA,0
186,6,42,NA,NA,NA,0
187,6,42,NA,NA,NA,0
188,6,42,NA,NA,NA,0
189,6,42,NA,NA,NA,0
190,6,42,NA,NA,NA,0
191,6,42,NA,NA,NA,0
192,3,43,"H",NA,0,0
193,3,43,"H",281,0,0
194,3,43,"C",241,2,2
195,6,44,NA,NA,NA,0
196,6,44,NA,NA,NA,0
197,6,44,NA,NA,NA,0
198,6,44,NA,NA,NA,0
199,6,44,"C",NA,5,0
200,6,44,NA,NA,NA,0
201,5,45,"H",NA,3,0
202,5,45,NA,NA,NA,0
203,5,45,NA,NA,NA,0
204,5,45,"C",326,4,1
205,5,45,NA,NA,NA,0
206,3,46,NA,NA,NA,0
207,3,46,NA,NA,NA,0
208,3,46,NA,NA,NA,0
209,4,47,NA,NA,NA,0
210,4,47,NA,NA,NA,0
211,4,47,NA,NA,NA,0
212,4,47,NA,NA,NA,0
213,6,48,NA,NA,NA,0
214,6,48,"C",NA,4,0
215,6,48,NA,NA,NA,0
216,6,48,"C",NA,4,0
217,6,48,NA,NA,NA,0
218,6,48,NA,NA,NA,0
219,4,49,NA,NA,NA,0
220,4,49,NA,NA,NA,0
221,4,49,NA,NA,NA,0
222,4,49,NA,NA,NA,0
223,5,50,NA,NA,NA,0
224,5,50,NA,NA,NA,0
225,5,50,"C",NA,4,0
226,5,50,NA,NA,NA,0
227,5,50,NA,NA,NA,0
228,6,51,NA,NA,NA,0
229,6,51,NA,NA,NA,0
230,6,51,NA,NA,NA,0
231,6,51,NA,NA,NA,0
232,6,51,NA,NA,NA,0
233,6,51,NA,NA,NA,0
234,3,52,"C",364,2,1
235,3,52,"H",NA,NA,0
236,3,52,NA,NA,NA,0
237,5,53,NA,NA,NA,0
238,5,53,NA,NA,NA,0
239,5,53,NA,NA,NA,0
240,5,53,NA,NA,NA,0
241,5,53,NA,NA,NA,0
242,3,54,NA,NA,NA,0
243,3,54,NA,NA,NA,0
244,3,54,NA,NA,NA,0
245,4,55,NA,NA,NA,0
246,4,55,"C",NA,NA,0
247,4,55,"C",263,3,0
248,4,55,NA,NA,NA,0
249,4,56,NA,NA,NA,0
250,4,56,"H",NA,NA,0
251,4,56,"C",NA,3,2
252,4,56,"H",NA,NA,0
253,6,57,NA,NA,NA,0
254,6,57,NA,NA,NA,0
255,6,57,NA,NA,NA,0
256,6,57,NA,NA,NA,0
257,6,57,NA,NA,NA,0
258,6,57,NA,NA,NA,0
259,5,58,NA,NA,NA,0
260,5,58,NA,NA,NA,0
261,5,58,NA,NA,NA,0
262,5,58,NA,NA,NA,0
263,5,58,NA,NA,NA,0
264,3,59,NA,NA,NA,0
265,3,59,"C",NA,2,0
266,3,59,NA,NA,NA,0
267,5,60,NA,NA,NA,0
268,5,60,"C",165,4,1
269,5,60,"H",NA,2,0
270,5,60,"H",216,3,1
271,5,60,NA,NA,NA,0
272,5,61,"H",317,2,0
273,5,61,NA,NA,NA,0
274,5,61,"H",323,2,0
275,5,61,"C",296,4,2
276,5,61,NA,NA,NA,0
277,4,62,NA,NA,NA,0
278,4,62,NA,NA,NA,0
279,4,62,"C",NA,3,0
280,4,62,NA,NA,NA,0
281,5,63,NA,NA,NA,0
282,5,63,NA,NA,NA,0
283,5,63,NA,NA,NA,0
284,5,63,NA,NA,NA,0
285,5,63,NA,NA,NA,0
286,6,64,NA,NA,NA,0
287,6,64,NA,NA,NA,0
288,6,64,NA,NA,NA,0
289,6,64,NA,NA,NA,0
290,6,64,NA,NA,NA,0
291,6,64,NA,NA,NA,0
292,3,65,NA,NA,NA,0
293,3,65,NA,NA,NA,0
294,3,65,NA,NA,NA,0
295,5,66,NA,NA,NA,0
296,5,66,NA,NA,NA,0
297,5,66,NA,NA,NA,0
298,5,66,NA,NA,NA,0
299,5,66,NA,NA,NA,0
300,5,67,NA,NA,NA,0
301,5,67,NA,NA,NA,0
302,5,67,NA,NA,NA,0
303,5,67,NA,NA,NA,0
304,5,67,NA,NA,NA,0
305,5,68,NA,NA,NA,0
306,5,68,NA,NA,NA,0
307,5,68,NA,NA,NA,0
308,5,68,NA,NA,NA,0
309,5,68,NA,NA,NA,0
310,6,69,NA,NA,NA,0
311,6,69,NA,NA,NA,0
312,6,69,NA,NA,NA,0
313,6,69,NA,NA,NA,0
314,6,69,NA,NA,NA,0
315,6,69,NA,NA,NA,0
316,6,70,NA,NA,NA,0
317,6,70,NA,NA,NA,0
318,6,70,NA,NA,NA,0
319,6,70,NA,NA,NA,0
320,6,70,NA,NA,NA,0
321,6,70,NA,NA,NA,0
322,4,71,NA,NA,NA,0
323,4,71,NA,NA,NA,0
324,4,71,NA,NA,NA,0
325,4,71,NA,NA,NA,0
326,5,72,NA,NA,NA,0
327,5,72,NA,NA,NA,0
328,5,72,NA,NA,NA,0
329,5,72,NA,NA,NA,0
330,5,72,NA,NA,NA,0
331,4,73,NA,NA,NA,0
332,4,73,NA,NA,NA,0
333,4,73,NA,NA,NA,0
334,4,73,NA,NA,NA,0
335,3,74,NA,NA,NA,0
336,3,74,NA,NA,NA,0
337,3,74,NA,NA,NA,0
338,6,75,"C",NA,5,2
339,6,75,NA,NA,NA,0
340,6,75,NA,NA,NA,0
341,6,75,"H",NA,NA,0
342,6,75,"H",NA,NA,0
343,6,75,NA,NA,NA,0
344,5,76,NA,NA,NA,0
345,5,76,NA,NA,NA,0
346,5,76,NA,NA,NA,0
347,5,76,NA,NA,NA,0
348,5,76,NA,NA,NA,0
349,5,77,"C",124,4,3
350,5,77,"H",222,0,0
351,5,77,"H",146,1,0
352,5,77,"H",173,1,1
353,5,77,"H",NA,1,0
354,4,78,NA,NA,NA,0
355,4,78,NA,NA,NA,0
356,4,78,NA,NA,NA,0
357,4,78,NA,NA,NA,0
358,4,79,NA,NA,NA,0
359,4,79,NA,NA,NA,0
360,4,79,NA,NA,NA,0
361,4,79,NA,NA,NA,0
362,3,80,"C",NA,NA,0
363,3,80,NA,NA,NA,0
364,3,80,NA,NA,NA,0
365,6,81,NA,NA,NA,0
366,6,81,NA,NA,NA,0
367,6,81,NA,NA,NA,0
368,6,81,NA,NA,NA,0
369,6,81,NA,NA,NA,0
370,6,81,NA,NA,NA,0
371,3,82,NA,NA,NA,0
372,3,82,NA,NA,NA,0
373,3,82,NA,NA,NA,0
374,6,83,NA,NA,NA,0
375,6,83,NA,NA,NA,0
376,6,83,NA,NA,NA,0
377,6,83,NA,NA,NA,0
378,6,83,NA,NA,NA,0
379,6,83,NA,NA,NA,0
380,3,84,NA,NA,NA,0
381,3,84,NA,NA,NA,0
382,3,84,NA,NA,NA,0
383,3,85,NA,NA,NA,0
384,3,85,NA,NA,NA,0
385,3,85,NA,NA,NA,0
386,5,86,NA,NA,NA,0
387,5,86,NA,NA,NA,0
388,5,86,NA,NA,NA,0
389,5,86,NA,NA,NA,0
390,5,86,NA,NA,NA,0
391,4,87,NA,NA,NA,0
392,4,87,NA,NA,NA,0
393,4,87,NA,NA,NA,0
394,4,87,NA,NA,NA,0
395,5,88,"C",NA,NA,0
396,5,88,"C",NA,4,1
397,5,88,NA,NA,NA,0
398,5,88,"H",299,3,0
399,5,88,NA,NA,NA,0
400,3,89,"C",NA,NA,0
401,3,89,NA,NA,NA,0
402,3,89,NA,NA,NA,0
403,6,90,"C",NA,NA,0
404,6,90,NA,NA,NA,0
405,6,90,NA,NA,NA,0
406,6,90,NA,NA,NA,0
407,6,90,NA,NA,NA,0
408,6,90,NA,NA,NA,0
409,6,91,NA,NA,NA,0
410,6,91,NA,NA,NA,0
411,6,91,NA,NA,NA,0
412,6,91,NA,NA,NA,0
413,6,91,NA,NA,NA,0
414,6,91,NA,NA,NA,0
415,6,92,NA,NA,NA,0
416,6,92,NA,NA,NA,0
417,6,92,NA,NA,NA,0
418,6,92,NA,NA,NA,0
419,6,92,NA,NA,NA,0
420,6,92,NA,NA,NA,0
421,5,93,NA,NA,NA,0
422,5,93,NA,NA,NA,0
423,5,93,NA,NA,NA,0
424,5,93,NA,NA,NA,0
425,5,93,NA,NA,NA,0
426,5,94,NA,NA,NA,0
427,5,94,NA,NA,NA,0
428,5,94,NA,NA,NA,0
429,5,94,NA,NA,NA,0
430,5,94,NA,NA,NA,0
431,4,95,NA,NA,NA,0
432,4,95,NA,NA,NA,0
433,4,95,NA,NA,NA,0
434,4,95,NA,NA,NA,0
435,4,96,NA,NA,NA,0
436,4,96,NA,NA,NA,0
437,4,96,NA,NA,NA,0
438,4,96,NA,NA,NA,0
439,5,97,NA,NA,NA,0
440,5,97,NA,NA,NA,0
441,5,97,NA,NA,NA,0
442,5,97,NA,NA,NA,0
443,5,97,NA,NA,NA,0
444,6,98,NA,NA,NA,0
445,6,98,NA,NA,NA,0
446,6,98,NA,NA,NA,0
447,6,98,NA,NA,NA,0
448,6,98,NA,NA,NA,0
449,6,98,NA,NA,NA,0
450,4,99,NA,NA,NA,0
451,4,99,NA,NA,NA,0
452,4,99,NA,NA,NA,0
453,4,99,NA,NA,NA,0
454,5,100,NA,NA,NA,0
455,5,100,NA,NA,NA,0
456,5,100,NA,NA,NA,0
457,5,100,NA,NA,NA,0
458,5,100,NA,NA,NA,0
459,4,101,NA,NA,NA,0
460,4,101,NA,NA,NA,0
461,4,101,NA,NA,NA,0
462,4,101,NA,NA,NA,0
463,3,102,NA,NA,NA,0
464,3,102,NA,NA,NA,0
465,3,102,NA,NA,NA,0
466,6,103,NA,NA,NA,0
467,6,103,NA,NA,NA,0
468,6,103,NA,NA,NA,0
469,6,103,NA,NA,NA,0
470,6,103,NA,NA,NA,0
471,6,103,NA,NA,NA,0
472,3,104,NA,NA,NA,0
473,3,104,NA,NA,NA,0
474,3,104,NA,NA,NA,0
475,6,105,NA,NA,NA,0
476,6,105,NA,NA,NA,0
477,6,105,NA,NA,NA,0
478,6,105,NA,NA,NA,0
479,6,105,NA,NA,NA,0
480,6,105,NA,NA,NA,0
481,6,106,NA,NA,NA,0
482,6,106,NA,NA,NA,0
483,6,106,NA,NA,NA,0
484,6,106,NA,NA,NA,0
485,6,106,NA,NA,NA,0
486,6,106,NA,NA,NA,0
487,5,107,NA,NA,NA,0
488,5,107,"H",NA,1,0
489,5,107,"H",NA,1,0
490,5,107,"H",NA,2,1
491,5,107,"C",288,4,2
492,6,108,NA,NA,NA,0
493,6,108,NA,NA,NA,0
494,6,108,NA,NA,NA,0
495,6,108,NA,NA,NA,0
496,6,108,"C",NA,5,1
497,6,108,"H",NA,NA,0
498,6,109,NA,NA,NA,0
499,6,109,NA,NA,NA,0
500,6,109,NA,NA,NA,0
501,6,109,NA,NA,NA,0
502,6,109,NA,NA,NA,0
503,6,109,NA,NA,NA,0
504,4,110,NA,NA,NA,0
505,4,110,NA,NA,NA,0
506,4,110,NA,NA,NA,0
507,4,110,NA,NA,NA,0
508,6,111,NA,NA,NA,0
509,6,111,NA,NA,NA,0
510,6,111,"C",NA,5,1
511,6,111,NA,NA,NA,0
512,6,111,"H",319,4,0
513,6,111,NA,NA,NA,0
514,5,112,NA,NA,NA,0
515,5,112,NA,NA,NA,0
516,5,112,NA,NA,NA,0
517,5,112,"C",365,4,0
518,5,112,NA,NA,NA,0
519,6,113,"H",197,2,0
520,6,113,"H",213,2,1
521,6,113,"H",NA,1,1
522,6,113,"H",286,0,0
523,6,113,"H",NA,3,1
524,6,113,"C",157,5,2
525,3,114,NA,NA,NA,0
526,3,114,NA,NA,NA,0
527,3,114,NA,NA,NA,0
528,5,115,NA,NA,NA,0
529,5,115,"C",247,4,1
530,5,115,"H",302,3,0
531,5,115,NA,NA,NA,0
532,5,115,NA,NA,NA,0
533,4,116,NA,NA,NA,0
534,4,116,NA,NA,NA,0
535,4,116,NA,NA,NA,0
536,4,116,NA,NA,NA,0
537,5,117,NA,NA,NA,0
538,5,117,NA,NA,NA,0
539,5,117,NA,NA,NA,0
540,5,117,NA,NA,NA,0
541,5,117,NA,NA,NA,0
542,5,118,NA,NA,NA,0
543,5,118,NA,NA,NA,0
544,5,118,NA,NA,NA,0
545,5,118,"C",NA,NA,0
546,5,118,NA,NA,NA,0
547,4,119,NA,NA,NA,0
548,4,119,NA,NA,NA,0
549,4,119,NA,NA,NA,0
550,4,119,NA,NA,NA,0
551,5,120,NA,NA,NA,0
552,5,120,NA,NA,NA,0
553,5,120,NA,NA,NA,0
554,5,120,NA,NA,NA,0
555,5,120,NA,NA,NA,0
556,4,121,NA,NA,NA,0
557,4,121,NA,NA,NA,0
558,4,121,"C",212,3,0
559,4,121,NA,NA,NA,0
560,5,122,NA,NA,NA,0
561,5,122,NA,NA,NA,0
562,5,122,NA,NA,NA,0
563,5,122,NA,NA,NA,0
564,5,122,NA,NA,NA,0
565,5,123,NA,NA,NA,0
566,5,123,NA,NA,NA,0
567,5,123,NA,NA,NA,0
568,5,123,NA,NA,NA,0
569,5,123,NA,NA,NA,0
570,3,124,NA,NA,NA,0
571,3,124,NA,NA,NA,0
572,3,124,NA,NA,NA,0
573,4,125,NA,NA,NA,0
574,4,125,NA,NA,NA,0
575,4,125,NA,NA,NA,0
576,4,125,NA,NA,NA,0
577,6,126,NA,NA,NA,0
578,6,126,NA,NA,NA,0
579,6,126,NA,NA,NA,0
580,6,126,NA,NA,NA,0
581,6,126,NA,NA,NA,0
582,6,126,NA,NA,NA,0
583,4,127,NA,NA,NA,0
584,4,127,NA,NA,NA,0
585,4,127,"H",NA,NA,0
586,4,127,"C",NA,3,1
587,3,128,"C",NA,2,1
588,3,128,"H",NA,1,0
589,3,128,NA,NA,NA,0
590,6,129,NA,NA,NA,0
591,6,129,NA,NA,NA,0
592,6,129,NA,NA,NA,0
593,6,129,"C",NA,NA,0
594,6,129,NA,NA,NA,0
595,6,129,NA,NA,NA,0
596,4,130,NA,NA,NA,0
597,4,130,NA,NA,NA,0
598,4,130,NA,NA,NA,0
599,4,130,NA,NA,NA,0
600,6,131,NA,NA,NA,0
601,6,131,NA,NA,NA,0
602,6,131,NA,NA,NA,0
603,6,131,NA,NA,NA,0
604,6,131,NA,NA,NA,0
605,6,131,NA,NA,NA,0
606,5,132,NA,NA,NA,0
607,5,132,NA,NA,NA,0
608,5,132,NA,NA,NA,0
609,5,132,NA,NA,NA,0
610,5,132,NA,NA,NA,0
611,6,133,"H",278,4,3
612,6,133,"H",334,0,0
613,6,133,"H",303,1,0
614,6,133,"H",317,0,0
615,6,133,"H",307,1,1
616,6,133,"C",242,5,1
617,4,134,NA,NA,NA,0
618,4,134,NA,NA,NA,0
619,4,134,NA,NA,NA,0
620,4,134,NA,NA,NA,0
621,5,135,NA,NA,NA,0
622,5,135,NA,NA,NA,0
623,5,135,NA,NA,NA,0
624,5,135,NA,NA,NA,0
625,5,135,NA,NA,NA,0
626,4,136,NA,NA,NA,0
627,4,136,NA,NA,NA,0
628,4,136,NA,NA,NA,0
629,4,136,NA,NA,NA,0
630,5,137,NA,NA,NA,0
631,5,137,"C",197,4,0
632,5,137,NA,NA,NA,0
633,5,137,NA,NA,NA,0
634,5,137,NA,NA,NA,0
635,5,138,NA,NA,NA,0
636,5,138,NA,NA,NA,0
637,5,138,NA,NA,NA,0
638,5,138,NA,NA,NA,0
639,5,138,NA,NA,NA,0
640,6,139,NA,NA,NA,0
641,6,139,NA,NA,NA,0
642,6,139,NA,NA,NA,0
643,6,139,NA,NA,NA,0
644,6,139,"C",NA,NA,0
645,6,139,NA,NA,NA,0
646,4,140,"C",362,3,1
647,4,140,"H",NA,NA,0
648,4,140,NA,NA,NA,0
649,4,140,NA,NA,NA,0
650,5,141,NA,NA,NA,0
651,5,141,NA,NA,NA,0
652,5,141,NA,NA,NA,0
653,5,141,NA,NA,NA,0
654,5,141,NA,NA,NA,0
655,6,142,NA,NA,NA,0
656,6,142,NA,NA,NA,0
657,6,142,NA,NA,NA,0
658,6,142,NA,NA,NA,0
659,6,142,NA,NA,NA,0
660,6,142,NA,NA,NA,0
661,4,143,NA,NA,NA,0
662,4,143,NA,NA,NA,0
663,4,143,NA,NA,NA,0
664,4,143,NA,NA,NA,0
665,5,144,NA,NA,NA,0
666,5,144,NA,NA,NA,0
667,5,144,NA,NA,NA,0
668,5,144,NA,NA,NA,0
669,5,144,"C",NA,4,0
670,4,145,NA,NA,NA,0
671,4,145,NA,NA,NA,0
672,4,145,NA,NA,NA,0
673,4,145,NA,NA,NA,0
674,4,146,NA,NA,NA,0
675,4,146,NA,NA,NA,0
676,4,146,NA,NA,NA,0
677,4,146,NA,NA,NA,0
678,6,147,NA,NA,NA,0
679,6,147,NA,NA,NA,0
680,6,147,NA,NA,NA,0
681,6,147,NA,NA,NA,0
682,6,147,NA,NA,NA,0
683,6,147,NA,NA,NA,0
684,4,148,NA,NA,NA,0
685,4,148,NA,NA,NA,0
686,4,148,NA,NA,NA,0
687,4,148,NA,NA,NA,0
688,5,149,NA,NA,NA,0
689,5,149,"C",NA,4,0
690,5,149,NA,NA,NA,0
691,5,149,NA,NA,NA,0
692,5,149,NA,NA,NA,0
693,3,150,NA,NA,NA,0
694,3,150,NA,NA,NA,0
695,3,150,NA,NA,NA,0
696,3,151,NA,NA,NA,0
697,3,151,"C",NA,2,0
698,3,151,NA,NA,NA,0
699,5,152,NA,NA,NA,0
700,5,152,"C",NA,NA,0
701,5,152,NA,NA,NA,0
702,5,152,NA,NA,NA,0
703,5,152,NA,NA,NA,0
704,5,153,NA,NA,NA,0
705,5,153,NA,NA,NA,0
706,5,153,NA,NA,NA,0
707,5,153,NA,NA,NA,0
708,5,153,NA,NA,NA,0
709,4,154,NA,NA,NA,0
710,4,154,NA,NA,NA,0
711,4,154,NA,NA,NA,0
712,4,154,NA,NA,NA,0
713,6,155,NA,NA,NA,0
714,6,155,"H",NA,3,2
715,6,155,"H",NA,NA,0
716,6,155,"H",NA,NA,0
717,6,155,"H",NA,3,0
718,6,155,"C",295,5,2
719,4,156,NA,NA,NA,0
720,4,156,NA,NA,NA,0
721,4,156,NA,NA,NA,0
722,4,156,NA,NA,NA,0
723,3,157,NA,NA,NA,0
724,3,157,NA,NA,NA,0
725,3,157,NA,NA,NA,0
726,4,158,NA,NA,NA,0
727,4,158,NA,NA,NA,0
728,4,158,NA,NA,NA,0
729,4,158,NA,NA,NA,0
730,5,159,NA,NA,NA,0
731,5,159,NA,NA,NA,0
732,5,159,NA,NA,NA,0
733,5,159,NA,NA,NA,0
734,5,159,NA,NA,NA,0
735,6,160,NA,NA,NA,0
736,6,160,NA,NA,NA,0
737,6,160,NA,NA,NA,0
738,6,160,NA,NA,NA,0
739,6,160,NA,NA,NA,0
740,6,160,NA,NA,NA,0
741,6,161,"H",353,2,1
742,6,161,NA,NA,NA,0
743,6,161,"H",NA,NA,0
744,6,161,"H",263,4,1
745,6,161,"H",NA,3,1
746,6,161,"C",242,5,1
747,5,162,"C",NA,4,2
748,5,162,"H",NA,2,0
749,5,162,"H",361,1,0
750,5,162,"C",NA,NA,0
751,5,162,NA,NA,NA,0
752,4,163,NA,NA,NA,0
753,4,163,NA,NA,NA,0
754,4,163,NA,NA,NA,0
755,4,163,NA,NA,NA,0
756,6,164,NA,NA,NA,0
757,6,164,NA,NA,NA,0
758,6,164,NA,NA,NA,0
759,6,164,NA,NA,NA,0
760,6,164,NA,NA,NA,0
761,6,164,NA,NA,NA,0
762,5,165,"H",NA,3,0
763,5,165,"C",289,4,1
764,5,165,NA,NA,NA,0
765,5,165,NA,NA,NA,0
766,5,165,NA,NA,NA,0
767,3,166,NA,NA,NA,0
768,3,166,NA,NA,NA,0
769,3,166,NA,NA,NA,0
770,6,167,NA,NA,NA,0
771,6,167,NA,NA,NA,0
772,6,167,NA,NA,NA,0
773,6,167,NA,NA,NA,0
774,6,167,NA,NA,NA,0
775,6,167,NA,NA,NA,0
776,4,168,NA,NA,NA,0
777,4,168,NA,NA,NA,0
778,4,168,"C",269,3,0
779,4,168,NA,NA,NA,0
780,3,169,NA,NA,NA,0
781,3,169,NA,NA,NA,0
782,3,169,NA,NA,NA,0
783,3,170,NA,NA,NA,0
784,3,170,NA,NA,NA,0
785,3,170,NA,NA,NA,0
786,5,171,NA,NA,NA,0
787,5,171,NA,NA,NA,0
788,5,171,NA,NA,NA,0
789,5,171,NA,NA,NA,0
790,5,171,NA,NA,NA,0
791,4,172,NA,NA,NA,0
792,4,172,NA,NA,NA,0
793,4,172,NA,NA,NA,0
794,4,172,NA,NA,NA,0
795,5,173,NA,NA,NA,0
796,5,173,NA,NA,NA,0
797,5,173,NA,NA,NA,0
798,5,173,NA,NA,NA,0
799,5,173,NA,NA,NA,0
800,5,174,NA,NA,NA,0
801,5,174,NA,NA,NA,0
802,5,174,NA,NA,NA,0
803,5,174,NA,NA,NA,0
804,5,174,NA,NA,NA,0
805,6,175,NA,NA,NA,0
806,6,175,NA,NA,NA,0
807,6,175,NA,NA,NA,0
808,6,175,NA,NA,NA,0
809,6,175,NA,NA,NA,0
810,6,175,NA,NA,NA,0
811,4,176,NA,NA,NA,0
812,4,176,NA,NA,NA,0
813,4,176,NA,NA,NA,0
814,4,176,NA,NA,NA,0
815,6,177,NA,NA,NA,0
816,6,177,NA,NA,NA,0
817,6,177,NA,NA,NA,0
818,6,177,NA,NA,NA,0
819,6,177,NA,NA,NA,0
820,6,177,NA,NA,NA,0
821,4,178,NA,NA,NA,0
822,4,178,NA,NA,NA,0
823,4,178,NA,NA,NA,0
824,4,178,NA,NA,NA,0
825,4,179,NA,NA,NA,0
826,4,179,NA,NA,NA,0
827,4,179,NA,NA,NA,0
828,4,179,NA,NA,NA,0
829,5,180,NA,NA,NA,0
830,5,180,NA,NA,NA,0
831,5,180,NA,NA,NA,0
832,5,180,NA,NA,NA,0
833,5,180,NA,NA,NA,0
834,3,181,NA,NA,NA,0
835,3,181,NA,NA,NA,0
836,3,181,NA,NA,NA,0
837,5,182,NA,NA,NA,0
838,5,182,NA,NA,NA,0
839,5,182,NA,NA,NA,0
840,5,182,NA,NA,NA,0
841,5,182,NA,NA,NA,0
842,5,183,NA,NA,NA,0
843,5,183,NA,NA,NA,0
844,5,183,NA,NA,NA,0
845,5,183,NA,NA,NA,0
846,5,183,NA,NA,NA,0
847,4,184,NA,NA,NA,0
848,4,184,NA,NA,NA,0
849,4,184,NA,NA,NA,0
850,4,184,NA,NA,NA,0
851,4,185,NA,NA,NA,0
852,4,185,NA,NA,NA,0
853,4,185,NA,NA,NA,0
854,4,185,"C",332,3,0
855,4,186,NA,NA,NA,0
856,4,186,NA,NA,NA,0
857,4,186,NA,NA,NA,0
858,4,186,NA,NA,NA,0
859,5,187,NA,NA,NA,0
860,5,187,NA,NA,NA,0
861,5,187,"H",284,3,0
862,5,187,NA,NA,NA,0
863,5,187,"C",230,4,1
864,3,188,NA,NA,NA,0
865,3,188,NA,NA,NA,0
866,3,188,NA,NA,NA,0
867,3,189,NA,NA,NA,0
868,3,189,NA,NA,NA,0
869,3,189,NA,NA,NA,0
870,6,190,NA,NA,NA,0
871,6,190,NA,NA,NA,0
872,6,190,NA,NA,NA,0
873,6,190,NA,NA,NA,0
874,6,190,NA,NA,NA,0
875,6,190,NA,NA,NA,0
876,5,191,NA,NA,NA,0
877,5,191,"C",NA,4,0
878,5,191,NA,NA,NA,0
879,5,191,NA,NA,NA,0
880,5,191,NA,NA,NA,0
881,5,192,NA,NA,NA,0
882,5,192,NA,NA,NA,0
883,5,192,NA,NA,NA,0
884,5,192,NA,NA,NA,0
885,5,192,NA,NA,NA,0
886,3,193,NA,NA,NA,0
887,3,193,NA,NA,NA,0
888,3,193,NA,NA,NA,0
889,6,194,NA,NA,NA,0
890,6,194,NA,NA,NA,0
891,6,194,NA,NA,NA,0
892,6,194,NA,NA,NA,0
893,6,194,NA,NA,NA,0
894,6,194,NA,NA,NA,0
895,6,195,NA,NA,NA,0
896,6,195,NA,NA,NA,0
897,6,195,NA,NA,NA,0
898,6,195,NA,NA,NA,0
899,6,195,NA,NA,NA,0
900,6,195,NA,NA,NA,0
901,5,196,NA,NA,NA,0
902,5,196,NA,NA,NA,0
903,5,196,NA,NA,NA,0
904,5,196,NA,NA,NA,0
905,5,196,"C",NA,4,0
906,6,197,"C",163,5,1
907,6,197,NA,NA,NA,0
908,6,197,NA,NA,NA,0
909,6,197,"H",187,4,0
910,6,197,NA,NA,NA,0
911,6,197,NA,NA,NA,0
912,6,198,NA,NA,NA,0
913,6,198,NA,NA,NA,0
914,6,198,NA,NA,NA,0
915,6,198,NA,NA,NA,0
916,6,198,NA,NA,NA,0
917,6,198,NA,NA,NA,0
918,6,199,NA,NA,NA,0
919,6,199,NA,NA,NA,0
920,6,199,NA,NA,NA,0
921,6,199,NA,NA,NA,0
922,6,199,NA,NA,NA,0
923,6,199,NA,NA,NA,0
924,3,200,NA,NA,NA,0
925,3,200,NA,NA,NA,0
926,3,200,NA,NA,NA,0
927,6,201,NA,NA,NA,0
928,6,201,NA,NA,NA,0
929,6,201,NA,NA,NA,0
930,6,201,NA,NA,NA,0
931,6,201,NA,NA,NA,0
932,6,201,NA,NA,NA,0
933,6,202,NA,NA,NA,0
934,6,202,NA,NA,NA,0
935,6,202,NA,NA,NA,0
936,6,202,NA,NA,NA,0
937,6,202,NA,NA,NA,0
938,6,202,NA,NA,NA,0
939,4,203,NA,NA,NA,0
940,4,203,NA,NA,NA,0
941,4,203,NA,NA,NA,0
942,4,203,NA,NA,NA,0
943,6,204,NA,NA,NA,0
944,6,204,NA,NA,NA,0
945,6,204,NA,NA,NA,0
946,6,204,NA,NA,NA,0
947,6,204,NA,NA,NA,0
948,6,204,NA,NA,NA,0
949,4,205,NA,NA,NA,0
950,4,205,NA,NA,NA,0
951,4,205,NA,NA,NA,0
952,4,205,NA,NA,NA,0
953,5,206,NA,NA,NA,0
954,5,206,NA,NA,NA,0
955,5,206,NA,NA,NA,0
956,5,206,NA,NA,NA,0
957,5,206,NA,NA,NA,0
958,6,207,NA,NA,NA,0
959,6,207,NA,NA,NA,0
960,6,207,NA,NA,NA,0
961,6,207,NA,NA,NA,0
962,6,207,"H",NA,NA,0
963,6,207,"C",325,5,1
964,6,208,NA,NA,NA,0
965,6,208,NA,NA,NA,0
966,6,208,NA,NA,NA,0
967,6,208,NA,NA,NA,0
968,6,208,NA,NA,NA,0
969,6,208,NA,NA,NA,0
970,3,209,NA,NA,NA,0
971,3,209,NA,NA,NA,0
972,3,209,NA,NA,NA,0
973,6,210,NA,NA,NA,0
974,6,210,NA,NA,NA,0
975,6,210,"C",NA,NA,0
976,6,210,NA,NA,NA,0
977,6,210,NA,NA,NA,0
978,6,210,NA,NA,NA,0
979,6,211,NA,NA,NA,0
980,6,211,NA,NA,NA,0
981,6,211,NA,NA,NA,0
982,6,211,NA,NA,NA,0
983,6,211,NA,NA,NA,0
984,6,211,NA,NA,NA,0
985,4,212,NA,NA,NA,0
986,4,212,NA,NA,NA,0
987,4,212,NA,NA,NA,0
988,4,212,NA,NA,NA,0
989,6,213,NA,NA,NA,0
990,6,213,NA,NA,NA,0
991,6,213,NA,NA,NA,0
992,6,213,NA,NA,NA,0
993,6,213,"H",NA,NA,0
994,6,213,"C",363,5,1
995,6,214,NA,NA,NA,0
996,6,214,NA,NA,NA,0
997,6,214,NA,NA,NA,0
998,6,214,NA,NA,NA,0
999,6,214,NA,NA,NA,0
1000,6,214,NA,NA,NA,0
