"ID","SIZE","HH","TYPE","TIME","S_NUM","I_NUM"
1,5,1,"0",NA,NA,0
2,5,1,"H",NA,NA,0
3,5,1,NA,NA,NA,0
4,5,1,"C",349,3,1
5,5,1,NA,NA,NA,0
6,4,2,NA,NA,NA,0
7,4,2,NA,NA,NA,0
8,4,2,NA,NA,NA,0
9,4,2,NA,NA,NA,0
10,6,3,NA,NA,NA,0
11,6,3,NA,NA,NA,0
12,6,3,NA,NA,NA,0
13,6,3,NA,NA,NA,0
14,6,3,NA,NA,NA,0
15,6,3,NA,NA,NA,0
16,4,4,NA,NA,NA,0
17,4,4,NA,NA,NA,0
18,4,4,NA,NA,NA,0
19,4,4,NA,NA,NA,0
20,5,5,"C",353,4,0
21,5,5,NA,NA,NA,0
22,5,5,NA,NA,NA,0
23,5,5,NA,NA,NA,0
24,5,5,NA,NA,NA,0
25,6,6,NA,NA,NA,0
26,6,6,NA,NA,NA,0
27,6,6,NA,NA,NA,0
28,6,6,NA,NA,NA,0
29,6,6,NA,NA,NA,0
30,6,6,NA,NA,NA,0
31,5,7,NA,NA,NA,0
32,5,7,NA,NA,NA,0
33,5,7,NA,NA,NA,0
34,5,7,NA,NA,NA,0
35,5,7,NA,NA,NA,0
36,5,8,NA,NA,NA,0
37,5,8,NA,NA,NA,0
38,5,8,NA,NA,NA,0
39,5,8,NA,NA,NA,0
40,5,8,NA,NA,NA,0
41,4,9,NA,NA,NA,0
42,4,9,NA,NA,NA,0
43,4,9,NA,NA,NA,0
44,4,9,NA,NA,NA,0
45,5,10,NA,NA,NA,0
46,5,10,NA,NA,NA,0
47,5,10,NA,NA,NA,0
48,5,10,NA,NA,NA,0
49,5,10,NA,NA,NA,0
50,4,11,NA,NA,NA,0
51,4,11,NA,NA,NA,0
52,4,11,NA,NA,NA,0
53,4,11,NA,NA,NA,0
54,6,12,NA,NA,NA,0
55,6,12,NA,NA,NA,0
56,6,12,NA,NA,NA,0
57,6,12,NA,NA,NA,0
58,6,12,NA,NA,NA,0
59,6,12,NA,NA,NA,0
60,4,13,NA,NA,NA,0
61,4,13,NA,NA,NA,0
62,4,13,NA,NA,NA,0
63,4,13,NA,NA,NA,0
64,5,14,NA,NA,NA,0
65,5,14,NA,NA,NA,0
66,5,14,NA,NA,NA,0
67,5,14,NA,NA,NA,0
68,5,14,NA,NA,NA,0
69,5,15,NA,NA,NA,0
70,5,15,NA,NA,NA,0
71,5,15,NA,NA,NA,0
72,5,15,NA,NA,NA,0
73,5,15,NA,NA,NA,0
74,4,16,NA,NA,NA,0
75,4,16,NA,NA,NA,0
76,4,16,NA,NA,NA,0
77,4,16,NA,NA,NA,0
78,6,17,NA,NA,NA,0
79,6,17,NA,NA,NA,0
80,6,17,NA,NA,NA,0
81,6,17,NA,NA,NA,0
82,6,17,NA,NA,NA,0
83,6,17,NA,NA,NA,0
84,4,18,NA,NA,NA,0
85,4,18,NA,NA,NA,0
86,4,18,NA,NA,NA,0
87,4,18,NA,NA,NA,0
88,3,19,NA,NA,NA,0
89,3,19,NA,NA,NA,0
90,3,19,NA,NA,NA,0
91,3,20,NA,NA,NA,0
92,3,20,NA,NA,NA,0
93,3,20,NA,NA,NA,0
94,4,21,NA,NA,NA,0
95,4,21,NA,NA,NA,0
96,4,21,NA,NA,NA,0
97,4,21,NA,NA,NA,0
98,3,22,NA,NA,NA,0
99,3,22,NA,NA,NA,0
100,3,22,"E",318,2,0
101,4,23,NA,NA,NA,0
102,4,23,NA,NA,NA,0
103,4,23,NA,NA,NA,0
104,4,23,NA,NA,NA,0
105,3,24,NA,NA,NA,0
106,3,24,"E",79,2,0
107,3,24,NA,NA,NA,0
108,5,25,NA,NA,NA,0
109,5,25,"E",99,4,0
110,5,25,NA,NA,NA,0
111,5,25,NA,NA,NA,0
112,5,25,NA,NA,NA,0
113,3,26,NA,NA,NA,0
114,3,26,NA,NA,NA,0
115,3,26,NA,NA,NA,0
116,4,27,NA,NA,NA,0
117,4,27,"C",NA,NA,0
118,4,27,NA,NA,NA,0
119,4,27,NA,NA,NA,0
120,4,28,NA,NA,NA,0
121,4,28,NA,NA,NA,0
122,4,28,NA,NA,NA,0
123,4,28,NA,NA,NA,0
124,4,29,"C",NA,NA,0
125,4,29,NA,NA,NA,0
126,4,29,NA,NA,NA,0
127,4,29,NA,NA,NA,0
128,4,30,NA,NA,NA,0
129,4,30,NA,NA,NA,0
130,4,30,NA,NA,NA,0
131,4,30,NA,NA,NA,0
132,4,31,NA,NA,NA,0
133,4,31,NA,NA,NA,0
134,4,31,NA,NA,NA,0
135,4,31,NA,NA,NA,0
136,3,32,NA,NA,NA,0
137,3,32,NA,NA,NA,0
138,3,32,NA,NA,NA,0
139,3,33,NA,NA,NA,0
140,3,33,NA,NA,NA,0
141,3,33,NA,NA,NA,0
142,4,34,NA,NA,NA,0
143,4,34,NA,NA,NA,0
144,4,34,NA,NA,NA,0
145,4,34,NA,NA,NA,0
146,6,35,NA,NA,NA,0
147,6,35,NA,NA,NA,0
148,6,35,NA,NA,NA,0
149,6,35,NA,NA,NA,0
150,6,35,NA,NA,NA,0
151,6,35,NA,NA,NA,0
152,4,36,NA,NA,NA,0
153,4,36,NA,NA,NA,0
154,4,36,NA,NA,NA,0
155,4,36,NA,NA,NA,0
156,4,37,NA,NA,NA,0
157,4,37,NA,NA,NA,0
158,4,37,NA,NA,NA,0
159,4,37,NA,NA,NA,0
160,3,38,NA,NA,NA,0
161,3,38,NA,NA,NA,0
162,3,38,NA,NA,NA,0
163,3,39,NA,NA,NA,0
164,3,39,NA,NA,NA,0
165,3,39,NA,NA,NA,0
166,3,40,NA,NA,NA,0
167,3,40,NA,NA,NA,0
168,3,40,NA,NA,NA,0
169,3,41,NA,NA,NA,0
170,3,41,NA,NA,NA,0
171,3,41,NA,NA,NA,0
172,3,42,NA,NA,NA,0
173,3,42,NA,NA,NA,0
174,3,42,"C",NA,NA,0
175,5,43,NA,NA,NA,0
176,5,43,"C",268,4,2
177,5,43,"H",339,2,0
178,5,43,NA,NA,NA,0
179,5,43,"H",300,2,0
180,3,44,NA,NA,NA,0
181,3,44,NA,NA,NA,0
182,3,44,NA,NA,NA,0
183,3,45,NA,NA,NA,0
184,3,45,NA,NA,NA,0
185,3,45,NA,NA,NA,0
186,6,46,NA,NA,NA,0
187,6,46,NA,NA,NA,0
188,6,46,NA,NA,NA,0
189,6,46,NA,NA,NA,0
190,6,46,NA,NA,NA,0
191,6,46,NA,NA,NA,0
192,5,47,NA,NA,NA,0
193,5,47,NA,NA,NA,0
194,5,47,NA,NA,NA,0
195,5,47,NA,NA,NA,0
196,5,47,NA,NA,NA,0
197,6,48,NA,NA,NA,0
198,6,48,NA,NA,NA,0
199,6,48,NA,NA,NA,0
200,6,48,NA,NA,NA,0
201,6,48,NA,NA,NA,0
202,6,48,NA,NA,NA,0
203,4,49,NA,NA,NA,0
204,4,49,NA,NA,NA,0
205,4,49,NA,NA,NA,0
206,4,49,NA,NA,NA,0
207,6,50,NA,NA,NA,0
208,6,50,NA,NA,NA,0
209,6,50,NA,NA,NA,0
210,6,50,NA,NA,NA,0
211,6,50,NA,NA,NA,0
212,6,50,NA,NA,NA,0
213,3,51,NA,NA,NA,0
214,3,51,NA,NA,NA,0
215,3,51,NA,NA,NA,0
216,5,52,NA,NA,NA,0
217,5,52,NA,NA,NA,0
218,5,52,NA,NA,NA,0
219,5,52,NA,NA,NA,0
220,5,52,NA,NA,NA,0
221,4,53,NA,NA,NA,0
222,4,53,NA,NA,NA,0
223,4,53,NA,NA,NA,0
224,4,53,NA,NA,NA,0
225,5,54,NA,NA,NA,0
226,5,54,NA,NA,NA,0
227,5,54,NA,NA,NA,0
228,5,54,NA,NA,NA,0
229,5,54,NA,NA,NA,0
230,3,55,NA,NA,NA,0
231,3,55,NA,NA,NA,0
232,3,55,"C",272,2,0
233,4,56,NA,NA,NA,0
234,4,56,NA,NA,NA,0
235,4,56,NA,NA,NA,0
236,4,56,NA,NA,NA,0
237,3,57,NA,NA,NA,0
238,3,57,NA,NA,NA,0
239,3,57,NA,NA,NA,0
240,5,58,NA,NA,NA,0
241,5,58,NA,NA,NA,0
242,5,58,NA,NA,NA,0
243,5,58,NA,NA,NA,0
244,5,58,NA,NA,NA,0
245,6,59,NA,NA,NA,0
246,6,59,NA,NA,NA,0
247,6,59,NA,NA,NA,0
248,6,59,NA,NA,NA,0
249,6,59,NA,NA,NA,0
250,6,59,NA,NA,NA,0
251,4,60,NA,NA,NA,0
252,4,60,NA,NA,NA,0
253,4,60,NA,NA,NA,0
254,4,60,NA,NA,NA,0
255,6,61,NA,NA,NA,0
256,6,61,NA,NA,NA,0
257,6,61,NA,NA,NA,0
258,6,61,NA,NA,NA,0
259,6,61,NA,NA,NA,0
260,6,61,NA,NA,NA,0
261,5,62,NA,NA,NA,0
262,5,62,NA,NA,NA,0
263,5,62,NA,NA,NA,0
264,5,62,NA,NA,NA,0
265,5,62,NA,NA,NA,0
266,6,63,NA,NA,NA,0
267,6,63,NA,NA,NA,0
268,6,63,NA,NA,NA,0
269,6,63,NA,NA,NA,0
270,6,63,NA,NA,NA,0
271,6,63,NA,NA,NA,0
272,5,64,NA,NA,NA,0
273,5,64,NA,NA,NA,0
274,5,64,NA,NA,NA,0
275,5,64,NA,NA,NA,0
276,5,64,NA,NA,NA,0
277,3,65,NA,NA,NA,0
278,3,65,NA,NA,NA,0
279,3,65,NA,NA,NA,0
280,3,66,NA,NA,NA,0
281,3,66,NA,NA,NA,0
282,3,66,NA,NA,NA,0
283,4,67,NA,NA,NA,0
284,4,67,NA,NA,NA,0
285,4,67,NA,NA,NA,0
286,4,67,NA,NA,NA,0
287,4,68,NA,NA,NA,0
288,4,68,NA,NA,NA,0
289,4,68,NA,NA,NA,0
290,4,68,NA,NA,NA,0
291,5,69,NA,NA,NA,0
292,5,69,NA,NA,NA,0
293,5,69,NA,NA,NA,0
294,5,69,NA,NA,NA,0
295,5,69,NA,NA,NA,0
296,3,70,NA,NA,NA,0
297,3,70,NA,NA,NA,0
298,3,70,NA,NA,NA,0
299,6,71,NA,NA,NA,0
300,6,71,NA,NA,NA,0
301,6,71,NA,NA,NA,0
302,6,71,NA,NA,NA,0
303,6,71,NA,NA,NA,0
304,6,71,NA,NA,NA,0
305,6,72,NA,NA,NA,0
306,6,72,NA,NA,NA,0
307,6,72,NA,NA,NA,0
308,6,72,NA,NA,NA,0
309,6,72,NA,NA,NA,0
310,6,72,NA,NA,NA,0
311,5,73,"H",329,2,1
312,5,73,"H",361,1,1
313,5,73,"H",326,2,0
314,5,73,"E",301,4,2
315,5,73,"H",NA,NA,0
316,4,74,NA,NA,NA,0
317,4,74,NA,NA,NA,0
318,4,74,NA,NA,NA,0
319,4,74,NA,NA,NA,0
320,3,75,NA,NA,NA,0
321,3,75,NA,NA,NA,0
322,3,75,NA,NA,NA,0
323,3,76,NA,NA,NA,0
324,3,76,NA,NA,NA,0
325,3,76,NA,NA,NA,0
326,5,77,NA,NA,NA,0
327,5,77,NA,NA,NA,0
328,5,77,NA,NA,NA,0
329,5,77,NA,NA,NA,0
330,5,77,NA,NA,NA,0
331,5,78,NA,NA,NA,0
332,5,78,NA,NA,NA,0
333,5,78,NA,NA,NA,0
334,5,78,NA,NA,NA,0
335,5,78,NA,NA,NA,0
336,3,79,NA,NA,NA,0
337,3,79,NA,NA,NA,0
338,3,79,NA,NA,NA,0
339,4,80,NA,NA,NA,0
340,4,80,NA,NA,NA,0
341,4,80,NA,NA,NA,0
342,4,80,NA,NA,NA,0
343,3,81,NA,NA,NA,0
344,3,81,NA,NA,NA,0
345,3,81,NA,NA,NA,0
346,5,82,"E",164,4,0
347,5,82,NA,NA,NA,0
348,5,82,NA,NA,NA,0
349,5,82,NA,NA,NA,0
350,5,82,NA,NA,NA,0
351,4,83,NA,NA,NA,0
352,4,83,NA,NA,NA,0
353,4,83,NA,NA,NA,0
354,4,83,NA,NA,NA,0
355,5,84,NA,NA,NA,0
356,5,84,NA,NA,NA,0
357,5,84,NA,NA,NA,0
358,5,84,NA,NA,NA,0
359,5,84,NA,NA,NA,0
360,4,85,NA,NA,NA,0
361,4,85,NA,NA,NA,0
362,4,85,NA,NA,NA,0
363,4,85,NA,NA,NA,0
364,6,86,NA,NA,NA,0
365,6,86,NA,NA,NA,0
366,6,86,NA,NA,NA,0
367,6,86,NA,NA,NA,0
368,6,86,NA,NA,NA,0
369,6,86,NA,NA,NA,0
370,3,87,NA,NA,NA,0
371,3,87,NA,NA,NA,0
372,3,87,NA,NA,NA,0
373,5,88,NA,NA,NA,0
374,5,88,NA,NA,NA,0
375,5,88,NA,NA,NA,0
376,5,88,NA,NA,NA,0
377,5,88,NA,NA,NA,0
378,3,89,NA,NA,NA,0
379,3,89,NA,NA,NA,0
380,3,89,NA,NA,NA,0
381,6,90,NA,NA,NA,0
382,6,90,NA,NA,NA,0
383,6,90,NA,NA,NA,0
384,6,90,NA,NA,NA,0
385,6,90,NA,NA,NA,0
386,6,90,NA,NA,NA,0
387,4,91,NA,NA,NA,0
388,4,91,NA,NA,NA,0
389,4,91,NA,NA,NA,0
390,4,91,NA,NA,NA,0
391,5,92,NA,NA,NA,0
392,5,92,NA,NA,NA,0
393,5,92,NA,NA,NA,0
394,5,92,NA,NA,NA,0
395,5,92,NA,NA,NA,0
396,6,93,NA,NA,NA,0
397,6,93,NA,NA,NA,0
398,6,93,"H",332,2,0
399,6,93,"E",270,5,1
400,6,93,"H",337,2,0
401,6,93,"H",290,4,2
402,4,94,NA,NA,NA,0
403,4,94,NA,NA,NA,0
404,4,94,NA,NA,NA,0
405,4,94,NA,NA,NA,0
406,4,95,NA,NA,NA,0
407,4,95,NA,NA,NA,0
408,4,95,NA,NA,NA,0
409,4,95,NA,NA,NA,0
410,6,96,"H",340,4,2
411,6,96,"E",294,5,1
412,6,96,NA,NA,NA,0
413,6,96,"H",357,2,0
414,6,96,"H",NA,NA,0
415,6,96,NA,NA,NA,0
416,6,97,NA,NA,NA,0
417,6,97,NA,NA,NA,0
418,6,97,NA,NA,NA,0
419,6,97,NA,NA,NA,0
420,6,97,NA,NA,NA,0
421,6,97,NA,NA,NA,0
422,4,98,NA,NA,NA,0
423,4,98,NA,NA,NA,0
424,4,98,NA,NA,NA,0
425,4,98,NA,NA,NA,0
426,4,99,NA,NA,NA,0
427,4,99,NA,NA,NA,0
428,4,99,NA,NA,NA,0
429,4,99,NA,NA,NA,0
430,5,100,NA,NA,NA,0
431,5,100,NA,NA,NA,0
432,5,100,NA,NA,NA,0
433,5,100,NA,NA,NA,0
434,5,100,NA,NA,NA,0
435,3,101,NA,NA,NA,0
436,3,101,NA,NA,NA,0
437,3,101,NA,NA,NA,0
438,4,102,NA,NA,NA,0
439,4,102,NA,NA,NA,0
440,4,102,NA,NA,NA,0
441,4,102,NA,NA,NA,0
442,6,103,NA,NA,NA,0
443,6,103,NA,NA,NA,0
444,6,103,NA,NA,NA,0
445,6,103,NA,NA,NA,0
446,6,103,NA,NA,NA,0
447,6,103,NA,NA,NA,0
448,4,104,NA,NA,NA,0
449,4,104,NA,NA,NA,0
450,4,104,NA,NA,NA,0
451,4,104,NA,NA,NA,0
452,3,105,NA,NA,NA,0
453,3,105,NA,NA,NA,0
454,3,105,NA,NA,NA,0
455,5,106,NA,NA,NA,0
456,5,106,NA,NA,NA,0
457,5,106,NA,NA,NA,0
458,5,106,NA,NA,NA,0
459,5,106,NA,NA,NA,0
460,3,107,"C",333,2,0
461,3,107,NA,NA,NA,0
462,3,107,NA,NA,NA,0
463,3,108,"C",NA,NA,0
464,3,108,NA,NA,NA,0
465,3,108,NA,NA,NA,0
466,5,109,NA,NA,NA,0
467,5,109,NA,NA,NA,0
468,5,109,NA,NA,NA,0
469,5,109,NA,NA,NA,0
470,5,109,NA,NA,NA,0
471,6,110,NA,NA,NA,0
472,6,110,NA,NA,NA,0
473,6,110,NA,NA,NA,0
474,6,110,NA,NA,NA,0
475,6,110,NA,NA,NA,0
476,6,110,NA,NA,NA,0
477,5,111,NA,NA,NA,0
478,5,111,NA,NA,NA,0
479,5,111,NA,NA,NA,0
480,5,111,NA,NA,NA,0
481,5,111,NA,NA,NA,0
482,4,112,NA,NA,NA,0
483,4,112,NA,NA,NA,0
484,4,112,NA,NA,NA,0
485,4,112,NA,NA,NA,0
486,5,113,NA,NA,NA,0
487,5,113,NA,NA,NA,0
488,5,113,NA,NA,NA,0
489,5,113,NA,NA,NA,0
490,5,113,NA,NA,NA,0
491,6,114,NA,NA,NA,0
492,6,114,NA,NA,NA,0
493,6,114,NA,NA,NA,0
494,6,114,NA,NA,NA,0
495,6,114,NA,NA,NA,0
496,6,114,NA,NA,NA,0
497,5,115,NA,NA,NA,0
498,5,115,NA,NA,NA,0
499,5,115,NA,NA,NA,0
500,5,115,NA,NA,NA,0
501,5,115,NA,NA,NA,0
502,5,116,"E",267,4,2
503,5,116,NA,NA,NA,0
504,5,116,NA,NA,NA,0
505,5,116,"H",304,2,0
506,5,116,"H",302,2,0
507,5,117,NA,NA,NA,0
508,5,117,NA,NA,NA,0
509,5,117,NA,NA,NA,0
510,5,117,NA,NA,NA,0
511,5,117,NA,NA,NA,0
512,3,118,NA,NA,NA,0
513,3,118,NA,NA,NA,0
514,3,118,NA,NA,NA,0
515,5,119,NA,NA,NA,0
516,5,119,NA,NA,NA,0
517,5,119,NA,NA,NA,0
518,5,119,NA,NA,NA,0
519,5,119,NA,NA,NA,0
520,5,120,NA,NA,NA,0
521,5,120,NA,NA,NA,0
522,5,120,NA,NA,NA,0
523,5,120,NA,NA,NA,0
524,5,120,NA,NA,NA,0
525,3,121,NA,NA,NA,0
526,3,121,NA,NA,NA,0
527,3,121,NA,NA,NA,0
528,4,122,NA,NA,NA,0
529,4,122,NA,NA,NA,0
530,4,122,NA,NA,NA,0
531,4,122,NA,NA,NA,0
532,6,123,NA,NA,NA,0
533,6,123,NA,NA,NA,0
534,6,123,NA,NA,NA,0
535,6,123,NA,NA,NA,0
536,6,123,NA,NA,NA,0
537,6,123,NA,NA,NA,0
538,4,124,NA,NA,NA,0
539,4,124,NA,NA,NA,0
540,4,124,NA,NA,NA,0
541,4,124,NA,NA,NA,0
542,5,125,NA,NA,NA,0
543,5,125,NA,NA,NA,0
544,5,125,NA,NA,NA,0
545,5,125,NA,NA,NA,0
546,5,125,NA,NA,NA,0
547,3,126,NA,NA,NA,0
548,3,126,NA,NA,NA,0
549,3,126,NA,NA,NA,0
550,4,127,NA,NA,NA,0
551,4,127,NA,NA,NA,0
552,4,127,NA,NA,NA,0
553,4,127,NA,NA,NA,0
554,6,128,NA,NA,NA,0
555,6,128,NA,NA,NA,0
556,6,128,NA,NA,NA,0
557,6,128,NA,NA,NA,0
558,6,128,NA,NA,NA,0
559,6,128,"C",103,5,0
560,3,129,NA,NA,NA,0
561,3,129,NA,NA,NA,0
562,3,129,NA,NA,NA,0
563,3,130,NA,NA,NA,0
564,3,130,NA,NA,NA,0
565,3,130,NA,NA,NA,0
566,6,131,NA,NA,NA,0
567,6,131,NA,NA,NA,0
568,6,131,NA,NA,NA,0
569,6,131,NA,NA,NA,0
570,6,131,NA,NA,NA,0
571,6,131,NA,NA,NA,0
572,3,132,NA,NA,NA,0
573,3,132,NA,NA,NA,0
574,3,132,NA,NA,NA,0
575,4,133,NA,NA,NA,0
576,4,133,NA,NA,NA,0
577,4,133,NA,NA,NA,0
578,4,133,NA,NA,NA,0
579,4,134,NA,NA,NA,0
580,4,134,NA,NA,NA,0
581,4,134,NA,NA,NA,0
582,4,134,NA,NA,NA,0
583,3,135,NA,NA,NA,0
584,3,135,NA,NA,NA,0
585,3,135,NA,NA,NA,0
586,4,136,NA,NA,NA,0
587,4,136,NA,NA,NA,0
588,4,136,NA,NA,NA,0
589,4,136,NA,NA,NA,0
590,5,137,NA,NA,NA,0
591,5,137,"C",NA,NA,0
592,5,137,NA,NA,NA,0
593,5,137,NA,NA,NA,0
594,5,137,NA,NA,NA,0
595,4,138,NA,NA,NA,0
596,4,138,NA,NA,NA,0
597,4,138,NA,NA,NA,0
598,4,138,NA,NA,NA,0
599,5,139,NA,NA,NA,0
600,5,139,NA,NA,NA,0
601,5,139,NA,NA,NA,0
602,5,139,NA,NA,NA,0
603,5,139,NA,NA,NA,0
604,5,140,"H",337,2,1
605,5,140,NA,NA,NA,0
606,5,140,"C",337,2,0
607,5,140,"E",303,4,1
608,5,140,"H",NA,NA,0
609,6,141,"H",NA,NA,0
610,6,141,NA,NA,NA,0
611,6,141,NA,NA,NA,0
612,6,141,"E",362,5,1
613,6,141,NA,NA,NA,0
614,6,141,NA,NA,NA,0
615,4,142,NA,NA,NA,0
616,4,142,"H",353,2,0
617,4,142,NA,NA,NA,0
618,4,142,"C",297,3,1
619,4,143,NA,NA,NA,0
620,4,143,NA,NA,NA,0
621,4,143,NA,NA,NA,0
622,4,143,NA,NA,NA,0
623,6,144,NA,NA,NA,0
624,6,144,NA,NA,NA,0
625,6,144,NA,NA,NA,0
626,6,144,NA,NA,NA,0
627,6,144,NA,NA,NA,0
628,6,144,NA,NA,NA,0
629,6,145,NA,NA,NA,0
630,6,145,NA,NA,NA,0
631,6,145,NA,NA,NA,0
632,6,145,NA,NA,NA,0
633,6,145,NA,NA,NA,0
634,6,145,NA,NA,NA,0
635,6,146,"H",211,1,0
636,6,146,NA,NA,NA,0
637,6,146,"E",162,5,2
638,6,146,"H",238,1,0
639,6,146,"H",190,1,0
640,6,146,"H",183,3,2
641,4,147,NA,NA,NA,0
642,4,147,NA,NA,NA,0
643,4,147,NA,NA,NA,0
644,4,147,NA,NA,NA,0
645,4,148,NA,NA,NA,0
646,4,148,NA,NA,NA,0
647,4,148,NA,NA,NA,0
648,4,148,NA,NA,NA,0
649,4,149,NA,NA,NA,0
650,4,149,NA,NA,NA,0
651,4,149,NA,NA,NA,0
652,4,149,NA,NA,NA,0
653,3,150,NA,NA,NA,0
654,3,150,NA,NA,NA,0
655,3,150,NA,NA,NA,0
656,4,151,NA,NA,NA,0
657,4,151,NA,NA,NA,0
658,4,151,NA,NA,NA,0
659,4,151,NA,NA,NA,0
660,5,152,NA,NA,NA,0
661,5,152,NA,NA,NA,0
662,5,152,NA,NA,NA,0
663,5,152,NA,NA,NA,0
664,5,152,NA,NA,NA,0
665,4,153,NA,NA,NA,0
666,4,153,NA,NA,NA,0
667,4,153,NA,NA,NA,0
668,4,153,NA,NA,NA,0
669,3,154,NA,NA,NA,0
670,3,154,NA,NA,NA,0
671,3,154,NA,NA,NA,0
672,3,155,NA,NA,NA,0
673,3,155,NA,NA,NA,0
674,3,155,NA,NA,NA,0
675,3,156,NA,NA,NA,0
676,3,156,NA,NA,NA,0
677,3,156,NA,NA,NA,0
678,4,157,NA,NA,NA,0
679,4,157,NA,NA,NA,0
680,4,157,NA,NA,NA,0
681,4,157,NA,NA,NA,0
682,6,158,NA,NA,NA,0
683,6,158,NA,NA,NA,0
684,6,158,NA,NA,NA,0
685,6,158,NA,NA,NA,0
686,6,158,NA,NA,NA,0
687,6,158,NA,NA,NA,0
688,6,159,NA,NA,NA,0
689,6,159,NA,NA,NA,0
690,6,159,NA,NA,NA,0
691,6,159,NA,NA,NA,0
692,6,159,NA,NA,NA,0
693,6,159,NA,NA,NA,0
694,6,160,"H",341,2,1
695,6,160,NA,NA,NA,0
696,6,160,"H",343,1,0
697,6,160,"C",282,5,3
698,6,160,"H",362,1,0
699,6,160,"H",326,2,0
700,6,161,NA,NA,NA,0
701,6,161,"E",NA,NA,0
702,6,161,NA,NA,NA,0
703,6,161,NA,NA,NA,0
704,6,161,NA,NA,NA,0
705,6,161,NA,NA,NA,0
706,3,162,NA,NA,NA,0
707,3,162,NA,NA,NA,0
708,3,162,NA,NA,NA,0
709,3,163,NA,NA,NA,0
710,3,163,NA,NA,NA,0
711,3,163,NA,NA,NA,0
712,5,164,NA,NA,NA,0
713,5,164,NA,NA,NA,0
714,5,164,NA,NA,NA,0
715,5,164,NA,NA,NA,0
716,5,164,NA,NA,NA,0
717,3,165,NA,NA,NA,0
718,3,165,NA,NA,NA,0
719,3,165,NA,NA,NA,0
720,6,166,NA,NA,NA,0
721,6,166,NA,NA,NA,0
722,6,166,NA,NA,NA,0
723,6,166,NA,NA,NA,0
724,6,166,NA,NA,NA,0
725,6,166,"E",NA,NA,0
726,5,167,NA,NA,NA,0
727,5,167,NA,NA,NA,0
728,5,167,NA,NA,NA,0
729,5,167,NA,NA,NA,0
730,5,167,NA,NA,NA,0
731,6,168,NA,NA,NA,0
732,6,168,NA,NA,NA,0
733,6,168,NA,NA,NA,0
734,6,168,NA,NA,NA,0
735,6,168,NA,NA,NA,0
736,6,168,NA,NA,NA,0
737,3,169,NA,NA,NA,0
738,3,169,NA,NA,NA,0
739,3,169,NA,NA,NA,0
740,5,170,NA,NA,NA,0
741,5,170,NA,NA,NA,0
742,5,170,NA,NA,NA,0
743,5,170,NA,NA,NA,0
744,5,170,NA,NA,NA,0
745,4,171,NA,NA,NA,0
746,4,171,NA,NA,NA,0
747,4,171,NA,NA,NA,0
748,4,171,NA,NA,NA,0
749,4,172,"E",276,3,0
750,4,172,NA,NA,NA,0
751,4,172,NA,NA,NA,0
752,4,172,NA,NA,NA,0
753,4,173,NA,NA,NA,0
754,4,173,NA,NA,NA,0
755,4,173,NA,NA,NA,0
756,4,173,NA,NA,NA,0
757,6,174,NA,NA,NA,0
758,6,174,NA,NA,NA,0
759,6,174,NA,NA,NA,0
760,6,174,NA,NA,NA,0
761,6,174,NA,NA,NA,0
762,6,174,NA,NA,NA,0
763,3,175,NA,NA,NA,0
764,3,175,NA,NA,NA,0
765,3,175,NA,NA,NA,0
766,3,176,NA,NA,NA,0
767,3,176,NA,NA,NA,0
768,3,176,NA,NA,NA,0
769,5,177,NA,NA,NA,0
770,5,177,NA,NA,NA,0
771,5,177,NA,NA,NA,0
772,5,177,NA,NA,NA,0
773,5,177,NA,NA,NA,0
774,4,178,NA,NA,NA,0
775,4,178,NA,NA,NA,0
776,4,178,NA,NA,NA,0
777,4,178,NA,NA,NA,0
778,6,179,NA,NA,NA,0
779,6,179,NA,NA,NA,0
780,6,179,"H",347,3,1
781,6,179,"H",NA,NA,0
782,6,179,"E",292,5,1
783,6,179,"H",324,4,1
784,4,180,NA,NA,NA,0
785,4,180,NA,NA,NA,0
786,4,180,NA,NA,NA,0
787,4,180,NA,NA,NA,0
788,3,181,NA,NA,NA,0
789,3,181,NA,NA,NA,0
790,3,181,"E",303,2,0
791,3,182,"C",NA,NA,0
792,3,182,NA,NA,NA,0
793,3,182,NA,NA,NA,0
794,3,183,NA,NA,NA,0
795,3,183,NA,NA,NA,0
796,3,183,NA,NA,NA,0
797,4,184,NA,NA,NA,0
798,4,184,NA,NA,NA,0
799,4,184,NA,NA,NA,0
800,4,184,NA,NA,NA,0
801,5,185,NA,NA,NA,0
802,5,185,NA,NA,NA,0
803,5,185,NA,NA,NA,0
804,5,185,NA,NA,NA,0
805,5,185,NA,NA,NA,0
806,4,186,NA,NA,NA,0
807,4,186,NA,NA,NA,0
808,4,186,NA,NA,NA,0
809,4,186,NA,NA,NA,0
810,4,187,NA,NA,NA,0
811,4,187,NA,NA,NA,0
812,4,187,NA,NA,NA,0
813,4,187,NA,NA,NA,0
814,6,188,NA,NA,NA,0
815,6,188,NA,NA,NA,0
816,6,188,NA,NA,NA,0
817,6,188,NA,NA,NA,0
818,6,188,NA,NA,NA,0
819,6,188,NA,NA,NA,0
820,6,189,NA,NA,NA,0
821,6,189,NA,NA,NA,0
822,6,189,NA,NA,NA,0
823,6,189,NA,NA,NA,0
824,6,189,NA,NA,NA,0
825,6,189,NA,NA,NA,0
826,6,190,NA,NA,NA,0
827,6,190,NA,NA,NA,0
828,6,190,NA,NA,NA,0
829,6,190,NA,NA,NA,0
830,6,190,NA,NA,NA,0
831,6,190,NA,NA,NA,0
832,4,191,NA,NA,NA,0
833,4,191,NA,NA,NA,0
834,4,191,NA,NA,NA,0
835,4,191,NA,NA,NA,0
836,3,192,NA,NA,NA,0
837,3,192,"E",NA,NA,0
838,3,192,NA,NA,NA,0
839,5,193,NA,NA,NA,0
840,5,193,NA,NA,NA,0
841,5,193,NA,NA,NA,0
842,5,193,NA,NA,NA,0
843,5,193,NA,NA,NA,0
844,6,194,NA,NA,NA,0
845,6,194,NA,NA,NA,0
846,6,194,NA,NA,NA,0
847,6,194,NA,NA,NA,0
848,6,194,NA,NA,NA,0
849,6,194,"C",NA,NA,0
850,6,195,NA,NA,NA,0
851,6,195,NA,NA,NA,0
852,6,195,NA,NA,NA,0
853,6,195,NA,NA,NA,0
854,6,195,NA,NA,NA,0
855,6,195,NA,NA,NA,0
856,6,196,NA,NA,NA,0
857,6,196,NA,NA,NA,0
858,6,196,NA,NA,NA,0
859,6,196,NA,NA,NA,0
860,6,196,NA,NA,NA,0
861,6,196,NA,NA,NA,0
862,4,197,NA,NA,NA,0
863,4,197,NA,NA,NA,0
864,4,197,NA,NA,NA,0
865,4,197,NA,NA,NA,0
866,3,198,NA,NA,NA,0
867,3,198,NA,NA,NA,0
868,3,198,NA,NA,NA,0
869,5,199,NA,NA,NA,0
870,5,199,NA,NA,NA,0
871,5,199,NA,NA,NA,0
872,5,199,NA,NA,NA,0
873,5,199,NA,NA,NA,0
874,3,200,"E",348,2,1
875,3,200,"H",NA,NA,0
876,3,200,NA,NA,NA,0
877,6,201,NA,NA,NA,0
878,6,201,NA,NA,NA,0
879,6,201,NA,NA,NA,0
880,6,201,NA,NA,NA,0
881,6,201,NA,NA,NA,0
882,6,201,NA,NA,NA,0
883,6,202,NA,NA,NA,0
884,6,202,NA,NA,NA,0
885,6,202,NA,NA,NA,0
886,6,202,"C",NA,NA,0
887,6,202,NA,NA,NA,0
888,6,202,NA,NA,NA,0
889,5,203,NA,NA,NA,0
890,5,203,NA,NA,NA,0
891,5,203,NA,NA,NA,0
892,5,203,NA,NA,NA,0
893,5,203,NA,NA,NA,0
894,4,204,NA,NA,NA,0
895,4,204,NA,NA,NA,0
896,4,204,NA,NA,NA,0
897,4,204,NA,NA,NA,0
898,5,205,NA,NA,NA,0
899,5,205,NA,NA,NA,0
900,5,205,NA,NA,NA,0
901,5,205,NA,NA,NA,0
902,5,205,NA,NA,NA,0
903,5,206,NA,NA,NA,0
904,5,206,NA,NA,NA,0
905,5,206,NA,NA,NA,0
906,5,206,NA,NA,NA,0
907,5,206,NA,NA,NA,0
908,3,207,NA,NA,NA,0
909,3,207,NA,NA,NA,0
910,3,207,NA,NA,NA,0
911,4,208,NA,NA,NA,0
912,4,208,NA,NA,NA,0
913,4,208,NA,NA,NA,0
914,4,208,NA,NA,NA,0
915,5,209,NA,NA,NA,0
916,5,209,NA,NA,NA,0
917,5,209,NA,NA,NA,0
918,5,209,NA,NA,NA,0
919,5,209,NA,NA,NA,0
920,3,210,NA,NA,NA,0
921,3,210,NA,NA,NA,0
922,3,210,NA,NA,NA,0
923,4,211,NA,NA,NA,0
924,4,211,NA,NA,NA,0
925,4,211,NA,NA,NA,0
926,4,211,NA,NA,NA,0
927,4,212,"H",196,2,1
928,4,212,"H",232,1,0
929,4,212,NA,NA,NA,0
930,4,212,"E",159,3,1
931,4,213,NA,NA,NA,0
932,4,213,NA,NA,NA,0
933,4,213,NA,NA,NA,0
934,4,213,NA,NA,NA,0
935,4,214,NA,NA,NA,0
936,4,214,NA,NA,NA,0
937,4,214,NA,NA,NA,0
938,4,214,NA,NA,NA,0
939,3,215,NA,NA,NA,0
940,3,215,NA,NA,NA,0
941,3,215,NA,NA,NA,0
942,5,216,NA,NA,NA,0
943,5,216,NA,NA,NA,0
944,5,216,NA,NA,NA,0
945,5,216,NA,NA,NA,0
946,5,216,NA,NA,NA,0
947,4,217,NA,NA,NA,0
948,4,217,NA,NA,NA,0
949,4,217,NA,NA,NA,0
950,4,217,NA,NA,NA,0
951,3,218,NA,NA,NA,0
952,3,218,NA,NA,NA,0
953,3,218,NA,NA,NA,0
954,3,219,NA,NA,NA,0
955,3,219,NA,NA,NA,0
956,3,219,NA,NA,NA,0
957,4,220,NA,NA,NA,0
958,4,220,NA,NA,NA,0
959,4,220,NA,NA,NA,0
960,4,220,NA,NA,NA,0
961,3,221,NA,NA,NA,0
962,3,221,NA,NA,NA,0
963,3,221,NA,NA,NA,0
964,4,222,NA,NA,NA,0
965,4,222,NA,NA,NA,0
966,4,222,NA,NA,NA,0
967,4,222,NA,NA,NA,0
968,6,223,NA,NA,NA,0
969,6,223,NA,NA,NA,0
970,6,223,NA,NA,NA,0
971,6,223,NA,NA,NA,0
972,6,223,NA,NA,NA,0
973,6,223,NA,NA,NA,0
974,5,224,NA,NA,NA,0
975,5,224,NA,NA,NA,0
976,5,224,NA,NA,NA,0
977,5,224,NA,NA,NA,0
978,5,224,NA,NA,NA,0
979,3,225,NA,NA,NA,0
980,3,225,NA,NA,NA,0
981,3,225,NA,NA,NA,0
982,5,226,NA,NA,NA,0
983,5,226,NA,NA,NA,0
984,5,226,NA,NA,NA,0
985,5,226,NA,NA,NA,0
986,5,226,NA,NA,NA,0
987,4,227,NA,NA,NA,0
988,4,227,NA,NA,NA,0
989,4,227,NA,NA,NA,0
990,4,227,NA,NA,NA,0
991,6,228,NA,NA,NA,0
992,6,228,NA,NA,NA,0
993,6,228,NA,NA,NA,0
994,6,228,NA,NA,NA,0
995,6,228,NA,NA,NA,0
996,6,228,NA,NA,NA,0
997,4,229,NA,NA,NA,0
998,4,229,NA,NA,NA,0
999,4,229,NA,NA,NA,0
1000,4,229,NA,NA,NA,0
