"ID","SIZE","HH","TYPE","TIME","S_NUM","I_NUM"
1,4,1,"0",NA,NA,0
2,4,1,NA,NA,NA,0
3,4,1,NA,NA,NA,0
4,4,1,NA,NA,NA,0
5,3,2,NA,NA,NA,0
6,3,2,NA,NA,NA,0
7,3,2,NA,NA,NA,0
8,5,3,NA,NA,NA,0
9,5,3,NA,NA,NA,0
10,5,3,NA,NA,NA,0
11,5,3,NA,NA,NA,0
12,5,3,"C",NA,NA,0
13,3,4,NA,NA,NA,0
14,3,4,NA,NA,NA,0
15,3,4,NA,NA,NA,0
16,6,5,NA,NA,NA,0
17,6,5,NA,NA,NA,0
18,6,5,NA,NA,NA,0
19,6,5,"C",NA,NA,0
20,6,5,NA,NA,NA,0
21,6,5,NA,NA,NA,0
22,5,6,NA,NA,NA,0
23,5,6,"E",NA,NA,0
24,5,6,NA,NA,NA,0
25,5,6,NA,NA,NA,0
26,5,6,NA,NA,NA,0
27,4,7,"H",199,1,0
28,4,7,"E",153,3,1
29,4,7,"H",173,2,1
30,4,7,NA,NA,NA,0
31,4,8,NA,NA,NA,0
32,4,8,NA,NA,NA,0
33,4,8,NA,NA,NA,0
34,4,8,NA,NA,NA,0
35,3,9,NA,NA,NA,0
36,3,9,NA,NA,NA,0
37,3,9,NA,NA,NA,0
38,3,10,NA,NA,NA,0
39,3,10,NA,NA,NA,0
40,3,10,NA,NA,NA,0
41,6,11,NA,NA,NA,0
42,6,11,NA,NA,NA,0
43,6,11,NA,NA,NA,0
44,6,11,NA,NA,NA,0
45,6,11,NA,NA,NA,0
46,6,11,NA,NA,NA,0
47,3,12,NA,NA,NA,0
48,3,12,NA,NA,NA,0
49,3,12,NA,NA,NA,0
50,4,13,"C",204,3,1
51,4,13,NA,NA,NA,0
52,4,13,"H",242,2,0
53,4,13,NA,NA,NA,0
54,6,14,NA,NA,NA,0
55,6,14,NA,NA,NA,0
56,6,14,NA,NA,NA,0
57,6,14,NA,NA,NA,0
58,6,14,NA,NA,NA,0
59,6,14,NA,NA,NA,0
60,3,15,NA,NA,NA,0
61,3,15,NA,NA,NA,0
62,3,15,NA,NA,NA,0
63,3,16,NA,NA,NA,0
64,3,16,NA,NA,NA,0
65,3,16,NA,NA,NA,0
66,5,17,NA,NA,NA,0
67,5,17,NA,NA,NA,0
68,5,17,"C",117,4,0
69,5,17,NA,NA,NA,0
70,5,17,NA,NA,NA,0
71,3,18,NA,NA,NA,0
72,3,18,NA,NA,NA,0
73,3,18,NA,NA,NA,0
74,4,19,NA,NA,NA,0
75,4,19,NA,NA,NA,0
76,4,19,NA,NA,NA,0
77,4,19,NA,NA,NA,0
78,3,20,NA,NA,NA,0
79,3,20,NA,NA,NA,0
80,3,20,NA,NA,NA,0
81,3,21,NA,NA,NA,0
82,3,21,NA,NA,NA,0
83,3,21,NA,NA,NA,0
84,5,22,NA,NA,NA,0
85,5,22,NA,NA,NA,0
86,5,22,"C",362,4,0
87,5,22,NA,NA,NA,0
88,5,22,NA,NA,NA,0
89,4,23,"C",359,3,1
90,4,23,NA,NA,NA,0
91,4,23,"H",NA,NA,0
92,4,23,NA,NA,NA,0
93,6,24,NA,NA,NA,0
94,6,24,NA,NA,NA,0
95,6,24,NA,NA,NA,0
96,6,24,NA,NA,NA,0
97,6,24,NA,NA,NA,0
98,6,24,NA,NA,NA,0
99,3,25,NA,NA,NA,0
100,3,25,NA,NA,NA,0
101,3,25,NA,NA,NA,0
102,4,26,NA,NA,NA,0
103,4,26,NA,NA,NA,0
104,4,26,NA,NA,NA,0
105,4,26,NA,NA,NA,0
106,3,27,"C",140,2,0
107,3,27,NA,NA,NA,0
108,3,27,NA,NA,NA,0
109,6,28,NA,NA,NA,0
110,6,28,NA,NA,NA,0
111,6,28,NA,NA,NA,0
112,6,28,NA,NA,NA,0
113,6,28,NA,NA,NA,0
114,6,28,NA,NA,NA,0
115,3,29,NA,NA,NA,0
116,3,29,NA,NA,NA,0
117,3,29,NA,NA,NA,0
118,3,30,NA,NA,NA,0
119,3,30,NA,NA,NA,0
120,3,30,NA,NA,NA,0
121,3,31,"H",123,1,0
122,3,31,"E",100,2,1
123,3,31,NA,NA,NA,0
124,4,32,NA,NA,NA,0
125,4,32,NA,NA,NA,0
126,4,32,NA,NA,NA,0
127,4,32,NA,NA,NA,0
128,3,33,NA,NA,NA,0
129,3,33,NA,NA,NA,0
130,3,33,NA,NA,NA,0
131,3,34,NA,NA,NA,0
132,3,34,NA,NA,NA,0
133,3,34,NA,NA,NA,0
134,4,35,NA,NA,NA,0
135,4,35,NA,NA,NA,0
136,4,35,NA,NA,NA,0
137,4,35,NA,NA,NA,0
138,6,36,NA,NA,NA,0
139,6,36,NA,NA,NA,0
140,6,36,NA,NA,NA,0
141,6,36,NA,NA,NA,0
142,6,36,NA,NA,NA,0
143,6,36,NA,NA,NA,0
144,3,37,NA,NA,NA,0
145,3,37,NA,NA,NA,0
146,3,37,NA,NA,NA,0
147,6,38,"E",159,5,3
148,6,38,NA,NA,NA,0
149,6,38,NA,NA,NA,0
150,6,38,"H",178,2,0
151,6,38,"H",205,2,0
152,6,38,"H",210,2,0
153,6,39,NA,NA,NA,0
154,6,39,NA,NA,NA,0
155,6,39,NA,NA,NA,0
156,6,39,NA,NA,NA,0
157,6,39,NA,NA,NA,0
158,6,39,NA,NA,NA,0
159,6,40,NA,NA,NA,0
160,6,40,NA,NA,NA,0
161,6,40,NA,NA,NA,0
162,6,40,NA,NA,NA,0
163,6,40,NA,NA,NA,0
164,6,40,NA,NA,NA,0
165,6,41,NA,NA,NA,0
166,6,41,NA,NA,NA,0
167,6,41,NA,NA,NA,0
168,6,41,NA,NA,NA,0
169,6,41,NA,NA,NA,0
170,6,41,NA,NA,NA,0
171,6,42,NA,NA,NA,0
172,6,42,NA,NA,NA,0
173,6,42,NA,NA,NA,0
174,6,42,NA,NA,NA,0
175,6,42,NA,NA,NA,0
176,6,42,NA,NA,NA,0
177,3,43,NA,NA,NA,0
178,3,43,NA,NA,NA,0
179,3,43,NA,NA,NA,0
180,4,44,NA,NA,NA,0
181,4,44,"E",316,3,0
182,4,44,NA,NA,NA,0
183,4,44,NA,NA,NA,0
184,6,45,NA,NA,NA,0
185,6,45,NA,NA,NA,0
186,6,45,NA,NA,NA,0
187,6,45,NA,NA,NA,0
188,6,45,NA,NA,NA,0
189,6,45,NA,NA,NA,0
190,3,46,NA,NA,NA,0
191,3,46,NA,NA,NA,0
192,3,46,NA,NA,NA,0
193,3,47,NA,NA,NA,0
194,3,47,NA,NA,NA,0
195,3,47,NA,NA,NA,0
196,4,48,NA,NA,NA,0
197,4,48,NA,NA,NA,0
198,4,48,NA,NA,NA,0
199,4,48,NA,NA,NA,0
200,4,49,NA,NA,NA,0
201,4,49,NA,NA,NA,0
202,4,49,NA,NA,NA,0
203,4,49,NA,NA,NA,0
204,6,50,NA,NA,NA,0
205,6,50,NA,NA,NA,0
206,6,50,NA,NA,NA,0
207,6,50,NA,NA,NA,0
208,6,50,NA,NA,NA,0
209,6,50,NA,NA,NA,0
210,6,51,NA,NA,NA,0
211,6,51,NA,NA,NA,0
212,6,51,NA,NA,NA,0
213,6,51,NA,NA,NA,0
214,6,51,NA,NA,NA,0
215,6,51,NA,NA,NA,0
216,5,52,NA,NA,NA,0
217,5,52,"C",337,4,2
218,5,52,NA,NA,NA,0
219,5,52,"H",NA,NA,0
220,5,52,"H",365,2,0
221,5,53,NA,NA,NA,0
222,5,53,NA,NA,NA,0
223,5,53,"E",NA,NA,0
224,5,53,NA,NA,NA,0
225,5,53,NA,NA,NA,0
226,5,54,NA,NA,NA,0
227,5,54,NA,NA,NA,0
228,5,54,NA,NA,NA,0
229,5,54,NA,NA,NA,0
230,5,54,NA,NA,NA,0
231,6,55,"H",156,1,0
232,6,55,"C",203,0,0
233,6,55,"H",131,2,1
234,6,55,"E",117,5,3
235,6,55,"H",157,1,0
236,6,55,"H",148,1,0
237,3,56,NA,NA,NA,0
238,3,56,NA,NA,NA,0
239,3,56,NA,NA,NA,0
240,5,57,NA,NA,NA,0
241,5,57,NA,NA,NA,0
242,5,57,NA,NA,NA,0
243,5,57,NA,NA,NA,0
244,5,57,NA,NA,NA,0
245,6,58,NA,NA,NA,0
246,6,58,NA,NA,NA,0
247,6,58,NA,NA,NA,0
248,6,58,NA,NA,NA,0
249,6,58,NA,NA,NA,0
250,6,58,NA,NA,NA,0
251,5,59,NA,NA,NA,0
252,5,59,NA,NA,NA,0
253,5,59,NA,NA,NA,0
254,5,59,NA,NA,NA,0
255,5,59,NA,NA,NA,0
256,5,60,NA,NA,NA,0
257,5,60,NA,NA,NA,0
258,5,60,NA,NA,NA,0
259,5,60,NA,NA,NA,0
260,5,60,NA,NA,NA,0
261,3,61,NA,NA,NA,0
262,3,61,NA,NA,NA,0
263,3,61,NA,NA,NA,0
264,4,62,NA,NA,NA,0
265,4,62,NA,NA,NA,0
266,4,62,NA,NA,NA,0
267,4,62,"E",NA,NA,0
268,3,63,NA,NA,NA,0
269,3,63,NA,NA,NA,0
270,3,63,NA,NA,NA,0
271,3,64,NA,NA,NA,0
272,3,64,NA,NA,NA,0
273,3,64,NA,NA,NA,0
274,4,65,NA,NA,NA,0
275,4,65,NA,NA,NA,0
276,4,65,NA,NA,NA,0
277,4,65,NA,NA,NA,0
278,6,66,NA,NA,NA,0
279,6,66,NA,NA,NA,0
280,6,66,NA,NA,NA,0
281,6,66,NA,NA,NA,0
282,6,66,NA,NA,NA,0
283,6,66,NA,NA,NA,0
284,3,67,NA,NA,NA,0
285,3,67,"H",198,1,0
286,3,67,"C",186,2,1
287,3,68,NA,NA,NA,0
288,3,68,NA,NA,NA,0
289,3,68,NA,NA,NA,0
290,5,69,NA,NA,NA,0
291,5,69,NA,NA,NA,0
292,5,69,NA,NA,NA,0
293,5,69,NA,NA,NA,0
294,5,69,NA,NA,NA,0
295,4,70,NA,NA,NA,0
296,4,70,NA,NA,NA,0
297,4,70,NA,NA,NA,0
298,4,70,NA,NA,NA,0
299,5,71,NA,NA,NA,0
300,5,71,NA,NA,NA,0
301,5,71,NA,NA,NA,0
302,5,71,NA,NA,NA,0
303,5,71,NA,NA,NA,0
304,5,72,NA,NA,NA,0
305,5,72,NA,NA,NA,0
306,5,72,NA,NA,NA,0
307,5,72,NA,NA,NA,0
308,5,72,NA,NA,NA,0
309,5,73,NA,NA,NA,0
310,5,73,NA,NA,NA,0
311,5,73,NA,NA,NA,0
312,5,73,NA,NA,NA,0
313,5,73,NA,NA,NA,0
314,6,74,NA,NA,NA,0
315,6,74,NA,NA,NA,0
316,6,74,NA,NA,NA,0
317,6,74,NA,NA,NA,0
318,6,74,NA,NA,NA,0
319,6,74,NA,NA,NA,0
320,4,75,NA,NA,NA,0
321,4,75,"E",270,3,1
322,4,75,"H",293,2,0
323,4,75,NA,NA,NA,0
324,4,76,NA,NA,NA,0
325,4,76,NA,NA,NA,0
326,4,76,NA,NA,NA,0
327,4,76,NA,NA,NA,0
328,3,77,NA,NA,NA,0
329,3,77,NA,NA,NA,0
330,3,77,"E",353,2,0
331,3,78,NA,NA,NA,0
332,3,78,NA,NA,NA,0
333,3,78,NA,NA,NA,0
334,6,79,NA,NA,NA,0
335,6,79,NA,NA,NA,0
336,6,79,NA,NA,NA,0
337,6,79,NA,NA,NA,0
338,6,79,NA,NA,NA,0
339,6,79,NA,NA,NA,0
340,4,80,NA,NA,NA,0
341,4,80,NA,NA,NA,0
342,4,80,NA,NA,NA,0
343,4,80,NA,NA,NA,0
344,4,81,NA,NA,NA,0
345,4,81,"E",207,3,1
346,4,81,"H",282,2,0
347,4,81,NA,NA,NA,0
348,6,82,NA,NA,NA,0
349,6,82,NA,NA,NA,0
350,6,82,NA,NA,NA,0
351,6,82,NA,NA,NA,0
352,6,82,NA,NA,NA,0
353,6,82,NA,NA,NA,0
354,4,83,NA,NA,NA,0
355,4,83,NA,NA,NA,0
356,4,83,NA,NA,NA,0
357,4,83,NA,NA,NA,0
358,6,84,NA,NA,NA,0
359,6,84,NA,NA,NA,0
360,6,84,NA,NA,NA,0
361,6,84,NA,NA,NA,0
362,6,84,NA,NA,NA,0
363,6,84,NA,NA,NA,0
364,5,85,NA,NA,NA,0
365,5,85,NA,NA,NA,0
366,5,85,NA,NA,NA,0
367,5,85,NA,NA,NA,0
368,5,85,NA,NA,NA,0
369,5,86,NA,NA,NA,0
370,5,86,NA,NA,NA,0
371,5,86,NA,NA,NA,0
372,5,86,NA,NA,NA,0
373,5,86,NA,NA,NA,0
374,4,87,NA,NA,NA,0
375,4,87,NA,NA,NA,0
376,4,87,NA,NA,NA,0
377,4,87,NA,NA,NA,0
378,6,88,NA,NA,NA,0
379,6,88,NA,NA,NA,0
380,6,88,NA,NA,NA,0
381,6,88,NA,NA,NA,0
382,6,88,NA,NA,NA,0
383,6,88,NA,NA,NA,0
384,4,89,NA,NA,NA,0
385,4,89,NA,NA,NA,0
386,4,89,NA,NA,NA,0
387,4,89,NA,NA,NA,0
388,6,90,NA,NA,NA,0
389,6,90,NA,NA,NA,0
390,6,90,NA,NA,NA,0
391,6,90,NA,NA,NA,0
392,6,90,NA,NA,NA,0
393,6,90,NA,NA,NA,0
394,4,91,NA,NA,NA,0
395,4,91,NA,NA,NA,0
396,4,91,NA,NA,NA,0
397,4,91,NA,NA,NA,0
398,5,92,NA,NA,NA,0
399,5,92,NA,NA,NA,0
400,5,92,NA,NA,NA,0
401,5,92,NA,NA,NA,0
402,5,92,NA,NA,NA,0
403,5,93,NA,NA,NA,0
404,5,93,NA,NA,NA,0
405,5,93,NA,NA,NA,0
406,5,93,NA,NA,NA,0
407,5,93,NA,NA,NA,0
408,4,94,NA,NA,NA,0
409,4,94,NA,NA,NA,0
410,4,94,NA,NA,NA,0
411,4,94,NA,NA,NA,0
412,6,95,NA,NA,NA,0
413,6,95,NA,NA,NA,0
414,6,95,"H",235,4,0
415,6,95,"C",365,3,0
416,6,95,"C",205,5,1
417,6,95,NA,NA,NA,0
418,5,96,NA,NA,NA,0
419,5,96,NA,NA,NA,0
420,5,96,NA,NA,NA,0
421,5,96,NA,NA,NA,0
422,5,96,NA,NA,NA,0
423,4,97,"C",365,3,0
424,4,97,NA,NA,NA,0
425,4,97,NA,NA,NA,0
426,4,97,NA,NA,NA,0
427,3,98,NA,NA,NA,0
428,3,98,NA,NA,NA,0
429,3,98,NA,NA,NA,0
430,5,99,NA,NA,NA,0
431,5,99,NA,NA,NA,0
432,5,99,NA,NA,NA,0
433,5,99,NA,NA,NA,0
434,5,99,NA,NA,NA,0
435,5,100,NA,NA,NA,0
436,5,100,NA,NA,NA,0
437,5,100,NA,NA,NA,0
438,5,100,NA,NA,NA,0
439,5,100,NA,NA,NA,0
440,5,101,"C",245,4,1
441,5,101,NA,NA,NA,0
442,5,101,"H",273,3,0
443,5,101,NA,NA,NA,0
444,5,101,NA,NA,NA,0
445,4,102,"H",134,1,0
446,4,102,NA,NA,NA,0
447,4,102,"H",108,1,0
448,4,102,"E",85,3,2
449,3,103,NA,NA,NA,0
450,3,103,NA,NA,NA,0
451,3,103,"C",272,2,0
452,3,104,NA,NA,NA,0
453,3,104,NA,NA,NA,0
454,3,104,NA,NA,NA,0
455,4,105,NA,NA,NA,0
456,4,105,NA,NA,NA,0
457,4,105,NA,NA,NA,0
458,4,105,NA,NA,NA,0
459,4,106,NA,NA,NA,0
460,4,106,NA,NA,NA,0
461,4,106,NA,NA,NA,0
462,4,106,NA,NA,NA,0
463,6,107,NA,NA,NA,0
464,6,107,NA,NA,NA,0
465,6,107,NA,NA,NA,0
466,6,107,NA,NA,NA,0
467,6,107,NA,NA,NA,0
468,6,107,NA,NA,NA,0
469,4,108,NA,NA,NA,0
470,4,108,NA,NA,NA,0
471,4,108,NA,NA,NA,0
472,4,108,NA,NA,NA,0
473,5,109,NA,NA,NA,0
474,5,109,NA,NA,NA,0
475,5,109,NA,NA,NA,0
476,5,109,NA,NA,NA,0
477,5,109,NA,NA,NA,0
478,4,110,NA,NA,NA,0
479,4,110,NA,NA,NA,0
480,4,110,NA,NA,NA,0
481,4,110,NA,NA,NA,0
482,4,111,NA,NA,NA,0
483,4,111,NA,NA,NA,0
484,4,111,NA,NA,NA,0
485,4,111,NA,NA,NA,0
486,4,112,"H",173,2,2
487,4,112,"H",201,0,0
488,4,112,"H",218,0,0
489,4,112,"C",150,3,1
490,6,113,"H",301,4,2
491,6,113,"C",286,5,1
492,6,113,"H",332,1,0
493,6,113,NA,NA,NA,0
494,6,113,"H",358,1,0
495,6,113,"H",322,2,1
496,3,114,NA,NA,NA,0
497,3,114,NA,NA,NA,0
498,3,114,NA,NA,NA,0
499,3,115,NA,NA,NA,0
500,3,115,NA,NA,NA,0
501,3,115,NA,NA,NA,0
502,4,116,NA,NA,NA,0
503,4,116,NA,NA,NA,0
504,4,116,NA,NA,NA,0
505,4,116,NA,NA,NA,0
506,4,117,NA,NA,NA,0
507,4,117,NA,NA,NA,0
508,4,117,NA,NA,NA,0
509,4,117,NA,NA,NA,0
510,5,118,NA,NA,NA,0
511,5,118,NA,NA,NA,0
512,5,118,NA,NA,NA,0
513,5,118,NA,NA,NA,0
514,5,118,NA,NA,NA,0
515,5,119,"H",360,0,0
516,5,119,"E",277,4,1
517,5,119,"H",334,2,2
518,5,119,"H",359,0,0
519,5,119,"H",296,3,1
520,6,120,NA,NA,NA,0
521,6,120,NA,NA,NA,0
522,6,120,NA,NA,NA,0
523,6,120,NA,NA,NA,0
524,6,120,NA,NA,NA,0
525,6,120,NA,NA,NA,0
526,5,121,NA,NA,NA,0
527,5,121,NA,NA,NA,0
528,5,121,NA,NA,NA,0
529,5,121,NA,NA,NA,0
530,5,121,NA,NA,NA,0
531,6,122,NA,NA,NA,0
532,6,122,NA,NA,NA,0
533,6,122,NA,NA,NA,0
534,6,122,NA,NA,NA,0
535,6,122,NA,NA,NA,0
536,6,122,NA,NA,NA,0
537,3,123,NA,NA,NA,0
538,3,123,NA,NA,NA,0
539,3,123,NA,NA,NA,0
540,5,124,NA,NA,NA,0
541,5,124,NA,NA,NA,0
542,5,124,NA,NA,NA,0
543,5,124,NA,NA,NA,0
544,5,124,NA,NA,NA,0
545,3,125,NA,NA,NA,0
546,3,125,NA,NA,NA,0
547,3,125,NA,NA,NA,0
548,4,126,NA,NA,NA,0
549,4,126,NA,NA,NA,0
550,4,126,NA,NA,NA,0
551,4,126,NA,NA,NA,0
552,6,127,"C",317,4,1
553,6,127,"H",NA,NA,0
554,6,127,"H",NA,NA,0
555,6,127,NA,NA,NA,0
556,6,127,"H",355,3,2
557,6,127,"E",169,5,0
558,5,128,NA,NA,NA,0
559,5,128,NA,NA,NA,0
560,5,128,NA,NA,NA,0
561,5,128,NA,NA,NA,0
562,5,128,NA,NA,NA,0
563,6,129,NA,NA,NA,0
564,6,129,NA,NA,NA,0
565,6,129,NA,NA,NA,0
566,6,129,NA,NA,NA,0
567,6,129,NA,NA,NA,0
568,6,129,NA,NA,NA,0
569,4,130,NA,NA,NA,0
570,4,130,NA,NA,NA,0
571,4,130,NA,NA,NA,0
572,4,130,NA,NA,NA,0
573,4,131,NA,NA,NA,0
574,4,131,NA,NA,NA,0
575,4,131,NA,NA,NA,0
576,4,131,NA,NA,NA,0
577,4,132,NA,NA,NA,0
578,4,132,NA,NA,NA,0
579,4,132,NA,NA,NA,0
580,4,132,NA,NA,NA,0
581,3,133,"C",NA,NA,0
582,3,133,NA,NA,NA,0
583,3,133,NA,NA,NA,0
584,5,134,NA,NA,NA,0
585,5,134,NA,NA,NA,0
586,5,134,NA,NA,NA,0
587,5,134,NA,NA,NA,0
588,5,134,NA,NA,NA,0
589,6,135,NA,NA,NA,0
590,6,135,NA,NA,NA,0
591,6,135,NA,NA,NA,0
592,6,135,NA,NA,NA,0
593,6,135,NA,NA,NA,0
594,6,135,NA,NA,NA,0
595,3,136,"C",256,1,0
596,3,136,NA,NA,NA,0
597,3,136,"E",94,2,0
598,6,137,NA,NA,NA,0
599,6,137,NA,NA,NA,0
600,6,137,NA,NA,NA,0
601,6,137,NA,NA,NA,0
602,6,137,NA,NA,NA,0
603,6,137,NA,NA,NA,0
604,3,138,NA,NA,NA,0
605,3,138,NA,NA,NA,0
606,3,138,NA,NA,NA,0
607,4,139,NA,NA,NA,0
608,4,139,NA,NA,NA,0
609,4,139,NA,NA,NA,0
610,4,139,NA,NA,NA,0
611,6,140,"E",48,5,2
612,6,140,"H",146,1,1
613,6,140,"H",184,0,0
614,6,140,"H",82,3,2
615,6,140,"H",78,3,0
616,6,140,"H",112,1,0
617,6,141,NA,NA,NA,0
618,6,141,"H",240,4,1
619,6,141,"H",266,3,1
620,6,141,"H",312,1,0
621,6,141,"H",292,2,1
622,6,141,"C",207,5,1
623,5,142,NA,NA,NA,0
624,5,142,NA,NA,NA,0
625,5,142,NA,NA,NA,0
626,5,142,NA,NA,NA,0
627,5,142,NA,NA,NA,0
628,6,143,NA,NA,NA,0
629,6,143,NA,NA,NA,0
630,6,143,NA,NA,NA,0
631,6,143,NA,NA,NA,0
632,6,143,NA,NA,NA,0
633,6,143,NA,NA,NA,0
634,4,144,NA,NA,NA,0
635,4,144,NA,NA,NA,0
636,4,144,NA,NA,NA,0
637,4,144,NA,NA,NA,0
638,3,145,NA,NA,NA,0
639,3,145,NA,NA,NA,0
640,3,145,NA,NA,NA,0
641,6,146,NA,NA,NA,0
642,6,146,NA,NA,NA,0
643,6,146,NA,NA,NA,0
644,6,146,NA,NA,NA,0
645,6,146,NA,NA,NA,0
646,6,146,"C",NA,NA,0
647,4,147,NA,NA,NA,0
648,4,147,NA,NA,NA,0
649,4,147,"E",NA,NA,0
650,4,147,NA,NA,NA,0
651,3,148,NA,NA,NA,0
652,3,148,"E",162,2,0
653,3,148,NA,NA,NA,0
654,3,149,NA,NA,NA,0
655,3,149,NA,NA,NA,0
656,3,149,NA,NA,NA,0
657,3,150,NA,NA,NA,0
658,3,150,NA,NA,NA,0
659,3,150,NA,NA,NA,0
660,5,151,NA,NA,NA,0
661,5,151,NA,NA,NA,0
662,5,151,NA,NA,NA,0
663,5,151,NA,NA,NA,0
664,5,151,NA,NA,NA,0
665,6,152,NA,NA,NA,0
666,6,152,NA,NA,NA,0
667,6,152,NA,NA,NA,0
668,6,152,NA,NA,NA,0
669,6,152,NA,NA,NA,0
670,6,152,NA,NA,NA,0
671,5,153,NA,NA,NA,0
672,5,153,NA,NA,NA,0
673,5,153,NA,NA,NA,0
674,5,153,NA,NA,NA,0
675,5,153,NA,NA,NA,0
676,5,154,NA,NA,NA,0
677,5,154,"C",323,4,0
678,5,154,NA,NA,NA,0
679,5,154,NA,NA,NA,0
680,5,154,NA,NA,NA,0
681,4,155,"E",167,3,1
682,4,155,NA,NA,NA,0
683,4,155,"H",186,2,0
684,4,155,NA,NA,NA,0
685,3,156,NA,NA,NA,0
686,3,156,NA,NA,NA,0
687,3,156,NA,NA,NA,0
688,3,157,NA,NA,NA,0
689,3,157,NA,NA,NA,0
690,3,157,NA,NA,NA,0
691,4,158,NA,NA,NA,0
692,4,158,NA,NA,NA,0
693,4,158,NA,NA,NA,0
694,4,158,NA,NA,NA,0
695,3,159,NA,NA,NA,0
696,3,159,"E",211,2,0
697,3,159,NA,NA,NA,0
698,4,160,NA,NA,NA,0
699,4,160,NA,NA,NA,0
700,4,160,"E",NA,NA,0
701,4,160,NA,NA,NA,0
702,5,161,NA,NA,NA,0
703,5,161,NA,NA,NA,0
704,5,161,NA,NA,NA,0
705,5,161,NA,NA,NA,0
706,5,161,NA,NA,NA,0
707,5,162,NA,NA,NA,0
708,5,162,NA,NA,NA,0
709,5,162,NA,NA,NA,0
710,5,162,NA,NA,NA,0
711,5,162,NA,NA,NA,0
712,6,163,NA,NA,NA,0
713,6,163,NA,NA,NA,0
714,6,163,NA,NA,NA,0
715,6,163,NA,NA,NA,0
716,6,163,NA,NA,NA,0
717,6,163,"E",62,5,0
718,3,164,NA,NA,NA,0
719,3,164,NA,NA,NA,0
720,3,164,NA,NA,NA,0
721,5,165,NA,NA,NA,0
722,5,165,NA,NA,NA,0
723,5,165,NA,NA,NA,0
724,5,165,NA,NA,NA,0
725,5,165,NA,NA,NA,0
726,6,166,NA,NA,NA,0
727,6,166,NA,NA,NA,0
728,6,166,NA,NA,NA,0
729,6,166,NA,NA,NA,0
730,6,166,NA,NA,NA,0
731,6,166,NA,NA,NA,0
732,6,167,NA,NA,NA,0
733,6,167,NA,NA,NA,0
734,6,167,NA,NA,NA,0
735,6,167,NA,NA,NA,0
736,6,167,NA,NA,NA,0
737,6,167,NA,NA,NA,0
738,4,168,NA,NA,NA,0
739,4,168,NA,NA,NA,0
740,4,168,NA,NA,NA,0
741,4,168,NA,NA,NA,0
742,4,169,NA,NA,NA,0
743,4,169,NA,NA,NA,0
744,4,169,NA,NA,NA,0
745,4,169,NA,NA,NA,0
746,5,170,NA,NA,NA,0
747,5,170,NA,NA,NA,0
748,5,170,NA,NA,NA,0
749,5,170,NA,NA,NA,0
750,5,170,NA,NA,NA,0
751,3,171,NA,NA,NA,0
752,3,171,NA,NA,NA,0
753,3,171,NA,NA,NA,0
754,3,172,NA,NA,NA,0
755,3,172,NA,NA,NA,0
756,3,172,NA,NA,NA,0
757,4,173,NA,NA,NA,0
758,4,173,"E",135,3,1
759,4,173,NA,NA,NA,0
760,4,173,"H",167,2,0
761,4,174,NA,NA,NA,0
762,4,174,NA,NA,NA,0
763,4,174,NA,NA,NA,0
764,4,174,NA,NA,NA,0
765,6,175,NA,NA,NA,0
766,6,175,NA,NA,NA,0
767,6,175,NA,NA,NA,0
768,6,175,NA,NA,NA,0
769,6,175,NA,NA,NA,0
770,6,175,NA,NA,NA,0
771,4,176,NA,NA,NA,0
772,4,176,NA,NA,NA,0
773,4,176,NA,NA,NA,0
774,4,176,NA,NA,NA,0
775,3,177,"E",176,2,0
776,3,177,NA,NA,NA,0
777,3,177,NA,NA,NA,0
778,6,178,NA,NA,NA,0
779,6,178,"E",NA,NA,0
780,6,178,NA,NA,NA,0
781,6,178,NA,NA,NA,0
782,6,178,NA,NA,NA,0
783,6,178,NA,NA,NA,0
784,5,179,"E",296,4,1
785,5,179,NA,NA,NA,0
786,5,179,NA,NA,NA,0
787,5,179,NA,NA,NA,0
788,5,179,"H",340,3,0
789,3,180,NA,NA,NA,0
790,3,180,NA,NA,NA,0
791,3,180,"C",177,2,0
792,5,181,NA,NA,NA,0
793,5,181,NA,NA,NA,0
794,5,181,NA,NA,NA,0
795,5,181,NA,NA,NA,0
796,5,181,NA,NA,NA,0
797,3,182,"E",84,2,1
798,3,182,"H",102,1,1
799,3,182,"H",129,0,0
800,3,183,NA,NA,NA,0
801,3,183,NA,NA,NA,0
802,3,183,NA,NA,NA,0
803,4,184,NA,NA,NA,0
804,4,184,NA,NA,NA,0
805,4,184,NA,NA,NA,0
806,4,184,NA,NA,NA,0
807,5,185,NA,NA,NA,0
808,5,185,NA,NA,NA,0
809,5,185,NA,NA,NA,0
810,5,185,"H",206,3,0
811,5,185,"E",153,4,1
812,3,186,NA,NA,NA,0
813,3,186,NA,NA,NA,0
814,3,186,NA,NA,NA,0
815,4,187,NA,NA,NA,0
816,4,187,NA,NA,NA,0
817,4,187,NA,NA,NA,0
818,4,187,NA,NA,NA,0
819,6,188,"H",340,2,0
820,6,188,NA,NA,NA,0
821,6,188,"H",335,2,0
822,6,188,"E",294,5,2
823,6,188,NA,NA,NA,0
824,6,188,"H",313,3,1
825,4,189,NA,NA,NA,0
826,4,189,NA,NA,NA,0
827,4,189,NA,NA,NA,0
828,4,189,NA,NA,NA,0
829,6,190,NA,NA,NA,0
830,6,190,NA,NA,NA,0
831,6,190,NA,NA,NA,0
832,6,190,NA,NA,NA,0
833,6,190,NA,NA,NA,0
834,6,190,NA,NA,NA,0
835,5,191,NA,NA,NA,0
836,5,191,NA,NA,NA,0
837,5,191,"H",125,2,0
838,5,191,"H",100,3,1
839,5,191,"E",84,4,1
840,3,192,NA,NA,NA,0
841,3,192,NA,NA,NA,0
842,3,192,NA,NA,NA,0
843,3,193,NA,NA,NA,0
844,3,193,"E",NA,NA,0
845,3,193,NA,NA,NA,0
846,4,194,NA,NA,NA,0
847,4,194,NA,NA,NA,0
848,4,194,NA,NA,NA,0
849,4,194,NA,NA,NA,0
850,4,195,NA,NA,NA,0
851,4,195,NA,NA,NA,0
852,4,195,NA,NA,NA,0
853,4,195,NA,NA,NA,0
854,5,196,NA,NA,NA,0
855,5,196,NA,NA,NA,0
856,5,196,NA,NA,NA,0
857,5,196,NA,NA,NA,0
858,5,196,NA,NA,NA,0
859,3,197,NA,NA,NA,0
860,3,197,NA,NA,NA,0
861,3,197,NA,NA,NA,0
862,3,198,NA,NA,NA,0
863,3,198,NA,NA,NA,0
864,3,198,NA,NA,NA,0
865,3,199,NA,NA,NA,0
866,3,199,NA,NA,NA,0
867,3,199,NA,NA,NA,0
868,4,200,NA,NA,NA,0
869,4,200,NA,NA,NA,0
870,4,200,NA,NA,NA,0
871,4,200,NA,NA,NA,0
872,5,201,NA,NA,NA,0
873,5,201,"H",329,2,0
874,5,201,"H",296,3,1
875,5,201,NA,NA,NA,0
876,5,201,"E",231,4,1
877,6,202,NA,NA,NA,0
878,6,202,NA,NA,NA,0
879,6,202,NA,NA,NA,0
880,6,202,NA,NA,NA,0
881,6,202,NA,NA,NA,0
882,6,202,NA,NA,NA,0
883,3,203,NA,NA,NA,0
884,3,203,NA,NA,NA,0
885,3,203,NA,NA,NA,0
886,6,204,NA,NA,NA,0
887,6,204,NA,NA,NA,0
888,6,204,NA,NA,NA,0
889,6,204,NA,NA,NA,0
890,6,204,NA,NA,NA,0
891,6,204,NA,NA,NA,0
892,6,205,NA,NA,NA,0
893,6,205,NA,NA,NA,0
894,6,205,NA,NA,NA,0
895,6,205,NA,NA,NA,0
896,6,205,NA,NA,NA,0
897,6,205,NA,NA,NA,0
898,3,206,NA,NA,NA,0
899,3,206,NA,NA,NA,0
900,3,206,NA,NA,NA,0
901,6,207,NA,NA,NA,0
902,6,207,NA,NA,NA,0
903,6,207,NA,NA,NA,0
904,6,207,NA,NA,NA,0
905,6,207,NA,NA,NA,0
906,6,207,NA,NA,NA,0
907,4,208,NA,NA,NA,0
908,4,208,NA,NA,NA,0
909,4,208,NA,NA,NA,0
910,4,208,NA,NA,NA,0
911,6,209,NA,NA,NA,0
912,6,209,NA,NA,NA,0
913,6,209,NA,NA,NA,0
914,6,209,NA,NA,NA,0
915,6,209,NA,NA,NA,0
916,6,209,NA,NA,NA,0
917,4,210,NA,NA,NA,0
918,4,210,NA,NA,NA,0
919,4,210,NA,NA,NA,0
920,4,210,NA,NA,NA,0
921,5,211,NA,NA,NA,0
922,5,211,NA,NA,NA,0
923,5,211,NA,NA,NA,0
924,5,211,NA,NA,NA,0
925,5,211,NA,NA,NA,0
926,3,212,NA,NA,NA,0
927,3,212,NA,NA,NA,0
928,3,212,NA,NA,NA,0
929,5,213,NA,NA,NA,0
930,5,213,NA,NA,NA,0
931,5,213,"H",160,2,0
932,5,213,"C",111,4,1
933,5,213,"H",139,3,1
934,6,214,NA,NA,NA,0
935,6,214,NA,NA,NA,0
936,6,214,NA,NA,NA,0
937,6,214,NA,NA,NA,0
938,6,214,NA,NA,NA,0
939,6,214,NA,NA,NA,0
940,6,215,NA,NA,NA,0
941,6,215,NA,NA,NA,0
942,6,215,NA,NA,NA,0
943,6,215,NA,NA,NA,0
944,6,215,NA,NA,NA,0
945,6,215,NA,NA,NA,0
946,4,216,NA,NA,NA,0
947,4,216,NA,NA,NA,0
948,4,216,NA,NA,NA,0
949,4,216,NA,NA,NA,0
950,3,217,NA,NA,NA,0
951,3,217,NA,NA,NA,0
952,3,217,NA,NA,NA,0
953,3,218,NA,NA,NA,0
954,3,218,NA,NA,NA,0
955,3,218,NA,NA,NA,0
956,4,219,NA,NA,NA,0
957,4,219,NA,NA,NA,0
958,4,219,NA,NA,NA,0
959,4,219,NA,NA,NA,0
960,3,220,NA,NA,NA,0
961,3,220,NA,NA,NA,0
962,3,220,NA,NA,NA,0
963,5,221,NA,NA,NA,0
964,5,221,NA,NA,NA,0
965,5,221,NA,NA,NA,0
966,5,221,"C",NA,NA,0
967,5,221,NA,NA,NA,0
968,5,222,NA,NA,NA,0
969,5,222,NA,NA,NA,0
970,5,222,NA,NA,NA,0
971,5,222,NA,NA,NA,0
972,5,222,NA,NA,NA,0
973,3,223,NA,NA,NA,0
974,3,223,"E",128,2,0
975,3,223,NA,NA,NA,0
976,3,224,NA,NA,NA,0
977,3,224,NA,NA,NA,0
978,3,224,NA,NA,NA,0
979,3,225,NA,NA,NA,0
980,3,225,NA,NA,NA,0
981,3,225,NA,NA,NA,0
982,5,226,NA,NA,NA,0
983,5,226,NA,NA,NA,0
984,5,226,NA,NA,NA,0
985,5,226,NA,NA,NA,0
986,5,226,NA,NA,NA,0
987,3,227,NA,NA,NA,0
988,3,227,NA,NA,NA,0
989,3,227,NA,NA,NA,0
990,5,228,NA,NA,NA,0
991,5,228,NA,NA,NA,0
992,5,228,NA,NA,NA,0
993,5,228,NA,NA,NA,0
994,5,228,NA,NA,NA,0
995,6,229,"H",364,3,0
996,6,229,NA,NA,NA,0
997,6,229,"H",348,3,0
998,6,229,NA,NA,NA,0
999,6,229,"E",324,5,2
1000,6,229,NA,NA,NA,0
