"ID","SIZE","HH","TYPE","TIME","S_NUM","I_NUM"
1,5,1,"0",NA,NA,0
2,5,1,"E",144,3,0
3,5,1,NA,NA,NA,0
4,5,1,NA,NA,NA,0
5,5,1,NA,NA,NA,0
6,6,2,NA,NA,NA,0
7,6,2,NA,NA,NA,0
8,6,2,NA,NA,NA,0
9,6,2,NA,NA,NA,0
10,6,2,NA,NA,NA,0
11,6,2,NA,NA,NA,0
12,6,3,"C",76,5,0
13,6,3,NA,NA,NA,0
14,6,3,NA,NA,NA,0
15,6,3,NA,NA,NA,0
16,6,3,NA,NA,NA,0
17,6,3,NA,NA,NA,0
18,3,4,NA,NA,NA,0
19,3,4,NA,NA,NA,0
20,3,4,NA,NA,NA,0
21,5,5,NA,NA,NA,0
22,5,5,NA,NA,NA,0
23,5,5,NA,NA,NA,0
24,5,5,NA,NA,NA,0
25,5,5,NA,NA,NA,0
26,6,6,NA,NA,NA,0
27,6,6,NA,NA,NA,0
28,6,6,NA,NA,NA,0
29,6,6,NA,NA,NA,0
30,6,6,NA,NA,NA,0
31,6,6,NA,NA,NA,0
32,6,7,NA,NA,NA,0
33,6,7,NA,NA,NA,0
34,6,7,NA,NA,NA,0
35,6,7,NA,NA,NA,0
36,6,7,NA,NA,NA,0
37,6,7,NA,NA,NA,0
38,6,8,NA,NA,NA,0
39,6,8,NA,NA,NA,0
40,6,8,"E",NA,NA,0
41,6,8,NA,NA,NA,0
42,6,8,NA,NA,NA,0
43,6,8,NA,NA,NA,0
44,3,9,NA,NA,NA,0
45,3,9,NA,NA,NA,0
46,3,9,NA,NA,NA,0
47,3,10,NA,NA,NA,0
48,3,10,NA,NA,NA,0
49,3,10,NA,NA,NA,0
50,4,11,NA,NA,NA,0
51,4,11,NA,NA,NA,0
52,4,11,NA,NA,NA,0
53,4,11,NA,NA,NA,0
54,3,12,NA,NA,NA,0
55,3,12,NA,NA,NA,0
56,3,12,NA,NA,NA,0
57,3,13,NA,NA,NA,0
58,3,13,NA,NA,NA,0
59,3,13,NA,NA,NA,0
60,5,14,NA,NA,NA,0
61,5,14,NA,NA,NA,0
62,5,14,NA,NA,NA,0
63,5,14,NA,NA,NA,0
64,5,14,NA,NA,NA,0
65,6,15,"H",298,3,0
66,6,15,"H",294,3,0
67,6,15,NA,NA,NA,0
68,6,15,"E",263,5,2
69,6,15,NA,NA,NA,0
70,6,15,NA,NA,NA,0
71,3,16,"E",277,2,0
72,3,16,NA,NA,NA,0
73,3,16,NA,NA,NA,0
74,4,17,NA,NA,NA,0
75,4,17,NA,NA,NA,0
76,4,17,NA,NA,NA,0
77,4,17,NA,NA,NA,0
78,6,18,NA,NA,NA,0
79,6,18,NA,NA,NA,0
80,6,18,NA,NA,NA,0
81,6,18,NA,NA,NA,0
82,6,18,NA,NA,NA,0
83,6,18,NA,NA,NA,0
84,3,19,NA,NA,NA,0
85,3,19,NA,NA,NA,0
86,3,19,NA,NA,NA,0
87,5,20,NA,NA,NA,0
88,5,20,NA,NA,NA,0
89,5,20,NA,NA,NA,0
90,5,20,NA,NA,NA,0
91,5,20,NA,NA,NA,0
92,3,21,NA,NA,NA,0
93,3,21,NA,NA,NA,0
94,3,21,NA,NA,NA,0
95,6,22,"H",181,1,1
96,6,22,"E",90,5,3
97,6,22,"H",127,2,1
98,6,22,"H",124,2,0
99,6,22,"H",210,0,0
100,6,22,"H",130,2,0
101,5,23,NA,NA,NA,0
102,5,23,NA,NA,NA,0
103,5,23,NA,NA,NA,0
104,5,23,NA,NA,NA,0
105,5,23,NA,NA,NA,0
106,4,24,NA,NA,NA,0
107,4,24,NA,NA,NA,0
108,4,24,NA,NA,NA,0
109,4,24,NA,NA,NA,0
110,3,25,NA,NA,NA,0
111,3,25,"E",27,2,0
112,3,25,NA,NA,NA,0
113,4,26,NA,NA,NA,0
114,4,26,NA,NA,NA,0
115,4,26,NA,NA,NA,0
116,4,26,NA,NA,NA,0
117,4,27,NA,NA,NA,0
118,4,27,"C",273,2,0
119,4,27,"E",127,3,0
120,4,27,NA,NA,NA,0
121,4,28,NA,NA,NA,0
122,4,28,NA,NA,NA,0
123,4,28,"C",NA,NA,0
124,4,28,NA,NA,NA,0
125,4,29,NA,NA,NA,0
126,4,29,NA,NA,NA,0
127,4,29,NA,NA,NA,0
128,4,29,NA,NA,NA,0
129,3,30,NA,NA,NA,0
130,3,30,NA,NA,NA,0
131,3,30,NA,NA,NA,0
132,6,31,NA,NA,NA,0
133,6,31,NA,NA,NA,0
134,6,31,"H",201,3,1
135,6,31,"H",228,2,0
136,6,31,"C",180,5,2
137,6,31,"H",207,2,0
138,6,32,NA,NA,NA,0
139,6,32,"H",332,1,0
140,6,32,"E",276,3,1
141,6,32,"H",316,2,1
142,6,32,"H",348,1,0
143,6,32,"E",240,4,1
144,5,33,NA,NA,NA,0
145,5,33,NA,NA,NA,0
146,5,33,NA,NA,NA,0
147,5,33,NA,NA,NA,0
148,5,33,NA,NA,NA,0
149,5,34,"H",300,3,2
150,5,34,"E",269,4,1
151,5,34,"H",NA,NA,0
152,5,34,"H",341,0,0
153,5,34,"H",333,1,1
154,5,35,NA,NA,NA,0
155,5,35,NA,NA,NA,0
156,5,35,NA,NA,NA,0
157,5,35,NA,NA,NA,0
158,5,35,NA,NA,NA,0
159,5,36,NA,NA,NA,0
160,5,36,NA,NA,NA,0
161,5,36,NA,NA,NA,0
162,5,36,NA,NA,NA,0
163,5,36,NA,NA,NA,0
164,6,37,NA,NA,NA,0
165,6,37,NA,NA,NA,0
166,6,37,NA,NA,NA,0
167,6,37,NA,NA,NA,0
168,6,37,NA,NA,NA,0
169,6,37,NA,NA,NA,0
170,3,38,NA,NA,NA,0
171,3,38,NA,NA,NA,0
172,3,38,NA,NA,NA,0
173,6,39,NA,NA,NA,0
174,6,39,NA,NA,NA,0
175,6,39,NA,NA,NA,0
176,6,39,NA,NA,NA,0
177,6,39,NA,NA,NA,0
178,6,39,NA,NA,NA,0
179,4,40,"H",297,2,1
180,4,40,"H",364,1,0
181,4,40,NA,NA,NA,0
182,4,40,"C",262,3,1
183,5,41,NA,NA,NA,0
184,5,41,NA,NA,NA,0
185,5,41,NA,NA,NA,0
186,5,41,NA,NA,NA,0
187,5,41,NA,NA,NA,0
188,5,42,NA,NA,NA,0
189,5,42,NA,NA,NA,0
190,5,42,NA,NA,NA,0
191,5,42,NA,NA,NA,0
192,5,42,"E",94,4,0
193,3,43,NA,NA,NA,0
194,3,43,NA,NA,NA,0
195,3,43,NA,NA,NA,0
196,3,44,NA,NA,NA,0
197,3,44,NA,NA,NA,0
198,3,44,NA,NA,NA,0
199,3,45,NA,NA,NA,0
200,3,45,NA,NA,NA,0
201,3,45,NA,NA,NA,0
202,5,46,NA,NA,NA,0
203,5,46,NA,NA,NA,0
204,5,46,NA,NA,NA,0
205,5,46,NA,NA,NA,0
206,5,46,NA,NA,NA,0
207,4,47,NA,NA,NA,0
208,4,47,NA,NA,NA,0
209,4,47,NA,NA,NA,0
210,4,47,NA,NA,NA,0
211,5,48,NA,NA,NA,0
212,5,48,NA,NA,NA,0
213,5,48,NA,NA,NA,0
214,5,48,NA,NA,NA,0
215,5,48,NA,NA,NA,0
216,3,49,NA,NA,NA,0
217,3,49,NA,NA,NA,0
218,3,49,NA,NA,NA,0
219,3,50,NA,NA,NA,0
220,3,50,NA,NA,NA,0
221,3,50,NA,NA,NA,0
222,4,51,NA,NA,NA,0
223,4,51,NA,NA,NA,0
224,4,51,NA,NA,NA,0
225,4,51,NA,NA,NA,0
226,3,52,"E",156,2,0
227,3,52,"H",330,0,0
228,3,52,"C",293,1,1
229,3,53,NA,NA,NA,0
230,3,53,NA,NA,NA,0
231,3,53,NA,NA,NA,0
232,4,54,NA,NA,NA,0
233,4,54,NA,NA,NA,0
234,4,54,NA,NA,NA,0
235,4,54,NA,NA,NA,0
236,5,55,NA,NA,NA,0
237,5,55,NA,NA,NA,0
238,5,55,NA,NA,NA,0
239,5,55,NA,NA,NA,0
240,5,55,NA,NA,NA,0
241,4,56,NA,NA,NA,0
242,4,56,NA,NA,NA,0
243,4,56,NA,NA,NA,0
244,4,56,NA,NA,NA,0
245,5,57,NA,NA,NA,0
246,5,57,"C",176,4,1
247,5,57,"H",219,3,1
248,5,57,"H",265,2,0
249,5,57,NA,NA,NA,0
250,3,58,NA,NA,NA,0
251,3,58,NA,NA,NA,0
252,3,58,NA,NA,NA,0
253,4,59,NA,NA,NA,0
254,4,59,NA,NA,NA,0
255,4,59,NA,NA,NA,0
256,4,59,NA,NA,NA,0
257,5,60,NA,NA,NA,0
258,5,60,NA,NA,NA,0
259,5,60,NA,NA,NA,0
260,5,60,NA,NA,NA,0
261,5,60,NA,NA,NA,0
262,3,61,NA,NA,NA,0
263,3,61,NA,NA,NA,0
264,3,61,NA,NA,NA,0
265,5,62,NA,NA,NA,0
266,5,62,NA,NA,NA,0
267,5,62,NA,NA,NA,0
268,5,62,NA,NA,NA,0
269,5,62,NA,NA,NA,0
270,4,63,NA,NA,NA,0
271,4,63,NA,NA,NA,0
272,4,63,NA,NA,NA,0
273,4,63,NA,NA,NA,0
274,5,64,"H",228,2,2
275,5,64,"H",267,0,0
276,5,64,"H",229,2,0
277,5,64,"C",208,4,2
278,5,64,"H",271,0,0
279,4,65,NA,NA,NA,0
280,4,65,NA,NA,NA,0
281,4,65,NA,NA,NA,0
282,4,65,NA,NA,NA,0
283,3,66,NA,NA,NA,0
284,3,66,NA,NA,NA,0
285,3,66,NA,NA,NA,0
286,4,67,NA,NA,NA,0
287,4,67,NA,NA,NA,0
288,4,67,NA,NA,NA,0
289,4,67,NA,NA,NA,0
290,5,68,NA,NA,NA,0
291,5,68,NA,NA,NA,0
292,5,68,NA,NA,NA,0
293,5,68,NA,NA,NA,0
294,5,68,NA,NA,NA,0
295,4,69,NA,NA,NA,0
296,4,69,NA,NA,NA,0
297,4,69,NA,NA,NA,0
298,4,69,NA,NA,NA,0
299,5,70,NA,NA,NA,0
300,5,70,NA,NA,NA,0
301,5,70,NA,NA,NA,0
302,5,70,NA,NA,NA,0
303,5,70,NA,NA,NA,0
304,4,71,NA,NA,NA,0
305,4,71,NA,NA,NA,0
306,4,71,NA,NA,NA,0
307,4,71,NA,NA,NA,0
308,4,72,NA,NA,NA,0
309,4,72,NA,NA,NA,0
310,4,72,NA,NA,NA,0
311,4,72,NA,NA,NA,0
312,4,73,NA,NA,NA,0
313,4,73,NA,NA,NA,0
314,4,73,NA,NA,NA,0
315,4,73,NA,NA,NA,0
316,4,74,"E",307,3,1
317,4,74,"H",333,2,0
318,4,74,NA,NA,NA,0
319,4,74,NA,NA,NA,0
320,5,75,NA,NA,NA,0
321,5,75,NA,NA,NA,0
322,5,75,NA,NA,NA,0
323,5,75,"H",216,3,0
324,5,75,"E",93,4,1
325,4,76,NA,NA,NA,0
326,4,76,NA,NA,NA,0
327,4,76,NA,NA,NA,0
328,4,76,NA,NA,NA,0
329,5,77,"H",96,3,2
330,5,77,NA,NA,NA,0
331,5,77,"E",76,4,1
332,5,77,"H",134,1,0
333,5,77,"H",123,1,0
334,4,78,NA,NA,NA,0
335,4,78,NA,NA,NA,0
336,4,78,NA,NA,NA,0
337,4,78,NA,NA,NA,0
338,6,79,NA,NA,NA,0
339,6,79,NA,NA,NA,0
340,6,79,NA,NA,NA,0
341,6,79,NA,NA,NA,0
342,6,79,NA,NA,NA,0
343,6,79,NA,NA,NA,0
344,5,80,NA,NA,NA,0
345,5,80,NA,NA,NA,0
346,5,80,NA,NA,NA,0
347,5,80,NA,NA,NA,0
348,5,80,NA,NA,NA,0
349,5,81,NA,NA,NA,0
350,5,81,NA,NA,NA,0
351,5,81,NA,NA,NA,0
352,5,81,NA,NA,NA,0
353,5,81,NA,NA,NA,0
354,6,82,NA,NA,NA,0
355,6,82,NA,NA,NA,0
356,6,82,NA,NA,NA,0
357,6,82,NA,NA,NA,0
358,6,82,NA,NA,NA,0
359,6,82,NA,NA,NA,0
360,6,83,NA,NA,NA,0
361,6,83,NA,NA,NA,0
362,6,83,NA,NA,NA,0
363,6,83,NA,NA,NA,0
364,6,83,NA,NA,NA,0
365,6,83,NA,NA,NA,0
366,6,84,NA,NA,NA,0
367,6,84,NA,NA,NA,0
368,6,84,NA,NA,NA,0
369,6,84,"C",118,5,0
370,6,84,NA,NA,NA,0
371,6,84,NA,NA,NA,0
372,4,85,NA,NA,NA,0
373,4,85,"E",161,3,0
374,4,85,NA,NA,NA,0
375,4,85,NA,NA,NA,0
376,3,86,NA,NA,NA,0
377,3,86,NA,NA,NA,0
378,3,86,NA,NA,NA,0
379,5,87,NA,NA,NA,0
380,5,87,NA,NA,NA,0
381,5,87,NA,NA,NA,0
382,5,87,NA,NA,NA,0
383,5,87,NA,NA,NA,0
384,6,88,"H",320,0,0
385,6,88,"H",281,1,0
386,6,88,"H",279,1,0
387,6,88,"H",287,1,1
388,6,88,"H",263,2,1
389,6,88,"C",248,5,3
390,3,89,NA,NA,NA,0
391,3,89,NA,NA,NA,0
392,3,89,NA,NA,NA,0
393,5,90,NA,NA,NA,0
394,5,90,NA,NA,NA,0
395,5,90,NA,NA,NA,0
396,5,90,NA,NA,NA,0
397,5,90,NA,NA,NA,0
398,4,91,NA,NA,NA,0
399,4,91,"H",65,2,0
400,4,91,"E",50,3,1
401,4,91,NA,NA,NA,0
402,6,92,NA,NA,NA,0
403,6,92,NA,NA,NA,0
404,6,92,NA,NA,NA,0
405,6,92,NA,NA,NA,0
406,6,92,NA,NA,NA,0
407,6,92,NA,NA,NA,0
408,4,93,"E",353,3,0
409,4,93,NA,NA,NA,0
410,4,93,NA,NA,NA,0
411,4,93,NA,NA,NA,0
412,3,94,NA,NA,NA,0
413,3,94,NA,NA,NA,0
414,3,94,NA,NA,NA,0
415,4,95,NA,NA,NA,0
416,4,95,NA,NA,NA,0
417,4,95,NA,NA,NA,0
418,4,95,NA,NA,NA,0
419,4,96,NA,NA,NA,0
420,4,96,NA,NA,NA,0
421,4,96,NA,NA,NA,0
422,4,96,NA,NA,NA,0
423,4,97,NA,NA,NA,0
424,4,97,NA,NA,NA,0
425,4,97,NA,NA,NA,0
426,4,97,NA,NA,NA,0
427,6,98,NA,NA,NA,0
428,6,98,NA,NA,NA,0
429,6,98,NA,NA,NA,0
430,6,98,NA,NA,NA,0
431,6,98,NA,NA,NA,0
432,6,98,NA,NA,NA,0
433,5,99,NA,NA,NA,0
434,5,99,NA,NA,NA,0
435,5,99,NA,NA,NA,0
436,5,99,NA,NA,NA,0
437,5,99,NA,NA,NA,0
438,4,100,NA,NA,NA,0
439,4,100,NA,NA,NA,0
440,4,100,NA,NA,NA,0
441,4,100,NA,NA,NA,0
442,5,101,"H",100,1,0
443,5,101,NA,NA,NA,0
444,5,101,"E",58,4,3
445,5,101,"H",83,1,0
446,5,101,"H",96,1,0
447,4,102,NA,NA,NA,0
448,4,102,"H",161,2,0
449,4,102,"E",142,3,1
450,4,102,NA,NA,NA,0
451,6,103,NA,NA,NA,0
452,6,103,NA,NA,NA,0
453,6,103,NA,NA,NA,0
454,6,103,NA,NA,NA,0
455,6,103,NA,NA,NA,0
456,6,103,NA,NA,NA,0
457,6,104,NA,NA,NA,0
458,6,104,NA,NA,NA,0
459,6,104,NA,NA,NA,0
460,6,104,NA,NA,NA,0
461,6,104,NA,NA,NA,0
462,6,104,NA,NA,NA,0
463,3,105,NA,NA,NA,0
464,3,105,NA,NA,NA,0
465,3,105,NA,NA,NA,0
466,5,106,NA,NA,NA,0
467,5,106,NA,NA,NA,0
468,5,106,NA,NA,NA,0
469,5,106,NA,NA,NA,0
470,5,106,NA,NA,NA,0
471,5,107,"H",NA,NA,0
472,5,107,NA,NA,NA,0
473,5,107,"E",352,4,1
474,5,107,NA,NA,NA,0
475,5,107,NA,NA,NA,0
476,6,108,"H",279,3,2
477,6,108,NA,NA,NA,0
478,6,108,"H",258,3,0
479,6,108,"H",338,1,0
480,6,108,"H",314,1,0
481,6,108,"C",234,5,2
482,5,109,NA,NA,NA,0
483,5,109,NA,NA,NA,0
484,5,109,NA,NA,NA,0
485,5,109,NA,NA,NA,0
486,5,109,NA,NA,NA,0
487,3,110,NA,NA,NA,0
488,3,110,NA,NA,NA,0
489,3,110,NA,NA,NA,0
490,4,111,NA,NA,NA,0
491,4,111,NA,NA,NA,0
492,4,111,NA,NA,NA,0
493,4,111,NA,NA,NA,0
494,4,112,NA,NA,NA,0
495,4,112,NA,NA,NA,0
496,4,112,NA,NA,NA,0
497,4,112,NA,NA,NA,0
498,4,113,NA,NA,NA,0
499,4,113,NA,NA,NA,0
500,4,113,NA,NA,NA,0
501,4,113,NA,NA,NA,0
502,4,114,NA,NA,NA,0
503,4,114,NA,NA,NA,0
504,4,114,NA,NA,NA,0
505,4,114,NA,NA,NA,0
506,4,115,NA,NA,NA,0
507,4,115,NA,NA,NA,0
508,4,115,NA,NA,NA,0
509,4,115,NA,NA,NA,0
510,3,116,NA,NA,NA,0
511,3,116,NA,NA,NA,0
512,3,116,NA,NA,NA,0
513,4,117,NA,NA,NA,0
514,4,117,NA,NA,NA,0
515,4,117,NA,NA,NA,0
516,4,117,NA,NA,NA,0
517,4,118,NA,NA,NA,0
518,4,118,NA,NA,NA,0
519,4,118,NA,NA,NA,0
520,4,118,NA,NA,NA,0
521,3,119,NA,NA,NA,0
522,3,119,NA,NA,NA,0
523,3,119,NA,NA,NA,0
524,5,120,NA,NA,NA,0
525,5,120,NA,NA,NA,0
526,5,120,NA,NA,NA,0
527,5,120,NA,NA,NA,0
528,5,120,NA,NA,NA,0
529,3,121,NA,NA,NA,0
530,3,121,NA,NA,NA,0
531,3,121,NA,NA,NA,0
532,4,122,NA,NA,NA,0
533,4,122,NA,NA,NA,0
534,4,122,NA,NA,NA,0
535,4,122,NA,NA,NA,0
536,3,123,NA,NA,NA,0
537,3,123,NA,NA,NA,0
538,3,123,NA,NA,NA,0
539,4,124,NA,NA,NA,0
540,4,124,NA,NA,NA,0
541,4,124,NA,NA,NA,0
542,4,124,NA,NA,NA,0
543,3,125,NA,NA,NA,0
544,3,125,NA,NA,NA,0
545,3,125,NA,NA,NA,0
546,4,126,NA,NA,NA,0
547,4,126,NA,NA,NA,0
548,4,126,NA,NA,NA,0
549,4,126,"C",333,3,0
550,5,127,NA,NA,NA,0
551,5,127,NA,NA,NA,0
552,5,127,NA,NA,NA,0
553,5,127,NA,NA,NA,0
554,5,127,NA,NA,NA,0
555,3,128,NA,NA,NA,0
556,3,128,NA,NA,NA,0
557,3,128,NA,NA,NA,0
558,4,129,NA,NA,NA,0
559,4,129,NA,NA,NA,0
560,4,129,NA,NA,NA,0
561,4,129,NA,NA,NA,0
562,4,130,NA,NA,NA,0
563,4,130,NA,NA,NA,0
564,4,130,NA,NA,NA,0
565,4,130,NA,NA,NA,0
566,4,131,NA,NA,NA,0
567,4,131,NA,NA,NA,0
568,4,131,NA,NA,NA,0
569,4,131,"C",180,3,0
570,4,132,NA,NA,NA,0
571,4,132,NA,NA,NA,0
572,4,132,NA,NA,NA,0
573,4,132,NA,NA,NA,0
574,5,133,NA,NA,NA,0
575,5,133,NA,NA,NA,0
576,5,133,NA,NA,NA,0
577,5,133,NA,NA,NA,0
578,5,133,NA,NA,NA,0
579,4,134,NA,NA,NA,0
580,4,134,NA,NA,NA,0
581,4,134,NA,NA,NA,0
582,4,134,NA,NA,NA,0
583,6,135,NA,NA,NA,0
584,6,135,NA,NA,NA,0
585,6,135,NA,NA,NA,0
586,6,135,NA,NA,NA,0
587,6,135,NA,NA,NA,0
588,6,135,NA,NA,NA,0
589,6,136,NA,NA,NA,0
590,6,136,NA,NA,NA,0
591,6,136,NA,NA,NA,0
592,6,136,NA,NA,NA,0
593,6,136,NA,NA,NA,0
594,6,136,NA,NA,NA,0
595,6,137,NA,NA,NA,0
596,6,137,NA,NA,NA,0
597,6,137,NA,NA,NA,0
598,6,137,NA,NA,NA,0
599,6,137,NA,NA,NA,0
600,6,137,NA,NA,NA,0
601,4,138,NA,NA,NA,0
602,4,138,NA,NA,NA,0
603,4,138,NA,NA,NA,0
604,4,138,NA,NA,NA,0
605,5,139,NA,NA,NA,0
606,5,139,NA,NA,NA,0
607,5,139,NA,NA,NA,0
608,5,139,NA,NA,NA,0
609,5,139,NA,NA,NA,0
610,5,140,NA,NA,NA,0
611,5,140,NA,NA,NA,0
612,5,140,NA,NA,NA,0
613,5,140,NA,NA,NA,0
614,5,140,NA,NA,NA,0
615,5,141,NA,NA,NA,0
616,5,141,NA,NA,NA,0
617,5,141,NA,NA,NA,0
618,5,141,NA,NA,NA,0
619,5,141,NA,NA,NA,0
620,4,142,NA,NA,NA,0
621,4,142,"E",210,3,0
622,4,142,NA,NA,NA,0
623,4,142,NA,NA,NA,0
624,6,143,NA,NA,NA,0
625,6,143,NA,NA,NA,0
626,6,143,NA,NA,NA,0
627,6,143,NA,NA,NA,0
628,6,143,NA,NA,NA,0
629,6,143,NA,NA,NA,0
630,5,144,"H",202,1,0
631,5,144,"H",233,1,0
632,5,144,NA,NA,NA,0
633,5,144,"C",154,4,3
634,5,144,"H",201,1,0
635,6,145,NA,NA,NA,0
636,6,145,NA,NA,NA,0
637,6,145,NA,NA,NA,0
638,6,145,NA,NA,NA,0
639,6,145,NA,NA,NA,0
640,6,145,NA,NA,NA,0
641,4,146,"E",91,3,0
642,4,146,NA,NA,NA,0
643,4,146,NA,NA,NA,0
644,4,146,NA,NA,NA,0
645,5,147,NA,NA,NA,0
646,5,147,NA,NA,NA,0
647,5,147,"E",175,4,1
648,5,147,"H",205,3,1
649,5,147,"H",247,2,0
650,6,148,NA,NA,NA,0
651,6,148,NA,NA,NA,0
652,6,148,NA,NA,NA,0
653,6,148,NA,NA,NA,0
654,6,148,NA,NA,NA,0
655,6,148,NA,NA,NA,0
656,4,149,NA,NA,NA,0
657,4,149,NA,NA,NA,0
658,4,149,NA,NA,NA,0
659,4,149,NA,NA,NA,0
660,6,150,NA,NA,NA,0
661,6,150,NA,NA,NA,0
662,6,150,NA,NA,NA,0
663,6,150,NA,NA,NA,0
664,6,150,NA,NA,NA,0
665,6,150,NA,NA,NA,0
666,6,151,NA,NA,NA,0
667,6,151,NA,NA,NA,0
668,6,151,NA,NA,NA,0
669,6,151,NA,NA,NA,0
670,6,151,NA,NA,NA,0
671,6,151,NA,NA,NA,0
672,5,152,NA,NA,NA,0
673,5,152,NA,NA,NA,0
674,5,152,NA,NA,NA,0
675,5,152,NA,NA,NA,0
676,5,152,NA,NA,NA,0
677,5,153,NA,NA,NA,0
678,5,153,NA,NA,NA,0
679,5,153,NA,NA,NA,0
680,5,153,NA,NA,NA,0
681,5,153,NA,NA,NA,0
682,5,154,NA,NA,NA,0
683,5,154,NA,NA,NA,0
684,5,154,NA,NA,NA,0
685,5,154,NA,NA,NA,0
686,5,154,NA,NA,NA,0
687,6,155,NA,NA,NA,0
688,6,155,NA,NA,NA,0
689,6,155,NA,NA,NA,0
690,6,155,NA,NA,NA,0
691,6,155,NA,NA,NA,0
692,6,155,NA,NA,NA,0
693,4,156,NA,NA,NA,0
694,4,156,NA,NA,NA,0
695,4,156,NA,NA,NA,0
696,4,156,NA,NA,NA,0
697,5,157,NA,NA,NA,0
698,5,157,NA,NA,NA,0
699,5,157,NA,NA,NA,0
700,5,157,NA,NA,NA,0
701,5,157,NA,NA,NA,0
702,6,158,NA,NA,NA,0
703,6,158,NA,NA,NA,0
704,6,158,NA,NA,NA,0
705,6,158,NA,NA,NA,0
706,6,158,NA,NA,NA,0
707,6,158,NA,NA,NA,0
708,5,159,NA,NA,NA,0
709,5,159,NA,NA,NA,0
710,5,159,NA,NA,NA,0
711,5,159,NA,NA,NA,0
712,5,159,NA,NA,NA,0
713,3,160,NA,NA,NA,0
714,3,160,NA,NA,NA,0
715,3,160,NA,NA,NA,0
716,4,161,NA,NA,NA,0
717,4,161,NA,NA,NA,0
718,4,161,NA,NA,NA,0
719,4,161,NA,NA,NA,0
720,5,162,"C",305,4,0
721,5,162,NA,NA,NA,0
722,5,162,NA,NA,NA,0
723,5,162,NA,NA,NA,0
724,5,162,NA,NA,NA,0
725,5,163,NA,NA,NA,0
726,5,163,NA,NA,NA,0
727,5,163,NA,NA,NA,0
728,5,163,NA,NA,NA,0
729,5,163,NA,NA,NA,0
730,3,164,NA,NA,NA,0
731,3,164,NA,NA,NA,0
732,3,164,NA,NA,NA,0
733,5,165,NA,NA,NA,0
734,5,165,NA,NA,NA,0
735,5,165,NA,NA,NA,0
736,5,165,NA,NA,NA,0
737,5,165,NA,NA,NA,0
738,4,166,NA,NA,NA,0
739,4,166,NA,NA,NA,0
740,4,166,NA,NA,NA,0
741,4,166,NA,NA,NA,0
742,5,167,NA,NA,NA,0
743,5,167,NA,NA,NA,0
744,5,167,NA,NA,NA,0
745,5,167,NA,NA,NA,0
746,5,167,NA,NA,NA,0
747,4,168,NA,NA,NA,0
748,4,168,NA,NA,NA,0
749,4,168,NA,NA,NA,0
750,4,168,NA,NA,NA,0
751,4,169,NA,NA,NA,0
752,4,169,NA,NA,NA,0
753,4,169,NA,NA,NA,0
754,4,169,NA,NA,NA,0
755,6,170,NA,NA,NA,0
756,6,170,NA,NA,NA,0
757,6,170,NA,NA,NA,0
758,6,170,NA,NA,NA,0
759,6,170,NA,NA,NA,0
760,6,170,NA,NA,NA,0
761,6,171,NA,NA,NA,0
762,6,171,NA,NA,NA,0
763,6,171,NA,NA,NA,0
764,6,171,NA,NA,NA,0
765,6,171,NA,NA,NA,0
766,6,171,NA,NA,NA,0
767,4,172,NA,NA,NA,0
768,4,172,NA,NA,NA,0
769,4,172,NA,NA,NA,0
770,4,172,NA,NA,NA,0
771,4,173,NA,NA,NA,0
772,4,173,NA,NA,NA,0
773,4,173,NA,NA,NA,0
774,4,173,NA,NA,NA,0
775,3,174,NA,NA,NA,0
776,3,174,NA,NA,NA,0
777,3,174,NA,NA,NA,0
778,4,175,NA,NA,NA,0
779,4,175,NA,NA,NA,0
780,4,175,NA,NA,NA,0
781,4,175,NA,NA,NA,0
782,5,176,NA,NA,NA,0
783,5,176,NA,NA,NA,0
784,5,176,NA,NA,NA,0
785,5,176,NA,NA,NA,0
786,5,176,"C",NA,NA,0
787,5,177,NA,NA,NA,0
788,5,177,NA,NA,NA,0
789,5,177,NA,NA,NA,0
790,5,177,NA,NA,NA,0
791,5,177,NA,NA,NA,0
792,5,178,"E",222,4,0
793,5,178,NA,NA,NA,0
794,5,178,NA,NA,NA,0
795,5,178,"E",NA,NA,0
796,5,178,NA,NA,NA,0
797,5,179,"C",227,4,1
798,5,179,NA,NA,NA,0
799,5,179,NA,NA,NA,0
800,5,179,"H",269,3,0
801,5,179,NA,NA,NA,0
802,6,180,NA,NA,NA,0
803,6,180,NA,NA,NA,0
804,6,180,NA,NA,NA,0
805,6,180,NA,NA,NA,0
806,6,180,NA,NA,NA,0
807,6,180,NA,NA,NA,0
808,5,181,NA,NA,NA,0
809,5,181,NA,NA,NA,0
810,5,181,NA,NA,NA,0
811,5,181,NA,NA,NA,0
812,5,181,NA,NA,NA,0
813,4,182,NA,NA,NA,0
814,4,182,NA,NA,NA,0
815,4,182,NA,NA,NA,0
816,4,182,NA,NA,NA,0
817,6,183,NA,NA,NA,0
818,6,183,NA,NA,NA,0
819,6,183,NA,NA,NA,0
820,6,183,NA,NA,NA,0
821,6,183,NA,NA,NA,0
822,6,183,NA,NA,NA,0
823,6,184,"H",243,1,0
824,6,184,NA,NA,NA,0
825,6,184,"H",230,1,0
826,6,184,"H",213,3,2
827,6,184,"E",144,5,1
828,6,184,"H",185,4,1
829,3,185,NA,NA,NA,0
830,3,185,NA,NA,NA,0
831,3,185,NA,NA,NA,0
832,5,186,NA,NA,NA,0
833,5,186,NA,NA,NA,0
834,5,186,NA,NA,NA,0
835,5,186,NA,NA,NA,0
836,5,186,NA,NA,NA,0
837,6,187,NA,NA,NA,0
838,6,187,NA,NA,NA,0
839,6,187,NA,NA,NA,0
840,6,187,NA,NA,NA,0
841,6,187,NA,NA,NA,0
842,6,187,NA,NA,NA,0
843,3,188,NA,NA,NA,0
844,3,188,NA,NA,NA,0
845,3,188,NA,NA,NA,0
846,5,189,"H",212,0,0
847,5,189,"H",233,0,0
848,5,189,"C",154,4,1
849,5,189,"H",179,3,2
850,5,189,"H",201,1,1
851,5,190,NA,NA,NA,0
852,5,190,NA,NA,NA,0
853,5,190,NA,NA,NA,0
854,5,190,NA,NA,NA,0
855,5,190,NA,NA,NA,0
856,4,191,NA,NA,NA,0
857,4,191,NA,NA,NA,0
858,4,191,NA,NA,NA,0
859,4,191,NA,NA,NA,0
860,6,192,NA,NA,NA,0
861,6,192,NA,NA,NA,0
862,6,192,NA,NA,NA,0
863,6,192,NA,NA,NA,0
864,6,192,NA,NA,NA,0
865,6,192,NA,NA,NA,0
866,5,193,NA,NA,NA,0
867,5,193,NA,NA,NA,0
868,5,193,NA,NA,NA,0
869,5,193,NA,NA,NA,0
870,5,193,NA,NA,NA,0
871,6,194,NA,NA,NA,0
872,6,194,NA,NA,NA,0
873,6,194,NA,NA,NA,0
874,6,194,NA,NA,NA,0
875,6,194,NA,NA,NA,0
876,6,194,NA,NA,NA,0
877,6,195,NA,NA,NA,0
878,6,195,NA,NA,NA,0
879,6,195,NA,NA,NA,0
880,6,195,NA,NA,NA,0
881,6,195,NA,NA,NA,0
882,6,195,NA,NA,NA,0
883,3,196,NA,NA,NA,0
884,3,196,NA,NA,NA,0
885,3,196,NA,NA,NA,0
886,3,197,NA,NA,NA,0
887,3,197,"C",235,2,0
888,3,197,NA,NA,NA,0
889,6,198,NA,NA,NA,0
890,6,198,NA,NA,NA,0
891,6,198,NA,NA,NA,0
892,6,198,NA,NA,NA,0
893,6,198,NA,NA,NA,0
894,6,198,NA,NA,NA,0
895,5,199,NA,NA,NA,0
896,5,199,NA,NA,NA,0
897,5,199,NA,NA,NA,0
898,5,199,NA,NA,NA,0
899,5,199,NA,NA,NA,0
900,5,200,NA,NA,NA,0
901,5,200,NA,NA,NA,0
902,5,200,NA,NA,NA,0
903,5,200,NA,NA,NA,0
904,5,200,NA,NA,NA,0
905,4,201,NA,NA,NA,0
906,4,201,NA,NA,NA,0
907,4,201,NA,NA,NA,0
908,4,201,NA,NA,NA,0
909,5,202,NA,NA,NA,0
910,5,202,NA,NA,NA,0
911,5,202,NA,NA,NA,0
912,5,202,NA,NA,NA,0
913,5,202,NA,NA,NA,0
914,6,203,"E",314,5,1
915,6,203,"E",348,3,1
916,6,203,"H",341,3,0
917,6,203,NA,NA,NA,0
918,6,203,"H",NA,NA,0
919,6,203,NA,NA,NA,0
920,4,204,NA,NA,NA,0
921,4,204,NA,NA,NA,0
922,4,204,NA,NA,NA,0
923,4,204,NA,NA,NA,0
924,5,205,NA,NA,NA,0
925,5,205,NA,NA,NA,0
926,5,205,NA,NA,NA,0
927,5,205,NA,NA,NA,0
928,5,205,NA,NA,NA,0
929,6,206,NA,NA,NA,0
930,6,206,NA,NA,NA,0
931,6,206,NA,NA,NA,0
932,6,206,NA,NA,NA,0
933,6,206,NA,NA,NA,0
934,6,206,NA,NA,NA,0
935,5,207,NA,NA,NA,0
936,5,207,NA,NA,NA,0
937,5,207,NA,NA,NA,0
938,5,207,NA,NA,NA,0
939,5,207,NA,NA,NA,0
940,6,208,NA,NA,NA,0
941,6,208,NA,NA,NA,0
942,6,208,NA,NA,NA,0
943,6,208,NA,NA,NA,0
944,6,208,NA,NA,NA,0
945,6,208,NA,NA,NA,0
946,4,209,NA,NA,NA,0
947,4,209,NA,NA,NA,0
948,4,209,NA,NA,NA,0
949,4,209,"E",NA,NA,0
950,5,210,NA,NA,NA,0
951,5,210,NA,NA,NA,0
952,5,210,"C",262,4,0
953,5,210,NA,NA,NA,0
954,5,210,NA,NA,NA,0
955,4,211,NA,NA,NA,0
956,4,211,NA,NA,NA,0
957,4,211,NA,NA,NA,0
958,4,211,NA,NA,NA,0
959,4,212,NA,NA,NA,0
960,4,212,NA,NA,NA,0
961,4,212,NA,NA,NA,0
962,4,212,NA,NA,NA,0
963,5,213,NA,NA,NA,0
964,5,213,NA,NA,NA,0
965,5,213,NA,NA,NA,0
966,5,213,"C",261,4,0
967,5,213,NA,NA,NA,0
968,5,214,NA,NA,NA,0
969,5,214,NA,NA,NA,0
970,5,214,NA,NA,NA,0
971,5,214,NA,NA,NA,0
972,5,214,NA,NA,NA,0
973,6,215,NA,NA,NA,0
974,6,215,NA,NA,NA,0
975,6,215,NA,NA,NA,0
976,6,215,NA,NA,NA,0
977,6,215,NA,NA,NA,0
978,6,215,NA,NA,NA,0
979,3,216,NA,NA,NA,0
980,3,216,NA,NA,NA,0
981,3,216,NA,NA,NA,0
982,6,217,NA,NA,NA,0
983,6,217,NA,NA,NA,0
984,6,217,NA,NA,NA,0
985,6,217,NA,NA,NA,0
986,6,217,NA,NA,NA,0
987,6,217,NA,NA,NA,0
988,4,218,NA,NA,NA,0
989,4,218,NA,NA,NA,0
990,4,218,NA,NA,NA,0
991,4,218,NA,NA,NA,0
992,3,219,NA,NA,NA,0
993,3,219,NA,NA,NA,0
994,3,219,NA,NA,NA,0
995,6,220,NA,NA,NA,0
996,6,220,NA,NA,NA,0
997,6,220,NA,NA,NA,0
998,6,220,NA,NA,NA,0
999,6,220,NA,NA,NA,0
1000,6,220,NA,NA,NA,0
