"ID","SIZE","HH","TYPE","TIME","S_NUM","I_NUM"
1,4,1,"0",NA,NA,0
2,4,1,NA,NA,NA,0
3,4,1,"E",354,2,0
4,4,1,NA,NA,NA,0
5,5,2,NA,NA,NA,0
6,5,2,NA,NA,NA,0
7,5,2,NA,NA,NA,0
8,5,2,NA,NA,NA,0
9,5,2,NA,NA,NA,0
10,3,3,NA,NA,NA,0
11,3,3,NA,NA,NA,0
12,3,3,NA,NA,NA,0
13,6,4,NA,NA,NA,0
14,6,4,NA,NA,NA,0
15,6,4,NA,NA,NA,0
16,6,4,NA,NA,NA,0
17,6,4,NA,NA,NA,0
18,6,4,NA,NA,NA,0
19,5,5,NA,NA,NA,0
20,5,5,NA,NA,NA,0
21,5,5,NA,NA,NA,0
22,5,5,NA,NA,NA,0
23,5,5,NA,NA,NA,0
24,3,6,NA,NA,NA,0
25,3,6,NA,NA,NA,0
26,3,6,NA,NA,NA,0
27,6,7,NA,NA,NA,0
28,6,7,NA,NA,NA,0
29,6,7,NA,NA,NA,0
30,6,7,NA,NA,NA,0
31,6,7,NA,NA,NA,0
32,6,7,NA,NA,NA,0
33,6,8,NA,NA,NA,0
34,6,8,NA,NA,NA,0
35,6,8,NA,NA,NA,0
36,6,8,NA,NA,NA,0
37,6,8,NA,NA,NA,0
38,6,8,NA,NA,NA,0
39,6,9,NA,NA,NA,0
40,6,9,NA,NA,NA,0
41,6,9,NA,NA,NA,0
42,6,9,NA,NA,NA,0
43,6,9,NA,NA,NA,0
44,6,9,NA,NA,NA,0
45,4,10,NA,NA,NA,0
46,4,10,NA,NA,NA,0
47,4,10,NA,NA,NA,0
48,4,10,NA,NA,NA,0
49,4,11,NA,NA,NA,0
50,4,11,NA,NA,NA,0
51,4,11,NA,NA,NA,0
52,4,11,NA,NA,NA,0
53,3,12,"H",310,1,1
54,3,12,"H",NA,NA,0
55,3,12,"E",259,2,1
56,3,13,NA,NA,NA,0
57,3,13,NA,NA,NA,0
58,3,13,NA,NA,NA,0
59,4,14,NA,NA,NA,0
60,4,14,NA,NA,NA,0
61,4,14,NA,NA,NA,0
62,4,14,NA,NA,NA,0
63,6,15,NA,NA,NA,0
64,6,15,NA,NA,NA,0
65,6,15,NA,NA,NA,0
66,6,15,NA,NA,NA,0
67,6,15,NA,NA,NA,0
68,6,15,NA,NA,NA,0
69,4,16,NA,NA,NA,0
70,4,16,NA,NA,NA,0
71,4,16,NA,NA,NA,0
72,4,16,NA,NA,NA,0
73,4,17,NA,NA,NA,0
74,4,17,NA,NA,NA,0
75,4,17,NA,NA,NA,0
76,4,17,NA,NA,NA,0
77,4,18,NA,NA,NA,0
78,4,18,NA,NA,NA,0
79,4,18,NA,NA,NA,0
80,4,18,NA,NA,NA,0
81,6,19,NA,NA,NA,0
82,6,19,NA,NA,NA,0
83,6,19,NA,NA,NA,0
84,6,19,NA,NA,NA,0
85,6,19,NA,NA,NA,0
86,6,19,NA,NA,NA,0
87,6,20,NA,NA,NA,0
88,6,20,NA,NA,NA,0
89,6,20,NA,NA,NA,0
90,6,20,NA,NA,NA,0
91,6,20,NA,NA,NA,0
92,6,20,NA,NA,NA,0
93,4,21,NA,NA,NA,0
94,4,21,NA,NA,NA,0
95,4,21,NA,NA,NA,0
96,4,21,"E",273,3,0
97,4,22,NA,NA,NA,0
98,4,22,NA,NA,NA,0
99,4,22,NA,NA,NA,0
100,4,22,NA,NA,NA,0
101,5,23,NA,NA,NA,0
102,5,23,NA,NA,NA,0
103,5,23,NA,NA,NA,0
104,5,23,NA,NA,NA,0
105,5,23,NA,NA,NA,0
106,5,24,NA,NA,NA,0
107,5,24,NA,NA,NA,0
108,5,24,NA,NA,NA,0
109,5,24,NA,NA,NA,0
110,5,24,NA,NA,NA,0
111,3,25,NA,NA,NA,0
112,3,25,NA,NA,NA,0
113,3,25,NA,NA,NA,0
114,5,26,NA,NA,NA,0
115,5,26,NA,NA,NA,0
116,5,26,"E",227,4,1
117,5,26,NA,NA,NA,0
118,5,26,"H",249,3,0
119,4,27,NA,NA,NA,0
120,4,27,NA,NA,NA,0
121,4,27,NA,NA,NA,0
122,4,27,NA,NA,NA,0
123,3,28,NA,NA,NA,0
124,3,28,NA,NA,NA,0
125,3,28,NA,NA,NA,0
126,5,29,"E",89,4,1
127,5,29,NA,NA,NA,0
128,5,29,NA,NA,NA,0
129,5,29,NA,NA,NA,0
130,5,29,"H",114,3,0
131,3,30,NA,NA,NA,0
132,3,30,NA,NA,NA,0
133,3,30,NA,NA,NA,0
134,6,31,NA,NA,NA,0
135,6,31,NA,NA,NA,0
136,6,31,"C",333,5,2
137,6,31,NA,NA,NA,0
138,6,31,"H",NA,NA,0
139,6,31,"H",NA,NA,0
140,6,32,"H",NA,NA,0
141,6,32,"E",322,5,3
142,6,32,"H",341,2,2
143,6,32,"H",360,0,0
144,6,32,"H",NA,NA,0
145,6,32,"H",NA,NA,0
146,4,33,NA,NA,NA,0
147,4,33,NA,NA,NA,0
148,4,33,NA,NA,NA,0
149,4,33,NA,NA,NA,0
150,6,34,NA,NA,NA,0
151,6,34,NA,NA,NA,0
152,6,34,NA,NA,NA,0
153,6,34,NA,NA,NA,0
154,6,34,NA,NA,NA,0
155,6,34,NA,NA,NA,0
156,4,35,NA,NA,NA,0
157,4,35,NA,NA,NA,0
158,4,35,NA,NA,NA,0
159,4,35,NA,NA,NA,0
160,6,36,"C",267,5,2
161,6,36,"H",338,1,0
162,6,36,"H",NA,NA,0
163,6,36,"H",310,3,2
164,6,36,NA,NA,NA,0
165,6,36,"H",292,3,0
166,6,37,"H",151,1,0
167,6,37,"E",115,5,4
168,6,37,"H",151,1,0
169,6,37,"H",138,1,0
170,6,37,NA,NA,NA,0
171,6,37,"H",162,1,0
172,3,38,"H",360,1,0
173,3,38,"C",325,2,1
174,3,38,NA,NA,NA,0
175,3,39,NA,NA,NA,0
176,3,39,NA,NA,NA,0
177,3,39,NA,NA,NA,0
178,4,40,"H",120,0,0
179,4,40,"H",94,0,0
180,4,40,"H",150,0,0
181,4,40,"E",72,3,3
182,5,41,NA,NA,NA,0
183,5,41,NA,NA,NA,0
184,5,41,NA,NA,NA,0
185,5,41,NA,NA,NA,0
186,5,41,NA,NA,NA,0
187,4,42,NA,NA,NA,0
188,4,42,NA,NA,NA,0
189,4,42,NA,NA,NA,0
190,4,42,NA,NA,NA,0
191,5,43,NA,NA,NA,0
192,5,43,NA,NA,NA,0
193,5,43,NA,NA,NA,0
194,5,43,NA,NA,NA,0
195,5,43,NA,NA,NA,0
196,3,44,NA,NA,NA,0
197,3,44,NA,NA,NA,0
198,3,44,NA,NA,NA,0
199,4,45,NA,NA,NA,0
200,4,45,NA,NA,NA,0
201,4,45,NA,NA,NA,0
202,4,45,NA,NA,NA,0
203,6,46,NA,NA,NA,0
204,6,46,NA,NA,NA,0
205,6,46,NA,NA,NA,0
206,6,46,NA,NA,NA,0
207,6,46,NA,NA,NA,0
208,6,46,NA,NA,NA,0
209,4,47,NA,NA,NA,0
210,4,47,NA,NA,NA,0
211,4,47,NA,NA,NA,0
212,4,47,NA,NA,NA,0
213,6,48,NA,NA,NA,0
214,6,48,NA,NA,NA,0
215,6,48,NA,NA,NA,0
216,6,48,NA,NA,NA,0
217,6,48,NA,NA,NA,0
218,6,48,NA,NA,NA,0
219,3,49,NA,NA,NA,0
220,3,49,NA,NA,NA,0
221,3,49,NA,NA,NA,0
222,5,50,NA,NA,NA,0
223,5,50,NA,NA,NA,0
224,5,50,NA,NA,NA,0
225,5,50,NA,NA,NA,0
226,5,50,NA,NA,NA,0
227,3,51,NA,NA,NA,0
228,3,51,NA,NA,NA,0
229,3,51,NA,NA,NA,0
230,3,52,NA,NA,NA,0
231,3,52,NA,NA,NA,0
232,3,52,NA,NA,NA,0
233,5,53,NA,NA,NA,0
234,5,53,NA,NA,NA,0
235,5,53,NA,NA,NA,0
236,5,53,NA,NA,NA,0
237,5,53,NA,NA,NA,0
238,3,54,NA,NA,NA,0
239,3,54,NA,NA,NA,0
240,3,54,"E",70,2,0
241,3,55,NA,NA,NA,0
242,3,55,NA,NA,NA,0
243,3,55,NA,NA,NA,0
244,6,56,NA,NA,NA,0
245,6,56,NA,NA,NA,0
246,6,56,NA,NA,NA,0
247,6,56,NA,NA,NA,0
248,6,56,"E",297,5,0
249,6,56,NA,NA,NA,0
250,4,57,NA,NA,NA,0
251,4,57,NA,NA,NA,0
252,4,57,NA,NA,NA,0
253,4,57,NA,NA,NA,0
254,3,58,NA,NA,NA,0
255,3,58,NA,NA,NA,0
256,3,58,NA,NA,NA,0
257,3,59,"H",261,1,0
258,3,59,"E",243,2,1
259,3,59,NA,NA,NA,0
260,4,60,NA,NA,NA,0
261,4,60,NA,NA,NA,0
262,4,60,NA,NA,NA,0
263,4,60,NA,NA,NA,0
264,6,61,NA,NA,NA,0
265,6,61,NA,NA,NA,0
266,6,61,NA,NA,NA,0
267,6,61,NA,NA,NA,0
268,6,61,NA,NA,NA,0
269,6,61,NA,NA,NA,0
270,6,62,NA,NA,NA,0
271,6,62,NA,NA,NA,0
272,6,62,NA,NA,NA,0
273,6,62,NA,NA,NA,0
274,6,62,NA,NA,NA,0
275,6,62,NA,NA,NA,0
276,6,63,NA,NA,NA,0
277,6,63,NA,NA,NA,0
278,6,63,NA,NA,NA,0
279,6,63,NA,NA,NA,0
280,6,63,NA,NA,NA,0
281,6,63,NA,NA,NA,0
282,6,64,NA,NA,NA,0
283,6,64,NA,NA,NA,0
284,6,64,NA,NA,NA,0
285,6,64,NA,NA,NA,0
286,6,64,NA,NA,NA,0
287,6,64,NA,NA,NA,0
288,6,65,"H",NA,NA,0
289,6,65,"H",352,2,2
290,6,65,"H",NA,NA,0
291,6,65,"H",NA,NA,0
292,6,65,"H",NA,NA,0
293,6,65,"E",336,5,3
294,3,66,NA,NA,NA,0
295,3,66,NA,NA,NA,0
296,3,66,NA,NA,NA,0
297,3,67,NA,NA,NA,0
298,3,67,NA,NA,NA,0
299,3,67,NA,NA,NA,0
300,3,68,NA,NA,NA,0
301,3,68,NA,NA,NA,0
302,3,68,NA,NA,NA,0
303,4,69,NA,NA,NA,0
304,4,69,NA,NA,NA,0
305,4,69,NA,NA,NA,0
306,4,69,NA,NA,NA,0
307,3,70,NA,NA,NA,0
308,3,70,NA,NA,NA,0
309,3,70,NA,NA,NA,0
310,5,71,NA,NA,NA,0
311,5,71,"C",273,4,0
312,5,71,NA,NA,NA,0
313,5,71,NA,NA,NA,0
314,5,71,NA,NA,NA,0
315,5,72,NA,NA,NA,0
316,5,72,NA,NA,NA,0
317,5,72,NA,NA,NA,0
318,5,72,NA,NA,NA,0
319,5,72,NA,NA,NA,0
320,5,73,"H",181,0,0
321,5,73,"H",159,2,2
322,5,73,"H",172,0,0
323,5,73,"C",136,4,2
324,5,73,"H",159,2,0
325,3,74,NA,NA,NA,0
326,3,74,NA,NA,NA,0
327,3,74,NA,NA,NA,0
328,3,75,NA,NA,NA,0
329,3,75,NA,NA,NA,0
330,3,75,NA,NA,NA,0
331,3,76,NA,NA,NA,0
332,3,76,NA,NA,NA,0
333,3,76,NA,NA,NA,0
334,5,77,NA,NA,NA,0
335,5,77,NA,NA,NA,0
336,5,77,NA,NA,NA,0
337,5,77,NA,NA,NA,0
338,5,77,NA,NA,NA,0
339,6,78,NA,NA,NA,0
340,6,78,NA,NA,NA,0
341,6,78,NA,NA,NA,0
342,6,78,NA,NA,NA,0
343,6,78,NA,NA,NA,0
344,6,78,NA,NA,NA,0
345,3,79,NA,NA,NA,0
346,3,79,NA,NA,NA,0
347,3,79,NA,NA,NA,0
348,5,80,NA,NA,NA,0
349,5,80,NA,NA,NA,0
350,5,80,NA,NA,NA,0
351,5,80,NA,NA,NA,0
352,5,80,NA,NA,NA,0
353,4,81,NA,NA,NA,0
354,4,81,NA,NA,NA,0
355,4,81,NA,NA,NA,0
356,4,81,NA,NA,NA,0
357,5,82,NA,NA,NA,0
358,5,82,NA,NA,NA,0
359,5,82,NA,NA,NA,0
360,5,82,NA,NA,NA,0
361,5,82,NA,NA,NA,0
362,5,83,NA,NA,NA,0
363,5,83,NA,NA,NA,0
364,5,83,NA,NA,NA,0
365,5,83,NA,NA,NA,0
366,5,83,NA,NA,NA,0
367,5,84,"H",NA,NA,0
368,5,84,"E",358,4,1
369,5,84,NA,NA,NA,0
370,5,84,NA,NA,NA,0
371,5,84,NA,NA,NA,0
372,5,85,NA,NA,NA,0
373,5,85,NA,NA,NA,0
374,5,85,NA,NA,NA,0
375,5,85,NA,NA,NA,0
376,5,85,NA,NA,NA,0
377,6,86,NA,NA,NA,0
378,6,86,NA,NA,NA,0
379,6,86,NA,NA,NA,0
380,6,86,NA,NA,NA,0
381,6,86,NA,NA,NA,0
382,6,86,NA,NA,NA,0
383,5,87,NA,NA,NA,0
384,5,87,NA,NA,NA,0
385,5,87,NA,NA,NA,0
386,5,87,NA,NA,NA,0
387,5,87,NA,NA,NA,0
388,3,88,NA,NA,NA,0
389,3,88,NA,NA,NA,0
390,3,88,NA,NA,NA,0
391,6,89,NA,NA,NA,0
392,6,89,NA,NA,NA,0
393,6,89,NA,NA,NA,0
394,6,89,NA,NA,NA,0
395,6,89,NA,NA,NA,0
396,6,89,NA,NA,NA,0
397,4,90,NA,NA,NA,0
398,4,90,NA,NA,NA,0
399,4,90,NA,NA,NA,0
400,4,90,NA,NA,NA,0
401,6,91,NA,NA,NA,0
402,6,91,NA,NA,NA,0
403,6,91,NA,NA,NA,0
404,6,91,NA,NA,NA,0
405,6,91,NA,NA,NA,0
406,6,91,NA,NA,NA,0
407,6,92,NA,NA,NA,0
408,6,92,NA,NA,NA,0
409,6,92,NA,NA,NA,0
410,6,92,NA,NA,NA,0
411,6,92,NA,NA,NA,0
412,6,92,NA,NA,NA,0
413,3,93,NA,NA,NA,0
414,3,93,NA,NA,NA,0
415,3,93,NA,NA,NA,0
416,5,94,NA,NA,NA,0
417,5,94,NA,NA,NA,0
418,5,94,NA,NA,NA,0
419,5,94,NA,NA,NA,0
420,5,94,NA,NA,NA,0
421,6,95,NA,NA,NA,0
422,6,95,NA,NA,NA,0
423,6,95,NA,NA,NA,0
424,6,95,NA,NA,NA,0
425,6,95,NA,NA,NA,0
426,6,95,NA,NA,NA,0
427,5,96,NA,NA,NA,0
428,5,96,NA,NA,NA,0
429,5,96,NA,NA,NA,0
430,5,96,NA,NA,NA,0
431,5,96,NA,NA,NA,0
432,6,97,NA,NA,NA,0
433,6,97,NA,NA,NA,0
434,6,97,NA,NA,NA,0
435,6,97,NA,NA,NA,0
436,6,97,NA,NA,NA,0
437,6,97,NA,NA,NA,0
438,5,98,NA,NA,NA,0
439,5,98,NA,NA,NA,0
440,5,98,NA,NA,NA,0
441,5,98,NA,NA,NA,0
442,5,98,NA,NA,NA,0
443,3,99,NA,NA,NA,0
444,3,99,NA,NA,NA,0
445,3,99,NA,NA,NA,0
446,4,100,NA,NA,NA,0
447,4,100,NA,NA,NA,0
448,4,100,NA,NA,NA,0
449,4,100,NA,NA,NA,0
450,4,101,NA,NA,NA,0
451,4,101,NA,NA,NA,0
452,4,101,NA,NA,NA,0
453,4,101,NA,NA,NA,0
454,3,102,NA,NA,NA,0
455,3,102,NA,NA,NA,0
456,3,102,NA,NA,NA,0
457,3,103,NA,NA,NA,0
458,3,103,NA,NA,NA,0
459,3,103,NA,NA,NA,0
460,4,104,NA,NA,NA,0
461,4,104,NA,NA,NA,0
462,4,104,NA,NA,NA,0
463,4,104,NA,NA,NA,0
464,4,105,NA,NA,NA,0
465,4,105,NA,NA,NA,0
466,4,105,NA,NA,NA,0
467,4,105,NA,NA,NA,0
468,4,106,NA,NA,NA,0
469,4,106,NA,NA,NA,0
470,4,106,NA,NA,NA,0
471,4,106,NA,NA,NA,0
472,5,107,NA,NA,NA,0
473,5,107,NA,NA,NA,0
474,5,107,NA,NA,NA,0
475,5,107,NA,NA,NA,0
476,5,107,NA,NA,NA,0
477,4,108,NA,NA,NA,0
478,4,108,NA,NA,NA,0
479,4,108,NA,NA,NA,0
480,4,108,NA,NA,NA,0
481,6,109,NA,NA,NA,0
482,6,109,NA,NA,NA,0
483,6,109,NA,NA,NA,0
484,6,109,NA,NA,NA,0
485,6,109,NA,NA,NA,0
486,6,109,NA,NA,NA,0
487,4,110,NA,NA,NA,0
488,4,110,NA,NA,NA,0
489,4,110,NA,NA,NA,0
490,4,110,NA,NA,NA,0
491,3,111,NA,NA,NA,0
492,3,111,NA,NA,NA,0
493,3,111,NA,NA,NA,0
494,4,112,NA,NA,NA,0
495,4,112,NA,NA,NA,0
496,4,112,NA,NA,NA,0
497,4,112,"E",68,3,0
498,4,113,"C",269,2,0
499,4,113,NA,NA,NA,0
500,4,113,"H",316,1,0
501,4,113,"C",280,2,1
502,6,114,NA,NA,NA,0
503,6,114,NA,NA,NA,0
504,6,114,NA,NA,NA,0
505,6,114,NA,NA,NA,0
506,6,114,NA,NA,NA,0
507,6,114,NA,NA,NA,0
508,5,115,NA,NA,NA,0
509,5,115,NA,NA,NA,0
510,5,115,NA,NA,NA,0
511,5,115,NA,NA,NA,0
512,5,115,NA,NA,NA,0
513,3,116,NA,NA,NA,0
514,3,116,NA,NA,NA,0
515,3,116,NA,NA,NA,0
516,5,117,NA,NA,NA,0
517,5,117,NA,NA,NA,0
518,5,117,NA,NA,NA,0
519,5,117,NA,NA,NA,0
520,5,117,NA,NA,NA,0
521,3,118,NA,NA,NA,0
522,3,118,NA,NA,NA,0
523,3,118,NA,NA,NA,0
524,3,119,NA,NA,NA,0
525,3,119,NA,NA,NA,0
526,3,119,NA,NA,NA,0
527,5,120,NA,NA,NA,0
528,5,120,NA,NA,NA,0
529,5,120,NA,NA,NA,0
530,5,120,NA,NA,NA,0
531,5,120,"C",NA,NA,0
532,6,121,"H",246,2,1
533,6,121,"H",292,1,1
534,6,121,"C",202,5,1
535,6,121,"H",335,0,0
536,6,121,"H",227,4,2
537,6,121,"H",247,2,0
538,6,122,NA,NA,NA,0
539,6,122,NA,NA,NA,0
540,6,122,NA,NA,NA,0
541,6,122,NA,NA,NA,0
542,6,122,NA,NA,NA,0
543,6,122,NA,NA,NA,0
544,4,123,NA,NA,NA,0
545,4,123,NA,NA,NA,0
546,4,123,NA,NA,NA,0
547,4,123,NA,NA,NA,0
548,4,124,NA,NA,NA,0
549,4,124,NA,NA,NA,0
550,4,124,NA,NA,NA,0
551,4,124,NA,NA,NA,0
552,3,125,NA,NA,NA,0
553,3,125,NA,NA,NA,0
554,3,125,NA,NA,NA,0
555,6,126,NA,NA,NA,0
556,6,126,NA,NA,NA,0
557,6,126,NA,NA,NA,0
558,6,126,"E",236,5,0
559,6,126,NA,NA,NA,0
560,6,126,NA,NA,NA,0
561,3,127,NA,NA,NA,0
562,3,127,NA,NA,NA,0
563,3,127,NA,NA,NA,0
564,6,128,NA,NA,NA,0
565,6,128,NA,NA,NA,0
566,6,128,NA,NA,NA,0
567,6,128,NA,NA,NA,0
568,6,128,NA,NA,NA,0
569,6,128,NA,NA,NA,0
570,5,129,"C",212,4,4
571,5,129,"H",241,0,0
572,5,129,"H",236,0,0
573,5,129,"H",244,0,0
574,5,129,"H",253,0,0
575,4,130,NA,NA,NA,0
576,4,130,NA,NA,NA,0
577,4,130,NA,NA,NA,0
578,4,130,NA,NA,NA,0
579,4,131,"H",200,1,1
580,4,131,"C",149,3,1
581,4,131,"H",249,0,0
582,4,131,"H",171,2,1
583,6,132,NA,NA,NA,0
584,6,132,NA,NA,NA,0
585,6,132,NA,NA,NA,0
586,6,132,NA,NA,NA,0
587,6,132,NA,NA,NA,0
588,6,132,NA,NA,NA,0
589,3,133,NA,NA,NA,0
590,3,133,NA,NA,NA,0
591,3,133,NA,NA,NA,0
592,4,134,NA,NA,NA,0
593,4,134,"E",97,3,2
594,4,134,"H",158,1,0
595,4,134,"H",126,1,0
596,3,135,NA,NA,NA,0
597,3,135,NA,NA,NA,0
598,3,135,NA,NA,NA,0
599,3,136,NA,NA,NA,0
600,3,136,NA,NA,NA,0
601,3,136,NA,NA,NA,0
602,4,137,NA,NA,NA,0
603,4,137,NA,NA,NA,0
604,4,137,NA,NA,NA,0
605,4,137,NA,NA,NA,0
606,6,138,NA,NA,NA,0
607,6,138,NA,NA,NA,0
608,6,138,NA,NA,NA,0
609,6,138,NA,NA,NA,0
610,6,138,NA,NA,NA,0
611,6,138,NA,NA,NA,0
612,3,139,NA,NA,NA,0
613,3,139,NA,NA,NA,0
614,3,139,NA,NA,NA,0
615,4,140,NA,NA,NA,0
616,4,140,NA,NA,NA,0
617,4,140,NA,NA,NA,0
618,4,140,NA,NA,NA,0
619,6,141,NA,NA,NA,0
620,6,141,NA,NA,NA,0
621,6,141,NA,NA,NA,0
622,6,141,NA,NA,NA,0
623,6,141,NA,NA,NA,0
624,6,141,NA,NA,NA,0
625,4,142,NA,NA,NA,0
626,4,142,NA,NA,NA,0
627,4,142,"H",317,2,0
628,4,142,"C",275,3,1
629,6,143,NA,NA,NA,0
630,6,143,NA,NA,NA,0
631,6,143,NA,NA,NA,0
632,6,143,NA,NA,NA,0
633,6,143,NA,NA,NA,0
634,6,143,NA,NA,NA,0
635,4,144,NA,NA,NA,0
636,4,144,NA,NA,NA,0
637,4,144,NA,NA,NA,0
638,4,144,NA,NA,NA,0
639,4,145,NA,NA,NA,0
640,4,145,NA,NA,NA,0
641,4,145,NA,NA,NA,0
642,4,145,NA,NA,NA,0
643,6,146,NA,NA,NA,0
644,6,146,NA,NA,NA,0
645,6,146,NA,NA,NA,0
646,6,146,NA,NA,NA,0
647,6,146,NA,NA,NA,0
648,6,146,NA,NA,NA,0
649,3,147,NA,NA,NA,0
650,3,147,NA,NA,NA,0
651,3,147,NA,NA,NA,0
652,3,148,NA,NA,NA,0
653,3,148,"E",331,2,1
654,3,148,"H",NA,NA,0
655,4,149,NA,NA,NA,0
656,4,149,NA,NA,NA,0
657,4,149,NA,NA,NA,0
658,4,149,NA,NA,NA,0
659,4,150,NA,NA,NA,0
660,4,150,NA,NA,NA,0
661,4,150,NA,NA,NA,0
662,4,150,NA,NA,NA,0
663,3,151,NA,NA,NA,0
664,3,151,NA,NA,NA,0
665,3,151,NA,NA,NA,0
666,5,152,NA,NA,NA,0
667,5,152,NA,NA,NA,0
668,5,152,NA,NA,NA,0
669,5,152,NA,NA,NA,0
670,5,152,NA,NA,NA,0
671,6,153,NA,NA,NA,0
672,6,153,NA,NA,NA,0
673,6,153,NA,NA,NA,0
674,6,153,NA,NA,NA,0
675,6,153,NA,NA,NA,0
676,6,153,NA,NA,NA,0
677,3,154,NA,NA,NA,0
678,3,154,NA,NA,NA,0
679,3,154,NA,NA,NA,0
680,5,155,NA,NA,NA,0
681,5,155,NA,NA,NA,0
682,5,155,NA,NA,NA,0
683,5,155,NA,NA,NA,0
684,5,155,NA,NA,NA,0
685,4,156,NA,NA,NA,0
686,4,156,NA,NA,NA,0
687,4,156,NA,NA,NA,0
688,4,156,NA,NA,NA,0
689,4,157,NA,NA,NA,0
690,4,157,NA,NA,NA,0
691,4,157,NA,NA,NA,0
692,4,157,NA,NA,NA,0
693,3,158,NA,NA,NA,0
694,3,158,NA,NA,NA,0
695,3,158,NA,NA,NA,0
696,4,159,NA,NA,NA,0
697,4,159,NA,NA,NA,0
698,4,159,NA,NA,NA,0
699,4,159,NA,NA,NA,0
700,6,160,NA,NA,NA,0
701,6,160,NA,NA,NA,0
702,6,160,NA,NA,NA,0
703,6,160,NA,NA,NA,0
704,6,160,NA,NA,NA,0
705,6,160,NA,NA,NA,0
706,6,161,NA,NA,NA,0
707,6,161,NA,NA,NA,0
708,6,161,NA,NA,NA,0
709,6,161,NA,NA,NA,0
710,6,161,NA,NA,NA,0
711,6,161,NA,NA,NA,0
712,6,162,NA,NA,NA,0
713,6,162,NA,NA,NA,0
714,6,162,NA,NA,NA,0
715,6,162,NA,NA,NA,0
716,6,162,NA,NA,NA,0
717,6,162,NA,NA,NA,0
718,4,163,NA,NA,NA,0
719,4,163,NA,NA,NA,0
720,4,163,NA,NA,NA,0
721,4,163,NA,NA,NA,0
722,3,164,"C",183,1,1
723,3,164,"H",212,0,0
724,3,164,"C",190,1,0
725,4,165,NA,NA,NA,0
726,4,165,NA,NA,NA,0
727,4,165,NA,NA,NA,0
728,4,165,NA,NA,NA,0
729,4,166,NA,NA,NA,0
730,4,166,NA,NA,NA,0
731,4,166,NA,NA,NA,0
732,4,166,NA,NA,NA,0
733,4,167,NA,NA,NA,0
734,4,167,NA,NA,NA,0
735,4,167,NA,NA,NA,0
736,4,167,NA,NA,NA,0
737,6,168,NA,NA,NA,0
738,6,168,NA,NA,NA,0
739,6,168,NA,NA,NA,0
740,6,168,NA,NA,NA,0
741,6,168,NA,NA,NA,0
742,6,168,NA,NA,NA,0
743,4,169,NA,NA,NA,0
744,4,169,NA,NA,NA,0
745,4,169,NA,NA,NA,0
746,4,169,NA,NA,NA,0
747,5,170,NA,NA,NA,0
748,5,170,NA,NA,NA,0
749,5,170,NA,NA,NA,0
750,5,170,NA,NA,NA,0
751,5,170,NA,NA,NA,0
752,3,171,"H",217,1,0
753,3,171,"E",359,0,0
754,3,171,"E",187,2,1
755,5,172,NA,NA,NA,0
756,5,172,NA,NA,NA,0
757,5,172,NA,NA,NA,0
758,5,172,NA,NA,NA,0
759,5,172,NA,NA,NA,0
760,6,173,NA,NA,NA,0
761,6,173,NA,NA,NA,0
762,6,173,NA,NA,NA,0
763,6,173,NA,NA,NA,0
764,6,173,NA,NA,NA,0
765,6,173,NA,NA,NA,0
766,6,174,NA,NA,NA,0
767,6,174,NA,NA,NA,0
768,6,174,NA,NA,NA,0
769,6,174,NA,NA,NA,0
770,6,174,NA,NA,NA,0
771,6,174,NA,NA,NA,0
772,5,175,NA,NA,NA,0
773,5,175,NA,NA,NA,0
774,5,175,NA,NA,NA,0
775,5,175,NA,NA,NA,0
776,5,175,NA,NA,NA,0
777,3,176,NA,NA,NA,0
778,3,176,NA,NA,NA,0
779,3,176,NA,NA,NA,0
780,4,177,NA,NA,NA,0
781,4,177,NA,NA,NA,0
782,4,177,NA,NA,NA,0
783,4,177,NA,NA,NA,0
784,3,178,NA,NA,NA,0
785,3,178,NA,NA,NA,0
786,3,178,NA,NA,NA,0
787,5,179,"H",186,0,0
788,5,179,"H",196,0,0
789,5,179,"E",165,1,1
790,5,179,"E",103,4,1
791,5,179,"H",156,2,1
792,4,180,NA,NA,NA,0
793,4,180,"C",NA,NA,0
794,4,180,NA,NA,NA,0
795,4,180,NA,NA,NA,0
796,5,181,NA,NA,NA,0
797,5,181,NA,NA,NA,0
798,5,181,NA,NA,NA,0
799,5,181,NA,NA,NA,0
800,5,181,NA,NA,NA,0
801,4,182,NA,NA,NA,0
802,4,182,NA,NA,NA,0
803,4,182,"H",265,2,0
804,4,182,"C",251,3,1
805,4,183,NA,NA,NA,0
806,4,183,NA,NA,NA,0
807,4,183,"E",NA,NA,0
808,4,183,NA,NA,NA,0
809,6,184,NA,NA,NA,0
810,6,184,NA,NA,NA,0
811,6,184,NA,NA,NA,0
812,6,184,NA,NA,NA,0
813,6,184,NA,NA,NA,0
814,6,184,NA,NA,NA,0
815,3,185,NA,NA,NA,0
816,3,185,NA,NA,NA,0
817,3,185,NA,NA,NA,0
818,4,186,NA,NA,NA,0
819,4,186,NA,NA,NA,0
820,4,186,NA,NA,NA,0
821,4,186,NA,NA,NA,0
822,4,187,NA,NA,NA,0
823,4,187,NA,NA,NA,0
824,4,187,NA,NA,NA,0
825,4,187,NA,NA,NA,0
826,3,188,NA,NA,NA,0
827,3,188,NA,NA,NA,0
828,3,188,NA,NA,NA,0
829,3,189,NA,NA,NA,0
830,3,189,NA,NA,NA,0
831,3,189,NA,NA,NA,0
832,6,190,NA,NA,NA,0
833,6,190,"H",315,4,2
834,6,190,"C",291,5,1
835,6,190,"H",354,2,0
836,6,190,"H",344,2,0
837,6,190,NA,NA,NA,0
838,3,191,"C",359,2,0
839,3,191,NA,NA,NA,0
840,3,191,NA,NA,NA,0
841,3,192,NA,NA,NA,0
842,3,192,NA,NA,NA,0
843,3,192,NA,NA,NA,0
844,3,193,NA,NA,NA,0
845,3,193,NA,NA,NA,0
846,3,193,NA,NA,NA,0
847,6,194,"H",274,1,1
848,6,194,"H",248,3,1
849,6,194,"H",323,0,0
850,6,194,"H",263,2,1
851,6,194,"C",233,5,2
852,6,194,"H",323,0,0
853,3,195,NA,NA,NA,0
854,3,195,NA,NA,NA,0
855,3,195,NA,NA,NA,0
856,3,196,NA,NA,NA,0
857,3,196,NA,NA,NA,0
858,3,196,NA,NA,NA,0
859,3,197,"E",350,2,0
860,3,197,NA,NA,NA,0
861,3,197,NA,NA,NA,0
862,3,198,NA,NA,NA,0
863,3,198,NA,NA,NA,0
864,3,198,NA,NA,NA,0
865,3,199,NA,NA,NA,0
866,3,199,NA,NA,NA,0
867,3,199,NA,NA,NA,0
868,5,200,NA,NA,NA,0
869,5,200,"C",359,4,0
870,5,200,NA,NA,NA,0
871,5,200,NA,NA,NA,0
872,5,200,NA,NA,NA,0
873,3,201,NA,NA,NA,0
874,3,201,NA,NA,NA,0
875,3,201,NA,NA,NA,0
876,3,202,NA,NA,NA,0
877,3,202,NA,NA,NA,0
878,3,202,NA,NA,NA,0
879,6,203,NA,NA,NA,0
880,6,203,NA,NA,NA,0
881,6,203,NA,NA,NA,0
882,6,203,NA,NA,NA,0
883,6,203,"H",NA,NA,0
884,6,203,"C",348,5,1
885,6,204,NA,NA,NA,0
886,6,204,NA,NA,NA,0
887,6,204,NA,NA,NA,0
888,6,204,NA,NA,NA,0
889,6,204,NA,NA,NA,0
890,6,204,NA,NA,NA,0
891,5,205,NA,NA,NA,0
892,5,205,"H",336,2,1
893,5,205,"H",NA,NA,0
894,5,205,"H",328,2,0
895,5,205,"E",305,4,2
896,6,206,NA,NA,NA,0
897,6,206,NA,NA,NA,0
898,6,206,NA,NA,NA,0
899,6,206,NA,NA,NA,0
900,6,206,NA,NA,NA,0
901,6,206,NA,NA,NA,0
902,4,207,NA,NA,NA,0
903,4,207,NA,NA,NA,0
904,4,207,NA,NA,NA,0
905,4,207,NA,NA,NA,0
906,6,208,NA,NA,NA,0
907,6,208,NA,NA,NA,0
908,6,208,NA,NA,NA,0
909,6,208,NA,NA,NA,0
910,6,208,NA,NA,NA,0
911,6,208,NA,NA,NA,0
912,5,209,NA,NA,NA,0
913,5,209,NA,NA,NA,0
914,5,209,NA,NA,NA,0
915,5,209,NA,NA,NA,0
916,5,209,NA,NA,NA,0
917,4,210,NA,NA,NA,0
918,4,210,NA,NA,NA,0
919,4,210,NA,NA,NA,0
920,4,210,NA,NA,NA,0
921,3,211,NA,NA,NA,0
922,3,211,NA,NA,NA,0
923,3,211,NA,NA,NA,0
924,6,212,NA,NA,NA,0
925,6,212,"H",305,3,0
926,6,212,NA,NA,NA,0
927,6,212,"H",246,4,1
928,6,212,NA,NA,NA,0
929,6,212,"E",192,5,1
930,3,213,NA,NA,NA,0
931,3,213,NA,NA,NA,0
932,3,213,NA,NA,NA,0
933,3,214,NA,NA,NA,0
934,3,214,NA,NA,NA,0
935,3,214,NA,NA,NA,0
936,3,215,NA,NA,NA,0
937,3,215,NA,NA,NA,0
938,3,215,NA,NA,NA,0
939,6,216,NA,NA,NA,0
940,6,216,"C",118,5,3
941,6,216,NA,NA,NA,0
942,6,216,"H",145,2,0
943,6,216,"H",137,2,0
944,6,216,"H",149,2,0
945,5,217,NA,NA,NA,0
946,5,217,NA,NA,NA,0
947,5,217,NA,NA,NA,0
948,5,217,NA,NA,NA,0
949,5,217,NA,NA,NA,0
950,6,218,NA,NA,NA,0
951,6,218,NA,NA,NA,0
952,6,218,NA,NA,NA,0
953,6,218,NA,NA,NA,0
954,6,218,NA,NA,NA,0
955,6,218,NA,NA,NA,0
956,6,219,NA,NA,NA,0
957,6,219,NA,NA,NA,0
958,6,219,NA,NA,NA,0
959,6,219,NA,NA,NA,0
960,6,219,NA,NA,NA,0
961,6,219,NA,NA,NA,0
962,4,220,NA,NA,NA,0
963,4,220,NA,NA,NA,0
964,4,220,NA,NA,NA,0
965,4,220,NA,NA,NA,0
966,6,221,NA,NA,NA,0
967,6,221,NA,NA,NA,0
968,6,221,"E",NA,NA,0
969,6,221,NA,NA,NA,0
970,6,221,NA,NA,NA,0
971,6,221,NA,NA,NA,0
972,4,222,NA,NA,NA,0
973,4,222,NA,NA,NA,0
974,4,222,NA,NA,NA,0
975,4,222,NA,NA,NA,0
976,6,223,NA,NA,NA,0
977,6,223,NA,NA,NA,0
978,6,223,NA,NA,NA,0
979,6,223,NA,NA,NA,0
980,6,223,NA,NA,NA,0
981,6,223,NA,NA,NA,0
982,4,224,NA,NA,NA,0
983,4,224,NA,NA,NA,0
984,4,224,NA,NA,NA,0
985,4,224,NA,NA,NA,0
986,4,225,NA,NA,NA,0
987,4,225,NA,NA,NA,0
988,4,225,NA,NA,NA,0
989,4,225,NA,NA,NA,0
990,5,226,NA,NA,NA,0
991,5,226,NA,NA,NA,0
992,5,226,NA,NA,NA,0
993,5,226,NA,NA,NA,0
994,5,226,NA,NA,NA,0
995,3,227,NA,NA,NA,0
996,3,227,NA,NA,NA,0
997,3,227,NA,NA,NA,0
998,3,228,NA,NA,NA,0
999,3,228,NA,NA,NA,0
1000,3,228,NA,NA,NA,0
