"ID","SIZE","HH","TYPE","TIME","S_NUM","I_NUM"
1,6,1,"0",NA,NA,0
2,6,1,NA,NA,NA,0
3,6,1,NA,NA,NA,0
4,6,1,NA,NA,NA,0
5,6,1,NA,NA,NA,0
6,6,1,NA,NA,NA,0
7,5,2,NA,NA,NA,0
8,5,2,NA,NA,NA,0
9,5,2,NA,NA,NA,0
10,5,2,"E",190,4,0
11,5,2,NA,NA,NA,0
12,3,3,NA,NA,NA,0
13,3,3,NA,NA,NA,0
14,3,3,NA,NA,NA,0
15,6,4,NA,NA,NA,0
16,6,4,NA,NA,NA,0
17,6,4,NA,NA,NA,0
18,6,4,NA,NA,NA,0
19,6,4,NA,NA,NA,0
20,6,4,NA,NA,NA,0
21,5,5,NA,NA,NA,0
22,5,5,NA,NA,NA,0
23,5,5,NA,NA,NA,0
24,5,5,NA,NA,NA,0
25,5,5,"E",NA,NA,0
26,6,6,"E",NA,5,1
27,6,6,NA,NA,NA,0
28,6,6,NA,NA,NA,0
29,6,6,NA,NA,NA,0
30,6,6,NA,NA,NA,0
31,6,6,"H",NA,4,0
32,6,7,NA,NA,NA,0
33,6,7,NA,NA,NA,0
34,6,7,"E",327,5,0
35,6,7,NA,NA,NA,0
36,6,7,NA,NA,NA,0
37,6,7,NA,NA,NA,0
38,5,8,NA,NA,NA,0
39,5,8,NA,NA,NA,0
40,5,8,NA,NA,NA,0
41,5,8,NA,NA,NA,0
42,5,8,NA,NA,NA,0
43,3,9,NA,NA,NA,0
44,3,9,NA,NA,NA,0
45,3,9,NA,NA,NA,0
46,4,10,NA,NA,NA,0
47,4,10,NA,NA,NA,0
48,4,10,NA,NA,NA,0
49,4,10,"E",NA,3,0
50,3,11,NA,NA,NA,0
51,3,11,NA,NA,NA,0
52,3,11,NA,NA,NA,0
53,6,12,NA,NA,NA,0
54,6,12,NA,NA,NA,0
55,6,12,NA,NA,NA,0
56,6,12,NA,NA,NA,0
57,6,12,NA,NA,NA,0
58,6,12,NA,NA,NA,0
59,5,13,NA,NA,NA,0
60,5,13,NA,NA,NA,0
61,5,13,NA,NA,NA,0
62,5,13,"E",179,4,1
63,5,13,"H",205,3,0
64,5,14,NA,NA,NA,0
65,5,14,NA,NA,NA,0
66,5,14,NA,NA,NA,0
67,5,14,"E",NA,4,0
68,5,14,NA,NA,NA,0
69,6,15,"E",82,5,0
70,6,15,NA,NA,NA,0
71,6,15,NA,NA,NA,0
72,6,15,"E",316,4,0
73,6,15,NA,NA,NA,0
74,6,15,NA,NA,NA,0
75,3,16,NA,NA,NA,0
76,3,16,NA,NA,NA,0
77,3,16,NA,NA,NA,0
78,5,17,"E",166,4,0
79,5,17,NA,NA,NA,0
80,5,17,NA,NA,NA,0
81,5,17,NA,NA,NA,0
82,5,17,NA,NA,NA,0
83,4,18,NA,NA,NA,0
84,4,18,"E",70,3,0
85,4,18,NA,NA,NA,0
86,4,18,NA,NA,NA,0
87,6,19,NA,NA,NA,0
88,6,19,NA,NA,NA,0
89,6,19,NA,NA,NA,0
90,6,19,NA,NA,NA,0
91,6,19,NA,NA,NA,0
92,6,19,NA,NA,NA,0
93,6,20,NA,NA,NA,0
94,6,20,"H",288,3,0
95,6,20,NA,NA,NA,0
96,6,20,"E",NA,5,2
97,6,20,NA,NA,NA,0
98,6,20,"H",294,3,0
99,5,21,NA,NA,NA,0
100,5,21,"H",NA,2,0
101,5,21,"H",131,3,1
102,5,21,"E",87,4,1
103,5,21,NA,NA,NA,0
104,4,22,NA,NA,NA,0
105,4,22,NA,NA,NA,0
106,4,22,NA,NA,NA,0
107,4,22,NA,NA,NA,0
108,5,23,NA,NA,NA,0
109,5,23,NA,NA,NA,0
110,5,23,NA,NA,NA,0
111,5,23,NA,NA,NA,0
112,5,23,NA,NA,NA,0
113,5,24,NA,NA,NA,0
114,5,24,NA,NA,NA,0
115,5,24,NA,NA,NA,0
116,5,24,NA,NA,NA,0
117,5,24,NA,NA,NA,0
118,3,25,NA,NA,NA,0
119,3,25,NA,NA,NA,0
120,3,25,NA,NA,NA,0
121,3,26,NA,NA,NA,0
122,3,26,NA,NA,NA,0
123,3,26,NA,NA,NA,0
124,6,27,NA,NA,NA,0
125,6,27,NA,NA,NA,0
126,6,27,NA,NA,NA,0
127,6,27,NA,NA,NA,0
128,6,27,NA,NA,NA,0
129,6,27,NA,NA,NA,0
130,6,28,NA,NA,NA,0
131,6,28,NA,NA,NA,0
132,6,28,NA,NA,NA,0
133,6,28,NA,NA,NA,0
134,6,28,NA,NA,NA,0
135,6,28,NA,NA,NA,0
136,6,29,NA,NA,NA,0
137,6,29,NA,NA,NA,0
138,6,29,"E",52,5,0
139,6,29,NA,NA,NA,0
140,6,29,NA,NA,NA,0
141,6,29,NA,NA,NA,0
142,5,30,NA,NA,NA,0
143,5,30,NA,NA,NA,0
144,5,30,NA,NA,NA,0
145,5,30,NA,NA,NA,0
146,5,30,NA,NA,NA,0
147,4,31,NA,NA,NA,0
148,4,31,NA,NA,NA,0
149,4,31,NA,NA,NA,0
150,4,31,NA,NA,NA,0
151,6,32,NA,NA,NA,0
152,6,32,NA,NA,NA,0
153,6,32,NA,NA,NA,0
154,6,32,NA,NA,NA,0
155,6,32,NA,NA,NA,0
156,6,32,NA,NA,NA,0
157,6,33,NA,NA,NA,0
158,6,33,NA,NA,NA,0
159,6,33,NA,NA,NA,0
160,6,33,NA,NA,NA,0
161,6,33,"E",122,4,0
162,6,33,"E",NA,5,0
163,3,34,"E",NA,2,1
164,3,34,"H",NA,1,0
165,3,34,NA,NA,NA,0
166,3,35,"E",NA,2,0
167,3,35,NA,NA,NA,0
168,3,35,NA,NA,NA,0
169,3,36,NA,NA,NA,0
170,3,36,NA,NA,NA,0
171,3,36,NA,NA,NA,0
172,5,37,NA,NA,NA,0
173,5,37,NA,NA,NA,0
174,5,37,NA,NA,NA,0
175,5,37,NA,NA,NA,0
176,5,37,NA,NA,NA,0
177,4,38,"E",NA,2,0
178,4,38,NA,NA,NA,0
179,4,38,NA,NA,NA,0
180,4,38,"E",298,2,0
181,4,39,NA,NA,NA,0
182,4,39,NA,NA,NA,0
183,4,39,NA,NA,NA,0
184,4,39,NA,NA,NA,0
185,4,40,NA,NA,NA,0
186,4,40,NA,NA,NA,0
187,4,40,NA,NA,NA,0
188,4,40,NA,NA,NA,0
189,5,41,NA,NA,NA,0
190,5,41,NA,NA,NA,0
191,5,41,NA,NA,NA,0
192,5,41,NA,NA,NA,0
193,5,41,NA,NA,NA,0
194,3,42,NA,NA,NA,0
195,3,42,NA,NA,NA,0
196,3,42,"E",136,2,0
197,4,43,NA,NA,NA,0
198,4,43,NA,NA,NA,0
199,4,43,"E",154,3,0
200,4,43,NA,NA,NA,0
201,3,44,NA,NA,NA,0
202,3,44,NA,NA,NA,0
203,3,44,NA,NA,NA,0
204,4,45,"E",NA,2,0
205,4,45,"E",NA,1,0
206,4,45,"E",NA,1,0
207,4,45,NA,NA,NA,0
208,5,46,NA,NA,NA,0
209,5,46,NA,NA,NA,0
210,5,46,NA,NA,NA,0
211,5,46,NA,NA,NA,0
212,5,46,NA,NA,NA,0
213,4,47,NA,NA,NA,0
214,4,47,NA,NA,NA,0
215,4,47,NA,NA,NA,0
216,4,47,NA,NA,NA,0
217,3,48,NA,NA,NA,0
218,3,48,NA,NA,NA,0
219,3,48,NA,NA,NA,0
220,3,49,NA,NA,NA,0
221,3,49,NA,NA,NA,0
222,3,49,NA,NA,NA,0
223,4,50,NA,NA,NA,0
224,4,50,NA,NA,NA,0
225,4,50,NA,NA,NA,0
226,4,50,"E",99,3,0
227,6,51,NA,NA,NA,0
228,6,51,NA,NA,NA,0
229,6,51,NA,NA,NA,0
230,6,51,NA,NA,NA,0
231,6,51,NA,NA,NA,0
232,6,51,NA,NA,NA,0
233,5,52,NA,NA,NA,0
234,5,52,NA,NA,NA,0
235,5,52,"E",NA,NA,0
236,5,52,NA,NA,NA,0
237,5,52,NA,NA,NA,0
238,3,53,"E",NA,2,1
239,3,53,"H",NA,1,0
240,3,53,NA,NA,NA,0
241,3,54,NA,NA,NA,0
242,3,54,NA,NA,NA,0
243,3,54,NA,NA,NA,0
244,3,55,"E",NA,2,0
245,3,55,NA,NA,NA,0
246,3,55,NA,NA,NA,0
247,3,56,NA,NA,NA,0
248,3,56,NA,NA,NA,0
249,3,56,NA,NA,NA,0
250,6,57,NA,NA,NA,0
251,6,57,NA,NA,NA,0
252,6,57,"E",NA,5,1
253,6,57,NA,NA,NA,0
254,6,57,"H",NA,4,0
255,6,57,NA,NA,NA,0
256,6,58,NA,NA,NA,0
257,6,58,NA,NA,NA,0
258,6,58,NA,NA,NA,0
259,6,58,"E",NA,5,0
260,6,58,NA,NA,NA,0
261,6,58,"E",NA,NA,0
262,5,59,NA,NA,NA,0
263,5,59,NA,NA,NA,0
264,5,59,NA,NA,NA,0
265,5,59,NA,NA,NA,0
266,5,59,NA,NA,NA,0
267,6,60,NA,NA,NA,0
268,6,60,NA,NA,NA,0
269,6,60,NA,NA,NA,0
270,6,60,NA,NA,NA,0
271,6,60,NA,NA,NA,0
272,6,60,NA,NA,NA,0
273,5,61,NA,NA,NA,0
274,5,61,NA,NA,NA,0
275,5,61,"E",NA,4,0
276,5,61,NA,NA,NA,0
277,5,61,NA,NA,NA,0
278,6,62,NA,NA,NA,0
279,6,62,NA,NA,NA,0
280,6,62,"E",197,5,0
281,6,62,NA,NA,NA,0
282,6,62,NA,NA,NA,0
283,6,62,NA,NA,NA,0
284,6,63,"E",NA,5,1
285,6,63,NA,NA,NA,0
286,6,63,NA,NA,NA,0
287,6,63,NA,NA,NA,0
288,6,63,NA,NA,NA,0
289,6,63,"H",NA,4,0
290,5,64,NA,NA,NA,0
291,5,64,"E",48,4,0
292,5,64,NA,NA,NA,0
293,5,64,NA,NA,NA,0
294,5,64,NA,NA,NA,0
295,3,65,NA,NA,NA,0
296,3,65,"E",NA,2,0
297,3,65,NA,NA,NA,0
298,4,66,NA,NA,NA,0
299,4,66,NA,NA,NA,0
300,4,66,NA,NA,NA,0
301,4,66,NA,NA,NA,0
302,3,67,NA,NA,NA,0
303,3,67,NA,NA,NA,0
304,3,67,NA,NA,NA,0
305,5,68,NA,NA,NA,0
306,5,68,NA,NA,NA,0
307,5,68,NA,NA,NA,0
308,5,68,NA,NA,NA,0
309,5,68,NA,NA,NA,0
310,4,69,NA,NA,NA,0
311,4,69,NA,NA,NA,0
312,4,69,"E",NA,3,0
313,4,69,NA,NA,NA,0
314,6,70,NA,NA,NA,0
315,6,70,NA,NA,NA,0
316,6,70,NA,NA,NA,0
317,6,70,NA,NA,NA,0
318,6,70,NA,NA,NA,0
319,6,70,NA,NA,NA,0
320,3,71,NA,NA,NA,0
321,3,71,"E",134,1,0
322,3,71,"E",142,1,0
323,6,72,NA,NA,NA,0
324,6,72,NA,NA,NA,0
325,6,72,NA,NA,NA,0
326,6,72,NA,NA,NA,0
327,6,72,NA,NA,NA,0
328,6,72,NA,NA,NA,0
329,6,73,NA,NA,NA,0
330,6,73,NA,NA,NA,0
331,6,73,NA,NA,NA,0
332,6,73,NA,NA,NA,0
333,6,73,NA,NA,NA,0
334,6,73,NA,NA,NA,0
335,4,74,NA,NA,NA,0
336,4,74,NA,NA,NA,0
337,4,74,"E",NA,3,0
338,4,74,NA,NA,NA,0
339,3,75,NA,NA,NA,0
340,3,75,NA,NA,NA,0
341,3,75,NA,NA,NA,0
342,5,76,NA,NA,NA,0
343,5,76,NA,NA,NA,0
344,5,76,NA,NA,NA,0
345,5,76,NA,NA,NA,0
346,5,76,NA,NA,NA,0
347,5,77,NA,NA,NA,0
348,5,77,NA,NA,NA,0
349,5,77,NA,NA,NA,0
350,5,77,NA,NA,NA,0
351,5,77,NA,NA,NA,0
352,6,78,NA,NA,NA,0
353,6,78,NA,NA,NA,0
354,6,78,NA,NA,NA,0
355,6,78,"E",NA,5,0
356,6,78,NA,NA,NA,0
357,6,78,NA,NA,NA,0
358,6,79,NA,NA,NA,0
359,6,79,NA,NA,NA,0
360,6,79,NA,NA,NA,0
361,6,79,NA,NA,NA,0
362,6,79,NA,NA,NA,0
363,6,79,NA,NA,NA,0
364,4,80,NA,NA,NA,0
365,4,80,NA,NA,NA,0
366,4,80,NA,NA,NA,0
367,4,80,NA,NA,NA,0
368,4,81,NA,NA,NA,0
369,4,81,NA,NA,NA,0
370,4,81,NA,NA,NA,0
371,4,81,NA,NA,NA,0
372,5,82,"H",NA,3,0
373,5,82,NA,NA,NA,0
374,5,82,NA,NA,NA,0
375,5,82,NA,NA,NA,0
376,5,82,"E",179,4,1
377,6,83,NA,NA,NA,0
378,6,83,NA,NA,NA,0
379,6,83,NA,NA,NA,0
380,6,83,NA,NA,NA,0
381,6,83,NA,NA,NA,0
382,6,83,NA,NA,NA,0
383,4,84,NA,NA,NA,0
384,4,84,NA,NA,NA,0
385,4,84,NA,NA,NA,0
386,4,84,NA,NA,NA,0
387,3,85,NA,NA,NA,0
388,3,85,NA,NA,NA,0
389,3,85,NA,NA,NA,0
390,3,86,NA,NA,NA,0
391,3,86,NA,NA,NA,0
392,3,86,NA,NA,NA,0
393,6,87,NA,NA,NA,0
394,6,87,NA,NA,NA,0
395,6,87,NA,NA,NA,0
396,6,87,NA,NA,NA,0
397,6,87,NA,NA,NA,0
398,6,87,NA,NA,NA,0
399,4,88,NA,NA,NA,0
400,4,88,NA,NA,NA,0
401,4,88,NA,NA,NA,0
402,4,88,NA,NA,NA,0
403,3,89,"H",NA,1,0
404,3,89,"E",300,2,1
405,3,89,NA,NA,NA,0
406,4,90,NA,NA,NA,0
407,4,90,NA,NA,NA,0
408,4,90,NA,NA,NA,0
409,4,90,NA,NA,NA,0
410,3,91,NA,NA,NA,0
411,3,91,NA,NA,NA,0
412,3,91,NA,NA,NA,0
413,6,92,NA,NA,NA,0
414,6,92,NA,NA,NA,0
415,6,92,NA,NA,NA,0
416,6,92,NA,NA,NA,0
417,6,92,NA,NA,NA,0
418,6,92,NA,NA,NA,0
419,6,93,"E",NA,4,0
420,6,93,NA,NA,NA,0
421,6,93,NA,NA,NA,0
422,6,93,"E",156,5,0
423,6,93,NA,NA,NA,0
424,6,93,NA,NA,NA,0
425,5,94,NA,NA,NA,0
426,5,94,NA,NA,NA,0
427,5,94,NA,NA,NA,0
428,5,94,NA,NA,NA,0
429,5,94,NA,NA,NA,0
430,4,95,"H",NA,2,0
431,4,95,NA,NA,NA,0
432,4,95,"E",326,3,1
433,4,95,NA,NA,NA,0
434,3,96,NA,NA,NA,0
435,3,96,NA,NA,NA,0
436,3,96,NA,NA,NA,0
437,5,97,NA,NA,NA,0
438,5,97,NA,NA,NA,0
439,5,97,NA,NA,NA,0
440,5,97,NA,NA,NA,0
441,5,97,NA,NA,NA,0
442,3,98,NA,NA,NA,0
443,3,98,NA,NA,NA,0
444,3,98,NA,NA,NA,0
445,5,99,NA,NA,NA,0
446,5,99,NA,NA,NA,0
447,5,99,NA,NA,NA,0
448,5,99,NA,NA,NA,0
449,5,99,NA,NA,NA,0
450,6,100,NA,NA,NA,0
451,6,100,"E",NA,NA,0
452,6,100,NA,NA,NA,0
453,6,100,NA,NA,NA,0
454,6,100,NA,NA,NA,0
455,6,100,NA,NA,NA,0
456,5,101,NA,NA,NA,0
457,5,101,NA,NA,NA,0
458,5,101,NA,NA,NA,0
459,5,101,NA,NA,NA,0
460,5,101,"E",NA,4,0
461,4,102,NA,NA,NA,0
462,4,102,NA,NA,NA,0
463,4,102,NA,NA,NA,0
464,4,102,NA,NA,NA,0
465,6,103,NA,NA,NA,0
466,6,103,NA,NA,NA,0
467,6,103,NA,NA,NA,0
468,6,103,NA,NA,NA,0
469,6,103,NA,NA,NA,0
470,6,103,NA,NA,NA,0
471,3,104,NA,NA,NA,0
472,3,104,NA,NA,NA,0
473,3,104,NA,NA,NA,0
474,3,105,NA,NA,NA,0
475,3,105,NA,NA,NA,0
476,3,105,NA,NA,NA,0
477,3,106,NA,NA,NA,0
478,3,106,"E",355,2,0
479,3,106,NA,NA,NA,0
480,5,107,NA,NA,NA,0
481,5,107,NA,NA,NA,0
482,5,107,NA,NA,NA,0
483,5,107,NA,NA,NA,0
484,5,107,NA,NA,NA,0
485,4,108,NA,NA,NA,0
486,4,108,NA,NA,NA,0
487,4,108,NA,NA,NA,0
488,4,108,NA,NA,NA,0
489,6,109,NA,NA,NA,0
490,6,109,NA,NA,NA,0
491,6,109,NA,NA,NA,0
492,6,109,NA,NA,NA,0
493,6,109,NA,NA,NA,0
494,6,109,NA,NA,NA,0
495,4,110,NA,NA,NA,0
496,4,110,NA,NA,NA,0
497,4,110,NA,NA,NA,0
498,4,110,NA,NA,NA,0
499,3,111,NA,NA,NA,0
500,3,111,NA,NA,NA,0
501,3,111,NA,NA,NA,0
502,6,112,NA,NA,NA,0
503,6,112,NA,NA,NA,0
504,6,112,NA,NA,NA,0
505,6,112,NA,NA,NA,0
506,6,112,NA,NA,NA,0
507,6,112,NA,NA,NA,0
508,6,113,"E",NA,NA,0
509,6,113,NA,NA,NA,0
510,6,113,NA,NA,NA,0
511,6,113,NA,NA,NA,0
512,6,113,NA,NA,NA,0
513,6,113,NA,NA,NA,0
514,6,114,NA,NA,NA,0
515,6,114,NA,NA,NA,0
516,6,114,NA,NA,NA,0
517,6,114,NA,NA,NA,0
518,6,114,NA,NA,NA,0
519,6,114,NA,NA,NA,0
520,5,115,NA,NA,NA,0
521,5,115,NA,NA,NA,0
522,5,115,NA,NA,NA,0
523,5,115,NA,NA,NA,0
524,5,115,"E",100,4,0
525,6,116,NA,NA,NA,0
526,6,116,NA,NA,NA,0
527,6,116,NA,NA,NA,0
528,6,116,NA,NA,NA,0
529,6,116,NA,NA,NA,0
530,6,116,NA,NA,NA,0
531,3,117,NA,NA,NA,0
532,3,117,NA,NA,NA,0
533,3,117,NA,NA,NA,0
534,5,118,NA,NA,NA,0
535,5,118,NA,NA,NA,0
536,5,118,NA,NA,NA,0
537,5,118,NA,NA,NA,0
538,5,118,NA,NA,NA,0
539,3,119,NA,NA,NA,0
540,3,119,NA,NA,NA,0
541,3,119,NA,NA,NA,0
542,6,120,"E",245,5,0
543,6,120,NA,NA,NA,0
544,6,120,NA,NA,NA,0
545,6,120,NA,NA,NA,0
546,6,120,NA,NA,NA,0
547,6,120,"E",NA,4,0
548,3,121,NA,NA,NA,0
549,3,121,NA,NA,NA,0
550,3,121,NA,NA,NA,0
551,4,122,NA,NA,NA,0
552,4,122,NA,NA,NA,0
553,4,122,NA,NA,NA,0
554,4,122,NA,NA,NA,0
555,6,123,NA,NA,NA,0
556,6,123,NA,NA,NA,0
557,6,123,NA,NA,NA,0
558,6,123,NA,NA,NA,0
559,6,123,NA,NA,NA,0
560,6,123,NA,NA,NA,0
561,3,124,NA,NA,NA,0
562,3,124,NA,NA,NA,0
563,3,124,NA,NA,NA,0
564,4,125,NA,NA,NA,0
565,4,125,NA,NA,NA,0
566,4,125,NA,NA,NA,0
567,4,125,NA,NA,NA,0
568,4,126,NA,NA,NA,0
569,4,126,NA,NA,NA,0
570,4,126,NA,NA,NA,0
571,4,126,NA,NA,NA,0
572,3,127,NA,NA,NA,0
573,3,127,NA,NA,NA,0
574,3,127,NA,NA,NA,0
575,3,128,NA,NA,NA,0
576,3,128,NA,NA,NA,0
577,3,128,NA,NA,NA,0
578,6,129,NA,NA,NA,0
579,6,129,NA,NA,NA,0
580,6,129,NA,NA,NA,0
581,6,129,NA,NA,NA,0
582,6,129,"E",NA,NA,0
583,6,129,NA,NA,NA,0
584,5,130,NA,NA,NA,0
585,5,130,NA,NA,NA,0
586,5,130,NA,NA,NA,0
587,5,130,NA,NA,NA,0
588,5,130,NA,NA,NA,0
589,5,131,"H",359,3,0
590,5,131,NA,NA,NA,0
591,5,131,NA,NA,NA,0
592,5,131,"E",309,4,1
593,5,131,NA,NA,NA,0
594,5,132,NA,NA,NA,0
595,5,132,NA,NA,NA,0
596,5,132,NA,NA,NA,0
597,5,132,NA,NA,NA,0
598,5,132,NA,NA,NA,0
599,4,133,NA,NA,NA,0
600,4,133,NA,NA,NA,0
601,4,133,NA,NA,NA,0
602,4,133,NA,NA,NA,0
603,6,134,"E",269,5,2
604,6,134,NA,NA,NA,0
605,6,134,NA,NA,NA,0
606,6,134,NA,NA,NA,0
607,6,134,"H",298,3,0
608,6,134,"H",292,3,0
609,4,135,NA,NA,NA,0
610,4,135,NA,NA,NA,0
611,4,135,NA,NA,NA,0
612,4,135,NA,NA,NA,0
613,3,136,NA,NA,NA,0
614,3,136,NA,NA,NA,0
615,3,136,NA,NA,NA,0
616,3,137,NA,NA,NA,0
617,3,137,NA,NA,NA,0
618,3,137,NA,NA,NA,0
619,5,138,NA,NA,NA,0
620,5,138,NA,NA,NA,0
621,5,138,NA,NA,NA,0
622,5,138,"E",146,4,0
623,5,138,NA,NA,NA,0
624,4,139,NA,NA,NA,0
625,4,139,NA,NA,NA,0
626,4,139,NA,NA,NA,0
627,4,139,NA,NA,NA,0
628,4,140,NA,NA,NA,0
629,4,140,NA,NA,NA,0
630,4,140,NA,NA,NA,0
631,4,140,NA,NA,NA,0
632,3,141,NA,NA,NA,0
633,3,141,NA,NA,NA,0
634,3,141,NA,NA,NA,0
635,6,142,NA,NA,NA,0
636,6,142,NA,NA,NA,0
637,6,142,NA,NA,NA,0
638,6,142,NA,NA,NA,0
639,6,142,NA,NA,NA,0
640,6,142,NA,NA,NA,0
641,4,143,NA,NA,NA,0
642,4,143,NA,NA,NA,0
643,4,143,"E",NA,NA,0
644,4,143,NA,NA,NA,0
645,5,144,NA,NA,NA,0
646,5,144,NA,NA,NA,0
647,5,144,NA,NA,NA,0
648,5,144,NA,NA,NA,0
649,5,144,NA,NA,NA,0
650,6,145,NA,NA,NA,0
651,6,145,NA,NA,NA,0
652,6,145,NA,NA,NA,0
653,6,145,NA,NA,NA,0
654,6,145,NA,NA,NA,0
655,6,145,NA,NA,NA,0
656,4,146,NA,NA,NA,0
657,4,146,NA,NA,NA,0
658,4,146,NA,NA,NA,0
659,4,146,NA,NA,NA,0
660,4,147,NA,NA,NA,0
661,4,147,NA,NA,NA,0
662,4,147,NA,NA,NA,0
663,4,147,NA,NA,NA,0
664,4,148,"E",67,3,0
665,4,148,NA,NA,NA,0
666,4,148,NA,NA,NA,0
667,4,148,"E",NA,2,0
668,3,149,NA,NA,NA,0
669,3,149,NA,NA,NA,0
670,3,149,NA,NA,NA,0
671,4,150,"E",NA,NA,0
672,4,150,NA,NA,NA,0
673,4,150,NA,NA,NA,0
674,4,150,NA,NA,NA,0
675,3,151,NA,NA,NA,0
676,3,151,NA,NA,NA,0
677,3,151,"E",NA,2,0
678,3,152,NA,NA,NA,0
679,3,152,NA,NA,NA,0
680,3,152,NA,NA,NA,0
681,6,153,NA,NA,NA,0
682,6,153,NA,NA,NA,0
683,6,153,NA,NA,NA,0
684,6,153,NA,NA,NA,0
685,6,153,NA,NA,NA,0
686,6,153,NA,NA,NA,0
687,3,154,NA,NA,NA,0
688,3,154,NA,NA,NA,0
689,3,154,NA,NA,NA,0
690,5,155,NA,NA,NA,0
691,5,155,NA,NA,NA,0
692,5,155,NA,NA,NA,0
693,5,155,NA,NA,NA,0
694,5,155,NA,NA,NA,0
695,4,156,NA,NA,NA,0
696,4,156,NA,NA,NA,0
697,4,156,NA,NA,NA,0
698,4,156,NA,NA,NA,0
699,6,157,NA,NA,NA,0
700,6,157,NA,NA,NA,0
701,6,157,NA,NA,NA,0
702,6,157,NA,NA,NA,0
703,6,157,NA,NA,NA,0
704,6,157,NA,NA,NA,0
705,5,158,NA,NA,NA,0
706,5,158,"E",NA,4,0
707,5,158,NA,NA,NA,0
708,5,158,NA,NA,NA,0
709,5,158,NA,NA,NA,0
710,5,159,NA,NA,NA,0
711,5,159,"E",267,4,1
712,5,159,"H",NA,3,0
713,5,159,NA,NA,NA,0
714,5,159,NA,NA,NA,0
715,5,160,"E",NA,4,0
716,5,160,NA,NA,NA,0
717,5,160,NA,NA,NA,0
718,5,160,NA,NA,NA,0
719,5,160,NA,NA,NA,0
720,4,161,"E",NA,3,0
721,4,161,NA,NA,NA,0
722,4,161,NA,NA,NA,0
723,4,161,NA,NA,NA,0
724,5,162,NA,NA,NA,0
725,5,162,NA,NA,NA,0
726,5,162,NA,NA,NA,0
727,5,162,NA,NA,NA,0
728,5,162,NA,NA,NA,0
729,6,163,NA,NA,NA,0
730,6,163,NA,NA,NA,0
731,6,163,NA,NA,NA,0
732,6,163,NA,NA,NA,0
733,6,163,NA,NA,NA,0
734,6,163,NA,NA,NA,0
735,6,164,NA,NA,NA,0
736,6,164,NA,NA,NA,0
737,6,164,NA,NA,NA,0
738,6,164,NA,NA,NA,0
739,6,164,NA,NA,NA,0
740,6,164,NA,NA,NA,0
741,4,165,NA,NA,NA,0
742,4,165,NA,NA,NA,0
743,4,165,NA,NA,NA,0
744,4,165,"E",96,3,0
745,4,166,NA,NA,NA,0
746,4,166,NA,NA,NA,0
747,4,166,NA,NA,NA,0
748,4,166,NA,NA,NA,0
749,6,167,NA,NA,NA,0
750,6,167,NA,NA,NA,0
751,6,167,NA,NA,NA,0
752,6,167,NA,NA,NA,0
753,6,167,"E",172,5,1
754,6,167,"H",NA,4,0
755,4,168,NA,NA,NA,0
756,4,168,NA,NA,NA,0
757,4,168,NA,NA,NA,0
758,4,168,NA,NA,NA,0
759,4,169,"E",NA,3,0
760,4,169,NA,NA,NA,0
761,4,169,NA,NA,NA,0
762,4,169,NA,NA,NA,0
763,5,170,NA,NA,NA,0
764,5,170,NA,NA,NA,0
765,5,170,NA,NA,NA,0
766,5,170,NA,NA,NA,0
767,5,170,NA,NA,NA,0
768,5,171,NA,NA,NA,0
769,5,171,NA,NA,NA,0
770,5,171,NA,NA,NA,0
771,5,171,NA,NA,NA,0
772,5,171,"E",NA,NA,0
773,3,172,NA,NA,NA,0
774,3,172,NA,NA,NA,0
775,3,172,NA,NA,NA,0
776,6,173,NA,NA,NA,0
777,6,173,NA,NA,NA,0
778,6,173,NA,NA,NA,0
779,6,173,NA,NA,NA,0
780,6,173,NA,NA,NA,0
781,6,173,NA,NA,NA,0
782,3,174,NA,NA,NA,0
783,3,174,"E",NA,2,0
784,3,174,NA,NA,NA,0
785,6,175,"E",NA,5,0
786,6,175,NA,NA,NA,0
787,6,175,NA,NA,NA,0
788,6,175,NA,NA,NA,0
789,6,175,NA,NA,NA,0
790,6,175,NA,NA,NA,0
791,6,176,"E",350,5,0
792,6,176,NA,NA,NA,0
793,6,176,NA,NA,NA,0
794,6,176,NA,NA,NA,0
795,6,176,NA,NA,NA,0
796,6,176,NA,NA,NA,0
797,3,177,NA,NA,NA,0
798,3,177,NA,NA,NA,0
799,3,177,NA,NA,NA,0
800,6,178,NA,NA,NA,0
801,6,178,NA,NA,NA,0
802,6,178,NA,NA,NA,0
803,6,178,NA,NA,NA,0
804,6,178,NA,NA,NA,0
805,6,178,NA,NA,NA,0
806,6,179,NA,NA,NA,0
807,6,179,"H",79,3,0
808,6,179,"E",94,3,1
809,6,179,"H",142,2,1
810,6,179,"E",NA,5,1
811,6,179,"H",NA,1,0
812,4,180,NA,NA,NA,0
813,4,180,NA,NA,NA,0
814,4,180,"E",328,3,0
815,4,180,NA,NA,NA,0
816,3,181,NA,NA,NA,0
817,3,181,"E",265,2,0
818,3,181,NA,NA,NA,0
819,5,182,NA,NA,NA,0
820,5,182,NA,NA,NA,0
821,5,182,NA,NA,NA,0
822,5,182,NA,NA,NA,0
823,5,182,NA,NA,NA,0
824,3,183,NA,NA,NA,0
825,3,183,NA,NA,NA,0
826,3,183,NA,NA,NA,0
827,4,184,NA,NA,NA,0
828,4,184,NA,NA,NA,0
829,4,184,NA,NA,NA,0
830,4,184,NA,NA,NA,0
831,5,185,NA,NA,NA,0
832,5,185,NA,NA,NA,0
833,5,185,NA,NA,NA,0
834,5,185,NA,NA,NA,0
835,5,185,NA,NA,NA,0
836,3,186,NA,NA,NA,0
837,3,186,NA,NA,NA,0
838,3,186,NA,NA,NA,0
839,6,187,NA,NA,NA,0
840,6,187,NA,NA,NA,0
841,6,187,NA,NA,NA,0
842,6,187,NA,NA,NA,0
843,6,187,NA,NA,NA,0
844,6,187,NA,NA,NA,0
845,4,188,NA,NA,NA,0
846,4,188,NA,NA,NA,0
847,4,188,NA,NA,NA,0
848,4,188,NA,NA,NA,0
849,4,189,NA,NA,NA,0
850,4,189,NA,NA,NA,0
851,4,189,"E",243,3,0
852,4,189,NA,NA,NA,0
853,3,190,NA,NA,NA,0
854,3,190,NA,NA,NA,0
855,3,190,NA,NA,NA,0
856,6,191,NA,NA,NA,0
857,6,191,NA,NA,NA,0
858,6,191,NA,NA,NA,0
859,6,191,NA,NA,NA,0
860,6,191,NA,NA,NA,0
861,6,191,NA,NA,NA,0
862,3,192,NA,NA,NA,0
863,3,192,"H",77,1,0
864,3,192,"E",50,2,1
865,4,193,NA,NA,NA,0
866,4,193,"E",NA,NA,0
867,4,193,NA,NA,NA,0
868,4,193,NA,NA,NA,0
869,4,194,NA,NA,NA,0
870,4,194,"H",NA,2,0
871,4,194,"E",NA,3,1
872,4,194,NA,NA,NA,0
873,6,195,NA,NA,NA,0
874,6,195,NA,NA,NA,0
875,6,195,NA,NA,NA,0
876,6,195,NA,NA,NA,0
877,6,195,NA,NA,NA,0
878,6,195,NA,NA,NA,0
879,3,196,NA,NA,NA,0
880,3,196,NA,NA,NA,0
881,3,196,NA,NA,NA,0
882,6,197,NA,NA,NA,0
883,6,197,NA,NA,NA,0
884,6,197,NA,NA,NA,0
885,6,197,NA,NA,NA,0
886,6,197,NA,NA,NA,0
887,6,197,NA,NA,NA,0
888,3,198,NA,NA,NA,0
889,3,198,"E",NA,2,0
890,3,198,NA,NA,NA,0
891,3,199,NA,NA,NA,0
892,3,199,NA,NA,NA,0
893,3,199,NA,NA,NA,0
894,6,200,NA,NA,NA,0
895,6,200,NA,NA,NA,0
896,6,200,NA,NA,NA,0
897,6,200,NA,NA,NA,0
898,6,200,NA,NA,NA,0
899,6,200,NA,NA,NA,0
900,6,201,NA,NA,NA,0
901,6,201,NA,NA,NA,0
902,6,201,NA,NA,NA,0
903,6,201,NA,NA,NA,0
904,6,201,NA,NA,NA,0
905,6,201,NA,NA,NA,0
906,6,202,NA,NA,NA,0
907,6,202,NA,NA,NA,0
908,6,202,NA,NA,NA,0
909,6,202,NA,NA,NA,0
910,6,202,NA,NA,NA,0
911,6,202,NA,NA,NA,0
912,4,203,"H",NA,2,0
913,4,203,NA,NA,NA,0
914,4,203,NA,NA,NA,0
915,4,203,"E",209,3,1
916,4,204,NA,NA,NA,0
917,4,204,NA,NA,NA,0
918,4,204,NA,NA,NA,0
919,4,204,NA,NA,NA,0
920,4,205,"E",NA,3,1
921,4,205,NA,NA,NA,0
922,4,205,"H",177,2,0
923,4,205,NA,NA,NA,0
924,3,206,NA,NA,NA,0
925,3,206,NA,NA,NA,0
926,3,206,NA,NA,NA,0
927,4,207,"H",NA,2,0
928,4,207,NA,NA,NA,0
929,4,207,"E",119,3,1
930,4,207,NA,NA,NA,0
931,6,208,NA,NA,NA,0
932,6,208,NA,NA,NA,0
933,6,208,NA,NA,NA,0
934,6,208,NA,NA,NA,0
935,6,208,NA,NA,NA,0
936,6,208,NA,NA,NA,0
937,6,209,NA,NA,NA,0
938,6,209,NA,NA,NA,0
939,6,209,"E",202,4,0
940,6,209,"E",220,4,0
941,6,209,NA,NA,NA,0
942,6,209,NA,NA,NA,0
943,3,210,NA,NA,NA,0
944,3,210,NA,NA,NA,0
945,3,210,NA,NA,NA,0
946,3,211,"H",NA,NA,0
947,3,211,"H",NA,NA,0
948,3,211,"E",NA,2,2
949,5,212,NA,NA,NA,0
950,5,212,NA,NA,NA,0
951,5,212,NA,NA,NA,0
952,5,212,NA,NA,NA,0
953,5,212,NA,NA,NA,0
954,4,213,NA,NA,NA,0
955,4,213,NA,NA,NA,0
956,4,213,NA,NA,NA,0
957,4,213,NA,NA,NA,0
958,5,214,"E",NA,4,0
959,5,214,NA,NA,NA,0
960,5,214,NA,NA,NA,0
961,5,214,NA,NA,NA,0
962,5,214,NA,NA,NA,0
963,4,215,NA,NA,NA,0
964,4,215,NA,NA,NA,0
965,4,215,NA,NA,NA,0
966,4,215,NA,NA,NA,0
967,3,216,NA,NA,NA,0
968,3,216,NA,NA,NA,0
969,3,216,NA,NA,NA,0
970,4,217,"E",123,3,0
971,4,217,NA,NA,NA,0
972,4,217,NA,NA,NA,0
973,4,217,NA,NA,NA,0
974,6,218,NA,NA,NA,0
975,6,218,NA,NA,NA,0
976,6,218,NA,NA,NA,0
977,6,218,NA,NA,NA,0
978,6,218,NA,NA,NA,0
979,6,218,NA,NA,NA,0
980,3,219,NA,NA,NA,0
981,3,219,NA,NA,NA,0
982,3,219,NA,NA,NA,0
983,6,220,NA,NA,NA,0
984,6,220,NA,NA,NA,0
985,6,220,NA,NA,NA,0
986,6,220,NA,NA,NA,0
987,6,220,NA,NA,NA,0
988,6,220,NA,NA,NA,0
989,6,221,NA,NA,NA,0
990,6,221,NA,NA,NA,0
991,6,221,NA,NA,NA,0
992,6,221,NA,NA,NA,0
993,6,221,NA,NA,NA,0
994,6,221,NA,NA,NA,0
995,6,222,NA,NA,NA,0
996,6,222,NA,NA,NA,0
997,6,222,"E",NA,5,0
998,6,222,NA,NA,NA,0
999,6,222,NA,NA,NA,0
1000,6,222,NA,NA,NA,0
