"ID","SIZE","HH","TYPE","TIME","S_num","I_num"
1,4,1,"0",24,NA,0
2,4,1,"E",90,NA,0
3,4,1,"E",22,NA,0
4,4,1,"E",197,NA,0
5,6,2,"E",159,NA,0
6,6,2,"E",196,NA,0
7,6,2,NA,NA,NA,0
8,6,2,NA,NA,NA,0
9,6,2,NA,NA,NA,0
10,6,2,NA,NA,NA,0
11,6,3,NA,NA,NA,0
12,6,3,NA,NA,NA,0
13,6,3,NA,NA,NA,0
14,6,3,"E",105,NA,0
15,6,3,NA,NA,NA,0
16,6,3,NA,NA,NA,0
17,6,4,NA,NA,NA,0
18,6,4,"E",193,NA,0
19,6,4,NA,NA,NA,0
20,6,4,NA,NA,NA,0
21,6,4,"E",281,NA,0
22,6,4,"E",319,NA,0
23,6,5,NA,NA,NA,0
24,6,5,"E",308,NA,0
25,6,5,"E",311,NA,0
26,6,5,NA,NA,NA,0
27,6,5,NA,NA,NA,0
28,6,5,NA,NA,NA,0
29,5,6,"E",308,NA,0
30,5,6,NA,NA,NA,0
31,5,6,"E",159,NA,0
32,5,6,NA,NA,NA,0
33,5,6,"E",140,NA,0
34,5,7,NA,NA,NA,0
35,5,7,NA,NA,NA,0
36,5,7,"E",141,NA,0
37,5,7,NA,NA,NA,0
38,5,7,NA,NA,NA,0
39,3,8,NA,NA,NA,0
40,3,8,NA,NA,NA,0
41,3,8,NA,NA,NA,0
42,5,9,NA,NA,NA,0
43,5,9,NA,NA,NA,0
44,5,9,"E",148,NA,0
45,5,9,"E",172,NA,0
46,5,9,NA,NA,NA,0
47,6,10,NA,NA,NA,0
48,6,10,NA,NA,NA,0
49,6,10,NA,NA,NA,0
50,6,10,NA,NA,NA,0
51,6,10,NA,NA,NA,0
52,6,10,"E",249,NA,0
53,4,11,NA,NA,NA,0
54,4,11,NA,NA,NA,0
55,4,11,NA,NA,NA,0
56,4,11,NA,NA,NA,0
57,6,12,"E",118,NA,0
58,6,12,NA,NA,NA,0
59,6,12,NA,NA,NA,0
60,6,12,"E",71,NA,0
61,6,12,NA,NA,NA,0
62,6,12,"E",241,NA,0
63,4,13,NA,NA,NA,0
64,4,13,"E",214,NA,0
65,4,13,NA,NA,NA,0
66,4,13,NA,NA,NA,0
67,6,14,NA,NA,NA,0
68,6,14,"E",174,NA,0
69,6,14,NA,NA,NA,0
70,6,14,NA,NA,NA,0
71,6,14,NA,NA,NA,0
72,6,14,NA,NA,NA,0
73,6,15,NA,NA,NA,0
74,6,15,NA,NA,NA,0
75,6,15,NA,NA,NA,0
76,6,15,NA,NA,NA,0
77,6,15,NA,NA,NA,0
78,6,15,"E",244,NA,0
79,5,16,NA,NA,NA,0
80,5,16,NA,NA,NA,0
81,5,16,NA,NA,NA,0
82,5,16,"E",NA,NA,0
83,5,16,NA,NA,NA,0
84,4,17,NA,NA,NA,0
85,4,17,"E",121,NA,0
86,4,17,"E",119,NA,0
87,4,17,NA,NA,NA,0
88,3,18,NA,NA,NA,0
89,3,18,NA,NA,NA,0
90,3,18,NA,NA,NA,0
91,6,19,NA,NA,NA,0
92,6,19,NA,NA,NA,0
93,6,19,NA,NA,NA,0
94,6,19,NA,NA,NA,0
95,6,19,"E",340,NA,0
96,6,19,NA,NA,NA,0
97,4,20,NA,NA,NA,0
98,4,20,NA,NA,NA,0
99,4,20,"E",266,NA,0
100,4,20,"E",68,NA,0
101,4,21,"E",NA,NA,0
102,4,21,"E",NA,NA,0
103,4,21,NA,NA,NA,0
104,4,21,NA,NA,NA,0
105,5,22,NA,NA,NA,0
106,5,22,NA,NA,NA,0
107,5,22,NA,NA,NA,0
108,5,22,NA,NA,NA,0
109,5,22,NA,NA,NA,0
110,5,23,"E",NA,NA,0
111,5,23,"E",171,NA,0
112,5,23,NA,NA,NA,0
113,5,23,NA,NA,NA,0
114,5,23,NA,NA,NA,0
115,4,24,"E",273,NA,0
116,4,24,NA,NA,NA,0
117,4,24,"E",310,NA,0
118,4,24,NA,NA,NA,0
119,4,25,"E",185,NA,0
120,4,25,NA,NA,NA,0
121,4,25,NA,NA,NA,0
122,4,25,"E",28,NA,0
123,4,26,NA,NA,NA,0
124,4,26,NA,NA,NA,0
125,4,26,NA,NA,NA,0
126,4,26,"E",39,NA,0
127,5,27,"E",102,NA,0
128,5,27,"E",327,NA,0
129,5,27,"E",47,NA,0
130,5,27,NA,NA,NA,0
131,5,27,NA,NA,NA,0
132,6,28,"E",156,NA,0
133,6,28,NA,NA,NA,0
134,6,28,"E",172,NA,0
135,6,28,"E",88,NA,0
136,6,28,NA,NA,NA,0
137,6,28,NA,NA,NA,0
138,3,29,"E",196,NA,0
139,3,29,NA,NA,NA,0
140,3,29,"E",181,NA,0
141,3,30,"E",246,NA,0
142,3,30,"E",189,NA,0
143,3,30,NA,NA,NA,0
144,4,31,NA,NA,NA,0
145,4,31,NA,NA,NA,0
146,4,31,NA,NA,NA,0
147,4,31,NA,NA,NA,0
148,4,32,NA,NA,NA,0
149,4,32,NA,NA,NA,0
150,4,32,NA,NA,NA,0
151,4,32,"E",354,NA,0
152,5,33,"E",NA,NA,0
153,5,33,NA,NA,NA,0
154,5,33,NA,NA,NA,0
155,5,33,NA,NA,NA,0
156,5,33,"E",312,NA,0
157,4,34,NA,NA,NA,0
158,4,34,NA,NA,NA,0
159,4,34,NA,NA,NA,0
160,4,34,NA,NA,NA,0
161,3,35,"E",NA,NA,0
162,3,35,NA,NA,NA,0
163,3,35,NA,NA,NA,0
164,3,36,NA,NA,NA,0
165,3,36,NA,NA,NA,0
166,3,36,"E",NA,NA,0
167,3,37,NA,NA,NA,0
168,3,37,NA,NA,NA,0
169,3,37,"E",242,NA,0
170,3,38,NA,NA,NA,0
171,3,38,"E",86,NA,0
172,3,38,NA,NA,NA,0
173,3,39,NA,NA,NA,0
174,3,39,NA,NA,NA,0
175,3,39,"E",NA,NA,0
176,6,40,"E",234,NA,0
177,6,40,NA,NA,NA,0
178,6,40,"E",210,NA,0
179,6,40,NA,NA,NA,0
180,6,40,NA,NA,NA,0
181,6,40,"E",55,NA,0
182,3,41,NA,NA,NA,0
183,3,41,"E",55,NA,0
184,3,41,NA,NA,NA,0
185,4,42,"E",NA,NA,0
186,4,42,NA,NA,NA,0
187,4,42,NA,NA,NA,0
188,4,42,NA,NA,NA,0
189,3,43,NA,NA,NA,0
190,3,43,"E",102,NA,0
191,3,43,"E",196,NA,0
192,6,44,NA,NA,NA,0
193,6,44,NA,NA,NA,0
194,6,44,NA,NA,NA,0
195,6,44,"E",343,NA,0
196,6,44,"E",156,NA,0
197,6,44,"E",258,NA,0
198,4,45,NA,NA,NA,0
199,4,45,NA,NA,NA,0
200,4,45,NA,NA,NA,0
201,4,45,NA,NA,NA,0
202,5,46,NA,NA,NA,0
203,5,46,NA,NA,NA,0
204,5,46,NA,NA,NA,0
205,5,46,"E",44,NA,0
206,5,46,NA,NA,NA,0
207,4,47,NA,NA,NA,0
208,4,47,NA,NA,NA,0
209,4,47,NA,NA,NA,0
210,4,47,NA,NA,NA,0
211,5,48,NA,NA,NA,0
212,5,48,NA,NA,NA,0
213,5,48,NA,NA,NA,0
214,5,48,NA,NA,NA,0
215,5,48,NA,NA,NA,0
216,3,49,"E",324,NA,0
217,3,49,NA,NA,NA,0
218,3,49,NA,NA,NA,0
219,3,50,"E",132,NA,0
220,3,50,NA,NA,NA,0
221,3,50,NA,NA,NA,0
222,3,51,NA,NA,NA,0
223,3,51,"E",85,NA,0
224,3,51,NA,NA,NA,0
225,5,52,"E",185,NA,0
226,5,52,"E",35,NA,0
227,5,52,NA,NA,NA,0
228,5,52,NA,NA,NA,0
229,5,52,NA,NA,NA,0
230,4,53,NA,NA,NA,0
231,4,53,NA,NA,NA,0
232,4,53,NA,NA,NA,0
233,4,53,NA,NA,NA,0
234,5,54,NA,NA,NA,0
235,5,54,NA,NA,NA,0
236,5,54,NA,NA,NA,0
237,5,54,NA,NA,NA,0
238,5,54,"E",122,NA,0
239,3,55,NA,NA,NA,0
240,3,55,NA,NA,NA,0
241,3,55,NA,NA,NA,0
242,4,56,"E",87,NA,0
243,4,56,NA,NA,NA,0
244,4,56,NA,NA,NA,0
245,4,56,NA,NA,NA,0
246,5,57,NA,NA,NA,0
247,5,57,NA,NA,NA,0
248,5,57,NA,NA,NA,0
249,5,57,NA,NA,NA,0
250,5,57,NA,NA,NA,0
251,5,58,NA,NA,NA,0
252,5,58,NA,NA,NA,0
253,5,58,NA,NA,NA,0
254,5,58,"E",361,NA,0
255,5,58,"E",60,NA,0
256,4,59,"E",325,NA,0
257,4,59,"E",280,NA,0
258,4,59,NA,NA,NA,0
259,4,59,"E",NA,NA,0
260,6,60,"E",NA,NA,0
261,6,60,"E",334,NA,0
262,6,60,"E",NA,NA,0
263,6,60,"E",237,NA,0
264,6,60,NA,NA,NA,0
265,6,60,NA,NA,NA,0
266,6,61,"E",51,NA,0
267,6,61,NA,NA,NA,0
268,6,61,NA,NA,NA,0
269,6,61,"E",262,NA,0
270,6,61,NA,NA,NA,0
271,6,61,NA,NA,NA,0
272,4,62,"E",279,NA,0
273,4,62,"E",82,NA,0
274,4,62,"E",265,NA,0
275,4,62,NA,NA,NA,0
276,4,63,NA,NA,NA,0
277,4,63,NA,NA,NA,0
278,4,63,NA,NA,NA,0
279,4,63,"E",59,NA,0
280,6,64,"E",NA,NA,0
281,6,64,NA,NA,NA,0
282,6,64,NA,NA,NA,0
283,6,64,"E",320,NA,0
284,6,64,NA,NA,NA,0
285,6,64,NA,NA,NA,0
286,3,65,NA,NA,NA,0
287,3,65,NA,NA,NA,0
288,3,65,NA,NA,NA,0
289,3,66,NA,NA,NA,0
290,3,66,"E",355,NA,0
291,3,66,NA,NA,NA,0
292,5,67,NA,NA,NA,0
293,5,67,NA,NA,NA,0
294,5,67,"E",304,NA,0
295,5,67,"E",134,NA,0
296,5,67,NA,NA,NA,0
297,4,68,"E",284,NA,0
298,4,68,NA,NA,NA,0
299,4,68,NA,NA,NA,0
300,4,68,NA,NA,NA,0
301,3,69,NA,NA,NA,0
302,3,69,NA,NA,NA,0
303,3,69,"E",301,NA,0
304,5,70,NA,NA,NA,0
305,5,70,NA,NA,NA,0
306,5,70,NA,NA,NA,0
307,5,70,NA,NA,NA,0
308,5,70,NA,NA,NA,0
309,4,71,NA,NA,NA,0
310,4,71,NA,NA,NA,0
311,4,71,NA,NA,NA,0
312,4,71,"E",NA,NA,0
313,6,72,"E",310,NA,0
314,6,72,NA,NA,NA,0
315,6,72,"E",245,NA,0
316,6,72,NA,NA,NA,0
317,6,72,NA,NA,NA,0
318,6,72,NA,NA,NA,0
319,3,73,NA,NA,NA,0
320,3,73,NA,NA,NA,0
321,3,73,NA,NA,NA,0
322,3,74,"E",136,NA,0
323,3,74,"E",295,NA,0
324,3,74,NA,NA,NA,0
325,4,75,"E",198,NA,0
326,4,75,"E",141,NA,0
327,4,75,"E",NA,NA,0
328,4,75,NA,NA,NA,0
329,4,76,NA,NA,NA,0
330,4,76,NA,NA,NA,0
331,4,76,NA,NA,NA,0
332,4,76,NA,NA,NA,0
333,3,77,"E",238,NA,0
334,3,77,NA,NA,NA,0
335,3,77,NA,NA,NA,0
336,5,78,NA,NA,NA,0
337,5,78,NA,NA,NA,0
338,5,78,NA,NA,NA,0
339,5,78,NA,NA,NA,0
340,5,78,NA,NA,NA,0
341,3,79,NA,NA,NA,0
342,3,79,NA,NA,NA,0
343,3,79,NA,NA,NA,0
344,3,80,NA,NA,NA,0
345,3,80,"E",166,NA,0
346,3,80,"E",308,NA,0
347,3,81,NA,NA,NA,0
348,3,81,"E",125,NA,0
349,3,81,"E",113,NA,0
350,4,82,"E",NA,NA,0
351,4,82,NA,NA,NA,0
352,4,82,"E",47,NA,0
353,4,82,NA,NA,NA,0
354,3,83,"E",NA,NA,0
355,3,83,"E",55,NA,0
356,3,83,NA,NA,NA,0
357,4,84,"E",51,NA,0
358,4,84,NA,NA,NA,0
359,4,84,NA,NA,NA,0
360,4,84,NA,NA,NA,0
361,3,85,"E",101,NA,0
362,3,85,NA,NA,NA,0
363,3,85,NA,NA,NA,0
364,4,86,NA,NA,NA,0
365,4,86,NA,NA,NA,0
366,4,86,NA,NA,NA,0
367,4,86,NA,NA,NA,0
368,5,87,NA,NA,NA,0
369,5,87,NA,NA,NA,0
370,5,87,NA,NA,NA,0
371,5,87,NA,NA,NA,0
372,5,87,NA,NA,NA,0
373,3,88,"E",343,NA,0
374,3,88,"E",228,NA,0
375,3,88,NA,NA,NA,0
376,3,89,NA,NA,NA,0
377,3,89,NA,NA,NA,0
378,3,89,"E",165,NA,0
379,3,90,"E",54,NA,0
380,3,90,"E",294,NA,0
381,3,90,NA,NA,NA,0
382,5,91,NA,NA,NA,0
383,5,91,"E",141,NA,0
384,5,91,NA,NA,NA,0
385,5,91,NA,NA,NA,0
386,5,91,NA,NA,NA,0
387,6,92,"E",268,NA,0
388,6,92,NA,NA,NA,0
389,6,92,"E",131,NA,0
390,6,92,"E",214,NA,0
391,6,92,NA,NA,NA,0
392,6,92,NA,NA,NA,0
393,6,93,NA,NA,NA,0
394,6,93,NA,NA,NA,0
395,6,93,NA,NA,NA,0
396,6,93,"E",NA,NA,0
397,6,93,"E",94,NA,0
398,6,93,NA,NA,NA,0
399,6,94,NA,NA,NA,0
400,6,94,NA,NA,NA,0
401,6,94,"E",297,NA,0
402,6,94,"E",79,NA,0
403,6,94,NA,NA,NA,0
404,6,94,NA,NA,NA,0
405,3,95,NA,NA,NA,0
406,3,95,NA,NA,NA,0
407,3,95,NA,NA,NA,0
408,4,96,NA,NA,NA,0
409,4,96,NA,NA,NA,0
410,4,96,"E",130,NA,0
411,4,96,NA,NA,NA,0
412,4,97,NA,NA,NA,0
413,4,97,"E",102,NA,0
414,4,97,NA,NA,NA,0
415,4,97,"E",230,NA,0
416,4,98,NA,NA,NA,0
417,4,98,NA,NA,NA,0
418,4,98,NA,NA,NA,0
419,4,98,"E",74,NA,0
420,6,99,NA,NA,NA,0
421,6,99,NA,NA,NA,0
422,6,99,NA,NA,NA,0
423,6,99,"E",196,NA,0
424,6,99,NA,NA,NA,0
425,6,99,NA,NA,NA,0
426,4,100,NA,NA,NA,0
427,4,100,NA,NA,NA,0
428,4,100,NA,NA,NA,0
429,4,100,NA,NA,NA,0
430,4,101,NA,NA,NA,0
431,4,101,NA,NA,NA,0
432,4,101,"E",134,NA,0
433,4,101,NA,NA,NA,0
434,3,102,NA,NA,NA,0
435,3,102,"E",129,NA,0
436,3,102,"E",361,NA,0
437,6,103,NA,NA,NA,0
438,6,103,NA,NA,NA,0
439,6,103,NA,NA,NA,0
440,6,103,NA,NA,NA,0
441,6,103,NA,NA,NA,0
442,6,103,NA,NA,NA,0
443,4,104,NA,NA,NA,0
444,4,104,NA,NA,NA,0
445,4,104,NA,NA,NA,0
446,4,104,NA,NA,NA,0
447,5,105,NA,NA,NA,0
448,5,105,NA,NA,NA,0
449,5,105,NA,NA,NA,0
450,5,105,NA,NA,NA,0
451,5,105,"E",328,NA,0
452,6,106,NA,NA,NA,0
453,6,106,NA,NA,NA,0
454,6,106,NA,NA,NA,0
455,6,106,"E",144,NA,0
456,6,106,"E",60,NA,0
457,6,106,NA,NA,NA,0
458,6,107,NA,NA,NA,0
459,6,107,NA,NA,NA,0
460,6,107,NA,NA,NA,0
461,6,107,"E",324,NA,0
462,6,107,NA,NA,NA,0
463,6,107,"E",37,NA,0
464,6,108,NA,NA,NA,0
465,6,108,NA,NA,NA,0
466,6,108,"E",196,NA,0
467,6,108,"E",NA,NA,0
468,6,108,"E",318,NA,0
469,6,108,NA,NA,NA,0
470,4,109,"E",228,NA,0
471,4,109,NA,NA,NA,0
472,4,109,"E",141,NA,0
473,4,109,"E",146,NA,0
474,6,110,NA,NA,NA,0
475,6,110,NA,NA,NA,0
476,6,110,"E",96,NA,0
477,6,110,NA,NA,NA,0
478,6,110,NA,NA,NA,0
479,6,110,"E",42,NA,0
480,3,111,NA,NA,NA,0
481,3,111,"E",NA,NA,0
482,3,111,"E",36,NA,0
483,3,112,"E",173,NA,0
484,3,112,"E",49,NA,0
485,3,112,NA,NA,NA,0
486,4,113,NA,NA,NA,0
487,4,113,"E",113,NA,0
488,4,113,"E",185,NA,0
489,4,113,"E",343,NA,0
490,4,114,"E",58,NA,0
491,4,114,"E",280,NA,0
492,4,114,NA,NA,NA,0
493,4,114,"E",230,NA,0
494,4,115,"E",104,NA,0
495,4,115,NA,NA,NA,0
496,4,115,NA,NA,NA,0
497,4,115,"E",317,NA,0
498,3,116,NA,NA,NA,0
499,3,116,"E",173,NA,0
500,3,116,NA,NA,NA,0
501,5,117,NA,NA,NA,0
502,5,117,"E",158,NA,0
503,5,117,"E",NA,NA,0
504,5,117,NA,NA,NA,0
505,5,117,NA,NA,NA,0
506,4,118,NA,NA,NA,0
507,4,118,"E",154,NA,0
508,4,118,"E",240,NA,0
509,4,118,NA,NA,NA,0
510,3,119,NA,NA,NA,0
511,3,119,"E",146,NA,0
512,3,119,"E",356,NA,0
513,4,120,NA,NA,NA,0
514,4,120,"E",58,NA,0
515,4,120,NA,NA,NA,0
516,4,120,"E",342,NA,0
517,6,121,"E",186,NA,0
518,6,121,NA,NA,NA,0
519,6,121,"E",144,NA,0
520,6,121,NA,NA,NA,0
521,6,121,NA,NA,NA,0
522,6,121,"E",362,NA,0
523,4,122,NA,NA,NA,0
524,4,122,NA,NA,NA,0
525,4,122,NA,NA,NA,0
526,4,122,"E",302,NA,0
527,3,123,NA,NA,NA,0
528,3,123,"E",268,NA,0
529,3,123,"E",155,NA,0
530,5,124,NA,NA,NA,0
531,5,124,NA,NA,NA,0
532,5,124,"E",208,NA,0
533,5,124,NA,NA,NA,0
534,5,124,NA,NA,NA,0
535,3,125,"E",361,NA,0
536,3,125,"E",259,NA,0
537,3,125,NA,NA,NA,0
538,5,126,"E",165,NA,0
539,5,126,NA,NA,NA,0
540,5,126,"E",76,NA,0
541,5,126,NA,NA,NA,0
542,5,126,"E",71,NA,0
543,5,127,NA,NA,NA,0
544,5,127,"E",NA,NA,0
545,5,127,NA,NA,NA,0
546,5,127,NA,NA,NA,0
547,5,127,NA,NA,NA,0
548,4,128,"E",322,NA,0
549,4,128,"E",35,NA,0
550,4,128,NA,NA,NA,0
551,4,128,"E",359,NA,0
552,3,129,NA,NA,NA,0
553,3,129,NA,NA,NA,0
554,3,129,"E",175,NA,0
555,4,130,NA,NA,NA,0
556,4,130,NA,NA,NA,0
557,4,130,NA,NA,NA,0
558,4,130,NA,NA,NA,0
559,3,131,NA,NA,NA,0
560,3,131,NA,NA,NA,0
561,3,131,NA,NA,NA,0
562,6,132,"E",207,NA,0
563,6,132,"E",245,NA,0
564,6,132,NA,NA,NA,0
565,6,132,NA,NA,NA,0
566,6,132,NA,NA,NA,0
567,6,132,"E",251,NA,0
568,3,133,"E",112,NA,0
569,3,133,NA,NA,NA,0
570,3,133,NA,NA,NA,0
571,5,134,NA,NA,NA,0
572,5,134,"E",45,NA,0
573,5,134,"E",324,NA,0
574,5,134,NA,NA,NA,0
575,5,134,NA,NA,NA,0
576,4,135,NA,NA,NA,0
577,4,135,NA,NA,NA,0
578,4,135,NA,NA,NA,0
579,4,135,NA,NA,NA,0
580,3,136,NA,NA,NA,0
581,3,136,NA,NA,NA,0
582,3,136,NA,NA,NA,0
583,6,137,NA,NA,NA,0
584,6,137,"E",108,NA,0
585,6,137,NA,NA,NA,0
586,6,137,NA,NA,NA,0
587,6,137,NA,NA,NA,0
588,6,137,NA,NA,NA,0
589,6,138,NA,NA,NA,0
590,6,138,"E",117,NA,0
591,6,138,NA,NA,NA,0
592,6,138,NA,NA,NA,0
593,6,138,"E",NA,NA,0
594,6,138,NA,NA,NA,0
595,3,139,NA,NA,NA,0
596,3,139,NA,NA,NA,0
597,3,139,"E",215,NA,0
598,6,140,NA,NA,NA,0
599,6,140,NA,NA,NA,0
600,6,140,NA,NA,NA,0
601,6,140,"E",167,NA,0
602,6,140,NA,NA,NA,0
603,6,140,NA,NA,NA,0
604,3,141,"E",230,NA,0
605,3,141,"E",NA,NA,0
606,3,141,NA,NA,NA,0
607,3,142,"E",210,NA,0
608,3,142,NA,NA,NA,0
609,3,142,NA,NA,NA,0
610,5,143,"E",247,NA,0
611,5,143,NA,NA,NA,0
612,5,143,"E",100,NA,0
613,5,143,NA,NA,NA,0
614,5,143,NA,NA,NA,0
615,6,144,"E",172,NA,0
616,6,144,NA,NA,NA,0
617,6,144,NA,NA,NA,0
618,6,144,"E",95,NA,0
619,6,144,NA,NA,NA,0
620,6,144,NA,NA,NA,0
621,6,145,NA,NA,NA,0
622,6,145,NA,NA,NA,0
623,6,145,NA,NA,NA,0
624,6,145,NA,NA,NA,0
625,6,145,NA,NA,NA,0
626,6,145,NA,NA,NA,0
627,4,146,"E",353,NA,0
628,4,146,NA,NA,NA,0
629,4,146,"E",141,NA,0
630,4,146,"E",162,NA,0
631,3,147,NA,NA,NA,0
632,3,147,NA,NA,NA,0
633,3,147,NA,NA,NA,0
634,4,148,NA,NA,NA,0
635,4,148,"E",215,NA,0
636,4,148,"E",268,NA,0
637,4,148,NA,NA,NA,0
638,6,149,NA,NA,NA,0
639,6,149,"E",99,NA,0
640,6,149,NA,NA,NA,0
641,6,149,NA,NA,NA,0
642,6,149,NA,NA,NA,0
643,6,149,"E",185,NA,0
644,5,150,NA,NA,NA,0
645,5,150,NA,NA,NA,0
646,5,150,NA,NA,NA,0
647,5,150,NA,NA,NA,0
648,5,150,"E",309,NA,0
649,3,151,NA,NA,NA,0
650,3,151,"E",285,NA,0
651,3,151,NA,NA,NA,0
652,5,152,NA,NA,NA,0
653,5,152,NA,NA,NA,0
654,5,152,NA,NA,NA,0
655,5,152,"E",293,NA,0
656,5,152,"E",85,NA,0
657,5,153,NA,NA,NA,0
658,5,153,NA,NA,NA,0
659,5,153,"E",132,NA,0
660,5,153,NA,NA,NA,0
661,5,153,NA,NA,NA,0
662,4,154,NA,NA,NA,0
663,4,154,NA,NA,NA,0
664,4,154,NA,NA,NA,0
665,4,154,NA,NA,NA,0
666,6,155,NA,NA,NA,0
667,6,155,NA,NA,NA,0
668,6,155,NA,NA,NA,0
669,6,155,"E",153,NA,0
670,6,155,NA,NA,NA,0
671,6,155,"E",84,NA,0
672,5,156,"E",223,NA,0
673,5,156,NA,NA,NA,0
674,5,156,NA,NA,NA,0
675,5,156,NA,NA,NA,0
676,5,156,"E",342,NA,0
677,3,157,NA,NA,NA,0
678,3,157,NA,NA,NA,0
679,3,157,NA,NA,NA,0
680,6,158,NA,NA,NA,0
681,6,158,NA,NA,NA,0
682,6,158,NA,NA,NA,0
683,6,158,NA,NA,NA,0
684,6,158,NA,NA,NA,0
685,6,158,NA,NA,NA,0
686,6,159,NA,NA,NA,0
687,6,159,NA,NA,NA,0
688,6,159,NA,NA,NA,0
689,6,159,NA,NA,NA,0
690,6,159,"E",170,NA,0
691,6,159,"E",NA,NA,0
692,6,160,NA,NA,NA,0
693,6,160,NA,NA,NA,0
694,6,160,"E",211,NA,0
695,6,160,NA,NA,NA,0
696,6,160,NA,NA,NA,0
697,6,160,"E",229,NA,0
698,5,161,NA,NA,NA,0
699,5,161,NA,NA,NA,0
700,5,161,"E",319,NA,0
701,5,161,NA,NA,NA,0
702,5,161,"E",144,NA,0
703,6,162,NA,NA,NA,0
704,6,162,"E",83,NA,0
705,6,162,NA,NA,NA,0
706,6,162,NA,NA,NA,0
707,6,162,NA,NA,NA,0
708,6,162,NA,NA,NA,0
709,5,163,"E",162,NA,0
710,5,163,NA,NA,NA,0
711,5,163,NA,NA,NA,0
712,5,163,NA,NA,NA,0
713,5,163,NA,NA,NA,0
714,3,164,"E",275,NA,0
715,3,164,NA,NA,NA,0
716,3,164,"E",144,NA,0
717,4,165,NA,NA,NA,0
718,4,165,NA,NA,NA,0
719,4,165,NA,NA,NA,0
720,4,165,NA,NA,NA,0
721,3,166,NA,NA,NA,0
722,3,166,NA,NA,NA,0
723,3,166,NA,NA,NA,0
724,4,167,NA,NA,NA,0
725,4,167,NA,NA,NA,0
726,4,167,NA,NA,NA,0
727,4,167,NA,NA,NA,0
728,5,168,NA,NA,NA,0
729,5,168,NA,NA,NA,0
730,5,168,NA,NA,NA,0
731,5,168,NA,NA,NA,0
732,5,168,NA,NA,NA,0
733,5,169,"E",NA,NA,0
734,5,169,"E",196,NA,0
735,5,169,NA,NA,NA,0
736,5,169,NA,NA,NA,0
737,5,169,"E",122,NA,0
738,3,170,"E",247,NA,0
739,3,170,"E",155,NA,0
740,3,170,NA,NA,NA,0
741,3,171,NA,NA,NA,0
742,3,171,"E",297,NA,0
743,3,171,NA,NA,NA,0
744,3,172,NA,NA,NA,0
745,3,172,NA,NA,NA,0
746,3,172,NA,NA,NA,0
747,4,173,"E",337,NA,0
748,4,173,"E",31,NA,0
749,4,173,"E",82,NA,0
750,4,173,NA,NA,NA,0
751,5,174,NA,NA,NA,0
752,5,174,NA,NA,NA,0
753,5,174,NA,NA,NA,0
754,5,174,NA,NA,NA,0
755,5,174,NA,NA,NA,0
756,5,175,"E",171,NA,0
757,5,175,NA,NA,NA,0
758,5,175,"E",82,NA,0
759,5,175,NA,NA,NA,0
760,5,175,NA,NA,NA,0
761,6,176,"E",121,NA,0
762,6,176,NA,NA,NA,0
763,6,176,NA,NA,NA,0
764,6,176,NA,NA,NA,0
765,6,176,"E",246,NA,0
766,6,176,NA,NA,NA,0
767,6,177,NA,NA,NA,0
768,6,177,"E",168,NA,0
769,6,177,"E",230,NA,0
770,6,177,NA,NA,NA,0
771,6,177,NA,NA,NA,0
772,6,177,"E",166,NA,0
773,4,178,NA,NA,NA,0
774,4,178,NA,NA,NA,0
775,4,178,"E",206,NA,0
776,4,178,NA,NA,NA,0
777,3,179,NA,NA,NA,0
778,3,179,NA,NA,NA,0
779,3,179,NA,NA,NA,0
780,6,180,"E",288,NA,0
781,6,180,NA,NA,NA,0
782,6,180,NA,NA,NA,0
783,6,180,NA,NA,NA,0
784,6,180,NA,NA,NA,0
785,6,180,"E",170,NA,0
786,4,181,NA,NA,NA,0
787,4,181,"E",281,NA,0
788,4,181,NA,NA,NA,0
789,4,181,NA,NA,NA,0
790,4,182,NA,NA,NA,0
791,4,182,NA,NA,NA,0
792,4,182,NA,NA,NA,0
793,4,182,NA,NA,NA,0
794,5,183,NA,NA,NA,0
795,5,183,NA,NA,NA,0
796,5,183,"E",106,NA,0
797,5,183,NA,NA,NA,0
798,5,183,NA,NA,NA,0
799,3,184,"E",298,NA,0
800,3,184,NA,NA,NA,0
801,3,184,"E",224,NA,0
802,6,185,NA,NA,NA,0
803,6,185,NA,NA,NA,0
804,6,185,NA,NA,NA,0
805,6,185,NA,NA,NA,0
806,6,185,NA,NA,NA,0
807,6,185,NA,NA,NA,0
808,5,186,"E",52,NA,0
809,5,186,NA,NA,NA,0
810,5,186,NA,NA,NA,0
811,5,186,NA,NA,NA,0
812,5,186,NA,NA,NA,0
813,3,187,"E",83,NA,0
814,3,187,NA,NA,NA,0
815,3,187,"E",83,NA,0
816,5,188,NA,NA,NA,0
817,5,188,"E",76,NA,0
818,5,188,NA,NA,NA,0
819,5,188,"E",206,NA,0
820,5,188,NA,NA,NA,0
821,4,189,NA,NA,NA,0
822,4,189,"E",143,NA,0
823,4,189,"E",227,NA,0
824,4,189,NA,NA,NA,0
825,3,190,NA,NA,NA,0
826,3,190,NA,NA,NA,0
827,3,190,NA,NA,NA,0
828,3,191,NA,NA,NA,0
829,3,191,NA,NA,NA,0
830,3,191,NA,NA,NA,0
831,5,192,"E",305,NA,0
832,5,192,NA,NA,NA,0
833,5,192,"E",85,NA,0
834,5,192,NA,NA,NA,0
835,5,192,NA,NA,NA,0
836,4,193,NA,NA,NA,0
837,4,193,"E",38,NA,0
838,4,193,NA,NA,NA,0
839,4,193,NA,NA,NA,0
840,4,194,NA,NA,NA,0
841,4,194,"E",NA,NA,0
842,4,194,NA,NA,NA,0
843,4,194,"E",82,NA,0
844,4,195,NA,NA,NA,0
845,4,195,NA,NA,NA,0
846,4,195,NA,NA,NA,0
847,4,195,"E",87,NA,0
848,4,196,NA,NA,NA,0
849,4,196,"E",170,NA,0
850,4,196,NA,NA,NA,0
851,4,196,NA,NA,NA,0
852,6,197,NA,NA,NA,0
853,6,197,NA,NA,NA,0
854,6,197,"E",204,NA,0
855,6,197,"E",224,NA,0
856,6,197,"E",62,NA,0
857,6,197,"E",51,NA,0
858,5,198,NA,NA,NA,0
859,5,198,NA,NA,NA,0
860,5,198,"E",141,NA,0
861,5,198,NA,NA,NA,0
862,5,198,NA,NA,NA,0
863,3,199,NA,NA,NA,0
864,3,199,NA,NA,NA,0
865,3,199,"E",352,NA,0
866,5,200,"E",55,NA,0
867,5,200,NA,NA,NA,0
868,5,200,NA,NA,NA,0
869,5,200,"E",268,NA,0
870,5,200,NA,NA,NA,0
871,6,201,NA,NA,NA,0
872,6,201,NA,NA,NA,0
873,6,201,NA,NA,NA,0
874,6,201,NA,NA,NA,0
875,6,201,NA,NA,NA,0
876,6,201,"E",167,NA,0
877,6,202,NA,NA,NA,0
878,6,202,NA,NA,NA,0
879,6,202,"E",341,NA,0
880,6,202,NA,NA,NA,0
881,6,202,NA,NA,NA,0
882,6,202,"E",NA,NA,0
883,6,203,NA,NA,NA,0
884,6,203,NA,NA,NA,0
885,6,203,"E",260,NA,0
886,6,203,NA,NA,NA,0
887,6,203,NA,NA,NA,0
888,6,203,NA,NA,NA,0
889,5,204,NA,NA,NA,0
890,5,204,NA,NA,NA,0
891,5,204,NA,NA,NA,0
892,5,204,NA,NA,NA,0
893,5,204,"E",184,NA,0
894,6,205,NA,NA,NA,0
895,6,205,"E",34,NA,0
896,6,205,NA,NA,NA,0
897,6,205,NA,NA,NA,0
898,6,205,NA,NA,NA,0
899,6,205,"E",69,NA,0
900,3,206,"E",333,NA,0
901,3,206,NA,NA,NA,0
902,3,206,NA,NA,NA,0
903,4,207,"E",31,NA,0
904,4,207,NA,NA,NA,0
905,4,207,"E",288,NA,0
906,4,207,NA,NA,NA,0
907,5,208,"E",180,NA,0
908,5,208,NA,NA,NA,0
909,5,208,"E",249,NA,0
910,5,208,NA,NA,NA,0
911,5,208,NA,NA,NA,0
912,6,209,"E",327,NA,0
913,6,209,NA,NA,NA,0
914,6,209,NA,NA,NA,0
915,6,209,NA,NA,NA,0
916,6,209,NA,NA,NA,0
917,6,209,NA,NA,NA,0
918,4,210,NA,NA,NA,0
919,4,210,NA,NA,NA,0
920,4,210,NA,NA,NA,0
921,4,210,NA,NA,NA,0
922,4,211,NA,NA,NA,0
923,4,211,NA,NA,NA,0
924,4,211,NA,NA,NA,0
925,4,211,NA,NA,NA,0
926,3,212,NA,NA,NA,0
927,3,212,"E",299,NA,0
928,3,212,"E",319,NA,0
929,3,213,NA,NA,NA,0
930,3,213,"E",211,NA,0
931,3,213,NA,NA,NA,0
932,6,214,NA,NA,NA,0
933,6,214,NA,NA,NA,0
934,6,214,NA,NA,NA,0
935,6,214,NA,NA,NA,0
936,6,214,NA,NA,NA,0
937,6,214,"E",226,NA,0
938,3,215,"E",191,NA,0
939,3,215,NA,NA,NA,0
940,3,215,"E",98,NA,0
941,3,216,NA,NA,NA,0
942,3,216,"E",326,NA,0
943,3,216,NA,NA,NA,0
944,4,217,"E",120,NA,0
945,4,217,NA,NA,NA,0
946,4,217,"E",184,NA,0
947,4,217,NA,NA,NA,0
948,6,218,"E",285,NA,0
949,6,218,NA,NA,NA,0
950,6,218,NA,NA,NA,0
951,6,218,NA,NA,NA,0
952,6,218,"E",134,NA,0
953,6,218,NA,NA,NA,0
954,4,219,NA,NA,NA,0
955,4,219,NA,NA,NA,0
956,4,219,NA,NA,NA,0
957,4,219,"E",313,NA,0
958,4,220,"E",62,NA,0
959,4,220,"E",268,NA,0
960,4,220,NA,NA,NA,0
961,4,220,"E",352,NA,0
962,6,221,"E",58,NA,0
963,6,221,NA,NA,NA,0
964,6,221,NA,NA,NA,0
965,6,221,NA,NA,NA,0
966,6,221,NA,NA,NA,0
967,6,221,"E",50,NA,0
968,6,222,NA,NA,NA,0
969,6,222,NA,NA,NA,0
970,6,222,NA,NA,NA,0
971,6,222,NA,NA,NA,0
972,6,222,NA,NA,NA,0
973,6,222,NA,NA,NA,0
974,3,223,NA,NA,NA,0
975,3,223,"E",149,NA,0
976,3,223,NA,NA,NA,0
977,4,224,"E",84,NA,0
978,4,224,NA,NA,NA,0
979,4,224,"E",201,NA,0
980,4,224,NA,NA,NA,0
981,6,225,"E",194,NA,0
982,6,225,"E",179,NA,0
983,6,225,NA,NA,NA,0
984,6,225,"E",106,NA,0
985,6,225,NA,NA,NA,0
986,6,225,NA,NA,NA,0
987,5,226,"E",137,NA,0
988,5,226,NA,NA,NA,0
989,5,226,NA,NA,NA,0
990,5,226,NA,NA,NA,0
991,5,226,NA,NA,NA,0
992,6,227,NA,NA,NA,0
993,6,227,NA,NA,NA,0
994,6,227,NA,NA,NA,0
995,6,227,"E",249,NA,0
996,6,227,NA,NA,NA,0
997,6,227,"E",65,NA,0
998,3,228,"E",303,NA,0
999,3,228,NA,NA,NA,0
1000,3,228,NA,NA,NA,0
