"ID","SIZE","HH","TYPE","TIME","S_NUM","I_NUM"
1,6,1,"0",NA,NA,0
2,6,1,NA,NA,NA,0
3,6,1,NA,NA,NA,0
4,6,1,NA,NA,NA,0
5,6,1,NA,NA,NA,0
6,6,1,"E",NA,NA,0
7,6,2,NA,NA,NA,0
8,6,2,NA,NA,NA,0
9,6,2,NA,NA,NA,0
10,6,2,NA,NA,NA,0
11,6,2,NA,NA,NA,0
12,6,2,NA,NA,NA,0
13,3,3,NA,NA,NA,0
14,3,3,NA,NA,NA,0
15,3,3,NA,NA,NA,0
16,4,4,NA,NA,NA,0
17,4,4,NA,NA,NA,0
18,4,4,NA,NA,NA,0
19,4,4,NA,NA,NA,0
20,3,5,NA,NA,NA,0
21,3,5,NA,NA,NA,0
22,3,5,NA,NA,NA,0
23,5,6,NA,NA,NA,0
24,5,6,"E",342,4,0
25,5,6,NA,NA,NA,0
26,5,6,NA,NA,NA,0
27,5,6,NA,NA,NA,0
28,6,7,NA,NA,NA,0
29,6,7,NA,NA,NA,0
30,6,7,NA,NA,NA,0
31,6,7,NA,NA,NA,0
32,6,7,NA,NA,NA,0
33,6,7,NA,NA,NA,0
34,4,8,NA,NA,NA,0
35,4,8,"E",160,3,2
36,4,8,"H",206,1,0
37,4,8,"H",180,1,0
38,5,9,NA,NA,NA,0
39,5,9,NA,NA,NA,0
40,5,9,NA,NA,NA,0
41,5,9,NA,NA,NA,0
42,5,9,NA,NA,NA,0
43,3,10,NA,NA,NA,0
44,3,10,"E",209,2,0
45,3,10,NA,NA,NA,0
46,6,11,"H",124,4,1
47,6,11,"H",169,2,0
48,6,11,NA,NA,NA,0
49,6,11,NA,NA,NA,0
50,6,11,"E",87,5,1
51,6,11,"H",155,3,1
52,6,12,NA,NA,NA,0
53,6,12,NA,NA,NA,0
54,6,12,NA,NA,NA,0
55,6,12,NA,NA,NA,0
56,6,12,NA,NA,NA,0
57,6,12,NA,NA,NA,0
58,5,13,NA,NA,NA,0
59,5,13,NA,NA,NA,0
60,5,13,NA,NA,NA,0
61,5,13,NA,NA,NA,0
62,5,13,NA,NA,NA,0
63,5,14,NA,NA,NA,0
64,5,14,NA,NA,NA,0
65,5,14,NA,NA,NA,0
66,5,14,NA,NA,NA,0
67,5,14,NA,NA,NA,0
68,5,15,NA,NA,NA,0
69,5,15,NA,NA,NA,0
70,5,15,NA,NA,NA,0
71,5,15,NA,NA,NA,0
72,5,15,NA,NA,NA,0
73,5,16,NA,NA,NA,0
74,5,16,NA,NA,NA,0
75,5,16,NA,NA,NA,0
76,5,16,NA,NA,NA,0
77,5,16,NA,NA,NA,0
78,4,17,NA,NA,NA,0
79,4,17,NA,NA,NA,0
80,4,17,NA,NA,NA,0
81,4,17,NA,NA,NA,0
82,3,18,NA,NA,NA,0
83,3,18,NA,NA,NA,0
84,3,18,NA,NA,NA,0
85,6,19,NA,NA,NA,0
86,6,19,NA,NA,NA,0
87,6,19,NA,NA,NA,0
88,6,19,NA,NA,NA,0
89,6,19,NA,NA,NA,0
90,6,19,NA,NA,NA,0
91,5,20,NA,NA,NA,0
92,5,20,"H",56,3,0
93,5,20,"E",30,4,1
94,5,20,NA,NA,NA,0
95,5,20,NA,NA,NA,0
96,3,21,NA,NA,NA,0
97,3,21,NA,NA,NA,0
98,3,21,NA,NA,NA,0
99,6,22,NA,NA,NA,0
100,6,22,NA,NA,NA,0
101,6,22,"H",NA,NA,0
102,6,22,NA,NA,NA,0
103,6,22,"E",362,5,1
104,6,22,NA,NA,NA,0
105,4,23,NA,NA,NA,0
106,4,23,NA,NA,NA,0
107,4,23,NA,NA,NA,0
108,4,23,NA,NA,NA,0
109,5,24,NA,NA,NA,0
110,5,24,NA,NA,NA,0
111,5,24,NA,NA,NA,0
112,5,24,NA,NA,NA,0
113,5,24,NA,NA,NA,0
114,3,25,NA,NA,NA,0
115,3,25,NA,NA,NA,0
116,3,25,NA,NA,NA,0
117,3,26,NA,NA,NA,0
118,3,26,NA,NA,NA,0
119,3,26,NA,NA,NA,0
120,6,27,NA,NA,NA,0
121,6,27,NA,NA,NA,0
122,6,27,NA,NA,NA,0
123,6,27,NA,NA,NA,0
124,6,27,NA,NA,NA,0
125,6,27,NA,NA,NA,0
126,5,28,NA,NA,NA,0
127,5,28,NA,NA,NA,0
128,5,28,NA,NA,NA,0
129,5,28,NA,NA,NA,0
130,5,28,NA,NA,NA,0
131,5,29,NA,NA,NA,0
132,5,29,NA,NA,NA,0
133,5,29,NA,NA,NA,0
134,5,29,"E",NA,NA,0
135,5,29,NA,NA,NA,0
136,3,30,NA,NA,NA,0
137,3,30,NA,NA,NA,0
138,3,30,NA,NA,NA,0
139,5,31,NA,NA,NA,0
140,5,31,"E",NA,NA,0
141,5,31,NA,NA,NA,0
142,5,31,NA,NA,NA,0
143,5,31,NA,NA,NA,0
144,4,32,NA,NA,NA,0
145,4,32,NA,NA,NA,0
146,4,32,NA,NA,NA,0
147,4,32,"E",171,3,0
148,5,33,NA,NA,NA,0
149,5,33,NA,NA,NA,0
150,5,33,NA,NA,NA,0
151,5,33,NA,NA,NA,0
152,5,33,NA,NA,NA,0
153,5,34,NA,NA,NA,0
154,5,34,NA,NA,NA,0
155,5,34,NA,NA,NA,0
156,5,34,NA,NA,NA,0
157,5,34,NA,NA,NA,0
158,3,35,NA,NA,NA,0
159,3,35,NA,NA,NA,0
160,3,35,NA,NA,NA,0
161,5,36,NA,NA,NA,0
162,5,36,NA,NA,NA,0
163,5,36,NA,NA,NA,0
164,5,36,NA,NA,NA,0
165,5,36,NA,NA,NA,0
166,5,37,NA,NA,NA,0
167,5,37,NA,NA,NA,0
168,5,37,NA,NA,NA,0
169,5,37,NA,NA,NA,0
170,5,37,NA,NA,NA,0
171,3,38,NA,NA,NA,0
172,3,38,NA,NA,NA,0
173,3,38,NA,NA,NA,0
174,5,39,NA,NA,NA,0
175,5,39,NA,NA,NA,0
176,5,39,NA,NA,NA,0
177,5,39,NA,NA,NA,0
178,5,39,NA,NA,NA,0
179,3,40,NA,NA,NA,0
180,3,40,NA,NA,NA,0
181,3,40,NA,NA,NA,0
182,5,41,NA,NA,NA,0
183,5,41,NA,NA,NA,0
184,5,41,NA,NA,NA,0
185,5,41,NA,NA,NA,0
186,5,41,NA,NA,NA,0
187,3,42,NA,NA,NA,0
188,3,42,NA,NA,NA,0
189,3,42,NA,NA,NA,0
190,5,43,NA,NA,NA,0
191,5,43,NA,NA,NA,0
192,5,43,NA,NA,NA,0
193,5,43,NA,NA,NA,0
194,5,43,NA,NA,NA,0
195,3,44,NA,NA,NA,0
196,3,44,NA,NA,NA,0
197,3,44,NA,NA,NA,0
198,4,45,NA,NA,NA,0
199,4,45,NA,NA,NA,0
200,4,45,NA,NA,NA,0
201,4,45,NA,NA,NA,0
202,5,46,NA,NA,NA,0
203,5,46,NA,NA,NA,0
204,5,46,NA,NA,NA,0
205,5,46,NA,NA,NA,0
206,5,46,NA,NA,NA,0
207,3,47,NA,NA,NA,0
208,3,47,NA,NA,NA,0
209,3,47,NA,NA,NA,0
210,4,48,NA,NA,NA,0
211,4,48,NA,NA,NA,0
212,4,48,NA,NA,NA,0
213,4,48,NA,NA,NA,0
214,4,49,NA,NA,NA,0
215,4,49,NA,NA,NA,0
216,4,49,"E",NA,NA,0
217,4,49,NA,NA,NA,0
218,3,50,NA,NA,NA,0
219,3,50,NA,NA,NA,0
220,3,50,NA,NA,NA,0
221,5,51,"E",165,3,2
222,5,51,NA,NA,NA,0
223,5,51,"H",190,1,0
224,5,51,"H",193,1,0
225,5,51,"E",52,4,0
226,4,52,NA,NA,NA,0
227,4,52,NA,NA,NA,0
228,4,52,NA,NA,NA,0
229,4,52,NA,NA,NA,0
230,6,53,NA,NA,NA,0
231,6,53,NA,NA,NA,0
232,6,53,NA,NA,NA,0
233,6,53,NA,NA,NA,0
234,6,53,NA,NA,NA,0
235,6,53,"E",67,5,0
236,6,54,NA,NA,NA,0
237,6,54,NA,NA,NA,0
238,6,54,NA,NA,NA,0
239,6,54,NA,NA,NA,0
240,6,54,NA,NA,NA,0
241,6,54,NA,NA,NA,0
242,5,55,NA,NA,NA,0
243,5,55,NA,NA,NA,0
244,5,55,NA,NA,NA,0
245,5,55,NA,NA,NA,0
246,5,55,NA,NA,NA,0
247,4,56,NA,NA,NA,0
248,4,56,NA,NA,NA,0
249,4,56,NA,NA,NA,0
250,4,56,NA,NA,NA,0
251,5,57,NA,NA,NA,0
252,5,57,NA,NA,NA,0
253,5,57,NA,NA,NA,0
254,5,57,NA,NA,NA,0
255,5,57,NA,NA,NA,0
256,3,58,NA,NA,NA,0
257,3,58,NA,NA,NA,0
258,3,58,NA,NA,NA,0
259,6,59,NA,NA,NA,0
260,6,59,NA,NA,NA,0
261,6,59,NA,NA,NA,0
262,6,59,NA,NA,NA,0
263,6,59,NA,NA,NA,0
264,6,59,NA,NA,NA,0
265,4,60,"E",NA,NA,0
266,4,60,NA,NA,NA,0
267,4,60,NA,NA,NA,0
268,4,60,NA,NA,NA,0
269,4,61,NA,NA,NA,0
270,4,61,"E",153,3,0
271,4,61,NA,NA,NA,0
272,4,61,NA,NA,NA,0
273,6,62,NA,NA,NA,0
274,6,62,NA,NA,NA,0
275,6,62,NA,NA,NA,0
276,6,62,NA,NA,NA,0
277,6,62,NA,NA,NA,0
278,6,62,"E",NA,NA,0
279,6,63,NA,NA,NA,0
280,6,63,NA,NA,NA,0
281,6,63,NA,NA,NA,0
282,6,63,NA,NA,NA,0
283,6,63,NA,NA,NA,0
284,6,63,NA,NA,NA,0
285,3,64,NA,NA,NA,0
286,3,64,NA,NA,NA,0
287,3,64,NA,NA,NA,0
288,3,65,"E",229,2,0
289,3,65,NA,NA,NA,0
290,3,65,NA,NA,NA,0
291,6,66,NA,NA,NA,0
292,6,66,NA,NA,NA,0
293,6,66,NA,NA,NA,0
294,6,66,NA,NA,NA,0
295,6,66,"E",42,5,0
296,6,66,NA,NA,NA,0
297,4,67,NA,NA,NA,0
298,4,67,NA,NA,NA,0
299,4,67,NA,NA,NA,0
300,4,67,NA,NA,NA,0
301,6,68,NA,NA,NA,0
302,6,68,NA,NA,NA,0
303,6,68,NA,NA,NA,0
304,6,68,NA,NA,NA,0
305,6,68,NA,NA,NA,0
306,6,68,NA,NA,NA,0
307,3,69,NA,NA,NA,0
308,3,69,NA,NA,NA,0
309,3,69,"C",294,2,0
310,3,70,NA,NA,NA,0
311,3,70,"E",NA,NA,0
312,3,70,NA,NA,NA,0
313,4,71,NA,NA,NA,0
314,4,71,NA,NA,NA,0
315,4,71,NA,NA,NA,0
316,4,71,NA,NA,NA,0
317,3,72,NA,NA,NA,0
318,3,72,NA,NA,NA,0
319,3,72,NA,NA,NA,0
320,4,73,NA,NA,NA,0
321,4,73,NA,NA,NA,0
322,4,73,NA,NA,NA,0
323,4,73,NA,NA,NA,0
324,3,74,NA,NA,NA,0
325,3,74,NA,NA,NA,0
326,3,74,NA,NA,NA,0
327,6,75,NA,NA,NA,0
328,6,75,NA,NA,NA,0
329,6,75,NA,NA,NA,0
330,6,75,NA,NA,NA,0
331,6,75,NA,NA,NA,0
332,6,75,NA,NA,NA,0
333,5,76,NA,NA,NA,0
334,5,76,NA,NA,NA,0
335,5,76,"H",NA,NA,0
336,5,76,NA,NA,NA,0
337,5,76,"E",317,4,1
338,6,77,NA,NA,NA,0
339,6,77,NA,NA,NA,0
340,6,77,NA,NA,NA,0
341,6,77,NA,NA,NA,0
342,6,77,NA,NA,NA,0
343,6,77,NA,NA,NA,0
344,3,78,NA,NA,NA,0
345,3,78,NA,NA,NA,0
346,3,78,"E",59,2,0
347,4,79,NA,NA,NA,0
348,4,79,NA,NA,NA,0
349,4,79,NA,NA,NA,0
350,4,79,NA,NA,NA,0
351,5,80,NA,NA,NA,0
352,5,80,NA,NA,NA,0
353,5,80,NA,NA,NA,0
354,5,80,NA,NA,NA,0
355,5,80,NA,NA,NA,0
356,6,81,"E",247,5,1
357,6,81,"H",NA,NA,0
358,6,81,"H",330,3,2
359,6,81,"H",NA,NA,0
360,6,81,"H",358,1,1
361,6,81,"H",295,4,1
362,6,82,NA,NA,NA,0
363,6,82,NA,NA,NA,0
364,6,82,NA,NA,NA,0
365,6,82,NA,NA,NA,0
366,6,82,NA,NA,NA,0
367,6,82,NA,NA,NA,0
368,3,83,NA,NA,NA,0
369,3,83,NA,NA,NA,0
370,3,83,NA,NA,NA,0
371,4,84,NA,NA,NA,0
372,4,84,NA,NA,NA,0
373,4,84,NA,NA,NA,0
374,4,84,NA,NA,NA,0
375,6,85,"H",NA,NA,0
376,6,85,NA,NA,NA,0
377,6,85,"E",341,5,1
378,6,85,NA,NA,NA,0
379,6,85,NA,NA,NA,0
380,6,85,NA,NA,NA,0
381,5,86,NA,NA,NA,0
382,5,86,NA,NA,NA,0
383,5,86,NA,NA,NA,0
384,5,86,NA,NA,NA,0
385,5,86,NA,NA,NA,0
386,3,87,NA,NA,NA,0
387,3,87,NA,NA,NA,0
388,3,87,NA,NA,NA,0
389,4,88,NA,NA,NA,0
390,4,88,NA,NA,NA,0
391,4,88,NA,NA,NA,0
392,4,88,NA,NA,NA,0
393,3,89,NA,NA,NA,0
394,3,89,NA,NA,NA,0
395,3,89,NA,NA,NA,0
396,3,90,NA,NA,NA,0
397,3,90,NA,NA,NA,0
398,3,90,NA,NA,NA,0
399,5,91,NA,NA,NA,0
400,5,91,NA,NA,NA,0
401,5,91,"E",NA,NA,0
402,5,91,NA,NA,NA,0
403,5,91,NA,NA,NA,0
404,4,92,"H",332,2,0
405,4,92,"E",276,3,1
406,4,92,NA,NA,NA,0
407,4,92,NA,NA,NA,0
408,5,93,"H",NA,NA,0
409,5,93,"H",355,2,1
410,5,93,"E",332,4,2
411,5,93,NA,NA,NA,0
412,5,93,"H",NA,NA,0
413,5,94,"H",353,3,0
414,5,94,NA,NA,NA,0
415,5,94,"E",323,4,1
416,5,94,NA,NA,NA,0
417,5,94,NA,NA,NA,0
418,5,95,NA,NA,NA,0
419,5,95,NA,NA,NA,0
420,5,95,NA,NA,NA,0
421,5,95,NA,NA,NA,0
422,5,95,NA,NA,NA,0
423,4,96,NA,NA,NA,0
424,4,96,NA,NA,NA,0
425,4,96,NA,NA,NA,0
426,4,96,NA,NA,NA,0
427,4,97,"H",343,1,0
428,4,97,"C",272,3,1
429,4,97,"H",287,2,1
430,4,97,NA,NA,NA,0
431,5,98,NA,NA,NA,0
432,5,98,NA,NA,NA,0
433,5,98,"E",NA,NA,0
434,5,98,NA,NA,NA,0
435,5,98,NA,NA,NA,0
436,3,99,NA,NA,NA,0
437,3,99,NA,NA,NA,0
438,3,99,NA,NA,NA,0
439,5,100,NA,NA,NA,0
440,5,100,NA,NA,NA,0
441,5,100,NA,NA,NA,0
442,5,100,NA,NA,NA,0
443,5,100,NA,NA,NA,0
444,6,101,NA,NA,NA,0
445,6,101,NA,NA,NA,0
446,6,101,NA,NA,NA,0
447,6,101,"E",NA,NA,0
448,6,101,NA,NA,NA,0
449,6,101,NA,NA,NA,0
450,4,102,NA,NA,NA,0
451,4,102,NA,NA,NA,0
452,4,102,NA,NA,NA,0
453,4,102,NA,NA,NA,0
454,5,103,NA,NA,NA,0
455,5,103,NA,NA,NA,0
456,5,103,NA,NA,NA,0
457,5,103,NA,NA,NA,0
458,5,103,NA,NA,NA,0
459,6,104,NA,NA,NA,0
460,6,104,NA,NA,NA,0
461,6,104,NA,NA,NA,0
462,6,104,NA,NA,NA,0
463,6,104,NA,NA,NA,0
464,6,104,NA,NA,NA,0
465,4,105,NA,NA,NA,0
466,4,105,NA,NA,NA,0
467,4,105,NA,NA,NA,0
468,4,105,NA,NA,NA,0
469,5,106,NA,NA,NA,0
470,5,106,NA,NA,NA,0
471,5,106,NA,NA,NA,0
472,5,106,NA,NA,NA,0
473,5,106,NA,NA,NA,0
474,3,107,NA,NA,NA,0
475,3,107,NA,NA,NA,0
476,3,107,NA,NA,NA,0
477,5,108,NA,NA,NA,0
478,5,108,NA,NA,NA,0
479,5,108,NA,NA,NA,0
480,5,108,NA,NA,NA,0
481,5,108,NA,NA,NA,0
482,3,109,NA,NA,NA,0
483,3,109,NA,NA,NA,0
484,3,109,NA,NA,NA,0
485,6,110,NA,NA,NA,0
486,6,110,NA,NA,NA,0
487,6,110,NA,NA,NA,0
488,6,110,NA,NA,NA,0
489,6,110,NA,NA,NA,0
490,6,110,NA,NA,NA,0
491,6,111,NA,NA,NA,0
492,6,111,NA,NA,NA,0
493,6,111,NA,NA,NA,0
494,6,111,NA,NA,NA,0
495,6,111,NA,NA,NA,0
496,6,111,NA,NA,NA,0
497,3,112,NA,NA,NA,0
498,3,112,NA,NA,NA,0
499,3,112,NA,NA,NA,0
500,6,113,NA,NA,NA,0
501,6,113,NA,NA,NA,0
502,6,113,NA,NA,NA,0
503,6,113,NA,NA,NA,0
504,6,113,NA,NA,NA,0
505,6,113,NA,NA,NA,0
506,5,114,NA,NA,NA,0
507,5,114,NA,NA,NA,0
508,5,114,"E",25,4,0
509,5,114,NA,NA,NA,0
510,5,114,NA,NA,NA,0
511,6,115,NA,NA,NA,0
512,6,115,NA,NA,NA,0
513,6,115,NA,NA,NA,0
514,6,115,NA,NA,NA,0
515,6,115,NA,NA,NA,0
516,6,115,NA,NA,NA,0
517,5,116,NA,NA,NA,0
518,5,116,NA,NA,NA,0
519,5,116,NA,NA,NA,0
520,5,116,NA,NA,NA,0
521,5,116,NA,NA,NA,0
522,6,117,NA,NA,NA,0
523,6,117,NA,NA,NA,0
524,6,117,NA,NA,NA,0
525,6,117,NA,NA,NA,0
526,6,117,NA,NA,NA,0
527,6,117,NA,NA,NA,0
528,6,118,NA,NA,NA,0
529,6,118,"H",300,4,0
530,6,118,NA,NA,NA,0
531,6,118,"E",221,5,1
532,6,118,NA,NA,NA,0
533,6,118,NA,NA,NA,0
534,3,119,NA,NA,NA,0
535,3,119,NA,NA,NA,0
536,3,119,NA,NA,NA,0
537,6,120,NA,NA,NA,0
538,6,120,NA,NA,NA,0
539,6,120,NA,NA,NA,0
540,6,120,NA,NA,NA,0
541,6,120,NA,NA,NA,0
542,6,120,NA,NA,NA,0
543,5,121,NA,NA,NA,0
544,5,121,NA,NA,NA,0
545,5,121,NA,NA,NA,0
546,5,121,NA,NA,NA,0
547,5,121,NA,NA,NA,0
548,4,122,NA,NA,NA,0
549,4,122,NA,NA,NA,0
550,4,122,NA,NA,NA,0
551,4,122,NA,NA,NA,0
552,6,123,NA,NA,NA,0
553,6,123,NA,NA,NA,0
554,6,123,NA,NA,NA,0
555,6,123,NA,NA,NA,0
556,6,123,NA,NA,NA,0
557,6,123,NA,NA,NA,0
558,5,124,NA,NA,NA,0
559,5,124,NA,NA,NA,0
560,5,124,NA,NA,NA,0
561,5,124,NA,NA,NA,0
562,5,124,NA,NA,NA,0
563,5,125,NA,NA,NA,0
564,5,125,NA,NA,NA,0
565,5,125,NA,NA,NA,0
566,5,125,NA,NA,NA,0
567,5,125,NA,NA,NA,0
568,4,126,NA,NA,NA,0
569,4,126,NA,NA,NA,0
570,4,126,NA,NA,NA,0
571,4,126,NA,NA,NA,0
572,6,127,NA,NA,NA,0
573,6,127,NA,NA,NA,0
574,6,127,NA,NA,NA,0
575,6,127,NA,NA,NA,0
576,6,127,NA,NA,NA,0
577,6,127,NA,NA,NA,0
578,5,128,NA,NA,NA,0
579,5,128,NA,NA,NA,0
580,5,128,NA,NA,NA,0
581,5,128,NA,NA,NA,0
582,5,128,NA,NA,NA,0
583,3,129,NA,NA,NA,0
584,3,129,NA,NA,NA,0
585,3,129,NA,NA,NA,0
586,5,130,NA,NA,NA,0
587,5,130,NA,NA,NA,0
588,5,130,NA,NA,NA,0
589,5,130,NA,NA,NA,0
590,5,130,NA,NA,NA,0
591,4,131,NA,NA,NA,0
592,4,131,NA,NA,NA,0
593,4,131,NA,NA,NA,0
594,4,131,NA,NA,NA,0
595,6,132,NA,NA,NA,0
596,6,132,NA,NA,NA,0
597,6,132,NA,NA,NA,0
598,6,132,NA,NA,NA,0
599,6,132,NA,NA,NA,0
600,6,132,NA,NA,NA,0
601,4,133,NA,NA,NA,0
602,4,133,NA,NA,NA,0
603,4,133,NA,NA,NA,0
604,4,133,NA,NA,NA,0
605,4,134,NA,NA,NA,0
606,4,134,NA,NA,NA,0
607,4,134,NA,NA,NA,0
608,4,134,NA,NA,NA,0
609,5,135,NA,NA,NA,0
610,5,135,NA,NA,NA,0
611,5,135,NA,NA,NA,0
612,5,135,NA,NA,NA,0
613,5,135,NA,NA,NA,0
614,6,136,NA,NA,NA,0
615,6,136,NA,NA,NA,0
616,6,136,NA,NA,NA,0
617,6,136,NA,NA,NA,0
618,6,136,NA,NA,NA,0
619,6,136,NA,NA,NA,0
620,6,137,NA,NA,NA,0
621,6,137,NA,NA,NA,0
622,6,137,NA,NA,NA,0
623,6,137,"E",349,5,0
624,6,137,NA,NA,NA,0
625,6,137,NA,NA,NA,0
626,5,138,NA,NA,NA,0
627,5,138,"H",277,2,0
628,5,138,"E",NA,NA,0
629,5,138,"H",241,3,1
630,5,138,"E",196,4,1
631,6,139,NA,NA,NA,0
632,6,139,NA,NA,NA,0
633,6,139,NA,NA,NA,0
634,6,139,NA,NA,NA,0
635,6,139,NA,NA,NA,0
636,6,139,NA,NA,NA,0
637,5,140,"H",241,3,0
638,5,140,NA,NA,NA,0
639,5,140,NA,NA,NA,0
640,5,140,NA,NA,NA,0
641,5,140,"E",151,4,1
642,4,141,NA,NA,NA,0
643,4,141,NA,NA,NA,0
644,4,141,NA,NA,NA,0
645,4,141,NA,NA,NA,0
646,3,142,NA,NA,NA,0
647,3,142,NA,NA,NA,0
648,3,142,NA,NA,NA,0
649,5,143,NA,NA,NA,0
650,5,143,NA,NA,NA,0
651,5,143,NA,NA,NA,0
652,5,143,NA,NA,NA,0
653,5,143,NA,NA,NA,0
654,4,144,NA,NA,NA,0
655,4,144,NA,NA,NA,0
656,4,144,NA,NA,NA,0
657,4,144,NA,NA,NA,0
658,3,145,"H",69,1,1
659,3,145,"H",88,0,0
660,3,145,"E",31,2,1
661,5,146,NA,NA,NA,0
662,5,146,NA,NA,NA,0
663,5,146,NA,NA,NA,0
664,5,146,NA,NA,NA,0
665,5,146,NA,NA,NA,0
666,3,147,NA,NA,NA,0
667,3,147,NA,NA,NA,0
668,3,147,NA,NA,NA,0
669,4,148,NA,NA,NA,0
670,4,148,NA,NA,NA,0
671,4,148,NA,NA,NA,0
672,4,148,NA,NA,NA,0
673,6,149,NA,NA,NA,0
674,6,149,NA,NA,NA,0
675,6,149,NA,NA,NA,0
676,6,149,NA,NA,NA,0
677,6,149,NA,NA,NA,0
678,6,149,NA,NA,NA,0
679,3,150,NA,NA,NA,0
680,3,150,NA,NA,NA,0
681,3,150,NA,NA,NA,0
682,4,151,NA,NA,NA,0
683,4,151,NA,NA,NA,0
684,4,151,NA,NA,NA,0
685,4,151,NA,NA,NA,0
686,5,152,NA,NA,NA,0
687,5,152,NA,NA,NA,0
688,5,152,NA,NA,NA,0
689,5,152,NA,NA,NA,0
690,5,152,NA,NA,NA,0
691,6,153,NA,NA,NA,0
692,6,153,NA,NA,NA,0
693,6,153,NA,NA,NA,0
694,6,153,"E",111,5,1
695,6,153,NA,NA,NA,0
696,6,153,"H",160,4,0
697,4,154,"H",140,1,0
698,4,154,"H",110,2,1
699,4,154,"E",71,3,1
700,4,154,NA,NA,NA,0
701,6,155,"E",274,5,1
702,6,155,"H",353,2,1
703,6,155,NA,NA,NA,0
704,6,155,"H",313,4,2
705,6,155,"H",NA,NA,0
706,6,155,"H",334,2,0
707,3,156,NA,NA,NA,0
708,3,156,NA,NA,NA,0
709,3,156,NA,NA,NA,0
710,6,157,NA,NA,NA,0
711,6,157,NA,NA,NA,0
712,6,157,NA,NA,NA,0
713,6,157,NA,NA,NA,0
714,6,157,NA,NA,NA,0
715,6,157,NA,NA,NA,0
716,5,158,NA,NA,NA,0
717,5,158,NA,NA,NA,0
718,5,158,NA,NA,NA,0
719,5,158,NA,NA,NA,0
720,5,158,NA,NA,NA,0
721,6,159,NA,NA,NA,0
722,6,159,NA,NA,NA,0
723,6,159,NA,NA,NA,0
724,6,159,NA,NA,NA,0
725,6,159,NA,NA,NA,0
726,6,159,NA,NA,NA,0
727,4,160,NA,NA,NA,0
728,4,160,NA,NA,NA,0
729,4,160,NA,NA,NA,0
730,4,160,NA,NA,NA,0
731,3,161,"E",117,2,2
732,3,161,"H",153,0,0
733,3,161,"H",174,0,0
734,4,162,NA,NA,NA,0
735,4,162,NA,NA,NA,0
736,4,162,"E",NA,NA,0
737,4,162,NA,NA,NA,0
738,4,163,"E",262,3,1
739,4,163,"H",311,1,0
740,4,163,"H",272,2,1
741,4,163,NA,NA,NA,0
742,5,164,NA,NA,NA,0
743,5,164,NA,NA,NA,0
744,5,164,NA,NA,NA,0
745,5,164,NA,NA,NA,0
746,5,164,NA,NA,NA,0
747,5,165,"H",340,3,2
748,5,165,"E",308,4,1
749,5,165,NA,NA,NA,0
750,5,165,"H",NA,NA,0
751,5,165,"H",355,1,0
752,6,166,"H",142,3,0
753,6,166,"H",191,3,0
754,6,166,"E",116,5,2
755,6,166,NA,NA,NA,0
756,6,166,NA,NA,NA,0
757,6,166,NA,NA,NA,0
758,4,167,NA,NA,NA,0
759,4,167,NA,NA,NA,0
760,4,167,NA,NA,NA,0
761,4,167,NA,NA,NA,0
762,4,168,NA,NA,NA,0
763,4,168,NA,NA,NA,0
764,4,168,NA,NA,NA,0
765,4,168,NA,NA,NA,0
766,4,169,NA,NA,NA,0
767,4,169,NA,NA,NA,0
768,4,169,NA,NA,NA,0
769,4,169,NA,NA,NA,0
770,4,170,NA,NA,NA,0
771,4,170,NA,NA,NA,0
772,4,170,"E",159,2,0
773,4,170,"E",148,2,0
774,3,171,NA,NA,NA,0
775,3,171,NA,NA,NA,0
776,3,171,NA,NA,NA,0
777,3,172,NA,NA,NA,0
778,3,172,NA,NA,NA,0
779,3,172,NA,NA,NA,0
780,4,173,NA,NA,NA,0
781,4,173,NA,NA,NA,0
782,4,173,NA,NA,NA,0
783,4,173,NA,NA,NA,0
784,4,174,NA,NA,NA,0
785,4,174,NA,NA,NA,0
786,4,174,NA,NA,NA,0
787,4,174,NA,NA,NA,0
788,5,175,NA,NA,NA,0
789,5,175,NA,NA,NA,0
790,5,175,NA,NA,NA,0
791,5,175,NA,NA,NA,0
792,5,175,NA,NA,NA,0
793,3,176,NA,NA,NA,0
794,3,176,NA,NA,NA,0
795,3,176,NA,NA,NA,0
796,3,177,NA,NA,NA,0
797,3,177,NA,NA,NA,0
798,3,177,NA,NA,NA,0
799,4,178,NA,NA,NA,0
800,4,178,NA,NA,NA,0
801,4,178,NA,NA,NA,0
802,4,178,NA,NA,NA,0
803,5,179,NA,NA,NA,0
804,5,179,NA,NA,NA,0
805,5,179,NA,NA,NA,0
806,5,179,"E",283,4,0
807,5,179,NA,NA,NA,0
808,5,180,NA,NA,NA,0
809,5,180,NA,NA,NA,0
810,5,180,NA,NA,NA,0
811,5,180,NA,NA,NA,0
812,5,180,NA,NA,NA,0
813,4,181,NA,NA,NA,0
814,4,181,NA,NA,NA,0
815,4,181,NA,NA,NA,0
816,4,181,NA,NA,NA,0
817,4,182,"H",252,2,0
818,4,182,NA,NA,NA,0
819,4,182,NA,NA,NA,0
820,4,182,"E",214,3,1
821,5,183,NA,NA,NA,0
822,5,183,NA,NA,NA,0
823,5,183,NA,NA,NA,0
824,5,183,NA,NA,NA,0
825,5,183,NA,NA,NA,0
826,4,184,NA,NA,NA,0
827,4,184,NA,NA,NA,0
828,4,184,NA,NA,NA,0
829,4,184,NA,NA,NA,0
830,3,185,NA,NA,NA,0
831,3,185,NA,NA,NA,0
832,3,185,NA,NA,NA,0
833,3,186,NA,NA,NA,0
834,3,186,NA,NA,NA,0
835,3,186,NA,NA,NA,0
836,6,187,NA,NA,NA,0
837,6,187,NA,NA,NA,0
838,6,187,NA,NA,NA,0
839,6,187,NA,NA,NA,0
840,6,187,NA,NA,NA,0
841,6,187,NA,NA,NA,0
842,4,188,NA,NA,NA,0
843,4,188,NA,NA,NA,0
844,4,188,NA,NA,NA,0
845,4,188,NA,NA,NA,0
846,3,189,NA,NA,NA,0
847,3,189,NA,NA,NA,0
848,3,189,NA,NA,NA,0
849,6,190,NA,NA,NA,0
850,6,190,NA,NA,NA,0
851,6,190,NA,NA,NA,0
852,6,190,"E",186,5,1
853,6,190,NA,NA,NA,0
854,6,190,"H",222,4,0
855,4,191,NA,NA,NA,0
856,4,191,NA,NA,NA,0
857,4,191,NA,NA,NA,0
858,4,191,NA,NA,NA,0
859,4,192,NA,NA,NA,0
860,4,192,NA,NA,NA,0
861,4,192,NA,NA,NA,0
862,4,192,NA,NA,NA,0
863,3,193,NA,NA,NA,0
864,3,193,NA,NA,NA,0
865,3,193,NA,NA,NA,0
866,6,194,NA,NA,NA,0
867,6,194,NA,NA,NA,0
868,6,194,NA,NA,NA,0
869,6,194,NA,NA,NA,0
870,6,194,NA,NA,NA,0
871,6,194,NA,NA,NA,0
872,3,195,"E",NA,NA,0
873,3,195,NA,NA,NA,0
874,3,195,NA,NA,NA,0
875,3,196,NA,NA,NA,0
876,3,196,NA,NA,NA,0
877,3,196,NA,NA,NA,0
878,6,197,NA,NA,NA,0
879,6,197,NA,NA,NA,0
880,6,197,NA,NA,NA,0
881,6,197,NA,NA,NA,0
882,6,197,NA,NA,NA,0
883,6,197,NA,NA,NA,0
884,6,198,NA,NA,NA,0
885,6,198,NA,NA,NA,0
886,6,198,NA,NA,NA,0
887,6,198,NA,NA,NA,0
888,6,198,NA,NA,NA,0
889,6,198,NA,NA,NA,0
890,4,199,NA,NA,NA,0
891,4,199,NA,NA,NA,0
892,4,199,"E",115,3,0
893,4,199,NA,NA,NA,0
894,6,200,NA,NA,NA,0
895,6,200,NA,NA,NA,0
896,6,200,NA,NA,NA,0
897,6,200,NA,NA,NA,0
898,6,200,NA,NA,NA,0
899,6,200,NA,NA,NA,0
900,6,201,"H",283,1,0
901,6,201,NA,NA,NA,0
902,6,201,"H",52,4,1
903,6,201,"E",256,2,1
904,6,201,"H",109,3,0
905,6,201,"E",32,5,1
906,3,202,NA,NA,NA,0
907,3,202,NA,NA,NA,0
908,3,202,NA,NA,NA,0
909,5,203,NA,NA,NA,0
910,5,203,NA,NA,NA,0
911,5,203,NA,NA,NA,0
912,5,203,NA,NA,NA,0
913,5,203,NA,NA,NA,0
914,4,204,NA,NA,NA,0
915,4,204,NA,NA,NA,0
916,4,204,NA,NA,NA,0
917,4,204,NA,NA,NA,0
918,3,205,NA,NA,NA,0
919,3,205,NA,NA,NA,0
920,3,205,NA,NA,NA,0
921,5,206,"H",265,3,0
922,5,206,NA,NA,NA,0
923,5,206,NA,NA,NA,0
924,5,206,NA,NA,NA,0
925,5,206,"E",234,4,1
926,4,207,NA,NA,NA,0
927,4,207,NA,NA,NA,0
928,4,207,NA,NA,NA,0
929,4,207,NA,NA,NA,0
930,3,208,NA,NA,NA,0
931,3,208,NA,NA,NA,0
932,3,208,NA,NA,NA,0
933,5,209,NA,NA,NA,0
934,5,209,NA,NA,NA,0
935,5,209,NA,NA,NA,0
936,5,209,NA,NA,NA,0
937,5,209,NA,NA,NA,0
938,5,210,NA,NA,NA,0
939,5,210,"E",NA,NA,0
940,5,210,NA,NA,NA,0
941,5,210,NA,NA,NA,0
942,5,210,NA,NA,NA,0
943,5,211,NA,NA,NA,0
944,5,211,NA,NA,NA,0
945,5,211,NA,NA,NA,0
946,5,211,NA,NA,NA,0
947,5,211,NA,NA,NA,0
948,5,212,NA,NA,NA,0
949,5,212,NA,NA,NA,0
950,5,212,NA,NA,NA,0
951,5,212,NA,NA,NA,0
952,5,212,NA,NA,NA,0
953,4,213,NA,NA,NA,0
954,4,213,NA,NA,NA,0
955,4,213,NA,NA,NA,0
956,4,213,NA,NA,NA,0
957,4,214,NA,NA,NA,0
958,4,214,NA,NA,NA,0
959,4,214,NA,NA,NA,0
960,4,214,NA,NA,NA,0
961,5,215,NA,NA,NA,0
962,5,215,NA,NA,NA,0
963,5,215,NA,NA,NA,0
964,5,215,NA,NA,NA,0
965,5,215,NA,NA,NA,0
966,4,216,"E",183,3,1
967,4,216,NA,NA,NA,0
968,4,216,"H",226,2,1
969,4,216,"H",247,1,0
970,5,217,NA,NA,NA,0
971,5,217,NA,NA,NA,0
972,5,217,NA,NA,NA,0
973,5,217,NA,NA,NA,0
974,5,217,NA,NA,NA,0
975,4,218,NA,NA,NA,0
976,4,218,"E",225,3,1
977,4,218,NA,NA,NA,0
978,4,218,"H",258,2,0
979,3,219,NA,NA,NA,0
980,3,219,"E",363,2,0
981,3,219,NA,NA,NA,0
982,4,220,NA,NA,NA,0
983,4,220,NA,NA,NA,0
984,4,220,NA,NA,NA,0
985,4,220,NA,NA,NA,0
986,4,221,NA,NA,NA,0
987,4,221,NA,NA,NA,0
988,4,221,NA,NA,NA,0
989,4,221,NA,NA,NA,0
990,3,222,NA,NA,NA,0
991,3,222,NA,NA,NA,0
992,3,222,NA,NA,NA,0
993,3,223,"E",155,2,1
994,3,223,"H",194,1,1
995,3,223,"H",223,0,0
996,5,224,"E",312,4,1
997,5,224,"H",338,3,0
998,5,224,NA,NA,NA,0
999,5,224,NA,NA,NA,0
1000,5,224,NA,NA,NA,0
