"ID","SIZE","HH","TYPE","TIME","S_NUM","I_NUM"
1,3,1,"0",NA,NA,0
2,3,1,NA,NA,NA,0
3,3,1,NA,NA,NA,0
4,5,2,NA,NA,NA,0
5,5,2,NA,NA,NA,0
6,5,2,NA,NA,NA,0
7,5,2,NA,NA,NA,0
8,5,2,NA,NA,NA,0
9,6,3,NA,NA,NA,0
10,6,3,NA,NA,NA,0
11,6,3,NA,NA,NA,0
12,6,3,NA,NA,NA,0
13,6,3,NA,NA,NA,0
14,6,3,NA,NA,NA,0
15,5,4,NA,NA,NA,0
16,5,4,"H",NA,NA,0
17,5,4,NA,NA,NA,0
18,5,4,"E",324,4,1
19,5,4,NA,NA,NA,0
20,3,5,NA,NA,NA,0
21,3,5,NA,NA,NA,0
22,3,5,NA,NA,NA,0
23,4,6,NA,NA,NA,0
24,4,6,NA,NA,NA,0
25,4,6,NA,NA,NA,0
26,4,6,NA,NA,NA,0
27,3,7,NA,NA,NA,0
28,3,7,"E",302,2,1
29,3,7,"H",330,1,0
30,3,8,NA,NA,NA,0
31,3,8,NA,NA,NA,0
32,3,8,NA,NA,NA,0
33,3,9,NA,NA,NA,0
34,3,9,NA,NA,NA,0
35,3,9,NA,NA,NA,0
36,5,10,"E",262,4,0
37,5,10,NA,NA,NA,0
38,5,10,NA,NA,NA,0
39,5,10,"C",322,3,0
40,5,10,NA,NA,NA,0
41,4,11,NA,NA,NA,0
42,4,11,NA,NA,NA,0
43,4,11,NA,NA,NA,0
44,4,11,NA,NA,NA,0
45,4,12,NA,NA,NA,0
46,4,12,NA,NA,NA,0
47,4,12,NA,NA,NA,0
48,4,12,NA,NA,NA,0
49,5,13,NA,NA,NA,0
50,5,13,NA,NA,NA,0
51,5,13,NA,NA,NA,0
52,5,13,NA,NA,NA,0
53,5,13,NA,NA,NA,0
54,3,14,NA,NA,NA,0
55,3,14,NA,NA,NA,0
56,3,14,NA,NA,NA,0
57,3,15,"E",352,1,0
58,3,15,NA,NA,NA,0
59,3,15,"E",152,2,0
60,6,16,NA,NA,NA,0
61,6,16,NA,NA,NA,0
62,6,16,NA,NA,NA,0
63,6,16,NA,NA,NA,0
64,6,16,NA,NA,NA,0
65,6,16,NA,NA,NA,0
66,6,17,NA,NA,NA,0
67,6,17,NA,NA,NA,0
68,6,17,NA,NA,NA,0
69,6,17,NA,NA,NA,0
70,6,17,NA,NA,NA,0
71,6,17,NA,NA,NA,0
72,5,18,NA,NA,NA,0
73,5,18,NA,NA,NA,0
74,5,18,NA,NA,NA,0
75,5,18,NA,NA,NA,0
76,5,18,NA,NA,NA,0
77,3,19,NA,NA,NA,0
78,3,19,NA,NA,NA,0
79,3,19,NA,NA,NA,0
80,4,20,NA,NA,NA,0
81,4,20,NA,NA,NA,0
82,4,20,NA,NA,NA,0
83,4,20,NA,NA,NA,0
84,5,21,NA,NA,NA,0
85,5,21,NA,NA,NA,0
86,5,21,NA,NA,NA,0
87,5,21,NA,NA,NA,0
88,5,21,NA,NA,NA,0
89,4,22,NA,NA,NA,0
90,4,22,NA,NA,NA,0
91,4,22,NA,NA,NA,0
92,4,22,NA,NA,NA,0
93,6,23,NA,NA,NA,0
94,6,23,NA,NA,NA,0
95,6,23,NA,NA,NA,0
96,6,23,NA,NA,NA,0
97,6,23,NA,NA,NA,0
98,6,23,NA,NA,NA,0
99,3,24,NA,NA,NA,0
100,3,24,NA,NA,NA,0
101,3,24,NA,NA,NA,0
102,6,25,NA,NA,NA,0
103,6,25,NA,NA,NA,0
104,6,25,NA,NA,NA,0
105,6,25,NA,NA,NA,0
106,6,25,NA,NA,NA,0
107,6,25,NA,NA,NA,0
108,3,26,NA,NA,NA,0
109,3,26,NA,NA,NA,0
110,3,26,NA,NA,NA,0
111,3,27,NA,NA,NA,0
112,3,27,NA,NA,NA,0
113,3,27,"E",199,2,0
114,3,28,"E",164,2,0
115,3,28,NA,NA,NA,0
116,3,28,NA,NA,NA,0
117,4,29,NA,NA,NA,0
118,4,29,NA,NA,NA,0
119,4,29,NA,NA,NA,0
120,4,29,NA,NA,NA,0
121,5,30,NA,NA,NA,0
122,5,30,NA,NA,NA,0
123,5,30,NA,NA,NA,0
124,5,30,NA,NA,NA,0
125,5,30,NA,NA,NA,0
126,3,31,NA,NA,NA,0
127,3,31,NA,NA,NA,0
128,3,31,NA,NA,NA,0
129,5,32,NA,NA,NA,0
130,5,32,NA,NA,NA,0
131,5,32,NA,NA,NA,0
132,5,32,NA,NA,NA,0
133,5,32,NA,NA,NA,0
134,3,33,NA,NA,NA,0
135,3,33,NA,NA,NA,0
136,3,33,NA,NA,NA,0
137,5,34,NA,NA,NA,0
138,5,34,NA,NA,NA,0
139,5,34,NA,NA,NA,0
140,5,34,NA,NA,NA,0
141,5,34,NA,NA,NA,0
142,3,35,NA,NA,NA,0
143,3,35,NA,NA,NA,0
144,3,35,NA,NA,NA,0
145,5,36,NA,NA,NA,0
146,5,36,NA,NA,NA,0
147,5,36,NA,NA,NA,0
148,5,36,NA,NA,NA,0
149,5,36,NA,NA,NA,0
150,6,37,NA,NA,NA,0
151,6,37,NA,NA,NA,0
152,6,37,NA,NA,NA,0
153,6,37,NA,NA,NA,0
154,6,37,NA,NA,NA,0
155,6,37,NA,NA,NA,0
156,3,38,NA,NA,NA,0
157,3,38,NA,NA,NA,0
158,3,38,NA,NA,NA,0
159,5,39,NA,NA,NA,0
160,5,39,NA,NA,NA,0
161,5,39,NA,NA,NA,0
162,5,39,NA,NA,NA,0
163,5,39,NA,NA,NA,0
164,4,40,NA,NA,NA,0
165,4,40,NA,NA,NA,0
166,4,40,NA,NA,NA,0
167,4,40,NA,NA,NA,0
168,4,41,NA,NA,NA,0
169,4,41,NA,NA,NA,0
170,4,41,NA,NA,NA,0
171,4,41,NA,NA,NA,0
172,3,42,NA,NA,NA,0
173,3,42,NA,NA,NA,0
174,3,42,NA,NA,NA,0
175,5,43,NA,NA,NA,0
176,5,43,NA,NA,NA,0
177,5,43,NA,NA,NA,0
178,5,43,NA,NA,NA,0
179,5,43,NA,NA,NA,0
180,4,44,NA,NA,NA,0
181,4,44,NA,NA,NA,0
182,4,44,NA,NA,NA,0
183,4,44,NA,NA,NA,0
184,5,45,NA,NA,NA,0
185,5,45,NA,NA,NA,0
186,5,45,NA,NA,NA,0
187,5,45,NA,NA,NA,0
188,5,45,NA,NA,NA,0
189,5,46,NA,NA,NA,0
190,5,46,NA,NA,NA,0
191,5,46,NA,NA,NA,0
192,5,46,NA,NA,NA,0
193,5,46,NA,NA,NA,0
194,6,47,NA,NA,NA,0
195,6,47,NA,NA,NA,0
196,6,47,NA,NA,NA,0
197,6,47,NA,NA,NA,0
198,6,47,NA,NA,NA,0
199,6,47,NA,NA,NA,0
200,3,48,NA,NA,NA,0
201,3,48,NA,NA,NA,0
202,3,48,NA,NA,NA,0
203,4,49,NA,NA,NA,0
204,4,49,NA,NA,NA,0
205,4,49,NA,NA,NA,0
206,4,49,NA,NA,NA,0
207,5,50,NA,NA,NA,0
208,5,50,NA,NA,NA,0
209,5,50,"E",270,4,0
210,5,50,NA,NA,NA,0
211,5,50,NA,NA,NA,0
212,5,51,NA,NA,NA,0
213,5,51,NA,NA,NA,0
214,5,51,NA,NA,NA,0
215,5,51,NA,NA,NA,0
216,5,51,NA,NA,NA,0
217,4,52,NA,NA,NA,0
218,4,52,NA,NA,NA,0
219,4,52,NA,NA,NA,0
220,4,52,NA,NA,NA,0
221,3,53,NA,NA,NA,0
222,3,53,NA,NA,NA,0
223,3,53,NA,NA,NA,0
224,5,54,NA,NA,NA,0
225,5,54,NA,NA,NA,0
226,5,54,NA,NA,NA,0
227,5,54,NA,NA,NA,0
228,5,54,NA,NA,NA,0
229,3,55,NA,NA,NA,0
230,3,55,"E",361,2,0
231,3,55,NA,NA,NA,0
232,3,56,NA,NA,NA,0
233,3,56,NA,NA,NA,0
234,3,56,NA,NA,NA,0
235,6,57,"H",199,3,0
236,6,57,"E",187,5,2
237,6,57,"H",273,0,0
238,6,57,"H",236,3,3
239,6,57,"H",247,0,0
240,6,57,"H",271,0,0
241,5,58,NA,NA,NA,0
242,5,58,NA,NA,NA,0
243,5,58,NA,NA,NA,0
244,5,58,NA,NA,NA,0
245,5,58,NA,NA,NA,0
246,5,59,NA,NA,NA,0
247,5,59,"H",NA,NA,0
248,5,59,"E",346,4,1
249,5,59,NA,NA,NA,0
250,5,59,NA,NA,NA,0
251,4,60,NA,NA,NA,0
252,4,60,NA,NA,NA,0
253,4,60,NA,NA,NA,0
254,4,60,NA,NA,NA,0
255,5,61,NA,NA,NA,0
256,5,61,"E",225,4,1
257,5,61,NA,NA,NA,0
258,5,61,NA,NA,NA,0
259,5,61,"H",257,3,0
260,5,62,NA,NA,NA,0
261,5,62,NA,NA,NA,0
262,5,62,NA,NA,NA,0
263,5,62,NA,NA,NA,0
264,5,62,NA,NA,NA,0
265,6,63,NA,NA,NA,0
266,6,63,NA,NA,NA,0
267,6,63,NA,NA,NA,0
268,6,63,NA,NA,NA,0
269,6,63,NA,NA,NA,0
270,6,63,NA,NA,NA,0
271,6,64,"E",356,2,0
272,6,64,"E",174,4,1
273,6,64,NA,NA,NA,0
274,6,64,"H",193,3,0
275,6,64,"E",210,3,0
276,6,64,NA,NA,NA,0
277,3,65,NA,NA,NA,0
278,3,65,NA,NA,NA,0
279,3,65,NA,NA,NA,0
280,5,66,NA,NA,NA,0
281,5,66,NA,NA,NA,0
282,5,66,NA,NA,NA,0
283,5,66,NA,NA,NA,0
284,5,66,NA,NA,NA,0
285,6,67,NA,NA,NA,0
286,6,67,NA,NA,NA,0
287,6,67,NA,NA,NA,0
288,6,67,NA,NA,NA,0
289,6,67,NA,NA,NA,0
290,6,67,NA,NA,NA,0
291,5,68,"C",222,4,1
292,5,68,NA,NA,NA,0
293,5,68,NA,NA,NA,0
294,5,68,NA,NA,NA,0
295,5,68,"H",266,3,0
296,5,69,NA,NA,NA,0
297,5,69,NA,NA,NA,0
298,5,69,"E",236,4,0
299,5,69,NA,NA,NA,0
300,5,69,NA,NA,NA,0
301,5,70,NA,NA,NA,0
302,5,70,NA,NA,NA,0
303,5,70,NA,NA,NA,0
304,5,70,NA,NA,NA,0
305,5,70,NA,NA,NA,0
306,3,71,NA,NA,NA,0
307,3,71,NA,NA,NA,0
308,3,71,NA,NA,NA,0
309,6,72,"H",132,2,0
310,6,72,"E",86,4,1
311,6,72,"H",108,3,1
312,6,72,NA,NA,NA,0
313,6,72,NA,NA,NA,0
314,6,72,"E",89,4,0
315,5,73,"E",63,4,0
316,5,73,NA,NA,NA,0
317,5,73,NA,NA,NA,0
318,5,73,NA,NA,NA,0
319,5,73,NA,NA,NA,0
320,3,74,NA,NA,NA,0
321,3,74,NA,NA,NA,0
322,3,74,NA,NA,NA,0
323,6,75,"E",214,4,0
324,6,75,"H",268,1,0
325,6,75,"E",227,3,0
326,6,75,"H",315,0,0
327,6,75,"E",245,3,2
328,6,75,"H",295,1,1
329,5,76,NA,NA,NA,0
330,5,76,NA,NA,NA,0
331,5,76,NA,NA,NA,0
332,5,76,NA,NA,NA,0
333,5,76,NA,NA,NA,0
334,3,77,NA,NA,NA,0
335,3,77,NA,NA,NA,0
336,3,77,NA,NA,NA,0
337,4,78,NA,NA,NA,0
338,4,78,NA,NA,NA,0
339,4,78,NA,NA,NA,0
340,4,78,"E",254,3,0
341,3,79,NA,NA,NA,0
342,3,79,NA,NA,NA,0
343,3,79,NA,NA,NA,0
344,4,80,"E",208,3,1
345,4,80,"H",255,0,0
346,4,80,"H",237,2,2
347,4,80,"H",275,0,0
348,6,81,NA,NA,NA,0
349,6,81,"H",121,4,1
350,6,81,"H",226,2,0
351,6,81,NA,NA,NA,0
352,6,81,"E",86,5,1
353,6,81,"H",166,3,1
354,4,82,NA,NA,NA,0
355,4,82,NA,NA,NA,0
356,4,82,"E",NA,NA,0
357,4,82,NA,NA,NA,0
358,4,83,NA,NA,NA,0
359,4,83,NA,NA,NA,0
360,4,83,NA,NA,NA,0
361,4,83,NA,NA,NA,0
362,3,84,NA,NA,NA,0
363,3,84,NA,NA,NA,0
364,3,84,NA,NA,NA,0
365,3,85,NA,NA,NA,0
366,3,85,NA,NA,NA,0
367,3,85,NA,NA,NA,0
368,3,86,NA,NA,NA,0
369,3,86,NA,NA,NA,0
370,3,86,NA,NA,NA,0
371,6,87,NA,NA,NA,0
372,6,87,NA,NA,NA,0
373,6,87,NA,NA,NA,0
374,6,87,NA,NA,NA,0
375,6,87,NA,NA,NA,0
376,6,87,NA,NA,NA,0
377,5,88,NA,NA,NA,0
378,5,88,NA,NA,NA,0
379,5,88,NA,NA,NA,0
380,5,88,NA,NA,NA,0
381,5,88,NA,NA,NA,0
382,4,89,NA,NA,NA,0
383,4,89,NA,NA,NA,0
384,4,89,NA,NA,NA,0
385,4,89,NA,NA,NA,0
386,3,90,NA,NA,NA,0
387,3,90,NA,NA,NA,0
388,3,90,NA,NA,NA,0
389,6,91,NA,NA,NA,0
390,6,91,NA,NA,NA,0
391,6,91,NA,NA,NA,0
392,6,91,NA,NA,NA,0
393,6,91,NA,NA,NA,0
394,6,91,NA,NA,NA,0
395,6,92,"E",99,5,1
396,6,92,"H",217,1,0
397,6,92,"H",166,2,1
398,6,92,NA,NA,NA,0
399,6,92,"H",162,2,0
400,6,92,"H",131,4,2
401,5,93,NA,NA,NA,0
402,5,93,"E",353,4,0
403,5,93,NA,NA,NA,0
404,5,93,NA,NA,NA,0
405,5,93,NA,NA,NA,0
406,5,94,NA,NA,NA,0
407,5,94,NA,NA,NA,0
408,5,94,NA,NA,NA,0
409,5,94,NA,NA,NA,0
410,5,94,NA,NA,NA,0
411,4,95,NA,NA,NA,0
412,4,95,NA,NA,NA,0
413,4,95,NA,NA,NA,0
414,4,95,NA,NA,NA,0
415,4,96,NA,NA,NA,0
416,4,96,NA,NA,NA,0
417,4,96,"E",108,3,0
418,4,96,NA,NA,NA,0
419,6,97,NA,NA,NA,0
420,6,97,NA,NA,NA,0
421,6,97,NA,NA,NA,0
422,6,97,NA,NA,NA,0
423,6,97,NA,NA,NA,0
424,6,97,NA,NA,NA,0
425,6,98,NA,NA,NA,0
426,6,98,NA,NA,NA,0
427,6,98,NA,NA,NA,0
428,6,98,NA,NA,NA,0
429,6,98,NA,NA,NA,0
430,6,98,NA,NA,NA,0
431,3,99,NA,NA,NA,0
432,3,99,NA,NA,NA,0
433,3,99,NA,NA,NA,0
434,3,100,NA,NA,NA,0
435,3,100,NA,NA,NA,0
436,3,100,NA,NA,NA,0
437,6,101,NA,NA,NA,0
438,6,101,NA,NA,NA,0
439,6,101,NA,NA,NA,0
440,6,101,NA,NA,NA,0
441,6,101,NA,NA,NA,0
442,6,101,NA,NA,NA,0
443,3,102,NA,NA,NA,0
444,3,102,NA,NA,NA,0
445,3,102,NA,NA,NA,0
446,5,103,NA,NA,NA,0
447,5,103,NA,NA,NA,0
448,5,103,NA,NA,NA,0
449,5,103,NA,NA,NA,0
450,5,103,NA,NA,NA,0
451,4,104,NA,NA,NA,0
452,4,104,NA,NA,NA,0
453,4,104,NA,NA,NA,0
454,4,104,"E",58,3,0
455,5,105,NA,NA,NA,0
456,5,105,NA,NA,NA,0
457,5,105,NA,NA,NA,0
458,5,105,NA,NA,NA,0
459,5,105,NA,NA,NA,0
460,5,106,NA,NA,NA,0
461,5,106,NA,NA,NA,0
462,5,106,NA,NA,NA,0
463,5,106,NA,NA,NA,0
464,5,106,NA,NA,NA,0
465,6,107,NA,NA,NA,0
466,6,107,NA,NA,NA,0
467,6,107,NA,NA,NA,0
468,6,107,NA,NA,NA,0
469,6,107,NA,NA,NA,0
470,6,107,NA,NA,NA,0
471,6,108,NA,NA,NA,0
472,6,108,NA,NA,NA,0
473,6,108,NA,NA,NA,0
474,6,108,NA,NA,NA,0
475,6,108,NA,NA,NA,0
476,6,108,NA,NA,NA,0
477,5,109,NA,NA,NA,0
478,5,109,NA,NA,NA,0
479,5,109,NA,NA,NA,0
480,5,109,NA,NA,NA,0
481,5,109,NA,NA,NA,0
482,3,110,NA,NA,NA,0
483,3,110,NA,NA,NA,0
484,3,110,NA,NA,NA,0
485,6,111,NA,NA,NA,0
486,6,111,NA,NA,NA,0
487,6,111,NA,NA,NA,0
488,6,111,NA,NA,NA,0
489,6,111,NA,NA,NA,0
490,6,111,NA,NA,NA,0
491,4,112,"E",105,3,2
492,4,112,"H",138,1,1
493,4,112,"H",135,1,0
494,4,112,"H",210,0,0
495,5,113,NA,NA,NA,0
496,5,113,NA,NA,NA,0
497,5,113,NA,NA,NA,0
498,5,113,NA,NA,NA,0
499,5,113,NA,NA,NA,0
500,3,114,NA,NA,NA,0
501,3,114,NA,NA,NA,0
502,3,114,NA,NA,NA,0
503,3,115,NA,NA,NA,0
504,3,115,NA,NA,NA,0
505,3,115,NA,NA,NA,0
506,3,116,NA,NA,NA,0
507,3,116,NA,NA,NA,0
508,3,116,NA,NA,NA,0
509,6,117,NA,NA,NA,0
510,6,117,NA,NA,NA,0
511,6,117,NA,NA,NA,0
512,6,117,NA,NA,NA,0
513,6,117,NA,NA,NA,0
514,6,117,NA,NA,NA,0
515,6,118,NA,NA,NA,0
516,6,118,NA,NA,NA,0
517,6,118,NA,NA,NA,0
518,6,118,NA,NA,NA,0
519,6,118,NA,NA,NA,0
520,6,118,NA,NA,NA,0
521,3,119,NA,NA,NA,0
522,3,119,NA,NA,NA,0
523,3,119,NA,NA,NA,0
524,5,120,NA,NA,NA,0
525,5,120,NA,NA,NA,0
526,5,120,NA,NA,NA,0
527,5,120,NA,NA,NA,0
528,5,120,NA,NA,NA,0
529,5,121,"E",305,4,0
530,5,121,NA,NA,NA,0
531,5,121,NA,NA,NA,0
532,5,121,NA,NA,NA,0
533,5,121,NA,NA,NA,0
534,3,122,NA,NA,NA,0
535,3,122,NA,NA,NA,0
536,3,122,NA,NA,NA,0
537,6,123,NA,NA,NA,0
538,6,123,NA,NA,NA,0
539,6,123,NA,NA,NA,0
540,6,123,NA,NA,NA,0
541,6,123,NA,NA,NA,0
542,6,123,NA,NA,NA,0
543,5,124,NA,NA,NA,0
544,5,124,NA,NA,NA,0
545,5,124,NA,NA,NA,0
546,5,124,NA,NA,NA,0
547,5,124,NA,NA,NA,0
548,6,125,NA,NA,NA,0
549,6,125,NA,NA,NA,0
550,6,125,NA,NA,NA,0
551,6,125,NA,NA,NA,0
552,6,125,NA,NA,NA,0
553,6,125,NA,NA,NA,0
554,6,126,NA,NA,NA,0
555,6,126,NA,NA,NA,0
556,6,126,NA,NA,NA,0
557,6,126,NA,NA,NA,0
558,6,126,NA,NA,NA,0
559,6,126,NA,NA,NA,0
560,6,127,NA,NA,NA,0
561,6,127,NA,NA,NA,0
562,6,127,NA,NA,NA,0
563,6,127,NA,NA,NA,0
564,6,127,NA,NA,NA,0
565,6,127,NA,NA,NA,0
566,4,128,NA,NA,NA,0
567,4,128,NA,NA,NA,0
568,4,128,NA,NA,NA,0
569,4,128,NA,NA,NA,0
570,6,129,"E",118,5,1
571,6,129,"H",179,4,1
572,6,129,NA,NA,NA,0
573,6,129,"H",205,3,0
574,6,129,NA,NA,NA,0
575,6,129,"E",NA,NA,0
576,6,130,NA,NA,NA,0
577,6,130,NA,NA,NA,0
578,6,130,NA,NA,NA,0
579,6,130,NA,NA,NA,0
580,6,130,NA,NA,NA,0
581,6,130,NA,NA,NA,0
582,4,131,NA,NA,NA,0
583,4,131,NA,NA,NA,0
584,4,131,NA,NA,NA,0
585,4,131,NA,NA,NA,0
586,3,132,NA,NA,NA,0
587,3,132,NA,NA,NA,0
588,3,132,NA,NA,NA,0
589,5,133,NA,NA,NA,0
590,5,133,NA,NA,NA,0
591,5,133,NA,NA,NA,0
592,5,133,NA,NA,NA,0
593,5,133,NA,NA,NA,0
594,6,134,NA,NA,NA,0
595,6,134,NA,NA,NA,0
596,6,134,"E",301,5,1
597,6,134,NA,NA,NA,0
598,6,134,NA,NA,NA,0
599,6,134,"H",319,4,0
600,3,135,NA,NA,NA,0
601,3,135,NA,NA,NA,0
602,3,135,NA,NA,NA,0
603,3,136,NA,NA,NA,0
604,3,136,"E",173,2,0
605,3,136,NA,NA,NA,0
606,6,137,NA,NA,NA,0
607,6,137,NA,NA,NA,0
608,6,137,NA,NA,NA,0
609,6,137,NA,NA,NA,0
610,6,137,NA,NA,NA,0
611,6,137,NA,NA,NA,0
612,6,138,NA,NA,NA,0
613,6,138,NA,NA,NA,0
614,6,138,NA,NA,NA,0
615,6,138,NA,NA,NA,0
616,6,138,NA,NA,NA,0
617,6,138,NA,NA,NA,0
618,3,139,NA,NA,NA,0
619,3,139,NA,NA,NA,0
620,3,139,NA,NA,NA,0
621,3,140,NA,NA,NA,0
622,3,140,NA,NA,NA,0
623,3,140,NA,NA,NA,0
624,5,141,NA,NA,NA,0
625,5,141,NA,NA,NA,0
626,5,141,NA,NA,NA,0
627,5,141,NA,NA,NA,0
628,5,141,NA,NA,NA,0
629,4,142,NA,NA,NA,0
630,4,142,NA,NA,NA,0
631,4,142,NA,NA,NA,0
632,4,142,NA,NA,NA,0
633,5,143,NA,NA,NA,0
634,5,143,NA,NA,NA,0
635,5,143,NA,NA,NA,0
636,5,143,NA,NA,NA,0
637,5,143,NA,NA,NA,0
638,4,144,NA,NA,NA,0
639,4,144,NA,NA,NA,0
640,4,144,NA,NA,NA,0
641,4,144,NA,NA,NA,0
642,5,145,"E",247,4,2
643,5,145,NA,NA,NA,0
644,5,145,"H",340,1,0
645,5,145,"H",294,1,0
646,5,145,"H",276,2,1
647,4,146,NA,NA,NA,0
648,4,146,NA,NA,NA,0
649,4,146,NA,NA,NA,0
650,4,146,NA,NA,NA,0
651,4,147,NA,NA,NA,0
652,4,147,NA,NA,NA,0
653,4,147,NA,NA,NA,0
654,4,147,NA,NA,NA,0
655,3,148,NA,NA,NA,0
656,3,148,NA,NA,NA,0
657,3,148,NA,NA,NA,0
658,4,149,NA,NA,NA,0
659,4,149,NA,NA,NA,0
660,4,149,NA,NA,NA,0
661,4,149,NA,NA,NA,0
662,6,150,NA,NA,NA,0
663,6,150,NA,NA,NA,0
664,6,150,NA,NA,NA,0
665,6,150,NA,NA,NA,0
666,6,150,NA,NA,NA,0
667,6,150,NA,NA,NA,0
668,6,151,NA,NA,NA,0
669,6,151,NA,NA,NA,0
670,6,151,NA,NA,NA,0
671,6,151,NA,NA,NA,0
672,6,151,NA,NA,NA,0
673,6,151,NA,NA,NA,0
674,4,152,NA,NA,NA,0
675,4,152,NA,NA,NA,0
676,4,152,NA,NA,NA,0
677,4,152,NA,NA,NA,0
678,6,153,NA,NA,NA,0
679,6,153,NA,NA,NA,0
680,6,153,NA,NA,NA,0
681,6,153,NA,NA,NA,0
682,6,153,NA,NA,NA,0
683,6,153,NA,NA,NA,0
684,5,154,NA,NA,NA,0
685,5,154,NA,NA,NA,0
686,5,154,NA,NA,NA,0
687,5,154,NA,NA,NA,0
688,5,154,NA,NA,NA,0
689,6,155,NA,NA,NA,0
690,6,155,NA,NA,NA,0
691,6,155,NA,NA,NA,0
692,6,155,NA,NA,NA,0
693,6,155,NA,NA,NA,0
694,6,155,NA,NA,NA,0
695,6,156,NA,NA,NA,0
696,6,156,NA,NA,NA,0
697,6,156,NA,NA,NA,0
698,6,156,NA,NA,NA,0
699,6,156,NA,NA,NA,0
700,6,156,NA,NA,NA,0
701,4,157,NA,NA,NA,0
702,4,157,NA,NA,NA,0
703,4,157,NA,NA,NA,0
704,4,157,NA,NA,NA,0
705,4,158,NA,NA,NA,0
706,4,158,NA,NA,NA,0
707,4,158,NA,NA,NA,0
708,4,158,NA,NA,NA,0
709,6,159,NA,NA,NA,0
710,6,159,"C",293,5,0
711,6,159,NA,NA,NA,0
712,6,159,NA,NA,NA,0
713,6,159,NA,NA,NA,0
714,6,159,NA,NA,NA,0
715,5,160,NA,NA,NA,0
716,5,160,NA,NA,NA,0
717,5,160,NA,NA,NA,0
718,5,160,NA,NA,NA,0
719,5,160,"E",NA,NA,0
720,3,161,NA,NA,NA,0
721,3,161,NA,NA,NA,0
722,3,161,NA,NA,NA,0
723,5,162,NA,NA,NA,0
724,5,162,NA,NA,NA,0
725,5,162,NA,NA,NA,0
726,5,162,NA,NA,NA,0
727,5,162,NA,NA,NA,0
728,6,163,NA,NA,NA,0
729,6,163,NA,NA,NA,0
730,6,163,NA,NA,NA,0
731,6,163,NA,NA,NA,0
732,6,163,NA,NA,NA,0
733,6,163,NA,NA,NA,0
734,3,164,NA,NA,NA,0
735,3,164,NA,NA,NA,0
736,3,164,NA,NA,NA,0
737,6,165,NA,NA,NA,0
738,6,165,NA,NA,NA,0
739,6,165,NA,NA,NA,0
740,6,165,NA,NA,NA,0
741,6,165,NA,NA,NA,0
742,6,165,NA,NA,NA,0
743,5,166,NA,NA,NA,0
744,5,166,NA,NA,NA,0
745,5,166,NA,NA,NA,0
746,5,166,NA,NA,NA,0
747,5,166,NA,NA,NA,0
748,5,167,NA,NA,NA,0
749,5,167,NA,NA,NA,0
750,5,167,NA,NA,NA,0
751,5,167,NA,NA,NA,0
752,5,167,NA,NA,NA,0
753,5,168,NA,NA,NA,0
754,5,168,NA,NA,NA,0
755,5,168,NA,NA,NA,0
756,5,168,NA,NA,NA,0
757,5,168,NA,NA,NA,0
758,5,169,NA,NA,NA,0
759,5,169,NA,NA,NA,0
760,5,169,NA,NA,NA,0
761,5,169,NA,NA,NA,0
762,5,169,NA,NA,NA,0
763,6,170,NA,NA,NA,0
764,6,170,NA,NA,NA,0
765,6,170,NA,NA,NA,0
766,6,170,NA,NA,NA,0
767,6,170,"E",83,5,0
768,6,170,NA,NA,NA,0
769,5,171,NA,NA,NA,0
770,5,171,NA,NA,NA,0
771,5,171,NA,NA,NA,0
772,5,171,NA,NA,NA,0
773,5,171,NA,NA,NA,0
774,6,172,NA,NA,NA,0
775,6,172,NA,NA,NA,0
776,6,172,NA,NA,NA,0
777,6,172,NA,NA,NA,0
778,6,172,NA,NA,NA,0
779,6,172,NA,NA,NA,0
780,3,173,NA,NA,NA,0
781,3,173,NA,NA,NA,0
782,3,173,NA,NA,NA,0
783,5,174,NA,NA,NA,0
784,5,174,NA,NA,NA,0
785,5,174,NA,NA,NA,0
786,5,174,NA,NA,NA,0
787,5,174,NA,NA,NA,0
788,6,175,NA,NA,NA,0
789,6,175,NA,NA,NA,0
790,6,175,NA,NA,NA,0
791,6,175,NA,NA,NA,0
792,6,175,NA,NA,NA,0
793,6,175,NA,NA,NA,0
794,4,176,NA,NA,NA,0
795,4,176,NA,NA,NA,0
796,4,176,NA,NA,NA,0
797,4,176,NA,NA,NA,0
798,3,177,NA,NA,NA,0
799,3,177,NA,NA,NA,0
800,3,177,NA,NA,NA,0
801,3,178,NA,NA,NA,0
802,3,178,NA,NA,NA,0
803,3,178,NA,NA,NA,0
804,6,179,NA,NA,NA,0
805,6,179,NA,NA,NA,0
806,6,179,NA,NA,NA,0
807,6,179,NA,NA,NA,0
808,6,179,NA,NA,NA,0
809,6,179,"E",205,5,0
810,3,180,NA,NA,NA,0
811,3,180,NA,NA,NA,0
812,3,180,NA,NA,NA,0
813,4,181,NA,NA,NA,0
814,4,181,NA,NA,NA,0
815,4,181,NA,NA,NA,0
816,4,181,NA,NA,NA,0
817,6,182,NA,NA,NA,0
818,6,182,NA,NA,NA,0
819,6,182,NA,NA,NA,0
820,6,182,NA,NA,NA,0
821,6,182,"E",296,5,0
822,6,182,NA,NA,NA,0
823,3,183,NA,NA,NA,0
824,3,183,NA,NA,NA,0
825,3,183,NA,NA,NA,0
826,5,184,NA,NA,NA,0
827,5,184,NA,NA,NA,0
828,5,184,NA,NA,NA,0
829,5,184,NA,NA,NA,0
830,5,184,NA,NA,NA,0
831,3,185,NA,NA,NA,0
832,3,185,NA,NA,NA,0
833,3,185,NA,NA,NA,0
834,3,186,NA,NA,NA,0
835,3,186,NA,NA,NA,0
836,3,186,NA,NA,NA,0
837,5,187,NA,NA,NA,0
838,5,187,NA,NA,NA,0
839,5,187,NA,NA,NA,0
840,5,187,NA,NA,NA,0
841,5,187,NA,NA,NA,0
842,4,188,NA,NA,NA,0
843,4,188,NA,NA,NA,0
844,4,188,NA,NA,NA,0
845,4,188,NA,NA,NA,0
846,6,189,NA,NA,NA,0
847,6,189,NA,NA,NA,0
848,6,189,NA,NA,NA,0
849,6,189,NA,NA,NA,0
850,6,189,"H",357,4,0
851,6,189,"E",331,5,1
852,4,190,NA,NA,NA,0
853,4,190,"E",133,3,1
854,4,190,"H",156,2,0
855,4,190,"E",193,1,0
856,6,191,NA,NA,NA,0
857,6,191,NA,NA,NA,0
858,6,191,NA,NA,NA,0
859,6,191,NA,NA,NA,0
860,6,191,NA,NA,NA,0
861,6,191,NA,NA,NA,0
862,3,192,"H",245,1,1
863,3,192,"H",327,0,0
864,3,192,"E",232,2,1
865,6,193,NA,NA,NA,0
866,6,193,NA,NA,NA,0
867,6,193,NA,NA,NA,0
868,6,193,NA,NA,NA,0
869,6,193,NA,NA,NA,0
870,6,193,NA,NA,NA,0
871,6,194,NA,NA,NA,0
872,6,194,NA,NA,NA,0
873,6,194,"E",NA,NA,0
874,6,194,NA,NA,NA,0
875,6,194,NA,NA,NA,0
876,6,194,NA,NA,NA,0
877,4,195,NA,NA,NA,0
878,4,195,NA,NA,NA,0
879,4,195,NA,NA,NA,0
880,4,195,NA,NA,NA,0
881,5,196,"H",92,1,0
882,5,196,"E",41,4,3
883,5,196,NA,NA,NA,0
884,5,196,"H",82,1,0
885,5,196,"H",66,1,0
886,3,197,"E",327,2,0
887,3,197,NA,NA,NA,0
888,3,197,NA,NA,NA,0
889,4,198,NA,NA,NA,0
890,4,198,NA,NA,NA,0
891,4,198,NA,NA,NA,0
892,4,198,NA,NA,NA,0
893,4,199,NA,NA,NA,0
894,4,199,NA,NA,NA,0
895,4,199,NA,NA,NA,0
896,4,199,NA,NA,NA,0
897,3,200,NA,NA,NA,0
898,3,200,NA,NA,NA,0
899,3,200,NA,NA,NA,0
900,6,201,NA,NA,NA,0
901,6,201,NA,NA,NA,0
902,6,201,NA,NA,NA,0
903,6,201,NA,NA,NA,0
904,6,201,"E",149,5,0
905,6,201,NA,NA,NA,0
906,5,202,NA,NA,NA,0
907,5,202,NA,NA,NA,0
908,5,202,"E",34,4,0
909,5,202,NA,NA,NA,0
910,5,202,NA,NA,NA,0
911,5,203,NA,NA,NA,0
912,5,203,NA,NA,NA,0
913,5,203,NA,NA,NA,0
914,5,203,NA,NA,NA,0
915,5,203,NA,NA,NA,0
916,5,204,NA,NA,NA,0
917,5,204,NA,NA,NA,0
918,5,204,NA,NA,NA,0
919,5,204,NA,NA,NA,0
920,5,204,NA,NA,NA,0
921,4,205,NA,NA,NA,0
922,4,205,NA,NA,NA,0
923,4,205,NA,NA,NA,0
924,4,205,NA,NA,NA,0
925,6,206,"H",297,1,0
926,6,206,"E",253,5,3
927,6,206,"H",319,0,0
928,6,206,"H",277,2,1
929,6,206,"H",305,1,1
930,6,206,"H",356,0,0
931,3,207,NA,NA,NA,0
932,3,207,NA,NA,NA,0
933,3,207,NA,NA,NA,0
934,6,208,NA,NA,NA,0
935,6,208,NA,NA,NA,0
936,6,208,NA,NA,NA,0
937,6,208,NA,NA,NA,0
938,6,208,NA,NA,NA,0
939,6,208,NA,NA,NA,0
940,3,209,NA,NA,NA,0
941,3,209,NA,NA,NA,0
942,3,209,NA,NA,NA,0
943,3,210,NA,NA,NA,0
944,3,210,NA,NA,NA,0
945,3,210,NA,NA,NA,0
946,3,211,NA,NA,NA,0
947,3,211,NA,NA,NA,0
948,3,211,NA,NA,NA,0
949,6,212,NA,NA,NA,0
950,6,212,NA,NA,NA,0
951,6,212,NA,NA,NA,0
952,6,212,NA,NA,NA,0
953,6,212,NA,NA,NA,0
954,6,212,NA,NA,NA,0
955,3,213,NA,NA,NA,0
956,3,213,NA,NA,NA,0
957,3,213,NA,NA,NA,0
958,3,214,NA,NA,NA,0
959,3,214,"E",73,2,0
960,3,214,NA,NA,NA,0
961,4,215,NA,NA,NA,0
962,4,215,NA,NA,NA,0
963,4,215,NA,NA,NA,0
964,4,215,NA,NA,NA,0
965,3,216,NA,NA,NA,0
966,3,216,NA,NA,NA,0
967,3,216,NA,NA,NA,0
968,6,217,NA,NA,NA,0
969,6,217,NA,NA,NA,0
970,6,217,NA,NA,NA,0
971,6,217,NA,NA,NA,0
972,6,217,NA,NA,NA,0
973,6,217,NA,NA,NA,0
974,3,218,NA,NA,NA,0
975,3,218,NA,NA,NA,0
976,3,218,NA,NA,NA,0
977,4,219,NA,NA,NA,0
978,4,219,NA,NA,NA,0
979,4,219,NA,NA,NA,0
980,4,219,NA,NA,NA,0
981,5,220,NA,NA,NA,0
982,5,220,NA,NA,NA,0
983,5,220,NA,NA,NA,0
984,5,220,NA,NA,NA,0
985,5,220,NA,NA,NA,0
986,6,221,NA,NA,NA,0
987,6,221,NA,NA,NA,0
988,6,221,NA,NA,NA,0
989,6,221,NA,NA,NA,0
990,6,221,NA,NA,NA,0
991,6,221,NA,NA,NA,0
992,6,222,NA,NA,NA,0
993,6,222,NA,NA,NA,0
994,6,222,NA,NA,NA,0
995,6,222,NA,NA,NA,0
996,6,222,NA,NA,NA,0
997,6,222,NA,NA,NA,0
998,3,223,NA,NA,NA,0
999,3,223,"E",49,2,0
1000,3,223,NA,NA,NA,0
