"ID","SIZE","HH","TYPE","TIME","S_NUM","I_NUM"
1,6,1,"0",NA,NA,0
2,6,1,NA,NA,NA,0
3,6,1,NA,NA,NA,0
4,6,1,NA,NA,NA,0
5,6,1,NA,NA,NA,0
6,6,1,NA,NA,NA,0
7,4,2,NA,NA,NA,0
8,4,2,NA,NA,NA,0
9,4,2,NA,NA,NA,0
10,4,2,NA,NA,NA,0
11,5,3,NA,NA,NA,0
12,5,3,NA,NA,NA,0
13,5,3,NA,NA,NA,0
14,5,3,NA,NA,NA,0
15,5,3,NA,NA,NA,0
16,3,4,NA,NA,NA,0
17,3,4,NA,NA,NA,0
18,3,4,NA,NA,NA,0
19,3,5,NA,NA,NA,0
20,3,5,NA,NA,NA,0
21,3,5,NA,NA,NA,0
22,3,6,NA,NA,NA,0
23,3,6,NA,NA,NA,0
24,3,6,NA,NA,NA,0
25,5,7,NA,NA,NA,0
26,5,7,NA,NA,NA,0
27,5,7,NA,NA,NA,0
28,5,7,NA,NA,NA,0
29,5,7,NA,NA,NA,0
30,6,8,NA,NA,NA,0
31,6,8,NA,NA,NA,0
32,6,8,NA,NA,NA,0
33,6,8,NA,NA,NA,0
34,6,8,NA,NA,NA,0
35,6,8,NA,NA,NA,0
36,6,9,NA,NA,NA,0
37,6,9,NA,NA,NA,0
38,6,9,NA,NA,NA,0
39,6,9,NA,NA,NA,0
40,6,9,NA,NA,NA,0
41,6,9,NA,NA,NA,0
42,3,10,NA,NA,NA,0
43,3,10,NA,NA,NA,0
44,3,10,NA,NA,NA,0
45,4,11,"E",147,3,0
46,4,11,NA,NA,NA,0
47,4,11,NA,NA,NA,0
48,4,11,NA,NA,NA,0
49,3,12,"E",102,2,1
50,3,12,"H",134,1,0
51,3,12,NA,NA,NA,0
52,6,13,"E",100,5,0
53,6,13,NA,NA,NA,0
54,6,13,NA,NA,NA,0
55,6,13,NA,NA,NA,0
56,6,13,NA,NA,NA,0
57,6,13,NA,NA,NA,0
58,4,14,NA,NA,NA,0
59,4,14,NA,NA,NA,0
60,4,14,NA,NA,NA,0
61,4,14,NA,NA,NA,0
62,6,15,NA,NA,NA,0
63,6,15,NA,NA,NA,0
64,6,15,NA,NA,NA,0
65,6,15,NA,NA,NA,0
66,6,15,NA,NA,NA,0
67,6,15,NA,NA,NA,0
68,6,16,NA,NA,NA,0
69,6,16,NA,NA,NA,0
70,6,16,NA,NA,NA,0
71,6,16,NA,NA,NA,0
72,6,16,NA,NA,NA,0
73,6,16,NA,NA,NA,0
74,5,17,NA,NA,NA,0
75,5,17,NA,NA,NA,0
76,5,17,NA,NA,NA,0
77,5,17,NA,NA,NA,0
78,5,17,NA,NA,NA,0
79,3,18,NA,NA,NA,0
80,3,18,NA,NA,NA,0
81,3,18,NA,NA,NA,0
82,4,19,NA,NA,NA,0
83,4,19,NA,NA,NA,0
84,4,19,NA,NA,NA,0
85,4,19,NA,NA,NA,0
86,3,20,"H",301,1,1
87,3,20,"H",327,0,0
88,3,20,"E",276,2,1
89,4,21,NA,NA,NA,0
90,4,21,NA,NA,NA,0
91,4,21,NA,NA,NA,0
92,4,21,NA,NA,NA,0
93,5,22,NA,NA,NA,0
94,5,22,NA,NA,NA,0
95,5,22,NA,NA,NA,0
96,5,22,NA,NA,NA,0
97,5,22,NA,NA,NA,0
98,3,23,NA,NA,NA,0
99,3,23,NA,NA,NA,0
100,3,23,NA,NA,NA,0
101,6,24,NA,NA,NA,0
102,6,24,NA,NA,NA,0
103,6,24,NA,NA,NA,0
104,6,24,NA,NA,NA,0
105,6,24,NA,NA,NA,0
106,6,24,NA,NA,NA,0
107,3,25,NA,NA,NA,0
108,3,25,NA,NA,NA,0
109,3,25,NA,NA,NA,0
110,5,26,NA,NA,NA,0
111,5,26,NA,NA,NA,0
112,5,26,NA,NA,NA,0
113,5,26,NA,NA,NA,0
114,5,26,NA,NA,NA,0
115,3,27,NA,NA,NA,0
116,3,27,NA,NA,NA,0
117,3,27,NA,NA,NA,0
118,3,28,NA,NA,NA,0
119,3,28,NA,NA,NA,0
120,3,28,NA,NA,NA,0
121,6,29,"H",260,2,0
122,6,29,"H",263,2,0
123,6,29,"E",239,5,3
124,6,29,NA,NA,NA,0
125,6,29,NA,NA,NA,0
126,6,29,"H",276,2,0
127,4,30,NA,NA,NA,0
128,4,30,NA,NA,NA,0
129,4,30,NA,NA,NA,0
130,4,30,NA,NA,NA,0
131,5,31,NA,NA,NA,0
132,5,31,NA,NA,NA,0
133,5,31,NA,NA,NA,0
134,5,31,NA,NA,NA,0
135,5,31,NA,NA,NA,0
136,3,32,NA,NA,NA,0
137,3,32,NA,NA,NA,0
138,3,32,NA,NA,NA,0
139,3,33,NA,NA,NA,0
140,3,33,NA,NA,NA,0
141,3,33,NA,NA,NA,0
142,3,34,NA,NA,NA,0
143,3,34,NA,NA,NA,0
144,3,34,NA,NA,NA,0
145,4,35,NA,NA,NA,0
146,4,35,NA,NA,NA,0
147,4,35,NA,NA,NA,0
148,4,35,NA,NA,NA,0
149,6,36,NA,NA,NA,0
150,6,36,NA,NA,NA,0
151,6,36,NA,NA,NA,0
152,6,36,NA,NA,NA,0
153,6,36,NA,NA,NA,0
154,6,36,NA,NA,NA,0
155,5,37,NA,NA,NA,0
156,5,37,NA,NA,NA,0
157,5,37,NA,NA,NA,0
158,5,37,NA,NA,NA,0
159,5,37,NA,NA,NA,0
160,5,38,NA,NA,NA,0
161,5,38,NA,NA,NA,0
162,5,38,NA,NA,NA,0
163,5,38,NA,NA,NA,0
164,5,38,NA,NA,NA,0
165,4,39,NA,NA,NA,0
166,4,39,NA,NA,NA,0
167,4,39,NA,NA,NA,0
168,4,39,NA,NA,NA,0
169,3,40,NA,NA,NA,0
170,3,40,NA,NA,NA,0
171,3,40,NA,NA,NA,0
172,4,41,NA,NA,NA,0
173,4,41,NA,NA,NA,0
174,4,41,NA,NA,NA,0
175,4,41,NA,NA,NA,0
176,4,42,NA,NA,NA,0
177,4,42,NA,NA,NA,0
178,4,42,NA,NA,NA,0
179,4,42,NA,NA,NA,0
180,6,43,NA,NA,NA,0
181,6,43,NA,NA,NA,0
182,6,43,NA,NA,NA,0
183,6,43,NA,NA,NA,0
184,6,43,NA,NA,NA,0
185,6,43,NA,NA,NA,0
186,5,44,NA,NA,NA,0
187,5,44,NA,NA,NA,0
188,5,44,NA,NA,NA,0
189,5,44,NA,NA,NA,0
190,5,44,NA,NA,NA,0
191,3,45,NA,NA,NA,0
192,3,45,NA,NA,NA,0
193,3,45,"E",NA,NA,0
194,3,46,NA,NA,NA,0
195,3,46,NA,NA,NA,0
196,3,46,NA,NA,NA,0
197,4,47,NA,NA,NA,0
198,4,47,NA,NA,NA,0
199,4,47,NA,NA,NA,0
200,4,47,NA,NA,NA,0
201,6,48,NA,NA,NA,0
202,6,48,"H",348,4,1
203,6,48,NA,NA,NA,0
204,6,48,"H",NA,NA,0
205,6,48,NA,NA,NA,0
206,6,48,"E",321,5,1
207,3,49,NA,NA,NA,0
208,3,49,NA,NA,NA,0
209,3,49,NA,NA,NA,0
210,6,50,NA,NA,NA,0
211,6,50,NA,NA,NA,0
212,6,50,NA,NA,NA,0
213,6,50,NA,NA,NA,0
214,6,50,NA,NA,NA,0
215,6,50,NA,NA,NA,0
216,4,51,NA,NA,NA,0
217,4,51,NA,NA,NA,0
218,4,51,NA,NA,NA,0
219,4,51,NA,NA,NA,0
220,5,52,NA,NA,NA,0
221,5,52,NA,NA,NA,0
222,5,52,NA,NA,NA,0
223,5,52,NA,NA,NA,0
224,5,52,NA,NA,NA,0
225,6,53,NA,NA,NA,0
226,6,53,NA,NA,NA,0
227,6,53,NA,NA,NA,0
228,6,53,NA,NA,NA,0
229,6,53,NA,NA,NA,0
230,6,53,NA,NA,NA,0
231,6,54,NA,NA,NA,0
232,6,54,NA,NA,NA,0
233,6,54,NA,NA,NA,0
234,6,54,NA,NA,NA,0
235,6,54,NA,NA,NA,0
236,6,54,NA,NA,NA,0
237,6,55,NA,NA,NA,0
238,6,55,NA,NA,NA,0
239,6,55,NA,NA,NA,0
240,6,55,NA,NA,NA,0
241,6,55,NA,NA,NA,0
242,6,55,NA,NA,NA,0
243,4,56,NA,NA,NA,0
244,4,56,"E",303,3,0
245,4,56,NA,NA,NA,0
246,4,56,NA,NA,NA,0
247,5,57,NA,NA,NA,0
248,5,57,NA,NA,NA,0
249,5,57,NA,NA,NA,0
250,5,57,NA,NA,NA,0
251,5,57,NA,NA,NA,0
252,3,58,NA,NA,NA,0
253,3,58,NA,NA,NA,0
254,3,58,NA,NA,NA,0
255,3,59,NA,NA,NA,0
256,3,59,NA,NA,NA,0
257,3,59,NA,NA,NA,0
258,6,60,NA,NA,NA,0
259,6,60,NA,NA,NA,0
260,6,60,NA,NA,NA,0
261,6,60,NA,NA,NA,0
262,6,60,NA,NA,NA,0
263,6,60,NA,NA,NA,0
264,3,61,NA,NA,NA,0
265,3,61,NA,NA,NA,0
266,3,61,"E",188,2,0
267,4,62,NA,NA,NA,0
268,4,62,NA,NA,NA,0
269,4,62,NA,NA,NA,0
270,4,62,NA,NA,NA,0
271,3,63,NA,NA,NA,0
272,3,63,NA,NA,NA,0
273,3,63,NA,NA,NA,0
274,4,64,NA,NA,NA,0
275,4,64,NA,NA,NA,0
276,4,64,NA,NA,NA,0
277,4,64,NA,NA,NA,0
278,3,65,NA,NA,NA,0
279,3,65,NA,NA,NA,0
280,3,65,NA,NA,NA,0
281,4,66,NA,NA,NA,0
282,4,66,"E",231,3,0
283,4,66,NA,NA,NA,0
284,4,66,NA,NA,NA,0
285,3,67,"H",80,1,1
286,3,67,"E",57,2,1
287,3,67,"H",123,0,0
288,3,68,NA,NA,NA,0
289,3,68,NA,NA,NA,0
290,3,68,NA,NA,NA,0
291,4,69,"E",247,3,0
292,4,69,NA,NA,NA,0
293,4,69,NA,NA,NA,0
294,4,69,NA,NA,NA,0
295,3,70,NA,NA,NA,0
296,3,70,NA,NA,NA,0
297,3,70,NA,NA,NA,0
298,6,71,"E",256,5,0
299,6,71,NA,NA,NA,0
300,6,71,NA,NA,NA,0
301,6,71,NA,NA,NA,0
302,6,71,NA,NA,NA,0
303,6,71,NA,NA,NA,0
304,6,72,NA,NA,NA,0
305,6,72,NA,NA,NA,0
306,6,72,"H",194,3,0
307,6,72,NA,NA,NA,0
308,6,72,"E",152,5,2
309,6,72,"H",189,3,0
310,3,73,NA,NA,NA,0
311,3,73,NA,NA,NA,0
312,3,73,NA,NA,NA,0
313,5,74,NA,NA,NA,0
314,5,74,NA,NA,NA,0
315,5,74,NA,NA,NA,0
316,5,74,NA,NA,NA,0
317,5,74,NA,NA,NA,0
318,4,75,NA,NA,NA,0
319,4,75,NA,NA,NA,0
320,4,75,"E",NA,NA,0
321,4,75,NA,NA,NA,0
322,5,76,"C",104,4,1
323,5,76,"E",255,2,0
324,5,76,NA,NA,NA,0
325,5,76,"H",188,3,0
326,5,76,NA,NA,NA,0
327,5,77,NA,NA,NA,0
328,5,77,NA,NA,NA,0
329,5,77,NA,NA,NA,0
330,5,77,NA,NA,NA,0
331,5,77,NA,NA,NA,0
332,5,78,NA,NA,NA,0
333,5,78,NA,NA,NA,0
334,5,78,NA,NA,NA,0
335,5,78,NA,NA,NA,0
336,5,78,NA,NA,NA,0
337,3,79,NA,NA,NA,0
338,3,79,NA,NA,NA,0
339,3,79,NA,NA,NA,0
340,3,80,NA,NA,NA,0
341,3,80,"E",NA,NA,0
342,3,80,NA,NA,NA,0
343,3,81,"E",326,2,1
344,3,81,"H",354,1,1
345,3,81,"H",NA,NA,0
346,6,82,NA,NA,NA,0
347,6,82,NA,NA,NA,0
348,6,82,NA,NA,NA,0
349,6,82,NA,NA,NA,0
350,6,82,NA,NA,NA,0
351,6,82,NA,NA,NA,0
352,3,83,NA,NA,NA,0
353,3,83,NA,NA,NA,0
354,3,83,NA,NA,NA,0
355,4,84,NA,NA,NA,0
356,4,84,NA,NA,NA,0
357,4,84,NA,NA,NA,0
358,4,84,NA,NA,NA,0
359,5,85,NA,NA,NA,0
360,5,85,NA,NA,NA,0
361,5,85,NA,NA,NA,0
362,5,85,NA,NA,NA,0
363,5,85,NA,NA,NA,0
364,6,86,NA,NA,NA,0
365,6,86,"E",54,5,1
366,6,86,NA,NA,NA,0
367,6,86,NA,NA,NA,0
368,6,86,"H",93,4,0
369,6,86,NA,NA,NA,0
370,5,87,NA,NA,NA,0
371,5,87,NA,NA,NA,0
372,5,87,NA,NA,NA,0
373,5,87,NA,NA,NA,0
374,5,87,NA,NA,NA,0
375,3,88,NA,NA,NA,0
376,3,88,NA,NA,NA,0
377,3,88,NA,NA,NA,0
378,5,89,NA,NA,NA,0
379,5,89,NA,NA,NA,0
380,5,89,"E",142,4,0
381,5,89,NA,NA,NA,0
382,5,89,NA,NA,NA,0
383,5,90,"H",205,2,1
384,5,90,NA,NA,NA,0
385,5,90,"H",250,1,0
386,5,90,"H",168,3,1
387,5,90,"E",143,4,1
388,5,91,NA,NA,NA,0
389,5,91,NA,NA,NA,0
390,5,91,NA,NA,NA,0
391,5,91,NA,NA,NA,0
392,5,91,NA,NA,NA,0
393,5,92,NA,NA,NA,0
394,5,92,NA,NA,NA,0
395,5,92,NA,NA,NA,0
396,5,92,NA,NA,NA,0
397,5,92,NA,NA,NA,0
398,4,93,NA,NA,NA,0
399,4,93,NA,NA,NA,0
400,4,93,NA,NA,NA,0
401,4,93,NA,NA,NA,0
402,6,94,NA,NA,NA,0
403,6,94,NA,NA,NA,0
404,6,94,NA,NA,NA,0
405,6,94,NA,NA,NA,0
406,6,94,NA,NA,NA,0
407,6,94,NA,NA,NA,0
408,5,95,NA,NA,NA,0
409,5,95,NA,NA,NA,0
410,5,95,NA,NA,NA,0
411,5,95,NA,NA,NA,0
412,5,95,NA,NA,NA,0
413,5,96,NA,NA,NA,0
414,5,96,"E",196,4,1
415,5,96,NA,NA,NA,0
416,5,96,"H",311,2,0
417,5,96,"H",258,3,1
418,6,97,"E",213,4,1
419,6,97,"E",193,4,0
420,6,97,NA,NA,NA,0
421,6,97,NA,NA,NA,0
422,6,97,NA,NA,NA,0
423,6,97,"H",225,3,0
424,5,98,NA,NA,NA,0
425,5,98,NA,NA,NA,0
426,5,98,NA,NA,NA,0
427,5,98,NA,NA,NA,0
428,5,98,NA,NA,NA,0
429,6,99,NA,NA,NA,0
430,6,99,NA,NA,NA,0
431,6,99,"E",225,5,0
432,6,99,NA,NA,NA,0
433,6,99,NA,NA,NA,0
434,6,99,NA,NA,NA,0
435,6,100,NA,NA,NA,0
436,6,100,NA,NA,NA,0
437,6,100,NA,NA,NA,0
438,6,100,NA,NA,NA,0
439,6,100,NA,NA,NA,0
440,6,100,NA,NA,NA,0
441,6,101,NA,NA,NA,0
442,6,101,NA,NA,NA,0
443,6,101,"E",94,5,0
444,6,101,NA,NA,NA,0
445,6,101,NA,NA,NA,0
446,6,101,NA,NA,NA,0
447,3,102,NA,NA,NA,0
448,3,102,NA,NA,NA,0
449,3,102,NA,NA,NA,0
450,3,103,NA,NA,NA,0
451,3,103,NA,NA,NA,0
452,3,103,NA,NA,NA,0
453,6,104,NA,NA,NA,0
454,6,104,NA,NA,NA,0
455,6,104,NA,NA,NA,0
456,6,104,NA,NA,NA,0
457,6,104,NA,NA,NA,0
458,6,104,NA,NA,NA,0
459,3,105,NA,NA,NA,0
460,3,105,NA,NA,NA,0
461,3,105,NA,NA,NA,0
462,4,106,NA,NA,NA,0
463,4,106,NA,NA,NA,0
464,4,106,NA,NA,NA,0
465,4,106,NA,NA,NA,0
466,6,107,NA,NA,NA,0
467,6,107,NA,NA,NA,0
468,6,107,NA,NA,NA,0
469,6,107,NA,NA,NA,0
470,6,107,NA,NA,NA,0
471,6,107,NA,NA,NA,0
472,5,108,NA,NA,NA,0
473,5,108,NA,NA,NA,0
474,5,108,NA,NA,NA,0
475,5,108,NA,NA,NA,0
476,5,108,NA,NA,NA,0
477,4,109,NA,NA,NA,0
478,4,109,NA,NA,NA,0
479,4,109,NA,NA,NA,0
480,4,109,NA,NA,NA,0
481,3,110,NA,NA,NA,0
482,3,110,NA,NA,NA,0
483,3,110,NA,NA,NA,0
484,4,111,"H",138,1,1
485,4,111,"H",172,0,0
486,4,111,"E",99,3,2
487,4,111,"H",162,0,0
488,4,112,"E",288,3,0
489,4,112,NA,NA,NA,0
490,4,112,NA,NA,NA,0
491,4,112,NA,NA,NA,0
492,5,113,NA,NA,NA,0
493,5,113,NA,NA,NA,0
494,5,113,NA,NA,NA,0
495,5,113,NA,NA,NA,0
496,5,113,NA,NA,NA,0
497,6,114,NA,NA,NA,0
498,6,114,NA,NA,NA,0
499,6,114,NA,NA,NA,0
500,6,114,NA,NA,NA,0
501,6,114,NA,NA,NA,0
502,6,114,NA,NA,NA,0
503,5,115,NA,NA,NA,0
504,5,115,NA,NA,NA,0
505,5,115,NA,NA,NA,0
506,5,115,NA,NA,NA,0
507,5,115,NA,NA,NA,0
508,5,116,NA,NA,NA,0
509,5,116,"E",339,4,1
510,5,116,"H",NA,NA,0
511,5,116,NA,NA,NA,0
512,5,116,NA,NA,NA,0
513,6,117,NA,NA,NA,0
514,6,117,NA,NA,NA,0
515,6,117,NA,NA,NA,0
516,6,117,NA,NA,NA,0
517,6,117,NA,NA,NA,0
518,6,117,NA,NA,NA,0
519,3,118,NA,NA,NA,0
520,3,118,NA,NA,NA,0
521,3,118,NA,NA,NA,0
522,6,119,"H",244,3,0
523,6,119,NA,NA,NA,0
524,6,119,NA,NA,NA,0
525,6,119,"C",228,5,2
526,6,119,"H",255,3,0
527,6,119,NA,NA,NA,0
528,6,120,NA,NA,NA,0
529,6,120,NA,NA,NA,0
530,6,120,NA,NA,NA,0
531,6,120,NA,NA,NA,0
532,6,120,NA,NA,NA,0
533,6,120,NA,NA,NA,0
534,3,121,NA,NA,NA,0
535,3,121,NA,NA,NA,0
536,3,121,NA,NA,NA,0
537,6,122,NA,NA,NA,0
538,6,122,NA,NA,NA,0
539,6,122,NA,NA,NA,0
540,6,122,"H",157,4,0
541,6,122,NA,NA,NA,0
542,6,122,"E",144,5,1
543,5,123,NA,NA,NA,0
544,5,123,NA,NA,NA,0
545,5,123,NA,NA,NA,0
546,5,123,NA,NA,NA,0
547,5,123,NA,NA,NA,0
548,4,124,NA,NA,NA,0
549,4,124,NA,NA,NA,0
550,4,124,NA,NA,NA,0
551,4,124,NA,NA,NA,0
552,4,125,NA,NA,NA,0
553,4,125,NA,NA,NA,0
554,4,125,NA,NA,NA,0
555,4,125,NA,NA,NA,0
556,3,126,NA,NA,NA,0
557,3,126,"E",355,2,1
558,3,126,"H",NA,NA,0
559,5,127,NA,NA,NA,0
560,5,127,NA,NA,NA,0
561,5,127,NA,NA,NA,0
562,5,127,NA,NA,NA,0
563,5,127,NA,NA,NA,0
564,4,128,"E",347,3,0
565,4,128,NA,NA,NA,0
566,4,128,NA,NA,NA,0
567,4,128,NA,NA,NA,0
568,5,129,"E",189,4,1
569,5,129,"H",206,3,0
570,5,129,NA,NA,NA,0
571,5,129,NA,NA,NA,0
572,5,129,NA,NA,NA,0
573,3,130,NA,NA,NA,0
574,3,130,NA,NA,NA,0
575,3,130,NA,NA,NA,0
576,6,131,NA,NA,NA,0
577,6,131,NA,NA,NA,0
578,6,131,NA,NA,NA,0
579,6,131,NA,NA,NA,0
580,6,131,NA,NA,NA,0
581,6,131,NA,NA,NA,0
582,6,132,NA,NA,NA,0
583,6,132,NA,NA,NA,0
584,6,132,NA,NA,NA,0
585,6,132,NA,NA,NA,0
586,6,132,NA,NA,NA,0
587,6,132,NA,NA,NA,0
588,3,133,NA,NA,NA,0
589,3,133,NA,NA,NA,0
590,3,133,"E",108,2,0
591,6,134,NA,NA,NA,0
592,6,134,NA,NA,NA,0
593,6,134,NA,NA,NA,0
594,6,134,NA,NA,NA,0
595,6,134,NA,NA,NA,0
596,6,134,NA,NA,NA,0
597,3,135,"E",358,2,0
598,3,135,NA,NA,NA,0
599,3,135,NA,NA,NA,0
600,6,136,NA,NA,NA,0
601,6,136,NA,NA,NA,0
602,6,136,NA,NA,NA,0
603,6,136,NA,NA,NA,0
604,6,136,NA,NA,NA,0
605,6,136,NA,NA,NA,0
606,4,137,"H",148,2,0
607,4,137,NA,NA,NA,0
608,4,137,"E",121,3,1
609,4,137,NA,NA,NA,0
610,5,138,NA,NA,NA,0
611,5,138,NA,NA,NA,0
612,5,138,NA,NA,NA,0
613,5,138,NA,NA,NA,0
614,5,138,NA,NA,NA,0
615,4,139,NA,NA,NA,0
616,4,139,NA,NA,NA,0
617,4,139,NA,NA,NA,0
618,4,139,NA,NA,NA,0
619,6,140,"E",90,5,0
620,6,140,NA,NA,NA,0
621,6,140,NA,NA,NA,0
622,6,140,NA,NA,NA,0
623,6,140,NA,NA,NA,0
624,6,140,NA,NA,NA,0
625,6,141,NA,NA,NA,0
626,6,141,NA,NA,NA,0
627,6,141,NA,NA,NA,0
628,6,141,NA,NA,NA,0
629,6,141,NA,NA,NA,0
630,6,141,NA,NA,NA,0
631,6,142,NA,NA,NA,0
632,6,142,NA,NA,NA,0
633,6,142,NA,NA,NA,0
634,6,142,NA,NA,NA,0
635,6,142,NA,NA,NA,0
636,6,142,NA,NA,NA,0
637,5,143,NA,NA,NA,0
638,5,143,NA,NA,NA,0
639,5,143,NA,NA,NA,0
640,5,143,NA,NA,NA,0
641,5,143,NA,NA,NA,0
642,4,144,"H",148,1,0
643,4,144,"E",47,3,2
644,4,144,NA,NA,NA,0
645,4,144,"H",95,1,0
646,5,145,NA,NA,NA,0
647,5,145,NA,NA,NA,0
648,5,145,NA,NA,NA,0
649,5,145,NA,NA,NA,0
650,5,145,NA,NA,NA,0
651,5,146,NA,NA,NA,0
652,5,146,NA,NA,NA,0
653,5,146,NA,NA,NA,0
654,5,146,NA,NA,NA,0
655,5,146,NA,NA,NA,0
656,5,147,NA,NA,NA,0
657,5,147,NA,NA,NA,0
658,5,147,NA,NA,NA,0
659,5,147,NA,NA,NA,0
660,5,147,NA,NA,NA,0
661,3,148,NA,NA,NA,0
662,3,148,NA,NA,NA,0
663,3,148,NA,NA,NA,0
664,3,149,NA,NA,NA,0
665,3,149,NA,NA,NA,0
666,3,149,NA,NA,NA,0
667,5,150,"H",129,1,0
668,5,150,NA,NA,NA,0
669,5,150,"H",173,1,0
670,5,150,"E",91,4,2
671,5,150,"H",126,2,1
672,6,151,NA,NA,NA,0
673,6,151,NA,NA,NA,0
674,6,151,NA,NA,NA,0
675,6,151,NA,NA,NA,0
676,6,151,NA,NA,NA,0
677,6,151,NA,NA,NA,0
678,4,152,NA,NA,NA,0
679,4,152,NA,NA,NA,0
680,4,152,NA,NA,NA,0
681,4,152,NA,NA,NA,0
682,3,153,NA,NA,NA,0
683,3,153,NA,NA,NA,0
684,3,153,NA,NA,NA,0
685,4,154,NA,NA,NA,0
686,4,154,NA,NA,NA,0
687,4,154,NA,NA,NA,0
688,4,154,NA,NA,NA,0
689,6,155,NA,NA,NA,0
690,6,155,"H",NA,NA,0
691,6,155,NA,NA,NA,0
692,6,155,"E",360,5,2
693,6,155,NA,NA,NA,0
694,6,155,"H",NA,NA,0
695,5,156,"E",280,4,0
696,5,156,"E",318,3,1
697,5,156,NA,NA,NA,0
698,5,156,NA,NA,NA,0
699,5,156,"H",362,2,0
700,5,157,NA,NA,NA,0
701,5,157,NA,NA,NA,0
702,5,157,NA,NA,NA,0
703,5,157,NA,NA,NA,0
704,5,157,NA,NA,NA,0
705,4,158,NA,NA,NA,0
706,4,158,NA,NA,NA,0
707,4,158,"E",NA,NA,0
708,4,158,NA,NA,NA,0
709,4,159,"E",NA,NA,0
710,4,159,NA,NA,NA,0
711,4,159,NA,NA,NA,0
712,4,159,NA,NA,NA,0
713,5,160,NA,NA,NA,0
714,5,160,NA,NA,NA,0
715,5,160,NA,NA,NA,0
716,5,160,NA,NA,NA,0
717,5,160,NA,NA,NA,0
718,5,161,"E",124,4,0
719,5,161,NA,NA,NA,0
720,5,161,NA,NA,NA,0
721,5,161,NA,NA,NA,0
722,5,161,"E",226,3,0
723,5,162,NA,NA,NA,0
724,5,162,NA,NA,NA,0
725,5,162,NA,NA,NA,0
726,5,162,NA,NA,NA,0
727,5,162,NA,NA,NA,0
728,4,163,NA,NA,NA,0
729,4,163,NA,NA,NA,0
730,4,163,NA,NA,NA,0
731,4,163,NA,NA,NA,0
732,3,164,"E",142,2,0
733,3,164,NA,NA,NA,0
734,3,164,NA,NA,NA,0
735,3,165,NA,NA,NA,0
736,3,165,NA,NA,NA,0
737,3,165,NA,NA,NA,0
738,5,166,NA,NA,NA,0
739,5,166,NA,NA,NA,0
740,5,166,NA,NA,NA,0
741,5,166,NA,NA,NA,0
742,5,166,NA,NA,NA,0
743,6,167,NA,NA,NA,0
744,6,167,NA,NA,NA,0
745,6,167,NA,NA,NA,0
746,6,167,NA,NA,NA,0
747,6,167,NA,NA,NA,0
748,6,167,NA,NA,NA,0
749,3,168,NA,NA,NA,0
750,3,168,NA,NA,NA,0
751,3,168,NA,NA,NA,0
752,3,169,NA,NA,NA,0
753,3,169,NA,NA,NA,0
754,3,169,NA,NA,NA,0
755,6,170,"E",245,5,2
756,6,170,"H",291,3,1
757,6,170,"H",266,3,0
758,6,170,NA,NA,NA,0
759,6,170,"H",359,2,0
760,6,170,NA,NA,NA,0
761,6,171,NA,NA,NA,0
762,6,171,NA,NA,NA,0
763,6,171,NA,NA,NA,0
764,6,171,NA,NA,NA,0
765,6,171,NA,NA,NA,0
766,6,171,NA,NA,NA,0
767,6,172,"H",325,4,0
768,6,172,"E",289,5,1
769,6,172,NA,NA,NA,0
770,6,172,NA,NA,NA,0
771,6,172,NA,NA,NA,0
772,6,172,NA,NA,NA,0
773,4,173,NA,NA,NA,0
774,4,173,NA,NA,NA,0
775,4,173,NA,NA,NA,0
776,4,173,NA,NA,NA,0
777,5,174,NA,NA,NA,0
778,5,174,NA,NA,NA,0
779,5,174,NA,NA,NA,0
780,5,174,NA,NA,NA,0
781,5,174,NA,NA,NA,0
782,3,175,NA,NA,NA,0
783,3,175,NA,NA,NA,0
784,3,175,NA,NA,NA,0
785,4,176,NA,NA,NA,0
786,4,176,NA,NA,NA,0
787,4,176,NA,NA,NA,0
788,4,176,NA,NA,NA,0
789,6,177,NA,NA,NA,0
790,6,177,NA,NA,NA,0
791,6,177,NA,NA,NA,0
792,6,177,NA,NA,NA,0
793,6,177,NA,NA,NA,0
794,6,177,NA,NA,NA,0
795,3,178,NA,NA,NA,0
796,3,178,NA,NA,NA,0
797,3,178,NA,NA,NA,0
798,3,179,NA,NA,NA,0
799,3,179,NA,NA,NA,0
800,3,179,NA,NA,NA,0
801,5,180,NA,NA,NA,0
802,5,180,NA,NA,NA,0
803,5,180,NA,NA,NA,0
804,5,180,NA,NA,NA,0
805,5,180,NA,NA,NA,0
806,4,181,NA,NA,NA,0
807,4,181,NA,NA,NA,0
808,4,181,NA,NA,NA,0
809,4,181,NA,NA,NA,0
810,6,182,"H",210,1,1
811,6,182,"H",225,0,0
812,6,182,"E",50,5,0
813,6,182,"H",215,0,0
814,6,182,"H",242,0,0
815,6,182,"E",191,4,3
816,3,183,NA,NA,NA,0
817,3,183,NA,NA,NA,0
818,3,183,NA,NA,NA,0
819,3,184,"E",53,2,1
820,3,184,"H",97,1,0
821,3,184,NA,NA,NA,0
822,5,185,NA,NA,NA,0
823,5,185,NA,NA,NA,0
824,5,185,NA,NA,NA,0
825,5,185,NA,NA,NA,0
826,5,185,NA,NA,NA,0
827,5,186,NA,NA,NA,0
828,5,186,NA,NA,NA,0
829,5,186,NA,NA,NA,0
830,5,186,"E",242,4,0
831,5,186,NA,NA,NA,0
832,6,187,NA,NA,NA,0
833,6,187,NA,NA,NA,0
834,6,187,NA,NA,NA,0
835,6,187,NA,NA,NA,0
836,6,187,NA,NA,NA,0
837,6,187,NA,NA,NA,0
838,3,188,NA,NA,NA,0
839,3,188,NA,NA,NA,0
840,3,188,NA,NA,NA,0
841,6,189,NA,NA,NA,0
842,6,189,NA,NA,NA,0
843,6,189,NA,NA,NA,0
844,6,189,NA,NA,NA,0
845,6,189,NA,NA,NA,0
846,6,189,NA,NA,NA,0
847,4,190,NA,NA,NA,0
848,4,190,NA,NA,NA,0
849,4,190,NA,NA,NA,0
850,4,190,NA,NA,NA,0
851,4,191,NA,NA,NA,0
852,4,191,NA,NA,NA,0
853,4,191,NA,NA,NA,0
854,4,191,"E",222,3,0
855,5,192,NA,NA,NA,0
856,5,192,NA,NA,NA,0
857,5,192,NA,NA,NA,0
858,5,192,NA,NA,NA,0
859,5,192,NA,NA,NA,0
860,6,193,NA,NA,NA,0
861,6,193,NA,NA,NA,0
862,6,193,NA,NA,NA,0
863,6,193,"H",308,4,0
864,6,193,NA,NA,NA,0
865,6,193,"E",288,5,1
866,5,194,NA,NA,NA,0
867,5,194,NA,NA,NA,0
868,5,194,NA,NA,NA,0
869,5,194,NA,NA,NA,0
870,5,194,NA,NA,NA,0
871,6,195,NA,NA,NA,0
872,6,195,NA,NA,NA,0
873,6,195,NA,NA,NA,0
874,6,195,NA,NA,NA,0
875,6,195,NA,NA,NA,0
876,6,195,NA,NA,NA,0
877,5,196,"H",198,3,0
878,5,196,"E",171,4,1
879,5,196,NA,NA,NA,0
880,5,196,NA,NA,NA,0
881,5,196,NA,NA,NA,0
882,6,197,NA,NA,NA,0
883,6,197,NA,NA,NA,0
884,6,197,NA,NA,NA,0
885,6,197,NA,NA,NA,0
886,6,197,NA,NA,NA,0
887,6,197,NA,NA,NA,0
888,5,198,NA,NA,NA,0
889,5,198,NA,NA,NA,0
890,5,198,NA,NA,NA,0
891,5,198,NA,NA,NA,0
892,5,198,NA,NA,NA,0
893,6,199,NA,NA,NA,0
894,6,199,NA,NA,NA,0
895,6,199,NA,NA,NA,0
896,6,199,NA,NA,NA,0
897,6,199,NA,NA,NA,0
898,6,199,NA,NA,NA,0
899,5,200,NA,NA,NA,0
900,5,200,NA,NA,NA,0
901,5,200,NA,NA,NA,0
902,5,200,NA,NA,NA,0
903,5,200,NA,NA,NA,0
904,5,201,NA,NA,NA,0
905,5,201,NA,NA,NA,0
906,5,201,NA,NA,NA,0
907,5,201,NA,NA,NA,0
908,5,201,NA,NA,NA,0
909,5,202,NA,NA,NA,0
910,5,202,NA,NA,NA,0
911,5,202,NA,NA,NA,0
912,5,202,NA,NA,NA,0
913,5,202,NA,NA,NA,0
914,3,203,NA,NA,NA,0
915,3,203,NA,NA,NA,0
916,3,203,NA,NA,NA,0
917,6,204,NA,NA,NA,0
918,6,204,NA,NA,NA,0
919,6,204,NA,NA,NA,0
920,6,204,NA,NA,NA,0
921,6,204,NA,NA,NA,0
922,6,204,NA,NA,NA,0
923,4,205,"H",316,0,0
924,4,205,"E",268,3,2
925,4,205,"H",341,0,0
926,4,205,"H",288,1,1
927,5,206,NA,NA,NA,0
928,5,206,NA,NA,NA,0
929,5,206,NA,NA,NA,0
930,5,206,NA,NA,NA,0
931,5,206,NA,NA,NA,0
932,6,207,NA,NA,NA,0
933,6,207,NA,NA,NA,0
934,6,207,NA,NA,NA,0
935,6,207,NA,NA,NA,0
936,6,207,NA,NA,NA,0
937,6,207,NA,NA,NA,0
938,5,208,NA,NA,NA,0
939,5,208,NA,NA,NA,0
940,5,208,NA,NA,NA,0
941,5,208,NA,NA,NA,0
942,5,208,NA,NA,NA,0
943,3,209,NA,NA,NA,0
944,3,209,NA,NA,NA,0
945,3,209,NA,NA,NA,0
946,6,210,NA,NA,NA,0
947,6,210,NA,NA,NA,0
948,6,210,NA,NA,NA,0
949,6,210,NA,NA,NA,0
950,6,210,NA,NA,NA,0
951,6,210,NA,NA,NA,0
952,5,211,NA,NA,NA,0
953,5,211,NA,NA,NA,0
954,5,211,NA,NA,NA,0
955,5,211,NA,NA,NA,0
956,5,211,NA,NA,NA,0
957,5,212,NA,NA,NA,0
958,5,212,NA,NA,NA,0
959,5,212,NA,NA,NA,0
960,5,212,NA,NA,NA,0
961,5,212,NA,NA,NA,0
962,5,213,NA,NA,NA,0
963,5,213,"H",325,3,0
964,5,213,NA,NA,NA,0
965,5,213,NA,NA,NA,0
966,5,213,"E",288,4,1
967,6,214,NA,NA,NA,0
968,6,214,NA,NA,NA,0
969,6,214,NA,NA,NA,0
970,6,214,NA,NA,NA,0
971,6,214,NA,NA,NA,0
972,6,214,NA,NA,NA,0
973,6,215,NA,NA,NA,0
974,6,215,"H",177,3,0
975,6,215,"E",129,5,0
976,6,215,"E",142,4,1
977,6,215,NA,NA,NA,0
978,6,215,NA,NA,NA,0
979,3,216,NA,NA,NA,0
980,3,216,NA,NA,NA,0
981,3,216,NA,NA,NA,0
982,3,217,NA,NA,NA,0
983,3,217,NA,NA,NA,0
984,3,217,NA,NA,NA,0
985,4,218,NA,NA,NA,0
986,4,218,NA,NA,NA,0
987,4,218,NA,NA,NA,0
988,4,218,NA,NA,NA,0
989,5,219,NA,NA,NA,0
990,5,219,NA,NA,NA,0
991,5,219,NA,NA,NA,0
992,5,219,NA,NA,NA,0
993,5,219,NA,NA,NA,0
994,4,220,NA,NA,NA,0
995,4,220,NA,NA,NA,0
996,4,220,NA,NA,NA,0
997,4,220,NA,NA,NA,0
998,3,221,NA,NA,NA,0
999,3,221,NA,NA,NA,0
1000,3,221,NA,NA,NA,0
