"ID","SIZE","HH","TYPE","TIME","S_NUM","I_NUM"
1,4,1,"0",NA,NA,0
2,4,1,NA,NA,NA,0
3,4,1,NA,NA,NA,0
4,4,1,NA,NA,NA,0
5,5,2,NA,NA,NA,0
6,5,2,"C",258,4,1
7,5,2,NA,NA,NA,0
8,5,2,NA,NA,NA,0
9,5,2,"H",281,3,0
10,3,3,"E",224,2,0
11,3,3,NA,NA,NA,0
12,3,3,NA,NA,NA,0
13,6,4,NA,NA,NA,0
14,6,4,NA,NA,NA,0
15,6,4,NA,NA,NA,0
16,6,4,NA,NA,NA,0
17,6,4,NA,NA,NA,0
18,6,4,NA,NA,NA,0
19,4,5,NA,NA,NA,0
20,4,5,NA,NA,NA,0
21,4,5,NA,NA,NA,0
22,4,5,NA,NA,NA,0
23,3,6,NA,NA,NA,0
24,3,6,NA,NA,NA,0
25,3,6,NA,NA,NA,0
26,3,7,NA,NA,NA,0
27,3,7,NA,NA,NA,0
28,3,7,NA,NA,NA,0
29,6,8,NA,NA,NA,0
30,6,8,"H",308,3,1
31,6,8,"H",286,4,1
32,6,8,NA,NA,NA,0
33,6,8,"H",325,2,0
34,6,8,"E",246,5,1
35,4,9,NA,NA,NA,0
36,4,9,NA,NA,NA,0
37,4,9,NA,NA,NA,0
38,4,9,NA,NA,NA,0
39,4,10,NA,NA,NA,0
40,4,10,NA,NA,NA,0
41,4,10,NA,NA,NA,0
42,4,10,NA,NA,NA,0
43,5,11,NA,NA,NA,0
44,5,11,NA,NA,NA,0
45,5,11,NA,NA,NA,0
46,5,11,NA,NA,NA,0
47,5,11,NA,NA,NA,0
48,4,12,NA,NA,NA,0
49,4,12,NA,NA,NA,0
50,4,12,NA,NA,NA,0
51,4,12,NA,NA,NA,0
52,3,13,NA,NA,NA,0
53,3,13,NA,NA,NA,0
54,3,13,NA,NA,NA,0
55,5,14,NA,NA,NA,0
56,5,14,NA,NA,NA,0
57,5,14,NA,NA,NA,0
58,5,14,NA,NA,NA,0
59,5,14,NA,NA,NA,0
60,6,15,NA,NA,NA,0
61,6,15,NA,NA,NA,0
62,6,15,NA,NA,NA,0
63,6,15,NA,NA,NA,0
64,6,15,NA,NA,NA,0
65,6,15,NA,NA,NA,0
66,5,16,NA,NA,NA,0
67,5,16,NA,NA,NA,0
68,5,16,NA,NA,NA,0
69,5,16,NA,NA,NA,0
70,5,16,NA,NA,NA,0
71,3,17,NA,NA,NA,0
72,3,17,NA,NA,NA,0
73,3,17,NA,NA,NA,0
74,5,18,NA,NA,NA,0
75,5,18,NA,NA,NA,0
76,5,18,NA,NA,NA,0
77,5,18,NA,NA,NA,0
78,5,18,NA,NA,NA,0
79,5,19,NA,NA,NA,0
80,5,19,NA,NA,NA,0
81,5,19,NA,NA,NA,0
82,5,19,NA,NA,NA,0
83,5,19,NA,NA,NA,0
84,5,20,"E",NA,NA,0
85,5,20,NA,NA,NA,0
86,5,20,NA,NA,NA,0
87,5,20,NA,NA,NA,0
88,5,20,NA,NA,NA,0
89,6,21,NA,NA,NA,0
90,6,21,NA,NA,NA,0
91,6,21,NA,NA,NA,0
92,6,21,"E",266,5,1
93,6,21,"H",297,4,1
94,6,21,"H",NA,NA,0
95,3,22,NA,NA,NA,0
96,3,22,NA,NA,NA,0
97,3,22,NA,NA,NA,0
98,6,23,NA,NA,NA,0
99,6,23,NA,NA,NA,0
100,6,23,NA,NA,NA,0
101,6,23,NA,NA,NA,0
102,6,23,NA,NA,NA,0
103,6,23,NA,NA,NA,0
104,4,24,NA,NA,NA,0
105,4,24,NA,NA,NA,0
106,4,24,NA,NA,NA,0
107,4,24,NA,NA,NA,0
108,3,25,NA,NA,NA,0
109,3,25,NA,NA,NA,0
110,3,25,NA,NA,NA,0
111,5,26,NA,NA,NA,0
112,5,26,NA,NA,NA,0
113,5,26,NA,NA,NA,0
114,5,26,NA,NA,NA,0
115,5,26,NA,NA,NA,0
116,6,27,NA,NA,NA,0
117,6,27,NA,NA,NA,0
118,6,27,NA,NA,NA,0
119,6,27,NA,NA,NA,0
120,6,27,NA,NA,NA,0
121,6,27,NA,NA,NA,0
122,4,28,NA,NA,NA,0
123,4,28,NA,NA,NA,0
124,4,28,NA,NA,NA,0
125,4,28,NA,NA,NA,0
126,3,29,NA,NA,NA,0
127,3,29,NA,NA,NA,0
128,3,29,NA,NA,NA,0
129,6,30,NA,NA,NA,0
130,6,30,NA,NA,NA,0
131,6,30,NA,NA,NA,0
132,6,30,NA,NA,NA,0
133,6,30,NA,NA,NA,0
134,6,30,NA,NA,NA,0
135,4,31,NA,NA,NA,0
136,4,31,NA,NA,NA,0
137,4,31,NA,NA,NA,0
138,4,31,NA,NA,NA,0
139,3,32,NA,NA,NA,0
140,3,32,NA,NA,NA,0
141,3,32,NA,NA,NA,0
142,5,33,NA,NA,NA,0
143,5,33,NA,NA,NA,0
144,5,33,NA,NA,NA,0
145,5,33,NA,NA,NA,0
146,5,33,NA,NA,NA,0
147,3,34,NA,NA,NA,0
148,3,34,NA,NA,NA,0
149,3,34,NA,NA,NA,0
150,5,35,NA,NA,NA,0
151,5,35,NA,NA,NA,0
152,5,35,NA,NA,NA,0
153,5,35,NA,NA,NA,0
154,5,35,NA,NA,NA,0
155,6,36,NA,NA,NA,0
156,6,36,NA,NA,NA,0
157,6,36,NA,NA,NA,0
158,6,36,NA,NA,NA,0
159,6,36,NA,NA,NA,0
160,6,36,NA,NA,NA,0
161,3,37,NA,NA,NA,0
162,3,37,NA,NA,NA,0
163,3,37,NA,NA,NA,0
164,4,38,NA,NA,NA,0
165,4,38,NA,NA,NA,0
166,4,38,NA,NA,NA,0
167,4,38,NA,NA,NA,0
168,6,39,NA,NA,NA,0
169,6,39,NA,NA,NA,0
170,6,39,NA,NA,NA,0
171,6,39,NA,NA,NA,0
172,6,39,NA,NA,NA,0
173,6,39,NA,NA,NA,0
174,5,40,NA,NA,NA,0
175,5,40,NA,NA,NA,0
176,5,40,NA,NA,NA,0
177,5,40,NA,NA,NA,0
178,5,40,NA,NA,NA,0
179,3,41,NA,NA,NA,0
180,3,41,NA,NA,NA,0
181,3,41,NA,NA,NA,0
182,3,42,NA,NA,NA,0
183,3,42,"E",169,2,0
184,3,42,NA,NA,NA,0
185,5,43,NA,NA,NA,0
186,5,43,"E",NA,NA,0
187,5,43,NA,NA,NA,0
188,5,43,NA,NA,NA,0
189,5,43,NA,NA,NA,0
190,3,44,NA,NA,NA,0
191,3,44,NA,NA,NA,0
192,3,44,NA,NA,NA,0
193,5,45,NA,NA,NA,0
194,5,45,NA,NA,NA,0
195,5,45,NA,NA,NA,0
196,5,45,NA,NA,NA,0
197,5,45,NA,NA,NA,0
198,3,46,NA,NA,NA,0
199,3,46,NA,NA,NA,0
200,3,46,NA,NA,NA,0
201,3,47,NA,NA,NA,0
202,3,47,NA,NA,NA,0
203,3,47,NA,NA,NA,0
204,6,48,NA,NA,NA,0
205,6,48,NA,NA,NA,0
206,6,48,NA,NA,NA,0
207,6,48,NA,NA,NA,0
208,6,48,NA,NA,NA,0
209,6,48,NA,NA,NA,0
210,3,49,NA,NA,NA,0
211,3,49,NA,NA,NA,0
212,3,49,NA,NA,NA,0
213,3,50,NA,NA,NA,0
214,3,50,NA,NA,NA,0
215,3,50,NA,NA,NA,0
216,5,51,NA,NA,NA,0
217,5,51,NA,NA,NA,0
218,5,51,NA,NA,NA,0
219,5,51,NA,NA,NA,0
220,5,51,NA,NA,NA,0
221,5,52,NA,NA,NA,0
222,5,52,NA,NA,NA,0
223,5,52,NA,NA,NA,0
224,5,52,NA,NA,NA,0
225,5,52,NA,NA,NA,0
226,5,53,NA,NA,NA,0
227,5,53,NA,NA,NA,0
228,5,53,"E",317,4,0
229,5,53,NA,NA,NA,0
230,5,53,NA,NA,NA,0
231,5,54,NA,NA,NA,0
232,5,54,NA,NA,NA,0
233,5,54,"E",119,4,0
234,5,54,NA,NA,NA,0
235,5,54,NA,NA,NA,0
236,5,55,NA,NA,NA,0
237,5,55,"H",287,2,0
238,5,55,"E",201,4,1
239,5,55,"H",226,3,1
240,5,55,NA,NA,NA,0
241,3,56,NA,NA,NA,0
242,3,56,NA,NA,NA,0
243,3,56,NA,NA,NA,0
244,6,57,NA,NA,NA,0
245,6,57,NA,NA,NA,0
246,6,57,NA,NA,NA,0
247,6,57,NA,NA,NA,0
248,6,57,NA,NA,NA,0
249,6,57,NA,NA,NA,0
250,4,58,NA,NA,NA,0
251,4,58,"E",202,3,0
252,4,58,NA,NA,NA,0
253,4,58,NA,NA,NA,0
254,3,59,NA,NA,NA,0
255,3,59,"E",229,2,0
256,3,59,NA,NA,NA,0
257,6,60,NA,NA,NA,0
258,6,60,NA,NA,NA,0
259,6,60,NA,NA,NA,0
260,6,60,NA,NA,NA,0
261,6,60,NA,NA,NA,0
262,6,60,NA,NA,NA,0
263,4,61,NA,NA,NA,0
264,4,61,NA,NA,NA,0
265,4,61,NA,NA,NA,0
266,4,61,NA,NA,NA,0
267,4,62,NA,NA,NA,0
268,4,62,NA,NA,NA,0
269,4,62,NA,NA,NA,0
270,4,62,NA,NA,NA,0
271,4,63,NA,NA,NA,0
272,4,63,"E",84,3,1
273,4,63,"H",98,2,0
274,4,63,NA,NA,NA,0
275,6,64,NA,NA,NA,0
276,6,64,NA,NA,NA,0
277,6,64,NA,NA,NA,0
278,6,64,NA,NA,NA,0
279,6,64,NA,NA,NA,0
280,6,64,NA,NA,NA,0
281,6,65,NA,NA,NA,0
282,6,65,NA,NA,NA,0
283,6,65,NA,NA,NA,0
284,6,65,NA,NA,NA,0
285,6,65,NA,NA,NA,0
286,6,65,NA,NA,NA,0
287,3,66,"E",191,2,0
288,3,66,NA,NA,NA,0
289,3,66,NA,NA,NA,0
290,3,67,NA,NA,NA,0
291,3,67,NA,NA,NA,0
292,3,67,NA,NA,NA,0
293,4,68,NA,NA,NA,0
294,4,68,"H",205,2,1
295,4,68,"H",242,1,0
296,4,68,"E",180,3,1
297,6,69,NA,NA,NA,0
298,6,69,NA,NA,NA,0
299,6,69,NA,NA,NA,0
300,6,69,NA,NA,NA,0
301,6,69,"E",175,5,0
302,6,69,NA,NA,NA,0
303,4,70,NA,NA,NA,0
304,4,70,NA,NA,NA,0
305,4,70,NA,NA,NA,0
306,4,70,NA,NA,NA,0
307,3,71,NA,NA,NA,0
308,3,71,NA,NA,NA,0
309,3,71,NA,NA,NA,0
310,5,72,NA,NA,NA,0
311,5,72,NA,NA,NA,0
312,5,72,NA,NA,NA,0
313,5,72,NA,NA,NA,0
314,5,72,NA,NA,NA,0
315,5,73,NA,NA,NA,0
316,5,73,"H",85,3,0
317,5,73,NA,NA,NA,0
318,5,73,"E",65,4,1
319,5,73,NA,NA,NA,0
320,5,74,NA,NA,NA,0
321,5,74,"E",84,4,0
322,5,74,NA,NA,NA,0
323,5,74,NA,NA,NA,0
324,5,74,NA,NA,NA,0
325,6,75,NA,NA,NA,0
326,6,75,NA,NA,NA,0
327,6,75,NA,NA,NA,0
328,6,75,NA,NA,NA,0
329,6,75,NA,NA,NA,0
330,6,75,NA,NA,NA,0
331,5,76,NA,NA,NA,0
332,5,76,NA,NA,NA,0
333,5,76,NA,NA,NA,0
334,5,76,NA,NA,NA,0
335,5,76,NA,NA,NA,0
336,4,77,NA,NA,NA,0
337,4,77,NA,NA,NA,0
338,4,77,NA,NA,NA,0
339,4,77,NA,NA,NA,0
340,4,78,"E",NA,NA,0
341,4,78,NA,NA,NA,0
342,4,78,NA,NA,NA,0
343,4,78,NA,NA,NA,0
344,4,79,NA,NA,NA,0
345,4,79,NA,NA,NA,0
346,4,79,NA,NA,NA,0
347,4,79,NA,NA,NA,0
348,5,80,NA,NA,NA,0
349,5,80,NA,NA,NA,0
350,5,80,NA,NA,NA,0
351,5,80,NA,NA,NA,0
352,5,80,NA,NA,NA,0
353,5,81,NA,NA,NA,0
354,5,81,NA,NA,NA,0
355,5,81,NA,NA,NA,0
356,5,81,NA,NA,NA,0
357,5,81,NA,NA,NA,0
358,5,82,NA,NA,NA,0
359,5,82,NA,NA,NA,0
360,5,82,NA,NA,NA,0
361,5,82,NA,NA,NA,0
362,5,82,NA,NA,NA,0
363,5,83,NA,NA,NA,0
364,5,83,NA,NA,NA,0
365,5,83,NA,NA,NA,0
366,5,83,NA,NA,NA,0
367,5,83,NA,NA,NA,0
368,6,84,NA,NA,NA,0
369,6,84,NA,NA,NA,0
370,6,84,NA,NA,NA,0
371,6,84,NA,NA,NA,0
372,6,84,NA,NA,NA,0
373,6,84,NA,NA,NA,0
374,6,85,NA,NA,NA,0
375,6,85,NA,NA,NA,0
376,6,85,NA,NA,NA,0
377,6,85,NA,NA,NA,0
378,6,85,NA,NA,NA,0
379,6,85,NA,NA,NA,0
380,5,86,NA,NA,NA,0
381,5,86,NA,NA,NA,0
382,5,86,NA,NA,NA,0
383,5,86,NA,NA,NA,0
384,5,86,"E",342,4,0
385,3,87,NA,NA,NA,0
386,3,87,NA,NA,NA,0
387,3,87,NA,NA,NA,0
388,3,88,NA,NA,NA,0
389,3,88,NA,NA,NA,0
390,3,88,NA,NA,NA,0
391,3,89,NA,NA,NA,0
392,3,89,NA,NA,NA,0
393,3,89,NA,NA,NA,0
394,5,90,NA,NA,NA,0
395,5,90,NA,NA,NA,0
396,5,90,NA,NA,NA,0
397,5,90,NA,NA,NA,0
398,5,90,NA,NA,NA,0
399,5,91,NA,NA,NA,0
400,5,91,NA,NA,NA,0
401,5,91,NA,NA,NA,0
402,5,91,NA,NA,NA,0
403,5,91,NA,NA,NA,0
404,4,92,NA,NA,NA,0
405,4,92,NA,NA,NA,0
406,4,92,NA,NA,NA,0
407,4,92,NA,NA,NA,0
408,6,93,NA,NA,NA,0
409,6,93,NA,NA,NA,0
410,6,93,NA,NA,NA,0
411,6,93,NA,NA,NA,0
412,6,93,NA,NA,NA,0
413,6,93,NA,NA,NA,0
414,3,94,NA,NA,NA,0
415,3,94,"E",18,2,0
416,3,94,NA,NA,NA,0
417,3,95,NA,NA,NA,0
418,3,95,NA,NA,NA,0
419,3,95,NA,NA,NA,0
420,5,96,NA,NA,NA,0
421,5,96,NA,NA,NA,0
422,5,96,NA,NA,NA,0
423,5,96,NA,NA,NA,0
424,5,96,NA,NA,NA,0
425,5,97,NA,NA,NA,0
426,5,97,NA,NA,NA,0
427,5,97,NA,NA,NA,0
428,5,97,NA,NA,NA,0
429,5,97,NA,NA,NA,0
430,4,98,NA,NA,NA,0
431,4,98,NA,NA,NA,0
432,4,98,NA,NA,NA,0
433,4,98,NA,NA,NA,0
434,4,99,NA,NA,NA,0
435,4,99,NA,NA,NA,0
436,4,99,NA,NA,NA,0
437,4,99,NA,NA,NA,0
438,6,100,NA,NA,NA,0
439,6,100,NA,NA,NA,0
440,6,100,NA,NA,NA,0
441,6,100,NA,NA,NA,0
442,6,100,NA,NA,NA,0
443,6,100,NA,NA,NA,0
444,5,101,"E",229,3,0
445,5,101,NA,NA,NA,0
446,5,101,"E",63,4,0
447,5,101,NA,NA,NA,0
448,5,101,NA,NA,NA,0
449,4,102,NA,NA,NA,0
450,4,102,NA,NA,NA,0
451,4,102,NA,NA,NA,0
452,4,102,NA,NA,NA,0
453,5,103,NA,NA,NA,0
454,5,103,NA,NA,NA,0
455,5,103,NA,NA,NA,0
456,5,103,NA,NA,NA,0
457,5,103,NA,NA,NA,0
458,5,104,NA,NA,NA,0
459,5,104,NA,NA,NA,0
460,5,104,NA,NA,NA,0
461,5,104,NA,NA,NA,0
462,5,104,NA,NA,NA,0
463,4,105,"E",301,3,0
464,4,105,NA,NA,NA,0
465,4,105,NA,NA,NA,0
466,4,105,NA,NA,NA,0
467,5,106,NA,NA,NA,0
468,5,106,"E",310,4,2
469,5,106,"H",NA,NA,0
470,5,106,"H",342,2,1
471,5,106,"H",342,2,0
472,6,107,NA,NA,NA,0
473,6,107,NA,NA,NA,0
474,6,107,NA,NA,NA,0
475,6,107,NA,NA,NA,0
476,6,107,NA,NA,NA,0
477,6,107,NA,NA,NA,0
478,5,108,NA,NA,NA,0
479,5,108,NA,NA,NA,0
480,5,108,NA,NA,NA,0
481,5,108,NA,NA,NA,0
482,5,108,NA,NA,NA,0
483,5,109,NA,NA,NA,0
484,5,109,"E",184,4,1
485,5,109,"H",318,1,0
486,5,109,"H",239,3,1
487,5,109,"H",258,2,1
488,5,110,NA,NA,NA,0
489,5,110,"H",201,3,0
490,5,110,NA,NA,NA,0
491,5,110,NA,NA,NA,0
492,5,110,"E",182,4,1
493,3,111,NA,NA,NA,0
494,3,111,NA,NA,NA,0
495,3,111,NA,NA,NA,0
496,3,112,NA,NA,NA,0
497,3,112,NA,NA,NA,0
498,3,112,NA,NA,NA,0
499,6,113,NA,NA,NA,0
500,6,113,NA,NA,NA,0
501,6,113,NA,NA,NA,0
502,6,113,NA,NA,NA,0
503,6,113,NA,NA,NA,0
504,6,113,NA,NA,NA,0
505,4,114,"H",159,1,0
506,4,114,"C",84,3,1
507,4,114,"H",109,2,1
508,4,114,NA,NA,NA,0
509,4,115,NA,NA,NA,0
510,4,115,NA,NA,NA,0
511,4,115,NA,NA,NA,0
512,4,115,NA,NA,NA,0
513,3,116,NA,NA,NA,0
514,3,116,NA,NA,NA,0
515,3,116,NA,NA,NA,0
516,4,117,NA,NA,NA,0
517,4,117,NA,NA,NA,0
518,4,117,NA,NA,NA,0
519,4,117,NA,NA,NA,0
520,3,118,NA,NA,NA,0
521,3,118,"E",224,2,0
522,3,118,NA,NA,NA,0
523,3,119,"E",174,2,0
524,3,119,NA,NA,NA,0
525,3,119,NA,NA,NA,0
526,4,120,NA,NA,NA,0
527,4,120,NA,NA,NA,0
528,4,120,NA,NA,NA,0
529,4,120,NA,NA,NA,0
530,6,121,"H",310,3,1
531,6,121,NA,NA,NA,0
532,6,121,"C",261,5,2
533,6,121,"H",346,2,0
534,6,121,"H",333,2,0
535,6,121,NA,NA,NA,0
536,3,122,NA,NA,NA,0
537,3,122,NA,NA,NA,0
538,3,122,NA,NA,NA,0
539,6,123,NA,NA,NA,0
540,6,123,NA,NA,NA,0
541,6,123,NA,NA,NA,0
542,6,123,NA,NA,NA,0
543,6,123,NA,NA,NA,0
544,6,123,NA,NA,NA,0
545,3,124,NA,NA,NA,0
546,3,124,NA,NA,NA,0
547,3,124,NA,NA,NA,0
548,4,125,NA,NA,NA,0
549,4,125,NA,NA,NA,0
550,4,125,NA,NA,NA,0
551,4,125,NA,NA,NA,0
552,6,126,NA,NA,NA,0
553,6,126,NA,NA,NA,0
554,6,126,NA,NA,NA,0
555,6,126,NA,NA,NA,0
556,6,126,NA,NA,NA,0
557,6,126,NA,NA,NA,0
558,5,127,NA,NA,NA,0
559,5,127,NA,NA,NA,0
560,5,127,NA,NA,NA,0
561,5,127,NA,NA,NA,0
562,5,127,NA,NA,NA,0
563,6,128,NA,NA,NA,0
564,6,128,NA,NA,NA,0
565,6,128,NA,NA,NA,0
566,6,128,NA,NA,NA,0
567,6,128,NA,NA,NA,0
568,6,128,NA,NA,NA,0
569,3,129,NA,NA,NA,0
570,3,129,"E",192,2,1
571,3,129,"H",206,1,0
572,4,130,"E",185,3,0
573,4,130,NA,NA,NA,0
574,4,130,NA,NA,NA,0
575,4,130,NA,NA,NA,0
576,6,131,NA,NA,NA,0
577,6,131,NA,NA,NA,0
578,6,131,NA,NA,NA,0
579,6,131,NA,NA,NA,0
580,6,131,"E",274,5,0
581,6,131,NA,NA,NA,0
582,4,132,NA,NA,NA,0
583,4,132,NA,NA,NA,0
584,4,132,NA,NA,NA,0
585,4,132,NA,NA,NA,0
586,3,133,NA,NA,NA,0
587,3,133,"E",71,2,1
588,3,133,"H",108,1,0
589,5,134,NA,NA,NA,0
590,5,134,NA,NA,NA,0
591,5,134,NA,NA,NA,0
592,5,134,NA,NA,NA,0
593,5,134,NA,NA,NA,0
594,6,135,NA,NA,NA,0
595,6,135,NA,NA,NA,0
596,6,135,NA,NA,NA,0
597,6,135,NA,NA,NA,0
598,6,135,NA,NA,NA,0
599,6,135,NA,NA,NA,0
600,6,136,NA,NA,NA,0
601,6,136,NA,NA,NA,0
602,6,136,NA,NA,NA,0
603,6,136,NA,NA,NA,0
604,6,136,NA,NA,NA,0
605,6,136,NA,NA,NA,0
606,6,137,NA,NA,NA,0
607,6,137,"E",NA,NA,0
608,6,137,NA,NA,NA,0
609,6,137,NA,NA,NA,0
610,6,137,NA,NA,NA,0
611,6,137,NA,NA,NA,0
612,6,138,NA,NA,NA,0
613,6,138,NA,NA,NA,0
614,6,138,NA,NA,NA,0
615,6,138,NA,NA,NA,0
616,6,138,NA,NA,NA,0
617,6,138,NA,NA,NA,0
618,6,139,"H",342,3,0
619,6,139,"E",316,5,2
620,6,139,NA,NA,NA,0
621,6,139,NA,NA,NA,0
622,6,139,NA,NA,NA,0
623,6,139,"H",353,3,0
624,6,140,NA,NA,NA,0
625,6,140,NA,NA,NA,0
626,6,140,NA,NA,NA,0
627,6,140,NA,NA,NA,0
628,6,140,NA,NA,NA,0
629,6,140,NA,NA,NA,0
630,4,141,NA,NA,NA,0
631,4,141,NA,NA,NA,0
632,4,141,"E",275,3,0
633,4,141,NA,NA,NA,0
634,6,142,NA,NA,NA,0
635,6,142,"E",254,4,0
636,6,142,"E",184,5,0
637,6,142,NA,NA,NA,0
638,6,142,NA,NA,NA,0
639,6,142,NA,NA,NA,0
640,3,143,NA,NA,NA,0
641,3,143,NA,NA,NA,0
642,3,143,NA,NA,NA,0
643,3,144,NA,NA,NA,0
644,3,144,NA,NA,NA,0
645,3,144,NA,NA,NA,0
646,4,145,NA,NA,NA,0
647,4,145,NA,NA,NA,0
648,4,145,"H",235,2,0
649,4,145,"E",174,3,1
650,6,146,NA,NA,NA,0
651,6,146,"E",190,5,1
652,6,146,"H",258,3,0
653,6,146,NA,NA,NA,0
654,6,146,NA,NA,NA,0
655,6,146,"H",224,4,1
656,4,147,NA,NA,NA,0
657,4,147,NA,NA,NA,0
658,4,147,NA,NA,NA,0
659,4,147,NA,NA,NA,0
660,4,148,NA,NA,NA,0
661,4,148,NA,NA,NA,0
662,4,148,NA,NA,NA,0
663,4,148,NA,NA,NA,0
664,5,149,NA,NA,NA,0
665,5,149,NA,NA,NA,0
666,5,149,NA,NA,NA,0
667,5,149,NA,NA,NA,0
668,5,149,NA,NA,NA,0
669,5,150,NA,NA,NA,0
670,5,150,NA,NA,NA,0
671,5,150,NA,NA,NA,0
672,5,150,NA,NA,NA,0
673,5,150,NA,NA,NA,0
674,4,151,NA,NA,NA,0
675,4,151,"H",188,1,0
676,4,151,"H",234,1,0
677,4,151,"E",162,3,2
678,5,152,NA,NA,NA,0
679,5,152,NA,NA,NA,0
680,5,152,NA,NA,NA,0
681,5,152,NA,NA,NA,0
682,5,152,NA,NA,NA,0
683,6,153,NA,NA,NA,0
684,6,153,NA,NA,NA,0
685,6,153,NA,NA,NA,0
686,6,153,NA,NA,NA,0
687,6,153,NA,NA,NA,0
688,6,153,NA,NA,NA,0
689,5,154,NA,NA,NA,0
690,5,154,NA,NA,NA,0
691,5,154,NA,NA,NA,0
692,5,154,NA,NA,NA,0
693,5,154,NA,NA,NA,0
694,5,155,NA,NA,NA,0
695,5,155,NA,NA,NA,0
696,5,155,NA,NA,NA,0
697,5,155,NA,NA,NA,0
698,5,155,NA,NA,NA,0
699,6,156,NA,NA,NA,0
700,6,156,NA,NA,NA,0
701,6,156,NA,NA,NA,0
702,6,156,NA,NA,NA,0
703,6,156,NA,NA,NA,0
704,6,156,NA,NA,NA,0
705,6,157,NA,NA,NA,0
706,6,157,"H",260,2,0
707,6,157,"E",234,5,3
708,6,157,"H",257,2,0
709,6,157,"H",305,1,0
710,6,157,"H",270,2,1
711,3,158,NA,NA,NA,0
712,3,158,NA,NA,NA,0
713,3,158,"E",125,2,0
714,3,159,NA,NA,NA,0
715,3,159,"H",192,1,0
716,3,159,"E",171,2,1
717,6,160,NA,NA,NA,0
718,6,160,NA,NA,NA,0
719,6,160,NA,NA,NA,0
720,6,160,"E",352,5,1
721,6,160,"H",NA,NA,0
722,6,160,NA,NA,NA,0
723,4,161,NA,NA,NA,0
724,4,161,NA,NA,NA,0
725,4,161,NA,NA,NA,0
726,4,161,NA,NA,NA,0
727,4,162,NA,NA,NA,0
728,4,162,NA,NA,NA,0
729,4,162,NA,NA,NA,0
730,4,162,NA,NA,NA,0
731,5,163,NA,NA,NA,0
732,5,163,NA,NA,NA,0
733,5,163,NA,NA,NA,0
734,5,163,NA,NA,NA,0
735,5,163,NA,NA,NA,0
736,6,164,NA,NA,NA,0
737,6,164,NA,NA,NA,0
738,6,164,NA,NA,NA,0
739,6,164,NA,NA,NA,0
740,6,164,NA,NA,NA,0
741,6,164,NA,NA,NA,0
742,6,165,NA,NA,NA,0
743,6,165,NA,NA,NA,0
744,6,165,NA,NA,NA,0
745,6,165,NA,NA,NA,0
746,6,165,NA,NA,NA,0
747,6,165,NA,NA,NA,0
748,5,166,NA,NA,NA,0
749,5,166,NA,NA,NA,0
750,5,166,NA,NA,NA,0
751,5,166,NA,NA,NA,0
752,5,166,NA,NA,NA,0
753,3,167,NA,NA,NA,0
754,3,167,NA,NA,NA,0
755,3,167,NA,NA,NA,0
756,3,168,NA,NA,NA,0
757,3,168,"E",208,2,0
758,3,168,NA,NA,NA,0
759,6,169,NA,NA,NA,0
760,6,169,NA,NA,NA,0
761,6,169,NA,NA,NA,0
762,6,169,NA,NA,NA,0
763,6,169,NA,NA,NA,0
764,6,169,NA,NA,NA,0
765,6,170,NA,NA,NA,0
766,6,170,NA,NA,NA,0
767,6,170,NA,NA,NA,0
768,6,170,NA,NA,NA,0
769,6,170,NA,NA,NA,0
770,6,170,NA,NA,NA,0
771,5,171,NA,NA,NA,0
772,5,171,NA,NA,NA,0
773,5,171,NA,NA,NA,0
774,5,171,NA,NA,NA,0
775,5,171,NA,NA,NA,0
776,6,172,NA,NA,NA,0
777,6,172,NA,NA,NA,0
778,6,172,NA,NA,NA,0
779,6,172,NA,NA,NA,0
780,6,172,NA,NA,NA,0
781,6,172,NA,NA,NA,0
782,5,173,NA,NA,NA,0
783,5,173,NA,NA,NA,0
784,5,173,NA,NA,NA,0
785,5,173,NA,NA,NA,0
786,5,173,NA,NA,NA,0
787,3,174,NA,NA,NA,0
788,3,174,NA,NA,NA,0
789,3,174,NA,NA,NA,0
790,4,175,NA,NA,NA,0
791,4,175,NA,NA,NA,0
792,4,175,NA,NA,NA,0
793,4,175,"E",73,3,0
794,5,176,NA,NA,NA,0
795,5,176,NA,NA,NA,0
796,5,176,NA,NA,NA,0
797,5,176,NA,NA,NA,0
798,5,176,NA,NA,NA,0
799,5,177,NA,NA,NA,0
800,5,177,NA,NA,NA,0
801,5,177,NA,NA,NA,0
802,5,177,NA,NA,NA,0
803,5,177,NA,NA,NA,0
804,4,178,NA,NA,NA,0
805,4,178,NA,NA,NA,0
806,4,178,"E",178,3,0
807,4,178,NA,NA,NA,0
808,4,179,"H",236,0,0
809,4,179,"E",147,3,1
810,4,179,"H",219,0,0
811,4,179,"H",200,2,2
812,5,180,NA,NA,NA,0
813,5,180,NA,NA,NA,0
814,5,180,NA,NA,NA,0
815,5,180,NA,NA,NA,0
816,5,180,NA,NA,NA,0
817,3,181,NA,NA,NA,0
818,3,181,NA,NA,NA,0
819,3,181,NA,NA,NA,0
820,6,182,NA,NA,NA,0
821,6,182,NA,NA,NA,0
822,6,182,NA,NA,NA,0
823,6,182,NA,NA,NA,0
824,6,182,NA,NA,NA,0
825,6,182,NA,NA,NA,0
826,3,183,NA,NA,NA,0
827,3,183,NA,NA,NA,0
828,3,183,NA,NA,NA,0
829,6,184,NA,NA,NA,0
830,6,184,NA,NA,NA,0
831,6,184,NA,NA,NA,0
832,6,184,NA,NA,NA,0
833,6,184,NA,NA,NA,0
834,6,184,NA,NA,NA,0
835,6,185,NA,NA,NA,0
836,6,185,NA,NA,NA,0
837,6,185,NA,NA,NA,0
838,6,185,NA,NA,NA,0
839,6,185,NA,NA,NA,0
840,6,185,NA,NA,NA,0
841,5,186,NA,NA,NA,0
842,5,186,NA,NA,NA,0
843,5,186,NA,NA,NA,0
844,5,186,NA,NA,NA,0
845,5,186,NA,NA,NA,0
846,5,187,NA,NA,NA,0
847,5,187,"E",364,4,0
848,5,187,NA,NA,NA,0
849,5,187,NA,NA,NA,0
850,5,187,NA,NA,NA,0
851,6,188,NA,NA,NA,0
852,6,188,NA,NA,NA,0
853,6,188,NA,NA,NA,0
854,6,188,NA,NA,NA,0
855,6,188,NA,NA,NA,0
856,6,188,NA,NA,NA,0
857,6,189,NA,NA,NA,0
858,6,189,NA,NA,NA,0
859,6,189,NA,NA,NA,0
860,6,189,NA,NA,NA,0
861,6,189,NA,NA,NA,0
862,6,189,NA,NA,NA,0
863,4,190,NA,NA,NA,0
864,4,190,NA,NA,NA,0
865,4,190,NA,NA,NA,0
866,4,190,NA,NA,NA,0
867,6,191,NA,NA,NA,0
868,6,191,NA,NA,NA,0
869,6,191,NA,NA,NA,0
870,6,191,NA,NA,NA,0
871,6,191,NA,NA,NA,0
872,6,191,NA,NA,NA,0
873,6,192,NA,NA,NA,0
874,6,192,NA,NA,NA,0
875,6,192,NA,NA,NA,0
876,6,192,NA,NA,NA,0
877,6,192,NA,NA,NA,0
878,6,192,NA,NA,NA,0
879,3,193,NA,NA,NA,0
880,3,193,NA,NA,NA,0
881,3,193,NA,NA,NA,0
882,6,194,NA,NA,NA,0
883,6,194,NA,NA,NA,0
884,6,194,NA,NA,NA,0
885,6,194,NA,NA,NA,0
886,6,194,NA,NA,NA,0
887,6,194,NA,NA,NA,0
888,4,195,NA,NA,NA,0
889,4,195,NA,NA,NA,0
890,4,195,"E",NA,NA,0
891,4,195,NA,NA,NA,0
892,4,196,NA,NA,NA,0
893,4,196,NA,NA,NA,0
894,4,196,NA,NA,NA,0
895,4,196,NA,NA,NA,0
896,6,197,NA,NA,NA,0
897,6,197,NA,NA,NA,0
898,6,197,NA,NA,NA,0
899,6,197,NA,NA,NA,0
900,6,197,NA,NA,NA,0
901,6,197,NA,NA,NA,0
902,3,198,NA,NA,NA,0
903,3,198,NA,NA,NA,0
904,3,198,NA,NA,NA,0
905,6,199,NA,NA,NA,0
906,6,199,NA,NA,NA,0
907,6,199,"H",66,3,0
908,6,199,"H",40,4,1
909,6,199,NA,NA,NA,0
910,6,199,"E",22,5,1
911,5,200,NA,NA,NA,0
912,5,200,NA,NA,NA,0
913,5,200,NA,NA,NA,0
914,5,200,NA,NA,NA,0
915,5,200,NA,NA,NA,0
916,6,201,NA,NA,NA,0
917,6,201,NA,NA,NA,0
918,6,201,NA,NA,NA,0
919,6,201,NA,NA,NA,0
920,6,201,NA,NA,NA,0
921,6,201,NA,NA,NA,0
922,6,202,NA,NA,NA,0
923,6,202,"E",93,5,1
924,6,202,NA,NA,NA,0
925,6,202,NA,NA,NA,0
926,6,202,NA,NA,NA,0
927,6,202,"H",131,4,0
928,5,203,"E",48,4,0
929,5,203,NA,NA,NA,0
930,5,203,NA,NA,NA,0
931,5,203,NA,NA,NA,0
932,5,203,NA,NA,NA,0
933,4,204,NA,NA,NA,0
934,4,204,NA,NA,NA,0
935,4,204,NA,NA,NA,0
936,4,204,NA,NA,NA,0
937,5,205,NA,NA,NA,0
938,5,205,"E",84,4,0
939,5,205,NA,NA,NA,0
940,5,205,NA,NA,NA,0
941,5,205,NA,NA,NA,0
942,4,206,NA,NA,NA,0
943,4,206,NA,NA,NA,0
944,4,206,NA,NA,NA,0
945,4,206,NA,NA,NA,0
946,4,207,"E",139,3,0
947,4,207,NA,NA,NA,0
948,4,207,NA,NA,NA,0
949,4,207,NA,NA,NA,0
950,3,208,NA,NA,NA,0
951,3,208,NA,NA,NA,0
952,3,208,NA,NA,NA,0
953,3,209,NA,NA,NA,0
954,3,209,"E",185,2,0
955,3,209,NA,NA,NA,0
956,6,210,NA,NA,NA,0
957,6,210,NA,NA,NA,0
958,6,210,NA,NA,NA,0
959,6,210,NA,NA,NA,0
960,6,210,NA,NA,NA,0
961,6,210,NA,NA,NA,0
962,4,211,"E",261,3,1
963,4,211,NA,NA,NA,0
964,4,211,"H",330,2,0
965,4,211,NA,NA,NA,0
966,3,212,NA,NA,NA,0
967,3,212,NA,NA,NA,0
968,3,212,NA,NA,NA,0
969,5,213,NA,NA,NA,0
970,5,213,"E",121,4,0
971,5,213,NA,NA,NA,0
972,5,213,NA,NA,NA,0
973,5,213,NA,NA,NA,0
974,6,214,NA,NA,NA,0
975,6,214,NA,NA,NA,0
976,6,214,NA,NA,NA,0
977,6,214,NA,NA,NA,0
978,6,214,NA,NA,NA,0
979,6,214,NA,NA,NA,0
980,3,215,NA,NA,NA,0
981,3,215,NA,NA,NA,0
982,3,215,NA,NA,NA,0
983,6,216,"E",29,5,1
984,6,216,"H",127,1,0
985,6,216,"H",64,4,1
986,6,216,NA,NA,NA,0
987,6,216,"H",78,3,2
988,6,216,"H",133,1,0
989,6,217,NA,NA,NA,0
990,6,217,NA,NA,NA,0
991,6,217,NA,NA,NA,0
992,6,217,NA,NA,NA,0
993,6,217,NA,NA,NA,0
994,6,217,NA,NA,NA,0
995,6,218,NA,NA,NA,0
996,6,218,NA,NA,NA,0
997,6,218,NA,NA,NA,0
998,6,218,NA,NA,NA,0
999,6,218,NA,NA,NA,0
1000,6,218,NA,NA,NA,0
