"ID","SIZE","HH","TYPE","TIME","S_NUM","I_NUM"
1,5,1,"0",NA,NA,0
2,5,1,NA,NA,NA,0
3,5,1,NA,NA,NA,0
4,5,1,NA,NA,NA,0
5,5,1,NA,NA,NA,0
6,4,2,NA,NA,NA,0
7,4,2,NA,NA,NA,0
8,4,2,"E",261,3,0
9,4,2,NA,NA,NA,0
10,4,3,NA,NA,NA,0
11,4,3,NA,NA,NA,0
12,4,3,NA,NA,NA,0
13,4,3,NA,NA,NA,0
14,3,4,NA,NA,NA,0
15,3,4,NA,NA,NA,0
16,3,4,NA,NA,NA,0
17,5,5,NA,NA,NA,0
18,5,5,NA,NA,NA,0
19,5,5,NA,NA,NA,0
20,5,5,NA,NA,NA,0
21,5,5,NA,NA,NA,0
22,5,6,NA,NA,NA,0
23,5,6,NA,NA,NA,0
24,5,6,NA,NA,NA,0
25,5,6,NA,NA,NA,0
26,5,6,NA,NA,NA,0
27,3,7,NA,NA,NA,0
28,3,7,NA,NA,NA,0
29,3,7,NA,NA,NA,0
30,3,8,NA,NA,NA,0
31,3,8,NA,NA,NA,0
32,3,8,NA,NA,NA,0
33,5,9,NA,NA,NA,0
34,5,9,NA,NA,NA,0
35,5,9,NA,NA,NA,0
36,5,9,"H",177,3,0
37,5,9,"E",138,4,1
38,4,10,NA,NA,NA,0
39,4,10,NA,NA,NA,0
40,4,10,NA,NA,NA,0
41,4,10,NA,NA,NA,0
42,6,11,NA,NA,NA,0
43,6,11,NA,NA,NA,0
44,6,11,NA,NA,NA,0
45,6,11,NA,NA,NA,0
46,6,11,NA,NA,NA,0
47,6,11,NA,NA,NA,0
48,4,12,"H",343,0,0
49,4,12,"H",268,1,1
50,4,12,"E",214,3,2
51,4,12,"H",258,1,0
52,5,13,NA,NA,NA,0
53,5,13,NA,NA,NA,0
54,5,13,NA,NA,NA,0
55,5,13,NA,NA,NA,0
56,5,13,NA,NA,NA,0
57,3,14,NA,NA,NA,0
58,3,14,NA,NA,NA,0
59,3,14,NA,NA,NA,0
60,3,15,"E",53,2,0
61,3,15,NA,NA,NA,0
62,3,15,NA,NA,NA,0
63,6,16,NA,NA,NA,0
64,6,16,"H",NA,NA,0
65,6,16,"H",NA,NA,0
66,6,16,NA,NA,NA,0
67,6,16,NA,NA,NA,0
68,6,16,"E",331,5,2
69,5,17,NA,NA,NA,0
70,5,17,NA,NA,NA,0
71,5,17,NA,NA,NA,0
72,5,17,NA,NA,NA,0
73,5,17,NA,NA,NA,0
74,4,18,NA,NA,NA,0
75,4,18,NA,NA,NA,0
76,4,18,NA,NA,NA,0
77,4,18,NA,NA,NA,0
78,6,19,NA,NA,NA,0
79,6,19,NA,NA,NA,0
80,6,19,NA,NA,NA,0
81,6,19,NA,NA,NA,0
82,6,19,NA,NA,NA,0
83,6,19,NA,NA,NA,0
84,6,20,NA,NA,NA,0
85,6,20,NA,NA,NA,0
86,6,20,NA,NA,NA,0
87,6,20,NA,NA,NA,0
88,6,20,NA,NA,NA,0
89,6,20,"E",139,5,0
90,4,21,NA,NA,NA,0
91,4,21,NA,NA,NA,0
92,4,21,NA,NA,NA,0
93,4,21,NA,NA,NA,0
94,3,22,NA,NA,NA,0
95,3,22,NA,NA,NA,0
96,3,22,NA,NA,NA,0
97,3,23,NA,NA,NA,0
98,3,23,NA,NA,NA,0
99,3,23,NA,NA,NA,0
100,6,24,NA,NA,NA,0
101,6,24,NA,NA,NA,0
102,6,24,NA,NA,NA,0
103,6,24,NA,NA,NA,0
104,6,24,NA,NA,NA,0
105,6,24,NA,NA,NA,0
106,5,25,NA,NA,NA,0
107,5,25,NA,NA,NA,0
108,5,25,"E",334,4,0
109,5,25,NA,NA,NA,0
110,5,25,NA,NA,NA,0
111,4,26,NA,NA,NA,0
112,4,26,NA,NA,NA,0
113,4,26,NA,NA,NA,0
114,4,26,NA,NA,NA,0
115,3,27,NA,NA,NA,0
116,3,27,NA,NA,NA,0
117,3,27,NA,NA,NA,0
118,5,28,NA,NA,NA,0
119,5,28,NA,NA,NA,0
120,5,28,NA,NA,NA,0
121,5,28,NA,NA,NA,0
122,5,28,NA,NA,NA,0
123,4,29,NA,NA,NA,0
124,4,29,NA,NA,NA,0
125,4,29,NA,NA,NA,0
126,4,29,NA,NA,NA,0
127,4,30,NA,NA,NA,0
128,4,30,NA,NA,NA,0
129,4,30,NA,NA,NA,0
130,4,30,NA,NA,NA,0
131,6,31,NA,NA,NA,0
132,6,31,NA,NA,NA,0
133,6,31,NA,NA,NA,0
134,6,31,NA,NA,NA,0
135,6,31,NA,NA,NA,0
136,6,31,NA,NA,NA,0
137,6,32,"H",323,2,0
138,6,32,"E",293,5,2
139,6,32,"H",319,3,1
140,6,32,NA,NA,NA,0
141,6,32,"H",NA,NA,0
142,6,32,"H",357,2,1
143,6,33,NA,NA,NA,0
144,6,33,NA,NA,NA,0
145,6,33,NA,NA,NA,0
146,6,33,NA,NA,NA,0
147,6,33,NA,NA,NA,0
148,6,33,NA,NA,NA,0
149,6,34,NA,NA,NA,0
150,6,34,NA,NA,NA,0
151,6,34,NA,NA,NA,0
152,6,34,NA,NA,NA,0
153,6,34,NA,NA,NA,0
154,6,34,NA,NA,NA,0
155,3,35,NA,NA,NA,0
156,3,35,NA,NA,NA,0
157,3,35,NA,NA,NA,0
158,4,36,NA,NA,NA,0
159,4,36,NA,NA,NA,0
160,4,36,NA,NA,NA,0
161,4,36,NA,NA,NA,0
162,3,37,NA,NA,NA,0
163,3,37,NA,NA,NA,0
164,3,37,NA,NA,NA,0
165,5,38,NA,NA,NA,0
166,5,38,NA,NA,NA,0
167,5,38,NA,NA,NA,0
168,5,38,NA,NA,NA,0
169,5,38,NA,NA,NA,0
170,4,39,NA,NA,NA,0
171,4,39,NA,NA,NA,0
172,4,39,NA,NA,NA,0
173,4,39,NA,NA,NA,0
174,6,40,NA,NA,NA,0
175,6,40,NA,NA,NA,0
176,6,40,NA,NA,NA,0
177,6,40,NA,NA,NA,0
178,6,40,NA,NA,NA,0
179,6,40,NA,NA,NA,0
180,6,41,NA,NA,NA,0
181,6,41,NA,NA,NA,0
182,6,41,NA,NA,NA,0
183,6,41,NA,NA,NA,0
184,6,41,NA,NA,NA,0
185,6,41,NA,NA,NA,0
186,6,42,NA,NA,NA,0
187,6,42,NA,NA,NA,0
188,6,42,NA,NA,NA,0
189,6,42,NA,NA,NA,0
190,6,42,NA,NA,NA,0
191,6,42,NA,NA,NA,0
192,3,43,NA,NA,NA,0
193,3,43,NA,NA,NA,0
194,3,43,NA,NA,NA,0
195,5,44,NA,NA,NA,0
196,5,44,"H",67,2,0
197,5,44,"E",39,4,2
198,5,44,NA,NA,NA,0
199,5,44,"H",69,2,0
200,3,45,NA,NA,NA,0
201,3,45,NA,NA,NA,0
202,3,45,NA,NA,NA,0
203,4,46,NA,NA,NA,0
204,4,46,NA,NA,NA,0
205,4,46,NA,NA,NA,0
206,4,46,NA,NA,NA,0
207,3,47,NA,NA,NA,0
208,3,47,NA,NA,NA,0
209,3,47,NA,NA,NA,0
210,4,48,NA,NA,NA,0
211,4,48,NA,NA,NA,0
212,4,48,NA,NA,NA,0
213,4,48,NA,NA,NA,0
214,4,49,NA,NA,NA,0
215,4,49,NA,NA,NA,0
216,4,49,NA,NA,NA,0
217,4,49,NA,NA,NA,0
218,4,50,NA,NA,NA,0
219,4,50,NA,NA,NA,0
220,4,50,NA,NA,NA,0
221,4,50,NA,NA,NA,0
222,5,51,NA,NA,NA,0
223,5,51,NA,NA,NA,0
224,5,51,NA,NA,NA,0
225,5,51,NA,NA,NA,0
226,5,51,NA,NA,NA,0
227,6,52,"E",98,5,0
228,6,52,NA,NA,NA,0
229,6,52,NA,NA,NA,0
230,6,52,NA,NA,NA,0
231,6,52,NA,NA,NA,0
232,6,52,NA,NA,NA,0
233,5,53,NA,NA,NA,0
234,5,53,NA,NA,NA,0
235,5,53,NA,NA,NA,0
236,5,53,NA,NA,NA,0
237,5,53,NA,NA,NA,0
238,6,54,NA,NA,NA,0
239,6,54,NA,NA,NA,0
240,6,54,NA,NA,NA,0
241,6,54,NA,NA,NA,0
242,6,54,NA,NA,NA,0
243,6,54,NA,NA,NA,0
244,4,55,NA,NA,NA,0
245,4,55,NA,NA,NA,0
246,4,55,NA,NA,NA,0
247,4,55,NA,NA,NA,0
248,4,56,NA,NA,NA,0
249,4,56,NA,NA,NA,0
250,4,56,NA,NA,NA,0
251,4,56,NA,NA,NA,0
252,5,57,NA,NA,NA,0
253,5,57,NA,NA,NA,0
254,5,57,"E",118,4,0
255,5,57,NA,NA,NA,0
256,5,57,NA,NA,NA,0
257,5,58,NA,NA,NA,0
258,5,58,NA,NA,NA,0
259,5,58,NA,NA,NA,0
260,5,58,NA,NA,NA,0
261,5,58,NA,NA,NA,0
262,6,59,NA,NA,NA,0
263,6,59,NA,NA,NA,0
264,6,59,NA,NA,NA,0
265,6,59,"E",178,5,0
266,6,59,NA,NA,NA,0
267,6,59,NA,NA,NA,0
268,3,60,NA,NA,NA,0
269,3,60,NA,NA,NA,0
270,3,60,NA,NA,NA,0
271,3,61,NA,NA,NA,0
272,3,61,NA,NA,NA,0
273,3,61,NA,NA,NA,0
274,5,62,NA,NA,NA,0
275,5,62,NA,NA,NA,0
276,5,62,NA,NA,NA,0
277,5,62,NA,NA,NA,0
278,5,62,NA,NA,NA,0
279,6,63,NA,NA,NA,0
280,6,63,NA,NA,NA,0
281,6,63,NA,NA,NA,0
282,6,63,NA,NA,NA,0
283,6,63,NA,NA,NA,0
284,6,63,NA,NA,NA,0
285,4,64,NA,NA,NA,0
286,4,64,NA,NA,NA,0
287,4,64,NA,NA,NA,0
288,4,64,NA,NA,NA,0
289,5,65,NA,NA,NA,0
290,5,65,"E",279,4,1
291,5,65,NA,NA,NA,0
292,5,65,"H",337,3,1
293,5,65,"H",357,2,0
294,6,66,"C",143,5,0
295,6,66,"H",290,0,0
296,6,66,"H",252,0,0
297,6,66,"E",199,4,1
298,6,66,"E",236,2,2
299,6,66,"H",258,0,0
300,6,67,NA,NA,NA,0
301,6,67,NA,NA,NA,0
302,6,67,NA,NA,NA,0
303,6,67,NA,NA,NA,0
304,6,67,NA,NA,NA,0
305,6,67,NA,NA,NA,0
306,6,68,NA,NA,NA,0
307,6,68,NA,NA,NA,0
308,6,68,NA,NA,NA,0
309,6,68,NA,NA,NA,0
310,6,68,NA,NA,NA,0
311,6,68,NA,NA,NA,0
312,3,69,NA,NA,NA,0
313,3,69,NA,NA,NA,0
314,3,69,NA,NA,NA,0
315,3,70,NA,NA,NA,0
316,3,70,NA,NA,NA,0
317,3,70,NA,NA,NA,0
318,4,71,"E",46,3,0
319,4,71,NA,NA,NA,0
320,4,71,NA,NA,NA,0
321,4,71,NA,NA,NA,0
322,4,72,NA,NA,NA,0
323,4,72,NA,NA,NA,0
324,4,72,NA,NA,NA,0
325,4,72,NA,NA,NA,0
326,6,73,NA,NA,NA,0
327,6,73,NA,NA,NA,0
328,6,73,NA,NA,NA,0
329,6,73,NA,NA,NA,0
330,6,73,NA,NA,NA,0
331,6,73,NA,NA,NA,0
332,4,74,NA,NA,NA,0
333,4,74,NA,NA,NA,0
334,4,74,NA,NA,NA,0
335,4,74,NA,NA,NA,0
336,3,75,NA,NA,NA,0
337,3,75,NA,NA,NA,0
338,3,75,NA,NA,NA,0
339,6,76,NA,NA,NA,0
340,6,76,NA,NA,NA,0
341,6,76,NA,NA,NA,0
342,6,76,NA,NA,NA,0
343,6,76,NA,NA,NA,0
344,6,76,NA,NA,NA,0
345,3,77,NA,NA,NA,0
346,3,77,NA,NA,NA,0
347,3,77,NA,NA,NA,0
348,4,78,NA,NA,NA,0
349,4,78,NA,NA,NA,0
350,4,78,NA,NA,NA,0
351,4,78,NA,NA,NA,0
352,6,79,NA,NA,NA,0
353,6,79,NA,NA,NA,0
354,6,79,NA,NA,NA,0
355,6,79,NA,NA,NA,0
356,6,79,NA,NA,NA,0
357,6,79,NA,NA,NA,0
358,4,80,NA,NA,NA,0
359,4,80,NA,NA,NA,0
360,4,80,NA,NA,NA,0
361,4,80,NA,NA,NA,0
362,3,81,NA,NA,NA,0
363,3,81,NA,NA,NA,0
364,3,81,NA,NA,NA,0
365,6,82,NA,NA,NA,0
366,6,82,NA,NA,NA,0
367,6,82,NA,NA,NA,0
368,6,82,NA,NA,NA,0
369,6,82,NA,NA,NA,0
370,6,82,NA,NA,NA,0
371,3,83,"E",361,2,0
372,3,83,NA,NA,NA,0
373,3,83,NA,NA,NA,0
374,4,84,NA,NA,NA,0
375,4,84,NA,NA,NA,0
376,4,84,NA,NA,NA,0
377,4,84,NA,NA,NA,0
378,4,85,NA,NA,NA,0
379,4,85,NA,NA,NA,0
380,4,85,NA,NA,NA,0
381,4,85,NA,NA,NA,0
382,6,86,NA,NA,NA,0
383,6,86,NA,NA,NA,0
384,6,86,NA,NA,NA,0
385,6,86,NA,NA,NA,0
386,6,86,NA,NA,NA,0
387,6,86,NA,NA,NA,0
388,3,87,NA,NA,NA,0
389,3,87,NA,NA,NA,0
390,3,87,NA,NA,NA,0
391,6,88,NA,NA,NA,0
392,6,88,"H",156,2,0
393,6,88,"H",130,2,0
394,6,88,NA,NA,NA,0
395,6,88,"E",51,5,1
396,6,88,"E",110,3,1
397,4,89,NA,NA,NA,0
398,4,89,NA,NA,NA,0
399,4,89,NA,NA,NA,0
400,4,89,NA,NA,NA,0
401,3,90,"E",237,2,0
402,3,90,NA,NA,NA,0
403,3,90,NA,NA,NA,0
404,5,91,NA,NA,NA,0
405,5,91,NA,NA,NA,0
406,5,91,NA,NA,NA,0
407,5,91,NA,NA,NA,0
408,5,91,NA,NA,NA,0
409,4,92,"E",123,0,0
410,4,92,"H",156,0,0
411,4,92,"E",114,2,2
412,4,92,"H",144,0,0
413,4,93,NA,NA,NA,0
414,4,93,NA,NA,NA,0
415,4,93,NA,NA,NA,0
416,4,93,NA,NA,NA,0
417,6,94,NA,NA,NA,0
418,6,94,NA,NA,NA,0
419,6,94,NA,NA,NA,0
420,6,94,NA,NA,NA,0
421,6,94,NA,NA,NA,0
422,6,94,NA,NA,NA,0
423,5,95,"E",262,4,1
424,5,95,"H",316,3,1
425,5,95,NA,NA,NA,0
426,5,95,"H",348,2,1
427,5,95,"H",NA,NA,0
428,3,96,NA,NA,NA,0
429,3,96,NA,NA,NA,0
430,3,96,NA,NA,NA,0
431,5,97,NA,NA,NA,0
432,5,97,NA,NA,NA,0
433,5,97,NA,NA,NA,0
434,5,97,NA,NA,NA,0
435,5,97,NA,NA,NA,0
436,6,98,NA,NA,NA,0
437,6,98,NA,NA,NA,0
438,6,98,NA,NA,NA,0
439,6,98,NA,NA,NA,0
440,6,98,NA,NA,NA,0
441,6,98,NA,NA,NA,0
442,3,99,"E",NA,NA,0
443,3,99,NA,NA,NA,0
444,3,99,NA,NA,NA,0
445,3,100,NA,NA,NA,0
446,3,100,NA,NA,NA,0
447,3,100,NA,NA,NA,0
448,4,101,NA,NA,NA,0
449,4,101,NA,NA,NA,0
450,4,101,NA,NA,NA,0
451,4,101,NA,NA,NA,0
452,4,102,NA,NA,NA,0
453,4,102,NA,NA,NA,0
454,4,102,"E",NA,NA,0
455,4,102,NA,NA,NA,0
456,4,103,"E",264,3,2
457,4,103,"H",297,1,0
458,4,103,NA,NA,NA,0
459,4,103,"H",280,1,0
460,5,104,NA,NA,NA,0
461,5,104,NA,NA,NA,0
462,5,104,NA,NA,NA,0
463,5,104,NA,NA,NA,0
464,5,104,NA,NA,NA,0
465,6,105,NA,NA,NA,0
466,6,105,"H",162,4,0
467,6,105,"H",292,1,0
468,6,105,"E",261,3,2
469,6,105,"H",292,1,0
470,6,105,"E",87,5,1
471,6,106,NA,NA,NA,0
472,6,106,NA,NA,NA,0
473,6,106,NA,NA,NA,0
474,6,106,NA,NA,NA,0
475,6,106,NA,NA,NA,0
476,6,106,NA,NA,NA,0
477,3,107,NA,NA,NA,0
478,3,107,NA,NA,NA,0
479,3,107,NA,NA,NA,0
480,6,108,NA,NA,NA,0
481,6,108,NA,NA,NA,0
482,6,108,NA,NA,NA,0
483,6,108,NA,NA,NA,0
484,6,108,NA,NA,NA,0
485,6,108,NA,NA,NA,0
486,6,109,NA,NA,NA,0
487,6,109,NA,NA,NA,0
488,6,109,NA,NA,NA,0
489,6,109,NA,NA,NA,0
490,6,109,NA,NA,NA,0
491,6,109,NA,NA,NA,0
492,5,110,"H",189,1,0
493,5,110,"E",70,4,1
494,5,110,"H",107,3,1
495,5,110,"H",131,2,1
496,5,110,NA,NA,NA,0
497,6,111,NA,NA,NA,0
498,6,111,NA,NA,NA,0
499,6,111,NA,NA,NA,0
500,6,111,NA,NA,NA,0
501,6,111,NA,NA,NA,0
502,6,111,NA,NA,NA,0
503,3,112,NA,NA,NA,0
504,3,112,NA,NA,NA,0
505,3,112,NA,NA,NA,0
506,6,113,NA,NA,NA,0
507,6,113,NA,NA,NA,0
508,6,113,NA,NA,NA,0
509,6,113,NA,NA,NA,0
510,6,113,NA,NA,NA,0
511,6,113,NA,NA,NA,0
512,3,114,NA,NA,NA,0
513,3,114,"E",53,2,0
514,3,114,NA,NA,NA,0
515,3,115,NA,NA,NA,0
516,3,115,NA,NA,NA,0
517,3,115,NA,NA,NA,0
518,3,116,NA,NA,NA,0
519,3,116,NA,NA,NA,0
520,3,116,NA,NA,NA,0
521,6,117,NA,NA,NA,0
522,6,117,NA,NA,NA,0
523,6,117,NA,NA,NA,0
524,6,117,NA,NA,NA,0
525,6,117,NA,NA,NA,0
526,6,117,NA,NA,NA,0
527,6,118,NA,NA,NA,0
528,6,118,NA,NA,NA,0
529,6,118,NA,NA,NA,0
530,6,118,NA,NA,NA,0
531,6,118,NA,NA,NA,0
532,6,118,NA,NA,NA,0
533,4,119,NA,NA,NA,0
534,4,119,NA,NA,NA,0
535,4,119,NA,NA,NA,0
536,4,119,NA,NA,NA,0
537,3,120,NA,NA,NA,0
538,3,120,NA,NA,NA,0
539,3,120,NA,NA,NA,0
540,5,121,NA,NA,NA,0
541,5,121,NA,NA,NA,0
542,5,121,NA,NA,NA,0
543,5,121,NA,NA,NA,0
544,5,121,NA,NA,NA,0
545,5,122,"E",185,4,0
546,5,122,NA,NA,NA,0
547,5,122,NA,NA,NA,0
548,5,122,NA,NA,NA,0
549,5,122,NA,NA,NA,0
550,3,123,"E",244,2,1
551,3,123,NA,NA,NA,0
552,3,123,"H",286,1,0
553,3,124,NA,NA,NA,0
554,3,124,NA,NA,NA,0
555,3,124,NA,NA,NA,0
556,4,125,NA,NA,NA,0
557,4,125,NA,NA,NA,0
558,4,125,NA,NA,NA,0
559,4,125,NA,NA,NA,0
560,6,126,NA,NA,NA,0
561,6,126,NA,NA,NA,0
562,6,126,"E",34,5,1
563,6,126,NA,NA,NA,0
564,6,126,NA,NA,NA,0
565,6,126,"H",76,4,0
566,5,127,NA,NA,NA,0
567,5,127,NA,NA,NA,0
568,5,127,NA,NA,NA,0
569,5,127,NA,NA,NA,0
570,5,127,NA,NA,NA,0
571,4,128,NA,NA,NA,0
572,4,128,NA,NA,NA,0
573,4,128,NA,NA,NA,0
574,4,128,NA,NA,NA,0
575,3,129,NA,NA,NA,0
576,3,129,NA,NA,NA,0
577,3,129,NA,NA,NA,0
578,3,130,NA,NA,NA,0
579,3,130,NA,NA,NA,0
580,3,130,NA,NA,NA,0
581,4,131,NA,NA,NA,0
582,4,131,NA,NA,NA,0
583,4,131,NA,NA,NA,0
584,4,131,NA,NA,NA,0
585,4,132,NA,NA,NA,0
586,4,132,NA,NA,NA,0
587,4,132,NA,NA,NA,0
588,4,132,NA,NA,NA,0
589,5,133,NA,NA,NA,0
590,5,133,NA,NA,NA,0
591,5,133,NA,NA,NA,0
592,5,133,"C",171,4,1
593,5,133,"H",187,3,0
594,5,134,NA,NA,NA,0
595,5,134,NA,NA,NA,0
596,5,134,NA,NA,NA,0
597,5,134,NA,NA,NA,0
598,5,134,NA,NA,NA,0
599,6,135,NA,NA,NA,0
600,6,135,NA,NA,NA,0
601,6,135,NA,NA,NA,0
602,6,135,NA,NA,NA,0
603,6,135,NA,NA,NA,0
604,6,135,NA,NA,NA,0
605,3,136,NA,NA,NA,0
606,3,136,NA,NA,NA,0
607,3,136,NA,NA,NA,0
608,4,137,NA,NA,NA,0
609,4,137,NA,NA,NA,0
610,4,137,NA,NA,NA,0
611,4,137,NA,NA,NA,0
612,3,138,NA,NA,NA,0
613,3,138,NA,NA,NA,0
614,3,138,NA,NA,NA,0
615,3,139,"E",149,2,0
616,3,139,NA,NA,NA,0
617,3,139,NA,NA,NA,0
618,3,140,NA,NA,NA,0
619,3,140,NA,NA,NA,0
620,3,140,NA,NA,NA,0
621,3,141,NA,NA,NA,0
622,3,141,NA,NA,NA,0
623,3,141,NA,NA,NA,0
624,4,142,NA,NA,NA,0
625,4,142,NA,NA,NA,0
626,4,142,NA,NA,NA,0
627,4,142,NA,NA,NA,0
628,6,143,NA,NA,NA,0
629,6,143,NA,NA,NA,0
630,6,143,NA,NA,NA,0
631,6,143,NA,NA,NA,0
632,6,143,"E",162,5,0
633,6,143,NA,NA,NA,0
634,3,144,NA,NA,NA,0
635,3,144,NA,NA,NA,0
636,3,144,NA,NA,NA,0
637,5,145,NA,NA,NA,0
638,5,145,NA,NA,NA,0
639,5,145,NA,NA,NA,0
640,5,145,NA,NA,NA,0
641,5,145,NA,NA,NA,0
642,3,146,NA,NA,NA,0
643,3,146,NA,NA,NA,0
644,3,146,NA,NA,NA,0
645,3,147,NA,NA,NA,0
646,3,147,NA,NA,NA,0
647,3,147,NA,NA,NA,0
648,6,148,NA,NA,NA,0
649,6,148,NA,NA,NA,0
650,6,148,NA,NA,NA,0
651,6,148,NA,NA,NA,0
652,6,148,NA,NA,NA,0
653,6,148,NA,NA,NA,0
654,6,149,NA,NA,NA,0
655,6,149,NA,NA,NA,0
656,6,149,NA,NA,NA,0
657,6,149,NA,NA,NA,0
658,6,149,NA,NA,NA,0
659,6,149,NA,NA,NA,0
660,6,150,NA,NA,NA,0
661,6,150,NA,NA,NA,0
662,6,150,NA,NA,NA,0
663,6,150,NA,NA,NA,0
664,6,150,NA,NA,NA,0
665,6,150,NA,NA,NA,0
666,6,151,NA,NA,NA,0
667,6,151,NA,NA,NA,0
668,6,151,NA,NA,NA,0
669,6,151,NA,NA,NA,0
670,6,151,NA,NA,NA,0
671,6,151,NA,NA,NA,0
672,5,152,NA,NA,NA,0
673,5,152,NA,NA,NA,0
674,5,152,NA,NA,NA,0
675,5,152,NA,NA,NA,0
676,5,152,NA,NA,NA,0
677,6,153,NA,NA,NA,0
678,6,153,NA,NA,NA,0
679,6,153,NA,NA,NA,0
680,6,153,NA,NA,NA,0
681,6,153,NA,NA,NA,0
682,6,153,NA,NA,NA,0
683,6,154,NA,NA,NA,0
684,6,154,NA,NA,NA,0
685,6,154,NA,NA,NA,0
686,6,154,NA,NA,NA,0
687,6,154,NA,NA,NA,0
688,6,154,NA,NA,NA,0
689,4,155,NA,NA,NA,0
690,4,155,NA,NA,NA,0
691,4,155,NA,NA,NA,0
692,4,155,NA,NA,NA,0
693,6,156,NA,NA,NA,0
694,6,156,NA,NA,NA,0
695,6,156,NA,NA,NA,0
696,6,156,NA,NA,NA,0
697,6,156,NA,NA,NA,0
698,6,156,NA,NA,NA,0
699,5,157,"E",229,4,2
700,5,157,NA,NA,NA,0
701,5,157,NA,NA,NA,0
702,5,157,"H",283,2,0
703,5,157,"H",277,2,0
704,4,158,"E",359,3,1
705,4,158,NA,NA,NA,0
706,4,158,NA,NA,NA,0
707,4,158,"H",NA,NA,0
708,6,159,NA,NA,NA,0
709,6,159,NA,NA,NA,0
710,6,159,NA,NA,NA,0
711,6,159,NA,NA,NA,0
712,6,159,NA,NA,NA,0
713,6,159,NA,NA,NA,0
714,4,160,"E",69,3,1
715,4,160,NA,NA,NA,0
716,4,160,NA,NA,NA,0
717,4,160,"H",82,2,0
718,5,161,NA,NA,NA,0
719,5,161,NA,NA,NA,0
720,5,161,NA,NA,NA,0
721,5,161,NA,NA,NA,0
722,5,161,NA,NA,NA,0
723,5,162,NA,NA,NA,0
724,5,162,NA,NA,NA,0
725,5,162,NA,NA,NA,0
726,5,162,NA,NA,NA,0
727,5,162,NA,NA,NA,0
728,3,163,NA,NA,NA,0
729,3,163,NA,NA,NA,0
730,3,163,NA,NA,NA,0
731,3,164,NA,NA,NA,0
732,3,164,NA,NA,NA,0
733,3,164,NA,NA,NA,0
734,3,165,NA,NA,NA,0
735,3,165,NA,NA,NA,0
736,3,165,NA,NA,NA,0
737,4,166,NA,NA,NA,0
738,4,166,NA,NA,NA,0
739,4,166,NA,NA,NA,0
740,4,166,NA,NA,NA,0
741,5,167,NA,NA,NA,0
742,5,167,NA,NA,NA,0
743,5,167,NA,NA,NA,0
744,5,167,NA,NA,NA,0
745,5,167,NA,NA,NA,0
746,5,168,"E",301,4,0
747,5,168,NA,NA,NA,0
748,5,168,NA,NA,NA,0
749,5,168,NA,NA,NA,0
750,5,168,NA,NA,NA,0
751,3,169,NA,NA,NA,0
752,3,169,NA,NA,NA,0
753,3,169,NA,NA,NA,0
754,6,170,NA,NA,NA,0
755,6,170,NA,NA,NA,0
756,6,170,NA,NA,NA,0
757,6,170,NA,NA,NA,0
758,6,170,NA,NA,NA,0
759,6,170,NA,NA,NA,0
760,4,171,NA,NA,NA,0
761,4,171,NA,NA,NA,0
762,4,171,NA,NA,NA,0
763,4,171,NA,NA,NA,0
764,5,172,"E",NA,NA,0
765,5,172,NA,NA,NA,0
766,5,172,NA,NA,NA,0
767,5,172,NA,NA,NA,0
768,5,172,NA,NA,NA,0
769,3,173,"H",293,1,0
770,3,173,"E",255,2,1
771,3,173,NA,NA,NA,0
772,4,174,NA,NA,NA,0
773,4,174,NA,NA,NA,0
774,4,174,NA,NA,NA,0
775,4,174,NA,NA,NA,0
776,4,175,NA,NA,NA,0
777,4,175,NA,NA,NA,0
778,4,175,NA,NA,NA,0
779,4,175,NA,NA,NA,0
780,5,176,NA,NA,NA,0
781,5,176,NA,NA,NA,0
782,5,176,NA,NA,NA,0
783,5,176,NA,NA,NA,0
784,5,176,NA,NA,NA,0
785,4,177,NA,NA,NA,0
786,4,177,NA,NA,NA,0
787,4,177,NA,NA,NA,0
788,4,177,NA,NA,NA,0
789,6,178,NA,NA,NA,0
790,6,178,NA,NA,NA,0
791,6,178,NA,NA,NA,0
792,6,178,NA,NA,NA,0
793,6,178,NA,NA,NA,0
794,6,178,NA,NA,NA,0
795,5,179,NA,NA,NA,0
796,5,179,NA,NA,NA,0
797,5,179,"E",240,4,1
798,5,179,NA,NA,NA,0
799,5,179,"H",268,3,0
800,6,180,"H",156,3,0
801,6,180,NA,NA,NA,0
802,6,180,NA,NA,NA,0
803,6,180,"H",103,4,1
804,6,180,"E",82,5,1
805,6,180,NA,NA,NA,0
806,6,181,NA,NA,NA,0
807,6,181,NA,NA,NA,0
808,6,181,NA,NA,NA,0
809,6,181,NA,NA,NA,0
810,6,181,NA,NA,NA,0
811,6,181,NA,NA,NA,0
812,5,182,NA,NA,NA,0
813,5,182,NA,NA,NA,0
814,5,182,NA,NA,NA,0
815,5,182,NA,NA,NA,0
816,5,182,NA,NA,NA,0
817,3,183,NA,NA,NA,0
818,3,183,NA,NA,NA,0
819,3,183,NA,NA,NA,0
820,5,184,NA,NA,NA,0
821,5,184,NA,NA,NA,0
822,5,184,NA,NA,NA,0
823,5,184,NA,NA,NA,0
824,5,184,NA,NA,NA,0
825,6,185,NA,NA,NA,0
826,6,185,NA,NA,NA,0
827,6,185,NA,NA,NA,0
828,6,185,NA,NA,NA,0
829,6,185,NA,NA,NA,0
830,6,185,NA,NA,NA,0
831,4,186,NA,NA,NA,0
832,4,186,NA,NA,NA,0
833,4,186,NA,NA,NA,0
834,4,186,NA,NA,NA,0
835,5,187,"E",207,4,2
836,5,187,"E",333,0,0
837,5,187,"H",268,1,0
838,5,187,"H",247,1,0
839,5,187,"H",222,2,1
840,5,188,NA,NA,NA,0
841,5,188,NA,NA,NA,0
842,5,188,NA,NA,NA,0
843,5,188,NA,NA,NA,0
844,5,188,NA,NA,NA,0
845,6,189,NA,NA,NA,0
846,6,189,NA,NA,NA,0
847,6,189,NA,NA,NA,0
848,6,189,NA,NA,NA,0
849,6,189,NA,NA,NA,0
850,6,189,NA,NA,NA,0
851,6,190,NA,NA,NA,0
852,6,190,NA,NA,NA,0
853,6,190,NA,NA,NA,0
854,6,190,NA,NA,NA,0
855,6,190,NA,NA,NA,0
856,6,190,NA,NA,NA,0
857,4,191,NA,NA,NA,0
858,4,191,NA,NA,NA,0
859,4,191,NA,NA,NA,0
860,4,191,NA,NA,NA,0
861,4,192,"E",233,2,1
862,4,192,"E",60,3,0
863,4,192,NA,NA,NA,0
864,4,192,"H",260,1,0
865,5,193,NA,NA,NA,0
866,5,193,NA,NA,NA,0
867,5,193,NA,NA,NA,0
868,5,193,NA,NA,NA,0
869,5,193,NA,NA,NA,0
870,3,194,"E",68,2,0
871,3,194,NA,NA,NA,0
872,3,194,NA,NA,NA,0
873,3,195,NA,NA,NA,0
874,3,195,NA,NA,NA,0
875,3,195,NA,NA,NA,0
876,4,196,NA,NA,NA,0
877,4,196,NA,NA,NA,0
878,4,196,NA,NA,NA,0
879,4,196,NA,NA,NA,0
880,6,197,NA,NA,NA,0
881,6,197,NA,NA,NA,0
882,6,197,"C",342,4,0
883,6,197,NA,NA,NA,0
884,6,197,"E",87,5,0
885,6,197,NA,NA,NA,0
886,3,198,NA,NA,NA,0
887,3,198,NA,NA,NA,0
888,3,198,NA,NA,NA,0
889,4,199,NA,NA,NA,0
890,4,199,NA,NA,NA,0
891,4,199,NA,NA,NA,0
892,4,199,NA,NA,NA,0
893,6,200,NA,NA,NA,0
894,6,200,NA,NA,NA,0
895,6,200,NA,NA,NA,0
896,6,200,NA,NA,NA,0
897,6,200,NA,NA,NA,0
898,6,200,NA,NA,NA,0
899,5,201,NA,NA,NA,0
900,5,201,"H",331,3,0
901,5,201,"E",278,4,1
902,5,201,NA,NA,NA,0
903,5,201,NA,NA,NA,0
904,3,202,NA,NA,NA,0
905,3,202,NA,NA,NA,0
906,3,202,NA,NA,NA,0
907,5,203,NA,NA,NA,0
908,5,203,NA,NA,NA,0
909,5,203,NA,NA,NA,0
910,5,203,NA,NA,NA,0
911,5,203,NA,NA,NA,0
912,4,204,NA,NA,NA,0
913,4,204,NA,NA,NA,0
914,4,204,NA,NA,NA,0
915,4,204,NA,NA,NA,0
916,6,205,NA,NA,NA,0
917,6,205,NA,NA,NA,0
918,6,205,NA,NA,NA,0
919,6,205,NA,NA,NA,0
920,6,205,NA,NA,NA,0
921,6,205,NA,NA,NA,0
922,6,206,NA,NA,NA,0
923,6,206,NA,NA,NA,0
924,6,206,"E",148,5,1
925,6,206,"H",203,4,0
926,6,206,NA,NA,NA,0
927,6,206,NA,NA,NA,0
928,3,207,NA,NA,NA,0
929,3,207,NA,NA,NA,0
930,3,207,NA,NA,NA,0
931,4,208,NA,NA,NA,0
932,4,208,NA,NA,NA,0
933,4,208,NA,NA,NA,0
934,4,208,NA,NA,NA,0
935,4,209,NA,NA,NA,0
936,4,209,NA,NA,NA,0
937,4,209,NA,NA,NA,0
938,4,209,NA,NA,NA,0
939,4,210,NA,NA,NA,0
940,4,210,NA,NA,NA,0
941,4,210,NA,NA,NA,0
942,4,210,NA,NA,NA,0
943,3,211,NA,NA,NA,0
944,3,211,NA,NA,NA,0
945,3,211,NA,NA,NA,0
946,4,212,NA,NA,NA,0
947,4,212,NA,NA,NA,0
948,4,212,NA,NA,NA,0
949,4,212,NA,NA,NA,0
950,4,213,"E",173,3,2
951,4,213,"H",233,0,0
952,4,213,"H",200,1,1
953,4,213,"H",243,0,0
954,5,214,NA,NA,NA,0
955,5,214,NA,NA,NA,0
956,5,214,"E",322,4,0
957,5,214,NA,NA,NA,0
958,5,214,NA,NA,NA,0
959,6,215,NA,NA,NA,0
960,6,215,NA,NA,NA,0
961,6,215,NA,NA,NA,0
962,6,215,NA,NA,NA,0
963,6,215,NA,NA,NA,0
964,6,215,NA,NA,NA,0
965,3,216,NA,NA,NA,0
966,3,216,NA,NA,NA,0
967,3,216,NA,NA,NA,0
968,4,217,NA,NA,NA,0
969,4,217,NA,NA,NA,0
970,4,217,NA,NA,NA,0
971,4,217,NA,NA,NA,0
972,6,218,NA,NA,NA,0
973,6,218,NA,NA,NA,0
974,6,218,NA,NA,NA,0
975,6,218,NA,NA,NA,0
976,6,218,NA,NA,NA,0
977,6,218,NA,NA,NA,0
978,4,219,NA,NA,NA,0
979,4,219,"H",200,1,0
980,4,219,"H",190,1,0
981,4,219,"E",159,3,2
982,3,220,NA,NA,NA,0
983,3,220,"E",294,2,0
984,3,220,NA,NA,NA,0
985,6,221,NA,NA,NA,0
986,6,221,NA,NA,NA,0
987,6,221,NA,NA,NA,0
988,6,221,NA,NA,NA,0
989,6,221,NA,NA,NA,0
990,6,221,NA,NA,NA,0
991,3,222,NA,NA,NA,0
992,3,222,NA,NA,NA,0
993,3,222,NA,NA,NA,0
994,4,223,NA,NA,NA,0
995,4,223,NA,NA,NA,0
996,4,223,NA,NA,NA,0
997,4,223,NA,NA,NA,0
998,3,224,NA,NA,NA,0
999,3,224,NA,NA,NA,0
1000,3,224,NA,NA,NA,0
