"ID","SIZE","HH","TYPE","TIME","S_NUM","I_NUM"
1,3,1,"0",NA,NA,0
2,3,1,NA,NA,NA,0
3,3,1,NA,NA,NA,0
4,5,2,"E",NA,4,1
5,5,2,"H",242,1,1
6,5,2,"H",NA,2,1
7,5,2,"H",NA,3,1
8,5,2,"H",274,0,0
9,3,3,NA,NA,NA,0
10,3,3,NA,NA,NA,0
11,3,3,NA,NA,NA,0
12,4,4,"H",NA,1,0
13,4,4,"C",NA,3,1
14,4,4,NA,NA,NA,0
15,4,4,"H",311,2,1
16,6,5,NA,NA,NA,0
17,6,5,NA,NA,NA,0
18,6,5,NA,NA,NA,0
19,6,5,NA,NA,NA,0
20,6,5,NA,NA,NA,0
21,6,5,NA,NA,NA,0
22,4,6,NA,NA,NA,0
23,4,6,NA,NA,NA,0
24,4,6,"E",154,3,1
25,4,6,"H",NA,2,0
26,6,7,"H",NA,2,2
27,6,7,"H",NA,0,0
28,6,7,"E",NA,5,3
29,6,7,"H",289,2,0
30,6,7,"H",NA,0,0
31,6,7,"H",NA,2,0
32,6,8,NA,NA,NA,0
33,6,8,NA,NA,NA,0
34,6,8,NA,NA,NA,0
35,6,8,NA,NA,NA,0
36,6,8,NA,NA,NA,0
37,6,8,NA,NA,NA,0
38,3,9,NA,NA,NA,0
39,3,9,NA,NA,NA,0
40,3,9,NA,NA,NA,0
41,5,10,NA,NA,NA,0
42,5,10,"E",274,4,0
43,5,10,NA,NA,NA,0
44,5,10,NA,NA,NA,0
45,5,10,NA,NA,NA,0
46,6,11,NA,NA,NA,0
47,6,11,NA,NA,NA,0
48,6,11,NA,NA,NA,0
49,6,11,NA,NA,NA,0
50,6,11,NA,NA,NA,0
51,6,11,NA,NA,NA,0
52,4,12,NA,NA,NA,0
53,4,12,NA,NA,NA,0
54,4,12,NA,NA,NA,0
55,4,12,NA,NA,NA,0
56,6,13,NA,NA,NA,0
57,6,13,NA,NA,NA,0
58,6,13,NA,NA,NA,0
59,6,13,NA,NA,NA,0
60,6,13,NA,NA,NA,0
61,6,13,NA,NA,NA,0
62,4,14,NA,NA,NA,0
63,4,14,NA,NA,NA,0
64,4,14,NA,NA,NA,0
65,4,14,NA,NA,NA,0
66,4,15,NA,NA,NA,0
67,4,15,"E",NA,3,1
68,4,15,"H",NA,2,0
69,4,15,NA,NA,NA,0
70,4,16,NA,NA,NA,0
71,4,16,NA,NA,NA,0
72,4,16,NA,NA,NA,0
73,4,16,NA,NA,NA,0
74,6,17,NA,NA,NA,0
75,6,17,NA,NA,NA,0
76,6,17,NA,NA,NA,0
77,6,17,NA,NA,NA,0
78,6,17,NA,NA,NA,0
79,6,17,NA,NA,NA,0
80,4,18,NA,NA,NA,0
81,4,18,NA,NA,NA,0
82,4,18,NA,NA,NA,0
83,4,18,NA,NA,NA,0
84,3,19,NA,NA,NA,0
85,3,19,NA,NA,NA,0
86,3,19,NA,NA,NA,0
87,4,20,NA,NA,NA,0
88,4,20,NA,NA,NA,0
89,4,20,NA,NA,NA,0
90,4,20,NA,NA,NA,0
91,3,21,NA,NA,NA,0
92,3,21,NA,NA,NA,0
93,3,21,NA,NA,NA,0
94,6,22,NA,NA,NA,0
95,6,22,NA,NA,NA,0
96,6,22,NA,NA,NA,0
97,6,22,NA,NA,NA,0
98,6,22,NA,NA,NA,0
99,6,22,NA,NA,NA,0
100,5,23,NA,NA,NA,0
101,5,23,NA,NA,NA,0
102,5,23,NA,NA,NA,0
103,5,23,NA,NA,NA,0
104,5,23,NA,NA,NA,0
105,5,24,NA,NA,NA,0
106,5,24,NA,NA,NA,0
107,5,24,NA,NA,NA,0
108,5,24,NA,NA,NA,0
109,5,24,NA,NA,NA,0
110,6,25,NA,NA,NA,0
111,6,25,NA,NA,NA,0
112,6,25,NA,NA,NA,0
113,6,25,NA,NA,NA,0
114,6,25,NA,NA,NA,0
115,6,25,NA,NA,NA,0
116,5,26,NA,NA,NA,0
117,5,26,NA,NA,NA,0
118,5,26,NA,NA,NA,0
119,5,26,NA,NA,NA,0
120,5,26,NA,NA,NA,0
121,5,27,NA,NA,NA,0
122,5,27,NA,NA,NA,0
123,5,27,NA,NA,NA,0
124,5,27,NA,NA,NA,0
125,5,27,NA,NA,NA,0
126,6,28,NA,NA,NA,0
127,6,28,NA,NA,NA,0
128,6,28,NA,NA,NA,0
129,6,28,NA,NA,NA,0
130,6,28,NA,NA,NA,0
131,6,28,NA,NA,NA,0
132,4,29,NA,NA,NA,0
133,4,29,NA,NA,NA,0
134,4,29,NA,NA,NA,0
135,4,29,NA,NA,NA,0
136,5,30,NA,NA,NA,0
137,5,30,NA,NA,NA,0
138,5,30,NA,NA,NA,0
139,5,30,NA,NA,NA,0
140,5,30,NA,NA,NA,0
141,5,31,NA,NA,NA,0
142,5,31,NA,NA,NA,0
143,5,31,NA,NA,NA,0
144,5,31,NA,NA,NA,0
145,5,31,NA,NA,NA,0
146,4,32,NA,NA,NA,0
147,4,32,NA,NA,NA,0
148,4,32,NA,NA,NA,0
149,4,32,NA,NA,NA,0
150,3,33,NA,NA,NA,0
151,3,33,NA,NA,NA,0
152,3,33,NA,NA,NA,0
153,3,34,NA,NA,NA,0
154,3,34,NA,NA,NA,0
155,3,34,NA,NA,NA,0
156,5,35,NA,NA,NA,0
157,5,35,NA,NA,NA,0
158,5,35,NA,NA,NA,0
159,5,35,NA,NA,NA,0
160,5,35,NA,NA,NA,0
161,5,36,NA,NA,NA,0
162,5,36,NA,NA,NA,0
163,5,36,NA,NA,NA,0
164,5,36,NA,NA,NA,0
165,5,36,NA,NA,NA,0
166,5,37,NA,NA,NA,0
167,5,37,NA,NA,NA,0
168,5,37,NA,NA,NA,0
169,5,37,NA,NA,NA,0
170,5,37,NA,NA,NA,0
171,6,38,NA,NA,NA,0
172,6,38,NA,NA,NA,0
173,6,38,NA,NA,NA,0
174,6,38,NA,NA,NA,0
175,6,38,NA,NA,NA,0
176,6,38,NA,NA,NA,0
177,6,39,NA,NA,NA,0
178,6,39,NA,NA,NA,0
179,6,39,NA,NA,NA,0
180,6,39,NA,NA,NA,0
181,6,39,NA,NA,NA,0
182,6,39,NA,NA,NA,0
183,6,40,NA,NA,NA,0
184,6,40,NA,NA,NA,0
185,6,40,NA,NA,NA,0
186,6,40,NA,NA,NA,0
187,6,40,NA,NA,NA,0
188,6,40,NA,NA,NA,0
189,5,41,NA,NA,NA,0
190,5,41,NA,NA,NA,0
191,5,41,NA,NA,NA,0
192,5,41,NA,NA,NA,0
193,5,41,NA,NA,NA,0
194,4,42,NA,NA,NA,0
195,4,42,NA,NA,NA,0
196,4,42,NA,NA,NA,0
197,4,42,NA,NA,NA,0
198,3,43,NA,NA,NA,0
199,3,43,NA,NA,NA,0
200,3,43,NA,NA,NA,0
201,5,44,NA,NA,NA,0
202,5,44,NA,NA,NA,0
203,5,44,NA,NA,NA,0
204,5,44,NA,NA,NA,0
205,5,44,NA,NA,NA,0
206,5,45,NA,NA,NA,0
207,5,45,"H",NA,3,0
208,5,45,"E",NA,4,1
209,5,45,NA,NA,NA,0
210,5,45,NA,NA,NA,0
211,4,46,NA,NA,NA,0
212,4,46,NA,NA,NA,0
213,4,46,NA,NA,NA,0
214,4,46,NA,NA,NA,0
215,3,47,NA,NA,NA,0
216,3,47,NA,NA,NA,0
217,3,47,NA,NA,NA,0
218,4,48,"H",NA,NA,0
219,4,48,"C",365,3,2
220,4,48,"H",NA,NA,0
221,4,48,NA,NA,NA,0
222,4,49,NA,NA,NA,0
223,4,49,NA,NA,NA,0
224,4,49,NA,NA,NA,0
225,4,49,NA,NA,NA,0
226,3,50,NA,NA,NA,0
227,3,50,NA,NA,NA,0
228,3,50,NA,NA,NA,0
229,4,51,NA,NA,NA,0
230,4,51,NA,NA,NA,0
231,4,51,NA,NA,NA,0
232,4,51,NA,NA,NA,0
233,6,52,"H",NA,2,2
234,6,52,"E",234,5,1
235,6,52,"H",NA,4,2
236,6,52,"H",357,0,0
237,6,52,"H",330,0,0
238,6,52,"H",NA,0,0
239,6,53,NA,NA,NA,0
240,6,53,"H",NA,NA,0
241,6,53,"C",NA,5,2
242,6,53,NA,NA,NA,0
243,6,53,"H",361,3,1
244,6,53,"H",NA,NA,0
245,3,54,"C",NA,2,0
246,3,54,NA,NA,NA,0
247,3,54,NA,NA,NA,0
248,5,55,NA,NA,NA,0
249,5,55,"E",340,4,2
250,5,55,"H",355,2,0
251,5,55,"H",372,2,0
252,5,55,NA,NA,NA,0
253,5,56,NA,NA,NA,0
254,5,56,NA,NA,NA,0
255,5,56,NA,NA,NA,0
256,5,56,NA,NA,NA,0
257,5,56,NA,NA,NA,0
258,4,57,NA,NA,NA,0
259,4,57,NA,NA,NA,0
260,4,57,NA,NA,NA,0
261,4,57,NA,NA,NA,0
262,6,58,NA,NA,NA,0
263,6,58,NA,NA,NA,0
264,6,58,NA,NA,NA,0
265,6,58,NA,NA,NA,0
266,6,58,NA,NA,NA,0
267,6,58,NA,NA,NA,0
268,6,59,NA,NA,NA,0
269,6,59,NA,NA,NA,0
270,6,59,NA,NA,NA,0
271,6,59,NA,NA,NA,0
272,6,59,NA,NA,NA,0
273,6,59,NA,NA,NA,0
274,3,60,NA,NA,NA,0
275,3,60,NA,NA,NA,0
276,3,60,NA,NA,NA,0
277,6,61,NA,NA,NA,0
278,6,61,NA,NA,NA,0
279,6,61,NA,NA,NA,0
280,6,61,NA,NA,NA,0
281,6,61,NA,NA,NA,0
282,6,61,NA,NA,NA,0
283,5,62,NA,NA,NA,0
284,5,62,NA,NA,NA,0
285,5,62,NA,NA,NA,0
286,5,62,NA,NA,NA,0
287,5,62,NA,NA,NA,0
288,5,63,NA,NA,NA,0
289,5,63,NA,NA,NA,0
290,5,63,NA,NA,NA,0
291,5,63,NA,NA,NA,0
292,5,63,NA,NA,NA,0
293,6,64,NA,NA,NA,0
294,6,64,NA,NA,NA,0
295,6,64,NA,NA,NA,0
296,6,64,NA,NA,NA,0
297,6,64,NA,NA,NA,0
298,6,64,NA,NA,NA,0
299,3,65,NA,NA,NA,0
300,3,65,NA,NA,NA,0
301,3,65,NA,NA,NA,0
302,3,66,NA,NA,NA,0
303,3,66,NA,NA,NA,0
304,3,66,NA,NA,NA,0
305,5,67,NA,NA,NA,0
306,5,67,NA,NA,NA,0
307,5,67,NA,NA,NA,0
308,5,67,NA,NA,NA,0
309,5,67,NA,NA,NA,0
310,6,68,NA,NA,NA,0
311,6,68,NA,NA,NA,0
312,6,68,NA,NA,NA,0
313,6,68,NA,NA,NA,0
314,6,68,NA,NA,NA,0
315,6,68,NA,NA,NA,0
316,6,69,NA,NA,NA,0
317,6,69,NA,NA,NA,0
318,6,69,NA,NA,NA,0
319,6,69,NA,NA,NA,0
320,6,69,NA,NA,NA,0
321,6,69,NA,NA,NA,0
322,3,70,NA,NA,NA,0
323,3,70,NA,NA,NA,0
324,3,70,NA,NA,NA,0
325,5,71,NA,NA,NA,0
326,5,71,NA,NA,NA,0
327,5,71,NA,NA,NA,0
328,5,71,NA,NA,NA,0
329,5,71,NA,NA,NA,0
330,6,72,NA,NA,NA,0
331,6,72,"H",286,2,0
332,6,72,"H",NA,3,1
333,6,72,"H",NA,3,0
334,6,72,"E",213,5,2
335,6,72,NA,NA,NA,0
336,6,73,NA,NA,NA,0
337,6,73,NA,NA,NA,0
338,6,73,NA,NA,NA,0
339,6,73,NA,NA,NA,0
340,6,73,NA,NA,NA,0
341,6,73,NA,NA,NA,0
342,4,74,NA,NA,NA,0
343,4,74,NA,NA,NA,0
344,4,74,NA,NA,NA,0
345,4,74,NA,NA,NA,0
346,6,75,NA,NA,NA,0
347,6,75,NA,NA,NA,0
348,6,75,NA,NA,NA,0
349,6,75,NA,NA,NA,0
350,6,75,NA,NA,NA,0
351,6,75,NA,NA,NA,0
352,4,76,NA,NA,NA,0
353,4,76,NA,NA,NA,0
354,4,76,NA,NA,NA,0
355,4,76,NA,NA,NA,0
356,6,77,NA,NA,NA,0
357,6,77,NA,NA,NA,0
358,6,77,NA,NA,NA,0
359,6,77,NA,NA,NA,0
360,6,77,NA,NA,NA,0
361,6,77,NA,NA,NA,0
362,3,78,NA,NA,NA,0
363,3,78,NA,NA,NA,0
364,3,78,NA,NA,NA,0
365,6,79,NA,NA,NA,0
366,6,79,NA,NA,NA,0
367,6,79,NA,NA,NA,0
368,6,79,NA,NA,NA,0
369,6,79,NA,NA,NA,0
370,6,79,NA,NA,NA,0
371,6,80,NA,NA,NA,0
372,6,80,NA,NA,NA,0
373,6,80,NA,NA,NA,0
374,6,80,NA,NA,NA,0
375,6,80,NA,NA,NA,0
376,6,80,NA,NA,NA,0
377,4,81,NA,NA,NA,0
378,4,81,NA,NA,NA,0
379,4,81,NA,NA,NA,0
380,4,81,NA,NA,NA,0
381,6,82,NA,NA,NA,0
382,6,82,NA,NA,NA,0
383,6,82,NA,NA,NA,0
384,6,82,NA,NA,NA,0
385,6,82,NA,NA,NA,0
386,6,82,NA,NA,NA,0
387,4,83,NA,NA,NA,0
388,4,83,NA,NA,NA,0
389,4,83,NA,NA,NA,0
390,4,83,NA,NA,NA,0
391,4,84,NA,NA,NA,0
392,4,84,NA,NA,NA,0
393,4,84,NA,NA,NA,0
394,4,84,NA,NA,NA,0
395,5,85,"H",187,3,1
396,5,85,"H",246,1,0
397,5,85,NA,NA,NA,0
398,5,85,"E",NA,4,1
399,5,85,"H",NA,2,1
400,6,86,NA,NA,NA,0
401,6,86,NA,NA,NA,0
402,6,86,NA,NA,NA,0
403,6,86,NA,NA,NA,0
404,6,86,NA,NA,NA,0
405,6,86,NA,NA,NA,0
406,3,87,NA,NA,NA,0
407,3,87,NA,NA,NA,0
408,3,87,NA,NA,NA,0
409,5,88,NA,NA,NA,0
410,5,88,NA,NA,NA,0
411,5,88,NA,NA,NA,0
412,5,88,NA,NA,NA,0
413,5,88,NA,NA,NA,0
414,4,89,"E",NA,3,1
415,4,89,"H",NA,1,0
416,4,89,NA,NA,NA,0
417,4,89,"H",163,2,1
418,3,90,NA,NA,NA,0
419,3,90,NA,NA,NA,0
420,3,90,NA,NA,NA,0
421,3,91,NA,NA,NA,0
422,3,91,NA,NA,NA,0
423,3,91,NA,NA,NA,0
424,4,92,"H",NA,1,0
425,4,92,"H",253,2,1
426,4,92,"C",213,3,1
427,4,92,NA,NA,NA,0
428,6,93,NA,NA,NA,0
429,6,93,NA,NA,NA,0
430,6,93,NA,NA,NA,0
431,6,93,NA,NA,NA,0
432,6,93,NA,NA,NA,0
433,6,93,NA,NA,NA,0
434,3,94,NA,NA,NA,0
435,3,94,NA,NA,NA,0
436,3,94,NA,NA,NA,0
437,4,95,"E",296,3,1
438,4,95,NA,NA,NA,0
439,4,95,"H",NA,2,0
440,4,95,NA,NA,NA,0
441,5,96,NA,NA,NA,0
442,5,96,NA,NA,NA,0
443,5,96,NA,NA,NA,0
444,5,96,NA,NA,NA,0
445,5,96,NA,NA,NA,0
446,6,97,"H",NA,3,1
447,6,97,"H",120,2,1
448,6,97,"H",NA,1,0
449,6,97,"H",NA,1,0
450,6,97,NA,NA,NA,0
451,6,97,"E",NA,5,2
452,5,98,NA,NA,NA,0
453,5,98,NA,NA,NA,0
454,5,98,NA,NA,NA,0
455,5,98,NA,NA,NA,0
456,5,98,"E",NA,4,0
457,4,99,NA,NA,NA,0
458,4,99,NA,NA,NA,0
459,4,99,NA,NA,NA,0
460,4,99,NA,NA,NA,0
461,3,100,NA,NA,NA,0
462,3,100,NA,NA,NA,0
463,3,100,NA,NA,NA,0
464,5,101,"H",333,2,2
465,5,101,"H",NA,NA,0
466,5,101,"H",328,2,0
467,5,101,"H",NA,NA,0
468,5,101,"C",NA,4,2
469,5,102,NA,NA,NA,0
470,5,102,NA,NA,NA,0
471,5,102,NA,NA,NA,0
472,5,102,NA,NA,NA,0
473,5,102,NA,NA,NA,0
474,5,103,NA,NA,NA,0
475,5,103,NA,NA,NA,0
476,5,103,NA,NA,NA,0
477,5,103,NA,NA,NA,0
478,5,103,NA,NA,NA,0
479,4,104,NA,NA,NA,0
480,4,104,NA,NA,NA,0
481,4,104,NA,NA,NA,0
482,4,104,NA,NA,NA,0
483,3,105,NA,NA,NA,0
484,3,105,NA,NA,NA,0
485,3,105,NA,NA,NA,0
486,6,106,NA,NA,NA,0
487,6,106,NA,NA,NA,0
488,6,106,NA,NA,NA,0
489,6,106,NA,NA,NA,0
490,6,106,NA,NA,NA,0
491,6,106,NA,NA,NA,0
492,5,107,NA,NA,NA,0
493,5,107,NA,NA,NA,0
494,5,107,NA,NA,NA,0
495,5,107,NA,NA,NA,0
496,5,107,NA,NA,NA,0
497,4,108,NA,NA,NA,0
498,4,108,NA,NA,NA,0
499,4,108,NA,NA,NA,0
500,4,108,NA,NA,NA,0
501,5,109,NA,NA,NA,0
502,5,109,NA,NA,NA,0
503,5,109,NA,NA,NA,0
504,5,109,NA,NA,NA,0
505,5,109,NA,NA,NA,0
506,4,110,NA,NA,NA,0
507,4,110,NA,NA,NA,0
508,4,110,NA,NA,NA,0
509,4,110,NA,NA,NA,0
510,4,111,NA,NA,NA,0
511,4,111,NA,NA,NA,0
512,4,111,NA,NA,NA,0
513,4,111,NA,NA,NA,0
514,3,112,NA,NA,NA,0
515,3,112,NA,NA,NA,0
516,3,112,NA,NA,NA,0
517,6,113,NA,NA,NA,0
518,6,113,NA,NA,NA,0
519,6,113,NA,NA,NA,0
520,6,113,NA,NA,NA,0
521,6,113,NA,NA,NA,0
522,6,113,NA,NA,NA,0
523,5,114,NA,NA,NA,0
524,5,114,NA,NA,NA,0
525,5,114,NA,NA,NA,0
526,5,114,NA,NA,NA,0
527,5,114,NA,NA,NA,0
528,4,115,NA,NA,NA,0
529,4,115,NA,NA,NA,0
530,4,115,NA,NA,NA,0
531,4,115,NA,NA,NA,0
532,3,116,NA,NA,NA,0
533,3,116,NA,NA,NA,0
534,3,116,NA,NA,NA,0
535,3,117,NA,NA,NA,0
536,3,117,NA,NA,NA,0
537,3,117,NA,NA,NA,0
538,5,118,NA,NA,NA,0
539,5,118,NA,NA,NA,0
540,5,118,"E",179,4,0
541,5,118,NA,NA,NA,0
542,5,118,NA,NA,NA,0
543,3,119,NA,NA,NA,0
544,3,119,NA,NA,NA,0
545,3,119,NA,NA,NA,0
546,5,120,NA,NA,NA,0
547,5,120,NA,NA,NA,0
548,5,120,"C",277,4,0
549,5,120,NA,NA,NA,0
550,5,120,NA,NA,NA,0
551,3,121,NA,NA,NA,0
552,3,121,NA,NA,NA,0
553,3,121,"C",252,2,0
554,5,122,NA,NA,NA,0
555,5,122,NA,NA,NA,0
556,5,122,NA,NA,NA,0
557,5,122,NA,NA,NA,0
558,5,122,NA,NA,NA,0
559,6,123,NA,NA,NA,0
560,6,123,NA,NA,NA,0
561,6,123,NA,NA,NA,0
562,6,123,NA,NA,NA,0
563,6,123,NA,NA,NA,0
564,6,123,NA,NA,NA,0
565,6,124,NA,NA,NA,0
566,6,124,NA,NA,NA,0
567,6,124,NA,NA,NA,0
568,6,124,NA,NA,NA,0
569,6,124,NA,NA,NA,0
570,6,124,NA,NA,NA,0
571,6,125,NA,NA,NA,0
572,6,125,NA,NA,NA,0
573,6,125,NA,NA,NA,0
574,6,125,NA,NA,NA,0
575,6,125,NA,NA,NA,0
576,6,125,NA,NA,NA,0
577,3,126,NA,NA,NA,0
578,3,126,NA,NA,NA,0
579,3,126,NA,NA,NA,0
580,3,127,NA,NA,NA,0
581,3,127,NA,NA,NA,0
582,3,127,NA,NA,NA,0
583,6,128,NA,NA,NA,0
584,6,128,NA,NA,NA,0
585,6,128,NA,NA,NA,0
586,6,128,NA,NA,NA,0
587,6,128,NA,NA,NA,0
588,6,128,NA,NA,NA,0
589,4,129,NA,NA,NA,0
590,4,129,NA,NA,NA,0
591,4,129,NA,NA,NA,0
592,4,129,NA,NA,NA,0
593,3,130,NA,NA,NA,0
594,3,130,NA,NA,NA,0
595,3,130,NA,NA,NA,0
596,6,131,NA,NA,NA,0
597,6,131,"E",NA,5,1
598,6,131,"H",NA,NA,0
599,6,131,NA,NA,NA,0
600,6,131,"H",361,4,2
601,6,131,"H",NA,NA,0
602,6,132,NA,NA,NA,0
603,6,132,NA,NA,NA,0
604,6,132,NA,NA,NA,0
605,6,132,NA,NA,NA,0
606,6,132,NA,NA,NA,0
607,6,132,NA,NA,NA,0
608,4,133,NA,NA,NA,0
609,4,133,NA,NA,NA,0
610,4,133,NA,NA,NA,0
611,4,133,NA,NA,NA,0
612,5,134,NA,NA,NA,0
613,5,134,NA,NA,NA,0
614,5,134,NA,NA,NA,0
615,5,134,NA,NA,NA,0
616,5,134,NA,NA,NA,0
617,6,135,NA,NA,NA,0
618,6,135,NA,NA,NA,0
619,6,135,NA,NA,NA,0
620,6,135,NA,NA,NA,0
621,6,135,NA,NA,NA,0
622,6,135,NA,NA,NA,0
623,6,136,NA,NA,NA,0
624,6,136,NA,NA,NA,0
625,6,136,NA,NA,NA,0
626,6,136,NA,NA,NA,0
627,6,136,NA,NA,NA,0
628,6,136,NA,NA,NA,0
629,3,137,NA,NA,NA,0
630,3,137,NA,NA,NA,0
631,3,137,NA,NA,NA,0
632,6,138,NA,NA,NA,0
633,6,138,NA,NA,NA,0
634,6,138,NA,NA,NA,0
635,6,138,NA,NA,NA,0
636,6,138,NA,NA,NA,0
637,6,138,NA,NA,NA,0
638,4,139,NA,NA,NA,0
639,4,139,NA,NA,NA,0
640,4,139,NA,NA,NA,0
641,4,139,NA,NA,NA,0
642,6,140,NA,NA,NA,0
643,6,140,NA,NA,NA,0
644,6,140,NA,NA,NA,0
645,6,140,NA,NA,NA,0
646,6,140,NA,NA,NA,0
647,6,140,NA,NA,NA,0
648,6,141,NA,NA,NA,0
649,6,141,NA,NA,NA,0
650,6,141,NA,NA,NA,0
651,6,141,NA,NA,NA,0
652,6,141,NA,NA,NA,0
653,6,141,NA,NA,NA,0
654,5,142,"H",314,0,0
655,5,142,"H",NA,0,0
656,5,142,"H",236,2,2
657,5,142,"H",NA,2,0
658,5,142,"C",NA,4,2
659,6,143,NA,NA,NA,0
660,6,143,NA,NA,NA,0
661,6,143,NA,NA,NA,0
662,6,143,NA,NA,NA,0
663,6,143,NA,NA,NA,0
664,6,143,NA,NA,NA,0
665,3,144,NA,NA,NA,0
666,3,144,NA,NA,NA,0
667,3,144,NA,NA,NA,0
668,4,145,NA,NA,NA,0
669,4,145,NA,NA,NA,0
670,4,145,NA,NA,NA,0
671,4,145,NA,NA,NA,0
672,6,146,NA,NA,NA,0
673,6,146,NA,NA,NA,0
674,6,146,NA,NA,NA,0
675,6,146,"E",NA,5,0
676,6,146,NA,NA,NA,0
677,6,146,NA,NA,NA,0
678,5,147,NA,NA,NA,0
679,5,147,NA,NA,NA,0
680,5,147,NA,NA,NA,0
681,5,147,NA,NA,NA,0
682,5,147,NA,NA,NA,0
683,6,148,NA,NA,NA,0
684,6,148,NA,NA,NA,0
685,6,148,NA,NA,NA,0
686,6,148,NA,NA,NA,0
687,6,148,NA,NA,NA,0
688,6,148,NA,NA,NA,0
689,5,149,NA,NA,NA,0
690,5,149,NA,NA,NA,0
691,5,149,NA,NA,NA,0
692,5,149,NA,NA,NA,0
693,5,149,NA,NA,NA,0
694,6,150,NA,NA,NA,0
695,6,150,NA,NA,NA,0
696,6,150,NA,NA,NA,0
697,6,150,NA,NA,NA,0
698,6,150,NA,NA,NA,0
699,6,150,NA,NA,NA,0
700,5,151,NA,NA,NA,0
701,5,151,NA,NA,NA,0
702,5,151,NA,NA,NA,0
703,5,151,NA,NA,NA,0
704,5,151,NA,NA,NA,0
705,5,152,"H",NA,NA,0
706,5,152,"H",302,3,1
707,5,152,NA,NA,NA,0
708,5,152,"C",273,4,1
709,5,152,"H",338,2,1
710,5,153,NA,NA,NA,0
711,5,153,NA,NA,NA,0
712,5,153,NA,NA,NA,0
713,5,153,NA,NA,NA,0
714,5,153,NA,NA,NA,0
715,4,154,NA,NA,NA,0
716,4,154,NA,NA,NA,0
717,4,154,"C",NA,3,1
718,4,154,"H",NA,2,0
719,4,155,"H",NA,2,1
720,4,155,"H",225,1,1
721,4,155,"H",257,0,0
722,4,155,"E",158,3,1
723,6,156,NA,NA,NA,0
724,6,156,"E",160,5,1
725,6,156,"H",272,3,0
726,6,156,NA,NA,NA,0
727,6,156,NA,NA,NA,0
728,6,156,"H",218,4,1
729,6,157,NA,NA,NA,0
730,6,157,NA,NA,NA,0
731,6,157,NA,NA,NA,0
732,6,157,NA,NA,NA,0
733,6,157,NA,NA,NA,0
734,6,157,NA,NA,NA,0
735,3,158,NA,NA,NA,0
736,3,158,NA,NA,NA,0
737,3,158,NA,NA,NA,0
738,3,159,NA,NA,NA,0
739,3,159,NA,NA,NA,0
740,3,159,NA,NA,NA,0
741,3,160,NA,NA,NA,0
742,3,160,NA,NA,NA,0
743,3,160,NA,NA,NA,0
744,6,161,NA,NA,NA,0
745,6,161,NA,NA,NA,0
746,6,161,NA,NA,NA,0
747,6,161,NA,NA,NA,0
748,6,161,NA,NA,NA,0
749,6,161,NA,NA,NA,0
750,4,162,NA,NA,NA,0
751,4,162,NA,NA,NA,0
752,4,162,NA,NA,NA,0
753,4,162,NA,NA,NA,0
754,6,163,NA,NA,NA,0
755,6,163,NA,NA,NA,0
756,6,163,NA,NA,NA,0
757,6,163,NA,NA,NA,0
758,6,163,NA,NA,NA,0
759,6,163,NA,NA,NA,0
760,3,164,NA,NA,NA,0
761,3,164,NA,NA,NA,0
762,3,164,NA,NA,NA,0
763,3,165,NA,NA,NA,0
764,3,165,NA,NA,NA,0
765,3,165,NA,NA,NA,0
766,3,166,NA,NA,NA,0
767,3,166,NA,NA,NA,0
768,3,166,NA,NA,NA,0
769,5,167,NA,NA,NA,0
770,5,167,NA,NA,NA,0
771,5,167,NA,NA,NA,0
772,5,167,NA,NA,NA,0
773,5,167,"E",NA,4,0
774,4,168,NA,NA,NA,0
775,4,168,NA,NA,NA,0
776,4,168,NA,NA,NA,0
777,4,168,NA,NA,NA,0
778,3,169,NA,NA,NA,0
779,3,169,NA,NA,NA,0
780,3,169,NA,NA,NA,0
781,6,170,NA,NA,NA,0
782,6,170,NA,NA,NA,0
783,6,170,NA,NA,NA,0
784,6,170,NA,NA,NA,0
785,6,170,NA,NA,NA,0
786,6,170,NA,NA,NA,0
787,6,171,NA,NA,NA,0
788,6,171,NA,NA,NA,0
789,6,171,NA,NA,NA,0
790,6,171,NA,NA,NA,0
791,6,171,NA,NA,NA,0
792,6,171,NA,NA,NA,0
793,4,172,NA,NA,NA,0
794,4,172,NA,NA,NA,0
795,4,172,NA,NA,NA,0
796,4,172,NA,NA,NA,0
797,4,173,NA,NA,NA,0
798,4,173,NA,NA,NA,0
799,4,173,NA,NA,NA,0
800,4,173,NA,NA,NA,0
801,5,174,NA,NA,NA,0
802,5,174,NA,NA,NA,0
803,5,174,NA,NA,NA,0
804,5,174,NA,NA,NA,0
805,5,174,NA,NA,NA,0
806,6,175,"H",274,1,0
807,6,175,"H",323,1,1
808,6,175,"H",NA,4,1
809,6,175,"H",NA,3,2
810,6,175,"E",NA,5,1
811,6,175,"H",359,0,0
812,5,176,NA,NA,NA,0
813,5,176,NA,NA,NA,0
814,5,176,NA,NA,NA,0
815,5,176,NA,NA,NA,0
816,5,176,NA,NA,NA,0
817,6,177,NA,NA,NA,0
818,6,177,"E",NA,5,1
819,6,177,"H",357,4,0
820,6,177,NA,NA,NA,0
821,6,177,NA,NA,NA,0
822,6,177,NA,NA,NA,0
823,6,178,"C",278,5,0
824,6,178,NA,NA,NA,0
825,6,178,NA,NA,NA,0
826,6,178,NA,NA,NA,0
827,6,178,NA,NA,NA,0
828,6,178,NA,NA,NA,0
829,6,179,NA,NA,NA,0
830,6,179,NA,NA,NA,0
831,6,179,NA,NA,NA,0
832,6,179,NA,NA,NA,0
833,6,179,NA,NA,NA,0
834,6,179,NA,NA,NA,0
835,3,180,NA,NA,NA,0
836,3,180,NA,NA,NA,0
837,3,180,NA,NA,NA,0
838,6,181,NA,NA,NA,0
839,6,181,NA,NA,NA,0
840,6,181,NA,NA,NA,0
841,6,181,NA,NA,NA,0
842,6,181,NA,NA,NA,0
843,6,181,NA,NA,NA,0
844,3,182,NA,NA,NA,0
845,3,182,NA,NA,NA,0
846,3,182,NA,NA,NA,0
847,4,183,NA,NA,NA,0
848,4,183,NA,NA,NA,0
849,4,183,NA,NA,NA,0
850,4,183,NA,NA,NA,0
851,3,184,NA,NA,NA,0
852,3,184,NA,NA,NA,0
853,3,184,NA,NA,NA,0
854,4,185,"E",139,3,0
855,4,185,NA,NA,NA,0
856,4,185,NA,NA,NA,0
857,4,185,NA,NA,NA,0
858,4,186,NA,NA,NA,0
859,4,186,NA,NA,NA,0
860,4,186,NA,NA,NA,0
861,4,186,NA,NA,NA,0
862,5,187,NA,NA,NA,0
863,5,187,NA,NA,NA,0
864,5,187,NA,NA,NA,0
865,5,187,NA,NA,NA,0
866,5,187,NA,NA,NA,0
867,4,188,NA,NA,NA,0
868,4,188,NA,NA,NA,0
869,4,188,NA,NA,NA,0
870,4,188,NA,NA,NA,0
871,5,189,NA,NA,NA,0
872,5,189,NA,NA,NA,0
873,5,189,NA,NA,NA,0
874,5,189,NA,NA,NA,0
875,5,189,NA,NA,NA,0
876,4,190,NA,NA,NA,0
877,4,190,NA,NA,NA,0
878,4,190,NA,NA,NA,0
879,4,190,NA,NA,NA,0
880,4,191,NA,NA,NA,0
881,4,191,NA,NA,NA,0
882,4,191,NA,NA,NA,0
883,4,191,NA,NA,NA,0
884,5,192,NA,NA,NA,0
885,5,192,NA,NA,NA,0
886,5,192,NA,NA,NA,0
887,5,192,NA,NA,NA,0
888,5,192,NA,NA,NA,0
889,5,193,NA,NA,NA,0
890,5,193,"E",319,4,1
891,5,193,NA,NA,NA,0
892,5,193,"H",342,3,1
893,5,193,"H",363,2,0
894,3,194,NA,NA,NA,0
895,3,194,NA,NA,NA,0
896,3,194,NA,NA,NA,0
897,5,195,NA,NA,NA,0
898,5,195,NA,NA,NA,0
899,5,195,NA,NA,NA,0
900,5,195,NA,NA,NA,0
901,5,195,NA,NA,NA,0
902,5,196,NA,NA,NA,0
903,5,196,NA,NA,NA,0
904,5,196,NA,NA,NA,0
905,5,196,NA,NA,NA,0
906,5,196,NA,NA,NA,0
907,3,197,NA,NA,NA,0
908,3,197,NA,NA,NA,0
909,3,197,NA,NA,NA,0
910,6,198,NA,NA,NA,0
911,6,198,NA,NA,NA,0
912,6,198,NA,NA,NA,0
913,6,198,NA,NA,NA,0
914,6,198,NA,NA,NA,0
915,6,198,NA,NA,NA,0
916,5,199,NA,NA,NA,0
917,5,199,NA,NA,NA,0
918,5,199,NA,NA,NA,0
919,5,199,NA,NA,NA,0
920,5,199,NA,NA,NA,0
921,4,200,NA,NA,NA,0
922,4,200,NA,NA,NA,0
923,4,200,NA,NA,NA,0
924,4,200,NA,NA,NA,0
925,4,201,NA,NA,NA,0
926,4,201,NA,NA,NA,0
927,4,201,NA,NA,NA,0
928,4,201,NA,NA,NA,0
929,6,202,NA,NA,NA,0
930,6,202,NA,NA,NA,0
931,6,202,NA,NA,NA,0
932,6,202,NA,NA,NA,0
933,6,202,NA,NA,NA,0
934,6,202,NA,NA,NA,0
935,5,203,NA,NA,NA,0
936,5,203,NA,NA,NA,0
937,5,203,NA,NA,NA,0
938,5,203,NA,NA,NA,0
939,5,203,NA,NA,NA,0
940,6,204,NA,NA,NA,0
941,6,204,NA,NA,NA,0
942,6,204,"C",NA,5,1
943,6,204,NA,NA,NA,0
944,6,204,NA,NA,NA,0
945,6,204,"H",NA,4,0
946,5,205,"H",NA,NA,0
947,5,205,"E",357,4,1
948,5,205,NA,NA,NA,0
949,5,205,NA,NA,NA,0
950,5,205,NA,NA,NA,0
951,4,206,NA,NA,NA,0
952,4,206,NA,NA,NA,0
953,4,206,NA,NA,NA,0
954,4,206,NA,NA,NA,0
955,3,207,NA,NA,NA,0
956,3,207,NA,NA,NA,0
957,3,207,NA,NA,NA,0
958,5,208,NA,NA,NA,0
959,5,208,"H",NA,2,0
960,5,208,NA,NA,NA,0
961,5,208,"H",NA,3,1
962,5,208,"E",246,4,1
963,4,209,NA,NA,NA,0
964,4,209,NA,NA,NA,0
965,4,209,NA,NA,NA,0
966,4,209,NA,NA,NA,0
967,3,210,NA,NA,NA,0
968,3,210,NA,NA,NA,0
969,3,210,NA,NA,NA,0
970,4,211,NA,NA,NA,0
971,4,211,NA,NA,NA,0
972,4,211,NA,NA,NA,0
973,4,211,NA,NA,NA,0
974,4,212,NA,NA,NA,0
975,4,212,NA,NA,NA,0
976,4,212,NA,NA,NA,0
977,4,212,NA,NA,NA,0
978,6,213,NA,NA,NA,0
979,6,213,NA,NA,NA,0
980,6,213,NA,NA,NA,0
981,6,213,NA,NA,NA,0
982,6,213,NA,NA,NA,0
983,6,213,NA,NA,NA,0
984,5,214,NA,NA,NA,0
985,5,214,NA,NA,NA,0
986,5,214,NA,NA,NA,0
987,5,214,NA,NA,NA,0
988,5,214,NA,NA,NA,0
989,3,215,NA,NA,NA,0
990,3,215,NA,NA,NA,0
991,3,215,NA,NA,NA,0
992,3,216,NA,NA,NA,0
993,3,216,NA,NA,NA,0
994,3,216,NA,NA,NA,0
995,3,217,NA,NA,NA,0
996,3,217,NA,NA,NA,0
997,3,217,NA,NA,NA,0
998,3,218,NA,NA,NA,0
999,3,218,NA,NA,NA,0
1000,3,218,NA,NA,NA,0
