"ID","SIZE","HH","TYPE","TIME","S_num","I_num"
1,6,1,"0",27,NA,0
2,6,1,"E",235,NA,0
3,6,1,NA,NA,NA,0
4,6,1,NA,NA,NA,0
5,6,1,"E",289,NA,0
6,6,1,"E",325,NA,0
7,6,2,"E",270,NA,0
8,6,2,"E",104,NA,0
9,6,2,"E",305,NA,0
10,6,2,"E",246,NA,0
11,6,2,NA,NA,NA,0
12,6,2,NA,NA,NA,0
13,3,3,NA,NA,NA,0
14,3,3,NA,NA,NA,0
15,3,3,NA,NA,NA,0
16,6,4,NA,NA,NA,0
17,6,4,"E",347,NA,0
18,6,4,"E",185,NA,0
19,6,4,NA,NA,NA,0
20,6,4,"E",84,NA,0
21,6,4,"E",281,NA,0
22,4,5,"E",101,NA,0
23,4,5,NA,NA,NA,0
24,4,5,NA,NA,NA,0
25,4,5,NA,NA,NA,0
26,3,6,"E",121,NA,0
27,3,6,NA,NA,NA,0
28,3,6,"E",63,NA,0
29,6,7,"E",170,NA,0
30,6,7,NA,NA,NA,0
31,6,7,NA,NA,NA,0
32,6,7,NA,NA,NA,0
33,6,7,NA,NA,NA,0
34,6,7,NA,NA,NA,0
35,6,8,"E",328,NA,0
36,6,8,NA,NA,NA,0
37,6,8,NA,NA,NA,0
38,6,8,"E",289,NA,0
39,6,8,NA,NA,NA,0
40,6,8,NA,NA,NA,0
41,6,9,"E",224,NA,0
42,6,9,"E",268,NA,0
43,6,9,"E",118,NA,0
44,6,9,NA,NA,NA,0
45,6,9,"E",272,NA,0
46,6,9,NA,NA,NA,0
47,5,10,NA,NA,NA,0
48,5,10,NA,NA,NA,0
49,5,10,"E",123,NA,0
50,5,10,"E",92,NA,0
51,5,10,NA,NA,NA,0
52,5,11,NA,NA,NA,0
53,5,11,NA,NA,NA,0
54,5,11,"E",65,NA,0
55,5,11,NA,NA,NA,0
56,5,11,NA,NA,NA,0
57,6,12,"E",216,NA,0
58,6,12,NA,NA,NA,0
59,6,12,NA,NA,NA,0
60,6,12,"E",178,NA,0
61,6,12,NA,NA,NA,0
62,6,12,NA,NA,NA,0
63,3,13,NA,NA,NA,0
64,3,13,NA,NA,NA,0
65,3,13,NA,NA,NA,0
66,3,14,NA,NA,NA,0
67,3,14,NA,NA,NA,0
68,3,14,NA,NA,NA,0
69,4,15,"E",68,NA,0
70,4,15,NA,NA,NA,0
71,4,15,"E",293,NA,0
72,4,15,"E",335,NA,0
73,6,16,NA,NA,NA,0
74,6,16,"E",164,NA,0
75,6,16,NA,NA,NA,0
76,6,16,NA,NA,NA,0
77,6,16,NA,NA,NA,0
78,6,16,NA,NA,NA,0
79,6,17,NA,NA,NA,0
80,6,17,NA,NA,NA,0
81,6,17,NA,NA,NA,0
82,6,17,"E",36,NA,0
83,6,17,"E",250,NA,0
84,6,17,NA,NA,NA,0
85,3,18,NA,NA,NA,0
86,3,18,NA,NA,NA,0
87,3,18,"E",318,NA,0
88,5,19,"E",121,NA,0
89,5,19,NA,NA,NA,0
90,5,19,NA,NA,NA,0
91,5,19,"E",353,NA,0
92,5,19,NA,NA,NA,0
93,5,20,NA,NA,NA,0
94,5,20,NA,NA,NA,0
95,5,20,NA,NA,NA,0
96,5,20,NA,NA,NA,0
97,5,20,NA,NA,NA,0
98,5,21,NA,NA,NA,0
99,5,21,"E",194,NA,0
100,5,21,"E",305,NA,0
101,5,21,"E",139,NA,0
102,5,21,"E",136,NA,0
103,3,22,NA,NA,NA,0
104,3,22,"E",57,NA,0
105,3,22,NA,NA,NA,0
106,3,23,NA,NA,NA,0
107,3,23,"E",118,NA,0
108,3,23,NA,NA,NA,0
109,6,24,"E",35,NA,0
110,6,24,NA,NA,NA,0
111,6,24,NA,NA,NA,0
112,6,24,NA,NA,NA,0
113,6,24,NA,NA,NA,0
114,6,24,NA,NA,NA,0
115,3,25,NA,NA,NA,0
116,3,25,NA,NA,NA,0
117,3,25,NA,NA,NA,0
118,6,26,NA,NA,NA,0
119,6,26,"E",124,NA,0
120,6,26,"E",246,NA,0
121,6,26,NA,NA,NA,0
122,6,26,"E",254,NA,0
123,6,26,"E",34,NA,0
124,5,27,NA,NA,NA,0
125,5,27,NA,NA,NA,0
126,5,27,NA,NA,NA,0
127,5,27,NA,NA,NA,0
128,5,27,NA,NA,NA,0
129,3,28,"E",275,NA,0
130,3,28,NA,NA,NA,0
131,3,28,NA,NA,NA,0
132,5,29,"E",362,NA,0
133,5,29,NA,NA,NA,0
134,5,29,NA,NA,NA,0
135,5,29,"E",145,NA,0
136,5,29,"E",48,NA,0
137,6,30,"E",291,NA,0
138,6,30,NA,NA,NA,0
139,6,30,NA,NA,NA,0
140,6,30,NA,NA,NA,0
141,6,30,NA,NA,NA,0
142,6,30,"E",327,NA,0
143,4,31,NA,NA,NA,0
144,4,31,NA,NA,NA,0
145,4,31,NA,NA,NA,0
146,4,31,NA,NA,NA,0
147,6,32,NA,NA,NA,0
148,6,32,NA,NA,NA,0
149,6,32,NA,NA,NA,0
150,6,32,NA,NA,NA,0
151,6,32,NA,NA,NA,0
152,6,32,NA,NA,NA,0
153,3,33,NA,NA,NA,0
154,3,33,"E",276,NA,0
155,3,33,NA,NA,NA,0
156,4,34,NA,NA,NA,0
157,4,34,NA,NA,NA,0
158,4,34,NA,NA,NA,0
159,4,34,NA,NA,NA,0
160,6,35,NA,NA,NA,0
161,6,35,NA,NA,NA,0
162,6,35,NA,NA,NA,0
163,6,35,"E",54,NA,0
164,6,35,"E",222,NA,0
165,6,35,NA,NA,NA,0
166,4,36,NA,NA,NA,0
167,4,36,"E",149,NA,0
168,4,36,"E",100,NA,0
169,4,36,NA,NA,NA,0
170,5,37,NA,NA,NA,0
171,5,37,NA,NA,NA,0
172,5,37,NA,NA,NA,0
173,5,37,NA,NA,NA,0
174,5,37,"E",144,NA,0
175,5,38,"E",319,NA,0
176,5,38,NA,NA,NA,0
177,5,38,NA,NA,NA,0
178,5,38,"E",102,NA,0
179,5,38,NA,NA,NA,0
180,3,39,"E",350,NA,0
181,3,39,"E",162,NA,0
182,3,39,NA,NA,NA,0
183,5,40,NA,NA,NA,0
184,5,40,NA,NA,NA,0
185,5,40,"E",106,NA,0
186,5,40,NA,NA,NA,0
187,5,40,NA,NA,NA,0
188,6,41,NA,NA,NA,0
189,6,41,NA,NA,NA,0
190,6,41,NA,NA,NA,0
191,6,41,"E",320,NA,0
192,6,41,NA,NA,NA,0
193,6,41,"E",117,NA,0
194,6,42,NA,NA,NA,0
195,6,42,NA,NA,NA,0
196,6,42,NA,NA,NA,0
197,6,42,NA,NA,NA,0
198,6,42,NA,NA,NA,0
199,6,42,NA,NA,NA,0
200,5,43,NA,NA,NA,0
201,5,43,NA,NA,NA,0
202,5,43,"E",342,NA,0
203,5,43,"E",112,NA,0
204,5,43,"E",92,NA,0
205,3,44,NA,NA,NA,0
206,3,44,NA,NA,NA,0
207,3,44,"E",309,NA,0
208,6,45,NA,NA,NA,0
209,6,45,NA,NA,NA,0
210,6,45,"E",167,NA,0
211,6,45,"E",116,NA,0
212,6,45,NA,NA,NA,0
213,6,45,"E",334,NA,0
214,5,46,"E",147,NA,0
215,5,46,"E",NA,NA,0
216,5,46,"E",296,NA,0
217,5,46,"E",115,NA,0
218,5,46,NA,NA,NA,0
219,6,47,"E",329,NA,0
220,6,47,"E",22,NA,0
221,6,47,NA,NA,NA,0
222,6,47,"E",239,NA,0
223,6,47,"E",240,NA,0
224,6,47,NA,NA,NA,0
225,5,48,NA,NA,NA,0
226,5,48,NA,NA,NA,0
227,5,48,"E",224,NA,0
228,5,48,"E",28,NA,0
229,5,48,"E",104,NA,0
230,6,49,NA,NA,NA,0
231,6,49,"E",169,NA,0
232,6,49,NA,NA,NA,0
233,6,49,"E",205,NA,0
234,6,49,NA,NA,NA,0
235,6,49,NA,NA,NA,0
236,6,50,NA,NA,NA,0
237,6,50,NA,NA,NA,0
238,6,50,NA,NA,NA,0
239,6,50,"E",151,NA,0
240,6,50,NA,NA,NA,0
241,6,50,"E",NA,NA,0
242,5,51,NA,NA,NA,0
243,5,51,NA,NA,NA,0
244,5,51,NA,NA,NA,0
245,5,51,NA,NA,NA,0
246,5,51,NA,NA,NA,0
247,3,52,NA,NA,NA,0
248,3,52,NA,NA,NA,0
249,3,52,NA,NA,NA,0
250,4,53,NA,NA,NA,0
251,4,53,NA,NA,NA,0
252,4,53,"E",152,NA,0
253,4,53,NA,NA,NA,0
254,6,54,NA,NA,NA,0
255,6,54,NA,NA,NA,0
256,6,54,NA,NA,NA,0
257,6,54,"E",277,NA,0
258,6,54,NA,NA,NA,0
259,6,54,NA,NA,NA,0
260,3,55,NA,NA,NA,0
261,3,55,NA,NA,NA,0
262,3,55,NA,NA,NA,0
263,4,56,"E",55,NA,0
264,4,56,"E",48,NA,0
265,4,56,"E",191,NA,0
266,4,56,"E",NA,NA,0
267,4,57,"E",288,NA,0
268,4,57,"E",282,NA,0
269,4,57,NA,NA,NA,0
270,4,57,NA,NA,NA,0
271,4,58,NA,NA,NA,0
272,4,58,"E",139,NA,0
273,4,58,"E",286,NA,0
274,4,58,NA,NA,NA,0
275,5,59,NA,NA,NA,0
276,5,59,NA,NA,NA,0
277,5,59,"E",197,NA,0
278,5,59,"E",NA,NA,0
279,5,59,NA,NA,NA,0
280,6,60,NA,NA,NA,0
281,6,60,NA,NA,NA,0
282,6,60,"E",271,NA,0
283,6,60,NA,NA,NA,0
284,6,60,NA,NA,NA,0
285,6,60,"E",342,NA,0
286,6,61,NA,NA,NA,0
287,6,61,"E",147,NA,0
288,6,61,NA,NA,NA,0
289,6,61,NA,NA,NA,0
290,6,61,NA,NA,NA,0
291,6,61,NA,NA,NA,0
292,5,62,NA,NA,NA,0
293,5,62,"E",228,NA,0
294,5,62,"E",313,NA,0
295,5,62,NA,NA,NA,0
296,5,62,NA,NA,NA,0
297,3,63,NA,NA,NA,0
298,3,63,NA,NA,NA,0
299,3,63,NA,NA,NA,0
300,3,64,NA,NA,NA,0
301,3,64,NA,NA,NA,0
302,3,64,"E",326,NA,0
303,4,65,"E",NA,NA,0
304,4,65,NA,NA,NA,0
305,4,65,"E",335,NA,0
306,4,65,NA,NA,NA,0
307,3,66,"E",203,NA,0
308,3,66,NA,NA,NA,0
309,3,66,NA,NA,NA,0
310,6,67,NA,NA,NA,0
311,6,67,"E",53,NA,0
312,6,67,NA,NA,NA,0
313,6,67,NA,NA,NA,0
314,6,67,NA,NA,NA,0
315,6,67,NA,NA,NA,0
316,4,68,NA,NA,NA,0
317,4,68,NA,NA,NA,0
318,4,68,"E",NA,NA,0
319,4,68,NA,NA,NA,0
320,6,69,NA,NA,NA,0
321,6,69,NA,NA,NA,0
322,6,69,"E",343,NA,0
323,6,69,NA,NA,NA,0
324,6,69,NA,NA,NA,0
325,6,69,"E",341,NA,0
326,5,70,"E",208,NA,0
327,5,70,"E",223,NA,0
328,5,70,"E",143,NA,0
329,5,70,NA,NA,NA,0
330,5,70,NA,NA,NA,0
331,5,71,NA,NA,NA,0
332,5,71,NA,NA,NA,0
333,5,71,NA,NA,NA,0
334,5,71,"E",356,NA,0
335,5,71,"E",360,NA,0
336,3,72,NA,NA,NA,0
337,3,72,"E",21,NA,0
338,3,72,NA,NA,NA,0
339,3,73,NA,NA,NA,0
340,3,73,NA,NA,NA,0
341,3,73,NA,NA,NA,0
342,6,74,NA,NA,NA,0
343,6,74,NA,NA,NA,0
344,6,74,NA,NA,NA,0
345,6,74,NA,NA,NA,0
346,6,74,NA,NA,NA,0
347,6,74,"E",209,NA,0
348,5,75,NA,NA,NA,0
349,5,75,NA,NA,NA,0
350,5,75,NA,NA,NA,0
351,5,75,NA,NA,NA,0
352,5,75,"E",161,NA,0
353,4,76,"E",188,NA,0
354,4,76,NA,NA,NA,0
355,4,76,"E",286,NA,0
356,4,76,NA,NA,NA,0
357,6,77,"E",28,NA,0
358,6,77,"E",297,NA,0
359,6,77,NA,NA,NA,0
360,6,77,NA,NA,NA,0
361,6,77,NA,NA,NA,0
362,6,77,NA,NA,NA,0
363,3,78,NA,NA,NA,0
364,3,78,NA,NA,NA,0
365,3,78,"E",80,NA,0
366,3,79,NA,NA,NA,0
367,3,79,NA,NA,NA,0
368,3,79,NA,NA,NA,0
369,4,80,NA,NA,NA,0
370,4,80,NA,NA,NA,0
371,4,80,NA,NA,NA,0
372,4,80,NA,NA,NA,0
373,5,81,NA,NA,NA,0
374,5,81,NA,NA,NA,0
375,5,81,NA,NA,NA,0
376,5,81,NA,NA,NA,0
377,5,81,NA,NA,NA,0
378,6,82,NA,NA,NA,0
379,6,82,NA,NA,NA,0
380,6,82,NA,NA,NA,0
381,6,82,NA,NA,NA,0
382,6,82,NA,NA,NA,0
383,6,82,NA,NA,NA,0
384,5,83,NA,NA,NA,0
385,5,83,"E",287,NA,0
386,5,83,NA,NA,NA,0
387,5,83,NA,NA,NA,0
388,5,83,NA,NA,NA,0
389,5,84,NA,NA,NA,0
390,5,84,NA,NA,NA,0
391,5,84,NA,NA,NA,0
392,5,84,NA,NA,NA,0
393,5,84,"E",66,NA,0
394,4,85,NA,NA,NA,0
395,4,85,NA,NA,NA,0
396,4,85,NA,NA,NA,0
397,4,85,"E",NA,NA,0
398,3,86,NA,NA,NA,0
399,3,86,"E",85,NA,0
400,3,86,NA,NA,NA,0
401,3,87,NA,NA,NA,0
402,3,87,NA,NA,NA,0
403,3,87,NA,NA,NA,0
404,6,88,NA,NA,NA,0
405,6,88,"E",259,NA,0
406,6,88,NA,NA,NA,0
407,6,88,NA,NA,NA,0
408,6,88,"E",71,NA,0
409,6,88,NA,NA,NA,0
410,4,89,NA,NA,NA,0
411,4,89,NA,NA,NA,0
412,4,89,NA,NA,NA,0
413,4,89,"E",283,NA,0
414,4,90,NA,NA,NA,0
415,4,90,"E",174,NA,0
416,4,90,"E",95,NA,0
417,4,90,NA,NA,NA,0
418,4,91,NA,NA,NA,0
419,4,91,"E",61,NA,0
420,4,91,"E",115,NA,0
421,4,91,"E",335,NA,0
422,6,92,NA,NA,NA,0
423,6,92,NA,NA,NA,0
424,6,92,NA,NA,NA,0
425,6,92,"E",100,NA,0
426,6,92,NA,NA,NA,0
427,6,92,NA,NA,NA,0
428,3,93,NA,NA,NA,0
429,3,93,NA,NA,NA,0
430,3,93,"E",332,NA,0
431,6,94,NA,NA,NA,0
432,6,94,NA,NA,NA,0
433,6,94,NA,NA,NA,0
434,6,94,NA,NA,NA,0
435,6,94,NA,NA,NA,0
436,6,94,"E",95,NA,0
437,5,95,NA,NA,NA,0
438,5,95,"E",192,NA,0
439,5,95,NA,NA,NA,0
440,5,95,"E",325,NA,0
441,5,95,NA,NA,NA,0
442,3,96,NA,NA,NA,0
443,3,96,"E",29,NA,0
444,3,96,NA,NA,NA,0
445,5,97,"E",105,NA,0
446,5,97,"E",170,NA,0
447,5,97,"E",144,NA,0
448,5,97,"E",286,NA,0
449,5,97,"E",200,NA,0
450,3,98,"E",267,NA,0
451,3,98,"E",247,NA,0
452,3,98,"E",NA,NA,0
453,3,99,"E",213,NA,0
454,3,99,"E",361,NA,0
455,3,99,"E",88,NA,0
456,4,100,NA,NA,NA,0
457,4,100,NA,NA,NA,0
458,4,100,NA,NA,NA,0
459,4,100,NA,NA,NA,0
460,4,101,NA,NA,NA,0
461,4,101,NA,NA,NA,0
462,4,101,"E",355,NA,0
463,4,101,NA,NA,NA,0
464,6,102,NA,NA,NA,0
465,6,102,NA,NA,NA,0
466,6,102,"E",335,NA,0
467,6,102,"E",276,NA,0
468,6,102,NA,NA,NA,0
469,6,102,"E",305,NA,0
470,5,103,NA,NA,NA,0
471,5,103,NA,NA,NA,0
472,5,103,NA,NA,NA,0
473,5,103,"E",186,NA,0
474,5,103,"E",309,NA,0
475,6,104,NA,NA,NA,0
476,6,104,NA,NA,NA,0
477,6,104,"E",263,NA,0
478,6,104,NA,NA,NA,0
479,6,104,"E",299,NA,0
480,6,104,NA,NA,NA,0
481,6,105,NA,NA,NA,0
482,6,105,NA,NA,NA,0
483,6,105,NA,NA,NA,0
484,6,105,NA,NA,NA,0
485,6,105,NA,NA,NA,0
486,6,105,"E",345,NA,0
487,3,106,"E",58,NA,0
488,3,106,"E",334,NA,0
489,3,106,"E",65,NA,0
490,3,107,NA,NA,NA,0
491,3,107,"E",185,NA,0
492,3,107,NA,NA,NA,0
493,3,108,"E",NA,NA,0
494,3,108,NA,NA,NA,0
495,3,108,NA,NA,NA,0
496,4,109,NA,NA,NA,0
497,4,109,"E",134,NA,0
498,4,109,NA,NA,NA,0
499,4,109,NA,NA,NA,0
500,4,110,NA,NA,NA,0
501,4,110,NA,NA,NA,0
502,4,110,NA,NA,NA,0
503,4,110,"E",262,NA,0
504,4,111,NA,NA,NA,0
505,4,111,"E",176,NA,0
506,4,111,NA,NA,NA,0
507,4,111,NA,NA,NA,0
508,3,112,"E",136,NA,0
509,3,112,"E",122,NA,0
510,3,112,NA,NA,NA,0
511,5,113,NA,NA,NA,0
512,5,113,"E",324,NA,0
513,5,113,"E",75,NA,0
514,5,113,NA,NA,NA,0
515,5,113,NA,NA,NA,0
516,6,114,"E",268,NA,0
517,6,114,NA,NA,NA,0
518,6,114,"E",123,NA,0
519,6,114,"E",191,NA,0
520,6,114,"E",56,NA,0
521,6,114,NA,NA,NA,0
522,3,115,NA,NA,NA,0
523,3,115,"E",346,NA,0
524,3,115,NA,NA,NA,0
525,6,116,"E",234,NA,0
526,6,116,"E",92,NA,0
527,6,116,NA,NA,NA,0
528,6,116,NA,NA,NA,0
529,6,116,NA,NA,NA,0
530,6,116,"E",354,NA,0
531,4,117,NA,NA,NA,0
532,4,117,NA,NA,NA,0
533,4,117,"E",303,NA,0
534,4,117,NA,NA,NA,0
535,5,118,NA,NA,NA,0
536,5,118,"E",170,NA,0
537,5,118,"E",68,NA,0
538,5,118,"E",302,NA,0
539,5,118,NA,NA,NA,0
540,3,119,"E",352,NA,0
541,3,119,NA,NA,NA,0
542,3,119,NA,NA,NA,0
543,5,120,NA,NA,NA,0
544,5,120,NA,NA,NA,0
545,5,120,"E",127,NA,0
546,5,120,NA,NA,NA,0
547,5,120,NA,NA,NA,0
548,4,121,"E",202,NA,0
549,4,121,NA,NA,NA,0
550,4,121,NA,NA,NA,0
551,4,121,NA,NA,NA,0
552,3,122,NA,NA,NA,0
553,3,122,"E",52,NA,0
554,3,122,"E",200,NA,0
555,3,123,NA,NA,NA,0
556,3,123,"E",79,NA,0
557,3,123,NA,NA,NA,0
558,4,124,NA,NA,NA,0
559,4,124,NA,NA,NA,0
560,4,124,"E",126,NA,0
561,4,124,"E",214,NA,0
562,6,125,NA,NA,NA,0
563,6,125,"E",188,NA,0
564,6,125,NA,NA,NA,0
565,6,125,NA,NA,NA,0
566,6,125,"E",90,NA,0
567,6,125,NA,NA,NA,0
568,6,126,NA,NA,NA,0
569,6,126,"E",354,NA,0
570,6,126,NA,NA,NA,0
571,6,126,"E",233,NA,0
572,6,126,"E",323,NA,0
573,6,126,NA,NA,NA,0
574,4,127,NA,NA,NA,0
575,4,127,NA,NA,NA,0
576,4,127,NA,NA,NA,0
577,4,127,NA,NA,NA,0
578,3,128,NA,NA,NA,0
579,3,128,NA,NA,NA,0
580,3,128,"E",NA,NA,0
581,6,129,NA,NA,NA,0
582,6,129,NA,NA,NA,0
583,6,129,"E",135,NA,0
584,6,129,NA,NA,NA,0
585,6,129,"E",122,NA,0
586,6,129,NA,NA,NA,0
587,3,130,NA,NA,NA,0
588,3,130,NA,NA,NA,0
589,3,130,NA,NA,NA,0
590,3,131,"E",167,NA,0
591,3,131,NA,NA,NA,0
592,3,131,NA,NA,NA,0
593,3,132,NA,NA,NA,0
594,3,132,NA,NA,NA,0
595,3,132,NA,NA,NA,0
596,6,133,"E",224,NA,0
597,6,133,"E",276,NA,0
598,6,133,NA,NA,NA,0
599,6,133,"E",276,NA,0
600,6,133,NA,NA,NA,0
601,6,133,NA,NA,NA,0
602,6,134,NA,NA,NA,0
603,6,134,NA,NA,NA,0
604,6,134,NA,NA,NA,0
605,6,134,NA,NA,NA,0
606,6,134,"E",NA,NA,0
607,6,134,"E",102,NA,0
608,6,135,NA,NA,NA,0
609,6,135,"E",71,NA,0
610,6,135,NA,NA,NA,0
611,6,135,"E",61,NA,0
612,6,135,NA,NA,NA,0
613,6,135,NA,NA,NA,0
614,6,136,NA,NA,NA,0
615,6,136,NA,NA,NA,0
616,6,136,"E",319,NA,0
617,6,136,"E",186,NA,0
618,6,136,"E",232,NA,0
619,6,136,NA,NA,NA,0
620,6,137,NA,NA,NA,0
621,6,137,NA,NA,NA,0
622,6,137,NA,NA,NA,0
623,6,137,NA,NA,NA,0
624,6,137,NA,NA,NA,0
625,6,137,"E",193,NA,0
626,4,138,NA,NA,NA,0
627,4,138,"E",361,NA,0
628,4,138,NA,NA,NA,0
629,4,138,"E",NA,NA,0
630,4,139,"E",282,NA,0
631,4,139,NA,NA,NA,0
632,4,139,NA,NA,NA,0
633,4,139,NA,NA,NA,0
634,6,140,"E",307,NA,0
635,6,140,NA,NA,NA,0
636,6,140,NA,NA,NA,0
637,6,140,"E",306,NA,0
638,6,140,NA,NA,NA,0
639,6,140,NA,NA,NA,0
640,4,141,NA,NA,NA,0
641,4,141,"E",66,NA,0
642,4,141,NA,NA,NA,0
643,4,141,"E",309,NA,0
644,6,142,NA,NA,NA,0
645,6,142,NA,NA,NA,0
646,6,142,NA,NA,NA,0
647,6,142,NA,NA,NA,0
648,6,142,NA,NA,NA,0
649,6,142,NA,NA,NA,0
650,5,143,"E",157,NA,0
651,5,143,NA,NA,NA,0
652,5,143,"E",216,NA,0
653,5,143,NA,NA,NA,0
654,5,143,"E",59,NA,0
655,5,144,"E",290,NA,0
656,5,144,"E",103,NA,0
657,5,144,NA,NA,NA,0
658,5,144,NA,NA,NA,0
659,5,144,"E",319,NA,0
660,5,145,"E",300,NA,0
661,5,145,"E",26,NA,0
662,5,145,"E",88,NA,0
663,5,145,NA,NA,NA,0
664,5,145,NA,NA,NA,0
665,6,146,NA,NA,NA,0
666,6,146,NA,NA,NA,0
667,6,146,NA,NA,NA,0
668,6,146,"E",303,NA,0
669,6,146,NA,NA,NA,0
670,6,146,NA,NA,NA,0
671,3,147,NA,NA,NA,0
672,3,147,"E",51,NA,0
673,3,147,NA,NA,NA,0
674,6,148,NA,NA,NA,0
675,6,148,"E",48,NA,0
676,6,148,"E",214,NA,0
677,6,148,"E",80,NA,0
678,6,148,"E",361,NA,0
679,6,148,NA,NA,NA,0
680,3,149,NA,NA,NA,0
681,3,149,NA,NA,NA,0
682,3,149,"E",98,NA,0
683,5,150,NA,NA,NA,0
684,5,150,NA,NA,NA,0
685,5,150,"E",310,NA,0
686,5,150,"E",318,NA,0
687,5,150,"E",NA,NA,0
688,3,151,NA,NA,NA,0
689,3,151,NA,NA,NA,0
690,3,151,NA,NA,NA,0
691,4,152,"E",303,NA,0
692,4,152,"E",190,NA,0
693,4,152,"E",65,NA,0
694,4,152,"E",260,NA,0
695,5,153,"E",132,NA,0
696,5,153,"E",308,NA,0
697,5,153,NA,NA,NA,0
698,5,153,NA,NA,NA,0
699,5,153,NA,NA,NA,0
700,4,154,"E",325,NA,0
701,4,154,"E",NA,NA,0
702,4,154,"E",273,NA,0
703,4,154,NA,NA,NA,0
704,5,155,NA,NA,NA,0
705,5,155,NA,NA,NA,0
706,5,155,NA,NA,NA,0
707,5,155,NA,NA,NA,0
708,5,155,NA,NA,NA,0
709,5,156,"E",276,NA,0
710,5,156,NA,NA,NA,0
711,5,156,NA,NA,NA,0
712,5,156,NA,NA,NA,0
713,5,156,"E",133,NA,0
714,3,157,"E",109,NA,0
715,3,157,NA,NA,NA,0
716,3,157,NA,NA,NA,0
717,6,158,NA,NA,NA,0
718,6,158,"E",112,NA,0
719,6,158,NA,NA,NA,0
720,6,158,NA,NA,NA,0
721,6,158,NA,NA,NA,0
722,6,158,"E",82,NA,0
723,4,159,"E",173,NA,0
724,4,159,NA,NA,NA,0
725,4,159,NA,NA,NA,0
726,4,159,"E",97,NA,0
727,3,160,NA,NA,NA,0
728,3,160,"E",161,NA,0
729,3,160,"E",NA,NA,0
730,5,161,NA,NA,NA,0
731,5,161,"E",211,NA,0
732,5,161,"E",221,NA,0
733,5,161,NA,NA,NA,0
734,5,161,"E",307,NA,0
735,5,162,NA,NA,NA,0
736,5,162,NA,NA,NA,0
737,5,162,NA,NA,NA,0
738,5,162,NA,NA,NA,0
739,5,162,"E",NA,NA,0
740,3,163,NA,NA,NA,0
741,3,163,"E",89,NA,0
742,3,163,"E",NA,NA,0
743,3,164,"E",174,NA,0
744,3,164,"E",120,NA,0
745,3,164,"E",92,NA,0
746,6,165,NA,NA,NA,0
747,6,165,NA,NA,NA,0
748,6,165,NA,NA,NA,0
749,6,165,NA,NA,NA,0
750,6,165,"E",204,NA,0
751,6,165,"E",NA,NA,0
752,6,166,"E",221,NA,0
753,6,166,"E",175,NA,0
754,6,166,NA,NA,NA,0
755,6,166,NA,NA,NA,0
756,6,166,NA,NA,NA,0
757,6,166,"E",299,NA,0
758,6,167,"E",238,NA,0
759,6,167,"E",182,NA,0
760,6,167,NA,NA,NA,0
761,6,167,"E",345,NA,0
762,6,167,NA,NA,NA,0
763,6,167,NA,NA,NA,0
764,5,168,NA,NA,NA,0
765,5,168,"E",284,NA,0
766,5,168,NA,NA,NA,0
767,5,168,NA,NA,NA,0
768,5,168,"E",348,NA,0
769,3,169,NA,NA,NA,0
770,3,169,"E",54,NA,0
771,3,169,NA,NA,NA,0
772,5,170,"E",112,NA,0
773,5,170,NA,NA,NA,0
774,5,170,NA,NA,NA,0
775,5,170,NA,NA,NA,0
776,5,170,NA,NA,NA,0
777,4,171,NA,NA,NA,0
778,4,171,"E",187,NA,0
779,4,171,NA,NA,NA,0
780,4,171,"E",257,NA,0
781,4,172,"E",196,NA,0
782,4,172,NA,NA,NA,0
783,4,172,NA,NA,NA,0
784,4,172,NA,NA,NA,0
785,6,173,NA,NA,NA,0
786,6,173,"E",109,NA,0
787,6,173,"E",81,NA,0
788,6,173,"E",229,NA,0
789,6,173,"E",232,NA,0
790,6,173,NA,NA,NA,0
791,4,174,NA,NA,NA,0
792,4,174,"E",30,NA,0
793,4,174,"E",NA,NA,0
794,4,174,NA,NA,NA,0
795,3,175,NA,NA,NA,0
796,3,175,NA,NA,NA,0
797,3,175,"E",NA,NA,0
798,3,176,"E",266,NA,0
799,3,176,NA,NA,NA,0
800,3,176,"E",153,NA,0
801,3,177,NA,NA,NA,0
802,3,177,NA,NA,NA,0
803,3,177,"E",NA,NA,0
804,6,178,NA,NA,NA,0
805,6,178,NA,NA,NA,0
806,6,178,"E",NA,NA,0
807,6,178,NA,NA,NA,0
808,6,178,NA,NA,NA,0
809,6,178,NA,NA,NA,0
810,4,179,NA,NA,NA,0
811,4,179,NA,NA,NA,0
812,4,179,NA,NA,NA,0
813,4,179,NA,NA,NA,0
814,3,180,NA,NA,NA,0
815,3,180,NA,NA,NA,0
816,3,180,NA,NA,NA,0
817,3,181,NA,NA,NA,0
818,3,181,NA,NA,NA,0
819,3,181,NA,NA,NA,0
820,6,182,NA,NA,NA,0
821,6,182,"E",68,NA,0
822,6,182,NA,NA,NA,0
823,6,182,NA,NA,NA,0
824,6,182,"E",NA,NA,0
825,6,182,"E",195,NA,0
826,6,183,"E",103,NA,0
827,6,183,NA,NA,NA,0
828,6,183,"E",150,NA,0
829,6,183,"E",65,NA,0
830,6,183,"E",94,NA,0
831,6,183,NA,NA,NA,0
832,6,184,NA,NA,NA,0
833,6,184,NA,NA,NA,0
834,6,184,NA,NA,NA,0
835,6,184,NA,NA,NA,0
836,6,184,NA,NA,NA,0
837,6,184,NA,NA,NA,0
838,5,185,NA,NA,NA,0
839,5,185,"E",319,NA,0
840,5,185,NA,NA,NA,0
841,5,185,NA,NA,NA,0
842,5,185,NA,NA,NA,0
843,3,186,NA,NA,NA,0
844,3,186,NA,NA,NA,0
845,3,186,NA,NA,NA,0
846,3,187,NA,NA,NA,0
847,3,187,"E",292,NA,0
848,3,187,"E",323,NA,0
849,6,188,"E",246,NA,0
850,6,188,NA,NA,NA,0
851,6,188,NA,NA,NA,0
852,6,188,"E",55,NA,0
853,6,188,NA,NA,NA,0
854,6,188,NA,NA,NA,0
855,4,189,NA,NA,NA,0
856,4,189,NA,NA,NA,0
857,4,189,NA,NA,NA,0
858,4,189,"E",230,NA,0
859,5,190,"E",133,NA,0
860,5,190,NA,NA,NA,0
861,5,190,"E",160,NA,0
862,5,190,"E",128,NA,0
863,5,190,NA,NA,NA,0
864,4,191,NA,NA,NA,0
865,4,191,"E",326,NA,0
866,4,191,NA,NA,NA,0
867,4,191,"E",311,NA,0
868,5,192,NA,NA,NA,0
869,5,192,NA,NA,NA,0
870,5,192,NA,NA,NA,0
871,5,192,NA,NA,NA,0
872,5,192,"E",250,NA,0
873,4,193,"E",245,NA,0
874,4,193,"E",216,NA,0
875,4,193,NA,NA,NA,0
876,4,193,NA,NA,NA,0
877,5,194,"E",236,NA,0
878,5,194,NA,NA,NA,0
879,5,194,NA,NA,NA,0
880,5,194,NA,NA,NA,0
881,5,194,"E",116,NA,0
882,3,195,"E",34,NA,0
883,3,195,"E",128,NA,0
884,3,195,NA,NA,NA,0
885,5,196,NA,NA,NA,0
886,5,196,NA,NA,NA,0
887,5,196,"E",150,NA,0
888,5,196,"E",316,NA,0
889,5,196,NA,NA,NA,0
890,5,197,NA,NA,NA,0
891,5,197,"E",250,NA,0
892,5,197,NA,NA,NA,0
893,5,197,NA,NA,NA,0
894,5,197,"E",248,NA,0
895,5,198,NA,NA,NA,0
896,5,198,"E",144,NA,0
897,5,198,"E",95,NA,0
898,5,198,NA,NA,NA,0
899,5,198,"E",165,NA,0
900,3,199,NA,NA,NA,0
901,3,199,NA,NA,NA,0
902,3,199,NA,NA,NA,0
903,6,200,"E",216,NA,0
904,6,200,NA,NA,NA,0
905,6,200,NA,NA,NA,0
906,6,200,NA,NA,NA,0
907,6,200,NA,NA,NA,0
908,6,200,NA,NA,NA,0
909,6,201,NA,NA,NA,0
910,6,201,"E",359,NA,0
911,6,201,NA,NA,NA,0
912,6,201,NA,NA,NA,0
913,6,201,"E",156,NA,0
914,6,201,NA,NA,NA,0
915,4,202,"E",NA,NA,0
916,4,202,"E",254,NA,0
917,4,202,NA,NA,NA,0
918,4,202,NA,NA,NA,0
919,4,203,NA,NA,NA,0
920,4,203,NA,NA,NA,0
921,4,203,"E",225,NA,0
922,4,203,NA,NA,NA,0
923,5,204,"E",NA,NA,0
924,5,204,NA,NA,NA,0
925,5,204,"E",115,NA,0
926,5,204,"E",90,NA,0
927,5,204,NA,NA,NA,0
928,6,205,"E",48,NA,0
929,6,205,NA,NA,NA,0
930,6,205,"E",NA,NA,0
931,6,205,NA,NA,NA,0
932,6,205,"E",267,NA,0
933,6,205,NA,NA,NA,0
934,4,206,NA,NA,NA,0
935,4,206,NA,NA,NA,0
936,4,206,NA,NA,NA,0
937,4,206,NA,NA,NA,0
938,5,207,NA,NA,NA,0
939,5,207,"E",293,NA,0
940,5,207,"E",165,NA,0
941,5,207,NA,NA,NA,0
942,5,207,NA,NA,NA,0
943,4,208,NA,NA,NA,0
944,4,208,NA,NA,NA,0
945,4,208,NA,NA,NA,0
946,4,208,"E",261,NA,0
947,5,209,NA,NA,NA,0
948,5,209,NA,NA,NA,0
949,5,209,NA,NA,NA,0
950,5,209,"E",50,NA,0
951,5,209,NA,NA,NA,0
952,3,210,NA,NA,NA,0
953,3,210,NA,NA,NA,0
954,3,210,NA,NA,NA,0
955,5,211,"E",145,NA,0
956,5,211,NA,NA,NA,0
957,5,211,NA,NA,NA,0
958,5,211,NA,NA,NA,0
959,5,211,"E",188,NA,0
960,4,212,NA,NA,NA,0
961,4,212,"E",40,NA,0
962,4,212,"E",91,NA,0
963,4,212,"E",349,NA,0
964,4,213,NA,NA,NA,0
965,4,213,"E",276,NA,0
966,4,213,"E",121,NA,0
967,4,213,"E",236,NA,0
968,5,214,"E",159,NA,0
969,5,214,NA,NA,NA,0
970,5,214,NA,NA,NA,0
971,5,214,NA,NA,NA,0
972,5,214,NA,NA,NA,0
973,5,215,NA,NA,NA,0
974,5,215,"E",NA,NA,0
975,5,215,"E",355,NA,0
976,5,215,"E",89,NA,0
977,5,215,"E",61,NA,0
978,3,216,NA,NA,NA,0
979,3,216,"E",85,NA,0
980,3,216,"E",250,NA,0
981,4,217,"E",261,NA,0
982,4,217,NA,NA,NA,0
983,4,217,NA,NA,NA,0
984,4,217,NA,NA,NA,0
985,3,218,"E",249,NA,0
986,3,218,NA,NA,NA,0
987,3,218,NA,NA,NA,0
988,5,219,NA,NA,NA,0
989,5,219,NA,NA,NA,0
990,5,219,"E",235,NA,0
991,5,219,NA,NA,NA,0
992,5,219,"E",355,NA,0
993,5,220,NA,NA,NA,0
994,5,220,NA,NA,NA,0
995,5,220,NA,NA,NA,0
996,5,220,NA,NA,NA,0
997,5,220,"E",86,NA,0
998,3,221,"E",201,NA,0
999,3,221,NA,NA,NA,0
1000,3,221,"E",NA,NA,0
