"ID","SIZE","HH","TYPE","TIME","S_num","I_num"
1,3,1,"0",33,NA,0
2,3,1,"E",283,NA,0
3,3,1,NA,NA,NA,0
4,3,2,NA,NA,NA,0
5,3,2,NA,NA,NA,0
6,3,2,NA,NA,NA,0
7,6,3,NA,NA,NA,0
8,6,3,NA,NA,NA,0
9,6,3,"E",82,NA,0
10,6,3,NA,NA,NA,0
11,6,3,NA,NA,NA,0
12,6,3,NA,NA,NA,0
13,5,4,"E",NA,NA,0
14,5,4,NA,NA,NA,0
15,5,4,"E",119,NA,0
16,5,4,NA,NA,NA,0
17,5,4,NA,NA,NA,0
18,6,5,NA,NA,NA,0
19,6,5,NA,NA,NA,0
20,6,5,NA,NA,NA,0
21,6,5,"E",339,NA,0
22,6,5,"E",135,NA,0
23,6,5,"E",214,NA,0
24,3,6,"E",328,NA,0
25,3,6,NA,NA,NA,0
26,3,6,NA,NA,NA,0
27,3,7,"E",82,NA,0
28,3,7,"E",70,NA,0
29,3,7,NA,NA,NA,0
30,3,8,NA,NA,NA,0
31,3,8,NA,NA,NA,0
32,3,8,NA,NA,NA,0
33,5,9,NA,NA,NA,0
34,5,9,NA,NA,NA,0
35,5,9,NA,NA,NA,0
36,5,9,NA,NA,NA,0
37,5,9,NA,NA,NA,0
38,4,10,NA,NA,NA,0
39,4,10,NA,NA,NA,0
40,4,10,NA,NA,NA,0
41,4,10,NA,NA,NA,0
42,5,11,NA,NA,NA,0
43,5,11,"E",NA,NA,0
44,5,11,NA,NA,NA,0
45,5,11,NA,NA,NA,0
46,5,11,NA,NA,NA,0
47,5,12,"E",232,NA,0
48,5,12,"E",228,NA,0
49,5,12,NA,NA,NA,0
50,5,12,NA,NA,NA,0
51,5,12,NA,NA,NA,0
52,3,13,"E",117,NA,0
53,3,13,NA,NA,NA,0
54,3,13,NA,NA,NA,0
55,5,14,NA,NA,NA,0
56,5,14,NA,NA,NA,0
57,5,14,NA,NA,NA,0
58,5,14,"E",196,NA,0
59,5,14,NA,NA,NA,0
60,5,15,"E",65,NA,0
61,5,15,NA,NA,NA,0
62,5,15,NA,NA,NA,0
63,5,15,NA,NA,NA,0
64,5,15,NA,NA,NA,0
65,5,16,"E",282,NA,0
66,5,16,NA,NA,NA,0
67,5,16,"E",241,NA,0
68,5,16,NA,NA,NA,0
69,5,16,NA,NA,NA,0
70,5,17,NA,NA,NA,0
71,5,17,"E",326,NA,0
72,5,17,"E",45,NA,0
73,5,17,"E",302,NA,0
74,5,17,"E",329,NA,0
75,5,18,NA,NA,NA,0
76,5,18,"E",106,NA,0
77,5,18,NA,NA,NA,0
78,5,18,NA,NA,NA,0
79,5,18,NA,NA,NA,0
80,5,19,"E",168,NA,0
81,5,19,NA,NA,NA,0
82,5,19,NA,NA,NA,0
83,5,19,"E",227,NA,0
84,5,19,NA,NA,NA,0
85,4,20,NA,NA,NA,0
86,4,20,"E",114,NA,0
87,4,20,NA,NA,NA,0
88,4,20,"E",290,NA,0
89,3,21,NA,NA,NA,0
90,3,21,"E",252,NA,0
91,3,21,NA,NA,NA,0
92,6,22,NA,NA,NA,0
93,6,22,NA,NA,NA,0
94,6,22,NA,NA,NA,0
95,6,22,NA,NA,NA,0
96,6,22,"E",229,NA,0
97,6,22,NA,NA,NA,0
98,6,23,"E",251,NA,0
99,6,23,"E",114,NA,0
100,6,23,"E",249,NA,0
101,6,23,NA,NA,NA,0
102,6,23,"E",246,NA,0
103,6,23,"E",249,NA,0
104,4,24,NA,NA,NA,0
105,4,24,"E",110,NA,0
106,4,24,NA,NA,NA,0
107,4,24,"E",170,NA,0
108,6,25,NA,NA,NA,0
109,6,25,"E",194,NA,0
110,6,25,NA,NA,NA,0
111,6,25,NA,NA,NA,0
112,6,25,"E",112,NA,0
113,6,25,NA,NA,NA,0
114,6,26,"E",127,NA,0
115,6,26,"E",76,NA,0
116,6,26,"E",151,NA,0
117,6,26,"E",NA,NA,0
118,6,26,"E",224,NA,0
119,6,26,NA,NA,NA,0
120,4,27,"E",93,NA,0
121,4,27,NA,NA,NA,0
122,4,27,NA,NA,NA,0
123,4,27,"E",179,NA,0
124,5,28,"E",245,NA,0
125,5,28,NA,NA,NA,0
126,5,28,NA,NA,NA,0
127,5,28,NA,NA,NA,0
128,5,28,NA,NA,NA,0
129,3,29,NA,NA,NA,0
130,3,29,"E",135,NA,0
131,3,29,"E",191,NA,0
132,6,30,NA,NA,NA,0
133,6,30,NA,NA,NA,0
134,6,30,NA,NA,NA,0
135,6,30,"E",316,NA,0
136,6,30,NA,NA,NA,0
137,6,30,NA,NA,NA,0
138,4,31,NA,NA,NA,0
139,4,31,NA,NA,NA,0
140,4,31,"E",34,NA,0
141,4,31,NA,NA,NA,0
142,6,32,"E",345,NA,0
143,6,32,NA,NA,NA,0
144,6,32,"E",NA,NA,0
145,6,32,NA,NA,NA,0
146,6,32,"E",242,NA,0
147,6,32,NA,NA,NA,0
148,4,33,NA,NA,NA,0
149,4,33,NA,NA,NA,0
150,4,33,NA,NA,NA,0
151,4,33,"E",66,NA,0
152,3,34,"E",347,NA,0
153,3,34,"E",288,NA,0
154,3,34,"E",89,NA,0
155,3,35,"E",153,NA,0
156,3,35,NA,NA,NA,0
157,3,35,NA,NA,NA,0
158,4,36,NA,NA,NA,0
159,4,36,"E",152,NA,0
160,4,36,NA,NA,NA,0
161,4,36,NA,NA,NA,0
162,5,37,"E",103,NA,0
163,5,37,"E",356,NA,0
164,5,37,NA,NA,NA,0
165,5,37,NA,NA,NA,0
166,5,37,"E",100,NA,0
167,6,38,NA,NA,NA,0
168,6,38,NA,NA,NA,0
169,6,38,"E",362,NA,0
170,6,38,"E",255,NA,0
171,6,38,NA,NA,NA,0
172,6,38,"E",253,NA,0
173,5,39,NA,NA,NA,0
174,5,39,NA,NA,NA,0
175,5,39,"E",350,NA,0
176,5,39,NA,NA,NA,0
177,5,39,NA,NA,NA,0
178,5,40,"E",338,NA,0
179,5,40,NA,NA,NA,0
180,5,40,NA,NA,NA,0
181,5,40,NA,NA,NA,0
182,5,40,NA,NA,NA,0
183,5,41,"E",95,NA,0
184,5,41,"E",173,NA,0
185,5,41,NA,NA,NA,0
186,5,41,"E",319,NA,0
187,5,41,NA,NA,NA,0
188,5,42,NA,NA,NA,0
189,5,42,"E",205,NA,0
190,5,42,NA,NA,NA,0
191,5,42,NA,NA,NA,0
192,5,42,NA,NA,NA,0
193,5,43,"E",182,NA,0
194,5,43,NA,NA,NA,0
195,5,43,NA,NA,NA,0
196,5,43,NA,NA,NA,0
197,5,43,NA,NA,NA,0
198,5,44,"E",129,NA,0
199,5,44,"E",360,NA,0
200,5,44,NA,NA,NA,0
201,5,44,NA,NA,NA,0
202,5,44,NA,NA,NA,0
203,4,45,NA,NA,NA,0
204,4,45,NA,NA,NA,0
205,4,45,NA,NA,NA,0
206,4,45,"E",322,NA,0
207,3,46,"E",324,NA,0
208,3,46,"E",90,NA,0
209,3,46,NA,NA,NA,0
210,5,47,NA,NA,NA,0
211,5,47,"E",221,NA,0
212,5,47,NA,NA,NA,0
213,5,47,NA,NA,NA,0
214,5,47,NA,NA,NA,0
215,5,48,NA,NA,NA,0
216,5,48,NA,NA,NA,0
217,5,48,NA,NA,NA,0
218,5,48,NA,NA,NA,0
219,5,48,NA,NA,NA,0
220,5,49,NA,NA,NA,0
221,5,49,NA,NA,NA,0
222,5,49,"E",303,NA,0
223,5,49,"E",350,NA,0
224,5,49,NA,NA,NA,0
225,3,50,"E",32,NA,0
226,3,50,NA,NA,NA,0
227,3,50,"E",310,NA,0
228,3,51,NA,NA,NA,0
229,3,51,"E",NA,NA,0
230,3,51,"E",NA,NA,0
231,5,52,NA,NA,NA,0
232,5,52,NA,NA,NA,0
233,5,52,"E",272,NA,0
234,5,52,NA,NA,NA,0
235,5,52,NA,NA,NA,0
236,4,53,NA,NA,NA,0
237,4,53,NA,NA,NA,0
238,4,53,NA,NA,NA,0
239,4,53,"E",145,NA,0
240,4,54,NA,NA,NA,0
241,4,54,NA,NA,NA,0
242,4,54,NA,NA,NA,0
243,4,54,"E",343,NA,0
244,4,55,NA,NA,NA,0
245,4,55,NA,NA,NA,0
246,4,55,NA,NA,NA,0
247,4,55,NA,NA,NA,0
248,6,56,NA,NA,NA,0
249,6,56,NA,NA,NA,0
250,6,56,"E",120,NA,0
251,6,56,"E",NA,NA,0
252,6,56,NA,NA,NA,0
253,6,56,"E",250,NA,0
254,3,57,"E",84,NA,0
255,3,57,NA,NA,NA,0
256,3,57,NA,NA,NA,0
257,5,58,NA,NA,NA,0
258,5,58,NA,NA,NA,0
259,5,58,NA,NA,NA,0
260,5,58,NA,NA,NA,0
261,5,58,NA,NA,NA,0
262,6,59,"E",179,NA,0
263,6,59,NA,NA,NA,0
264,6,59,NA,NA,NA,0
265,6,59,NA,NA,NA,0
266,6,59,NA,NA,NA,0
267,6,59,"E",80,NA,0
268,4,60,NA,NA,NA,0
269,4,60,NA,NA,NA,0
270,4,60,NA,NA,NA,0
271,4,60,NA,NA,NA,0
272,6,61,NA,NA,NA,0
273,6,61,NA,NA,NA,0
274,6,61,"E",288,NA,0
275,6,61,NA,NA,NA,0
276,6,61,"E",363,NA,0
277,6,61,"E",274,NA,0
278,5,62,NA,NA,NA,0
279,5,62,NA,NA,NA,0
280,5,62,"E",356,NA,0
281,5,62,NA,NA,NA,0
282,5,62,NA,NA,NA,0
283,6,63,NA,NA,NA,0
284,6,63,NA,NA,NA,0
285,6,63,NA,NA,NA,0
286,6,63,NA,NA,NA,0
287,6,63,NA,NA,NA,0
288,6,63,NA,NA,NA,0
289,3,64,NA,NA,NA,0
290,3,64,"E",363,NA,0
291,3,64,NA,NA,NA,0
292,5,65,NA,NA,NA,0
293,5,65,NA,NA,NA,0
294,5,65,NA,NA,NA,0
295,5,65,NA,NA,NA,0
296,5,65,NA,NA,NA,0
297,3,66,NA,NA,NA,0
298,3,66,NA,NA,NA,0
299,3,66,NA,NA,NA,0
300,6,67,NA,NA,NA,0
301,6,67,NA,NA,NA,0
302,6,67,NA,NA,NA,0
303,6,67,NA,NA,NA,0
304,6,67,NA,NA,NA,0
305,6,67,NA,NA,NA,0
306,4,68,NA,NA,NA,0
307,4,68,"E",148,NA,0
308,4,68,NA,NA,NA,0
309,4,68,"E",299,NA,0
310,3,69,NA,NA,NA,0
311,3,69,NA,NA,NA,0
312,3,69,NA,NA,NA,0
313,5,70,"E",276,NA,0
314,5,70,NA,NA,NA,0
315,5,70,"E",337,NA,0
316,5,70,NA,NA,NA,0
317,5,70,NA,NA,NA,0
318,5,71,NA,NA,NA,0
319,5,71,NA,NA,NA,0
320,5,71,NA,NA,NA,0
321,5,71,NA,NA,NA,0
322,5,71,NA,NA,NA,0
323,5,72,NA,NA,NA,0
324,5,72,NA,NA,NA,0
325,5,72,NA,NA,NA,0
326,5,72,"E",234,NA,0
327,5,72,"E",175,NA,0
328,6,73,"E",316,NA,0
329,6,73,"E",345,NA,0
330,6,73,NA,NA,NA,0
331,6,73,"E",265,NA,0
332,6,73,NA,NA,NA,0
333,6,73,NA,NA,NA,0
334,6,74,"E",109,NA,0
335,6,74,"E",NA,NA,0
336,6,74,"E",128,NA,0
337,6,74,NA,NA,NA,0
338,6,74,NA,NA,NA,0
339,6,74,NA,NA,NA,0
340,3,75,"E",212,NA,0
341,3,75,NA,NA,NA,0
342,3,75,NA,NA,NA,0
343,4,76,NA,NA,NA,0
344,4,76,NA,NA,NA,0
345,4,76,"E",267,NA,0
346,4,76,NA,NA,NA,0
347,3,77,"E",343,NA,0
348,3,77,NA,NA,NA,0
349,3,77,NA,NA,NA,0
350,5,78,NA,NA,NA,0
351,5,78,NA,NA,NA,0
352,5,78,NA,NA,NA,0
353,5,78,"E",311,NA,0
354,5,78,"E",62,NA,0
355,5,79,"E",200,NA,0
356,5,79,NA,NA,NA,0
357,5,79,NA,NA,NA,0
358,5,79,"E",293,NA,0
359,5,79,NA,NA,NA,0
360,6,80,"E",285,NA,0
361,6,80,NA,NA,NA,0
362,6,80,NA,NA,NA,0
363,6,80,NA,NA,NA,0
364,6,80,NA,NA,NA,0
365,6,80,"E",NA,NA,0
366,6,81,NA,NA,NA,0
367,6,81,NA,NA,NA,0
368,6,81,"E",274,NA,0
369,6,81,NA,NA,NA,0
370,6,81,NA,NA,NA,0
371,6,81,NA,NA,NA,0
372,5,82,NA,NA,NA,0
373,5,82,"E",266,NA,0
374,5,82,NA,NA,NA,0
375,5,82,NA,NA,NA,0
376,5,82,NA,NA,NA,0
377,5,83,NA,NA,NA,0
378,5,83,NA,NA,NA,0
379,5,83,"E",289,NA,0
380,5,83,NA,NA,NA,0
381,5,83,"E",102,NA,0
382,4,84,NA,NA,NA,0
383,4,84,NA,NA,NA,0
384,4,84,"E",270,NA,0
385,4,84,NA,NA,NA,0
386,5,85,"E",78,NA,0
387,5,85,NA,NA,NA,0
388,5,85,"E",40,NA,0
389,5,85,NA,NA,NA,0
390,5,85,NA,NA,NA,0
391,5,86,NA,NA,NA,0
392,5,86,"E",233,NA,0
393,5,86,NA,NA,NA,0
394,5,86,"E",126,NA,0
395,5,86,"E",186,NA,0
396,4,87,NA,NA,NA,0
397,4,87,NA,NA,NA,0
398,4,87,NA,NA,NA,0
399,4,87,NA,NA,NA,0
400,4,88,"E",79,NA,0
401,4,88,NA,NA,NA,0
402,4,88,"E",50,NA,0
403,4,88,"E",86,NA,0
404,4,89,NA,NA,NA,0
405,4,89,"E",118,NA,0
406,4,89,NA,NA,NA,0
407,4,89,"E",167,NA,0
408,5,90,NA,NA,NA,0
409,5,90,NA,NA,NA,0
410,5,90,NA,NA,NA,0
411,5,90,NA,NA,NA,0
412,5,90,NA,NA,NA,0
413,4,91,NA,NA,NA,0
414,4,91,NA,NA,NA,0
415,4,91,"E",140,NA,0
416,4,91,"E",21,NA,0
417,5,92,"E",101,NA,0
418,5,92,NA,NA,NA,0
419,5,92,NA,NA,NA,0
420,5,92,"E",209,NA,0
421,5,92,NA,NA,NA,0
422,6,93,"E",76,NA,0
423,6,93,NA,NA,NA,0
424,6,93,"E",33,NA,0
425,6,93,NA,NA,NA,0
426,6,93,"E",331,NA,0
427,6,93,"E",289,NA,0
428,3,94,"E",220,NA,0
429,3,94,"E",284,NA,0
430,3,94,"E",176,NA,0
431,6,95,NA,NA,NA,0
432,6,95,"E",109,NA,0
433,6,95,NA,NA,NA,0
434,6,95,NA,NA,NA,0
435,6,95,NA,NA,NA,0
436,6,95,NA,NA,NA,0
437,3,96,"E",35,NA,0
438,3,96,NA,NA,NA,0
439,3,96,"E",141,NA,0
440,6,97,NA,NA,NA,0
441,6,97,NA,NA,NA,0
442,6,97,NA,NA,NA,0
443,6,97,NA,NA,NA,0
444,6,97,"E",119,NA,0
445,6,97,"E",234,NA,0
446,4,98,"E",144,NA,0
447,4,98,NA,NA,NA,0
448,4,98,NA,NA,NA,0
449,4,98,NA,NA,NA,0
450,6,99,NA,NA,NA,0
451,6,99,NA,NA,NA,0
452,6,99,"E",182,NA,0
453,6,99,"E",312,NA,0
454,6,99,NA,NA,NA,0
455,6,99,"E",89,NA,0
456,5,100,NA,NA,NA,0
457,5,100,NA,NA,NA,0
458,5,100,NA,NA,NA,0
459,5,100,NA,NA,NA,0
460,5,100,NA,NA,NA,0
461,5,101,NA,NA,NA,0
462,5,101,NA,NA,NA,0
463,5,101,NA,NA,NA,0
464,5,101,"E",87,NA,0
465,5,101,"E",84,NA,0
466,3,102,NA,NA,NA,0
467,3,102,NA,NA,NA,0
468,3,102,NA,NA,NA,0
469,3,103,"E",228,NA,0
470,3,103,NA,NA,NA,0
471,3,103,NA,NA,NA,0
472,4,104,NA,NA,NA,0
473,4,104,"E",168,NA,0
474,4,104,NA,NA,NA,0
475,4,104,"E",47,NA,0
476,3,105,NA,NA,NA,0
477,3,105,"E",201,NA,0
478,3,105,NA,NA,NA,0
479,3,106,NA,NA,NA,0
480,3,106,NA,NA,NA,0
481,3,106,"E",170,NA,0
482,3,107,"E",NA,NA,0
483,3,107,"E",319,NA,0
484,3,107,NA,NA,NA,0
485,5,108,NA,NA,NA,0
486,5,108,NA,NA,NA,0
487,5,108,"E",234,NA,0
488,5,108,NA,NA,NA,0
489,5,108,"E",140,NA,0
490,4,109,"E",167,NA,0
491,4,109,NA,NA,NA,0
492,4,109,"E",NA,NA,0
493,4,109,"E",291,NA,0
494,3,110,"E",277,NA,0
495,3,110,"E",273,NA,0
496,3,110,NA,NA,NA,0
497,5,111,NA,NA,NA,0
498,5,111,NA,NA,NA,0
499,5,111,NA,NA,NA,0
500,5,111,NA,NA,NA,0
501,5,111,NA,NA,NA,0
502,5,112,"E",151,NA,0
503,5,112,NA,NA,NA,0
504,5,112,NA,NA,NA,0
505,5,112,"E",320,NA,0
506,5,112,NA,NA,NA,0
507,3,113,"E",99,NA,0
508,3,113,NA,NA,NA,0
509,3,113,NA,NA,NA,0
510,3,114,NA,NA,NA,0
511,3,114,NA,NA,NA,0
512,3,114,NA,NA,NA,0
513,6,115,"E",NA,NA,0
514,6,115,NA,NA,NA,0
515,6,115,NA,NA,NA,0
516,6,115,NA,NA,NA,0
517,6,115,NA,NA,NA,0
518,6,115,NA,NA,NA,0
519,6,116,"E",361,NA,0
520,6,116,NA,NA,NA,0
521,6,116,"E",NA,NA,0
522,6,116,"E",305,NA,0
523,6,116,"E",138,NA,0
524,6,116,NA,NA,NA,0
525,4,117,NA,NA,NA,0
526,4,117,NA,NA,NA,0
527,4,117,NA,NA,NA,0
528,4,117,NA,NA,NA,0
529,4,118,NA,NA,NA,0
530,4,118,"E",91,NA,0
531,4,118,"E",234,NA,0
532,4,118,NA,NA,NA,0
533,3,119,NA,NA,NA,0
534,3,119,"E",66,NA,0
535,3,119,"E",NA,NA,0
536,3,120,NA,NA,NA,0
537,3,120,NA,NA,NA,0
538,3,120,"E",293,NA,0
539,5,121,NA,NA,NA,0
540,5,121,"E",158,NA,0
541,5,121,NA,NA,NA,0
542,5,121,"E",169,NA,0
543,5,121,NA,NA,NA,0
544,6,122,"E",283,NA,0
545,6,122,NA,NA,NA,0
546,6,122,NA,NA,NA,0
547,6,122,"E",198,NA,0
548,6,122,NA,NA,NA,0
549,6,122,"E",158,NA,0
550,5,123,NA,NA,NA,0
551,5,123,"E",43,NA,0
552,5,123,NA,NA,NA,0
553,5,123,NA,NA,NA,0
554,5,123,"E",88,NA,0
555,6,124,NA,NA,NA,0
556,6,124,NA,NA,NA,0
557,6,124,"E",128,NA,0
558,6,124,NA,NA,NA,0
559,6,124,NA,NA,NA,0
560,6,124,NA,NA,NA,0
561,3,125,NA,NA,NA,0
562,3,125,NA,NA,NA,0
563,3,125,NA,NA,NA,0
564,3,126,"E",307,NA,0
565,3,126,NA,NA,NA,0
566,3,126,NA,NA,NA,0
567,4,127,NA,NA,NA,0
568,4,127,"E",180,NA,0
569,4,127,"E",322,NA,0
570,4,127,NA,NA,NA,0
571,3,128,NA,NA,NA,0
572,3,128,NA,NA,NA,0
573,3,128,"E",179,NA,0
574,3,129,NA,NA,NA,0
575,3,129,NA,NA,NA,0
576,3,129,NA,NA,NA,0
577,6,130,"E",238,NA,0
578,6,130,NA,NA,NA,0
579,6,130,NA,NA,NA,0
580,6,130,"E",123,NA,0
581,6,130,"E",169,NA,0
582,6,130,"E",281,NA,0
583,6,131,NA,NA,NA,0
584,6,131,"E",249,NA,0
585,6,131,NA,NA,NA,0
586,6,131,NA,NA,NA,0
587,6,131,NA,NA,NA,0
588,6,131,NA,NA,NA,0
589,3,132,NA,NA,NA,0
590,3,132,NA,NA,NA,0
591,3,132,"E",158,NA,0
592,5,133,NA,NA,NA,0
593,5,133,"E",NA,NA,0
594,5,133,NA,NA,NA,0
595,5,133,"E",231,NA,0
596,5,133,NA,NA,NA,0
597,6,134,NA,NA,NA,0
598,6,134,NA,NA,NA,0
599,6,134,NA,NA,NA,0
600,6,134,NA,NA,NA,0
601,6,134,NA,NA,NA,0
602,6,134,"E",264,NA,0
603,5,135,"E",233,NA,0
604,5,135,NA,NA,NA,0
605,5,135,"E",97,NA,0
606,5,135,"E",244,NA,0
607,5,135,NA,NA,NA,0
608,6,136,NA,NA,NA,0
609,6,136,NA,NA,NA,0
610,6,136,NA,NA,NA,0
611,6,136,NA,NA,NA,0
612,6,136,"E",124,NA,0
613,6,136,NA,NA,NA,0
614,4,137,NA,NA,NA,0
615,4,137,NA,NA,NA,0
616,4,137,"E",295,NA,0
617,4,137,"E",NA,NA,0
618,4,138,NA,NA,NA,0
619,4,138,"E",91,NA,0
620,4,138,NA,NA,NA,0
621,4,138,NA,NA,NA,0
622,4,139,NA,NA,NA,0
623,4,139,NA,NA,NA,0
624,4,139,"E",194,NA,0
625,4,139,NA,NA,NA,0
626,3,140,"E",247,NA,0
627,3,140,NA,NA,NA,0
628,3,140,"E",69,NA,0
629,4,141,"E",129,NA,0
630,4,141,NA,NA,NA,0
631,4,141,NA,NA,NA,0
632,4,141,NA,NA,NA,0
633,5,142,"E",116,NA,0
634,5,142,"E",237,NA,0
635,5,142,NA,NA,NA,0
636,5,142,NA,NA,NA,0
637,5,142,NA,NA,NA,0
638,6,143,NA,NA,NA,0
639,6,143,NA,NA,NA,0
640,6,143,"E",124,NA,0
641,6,143,NA,NA,NA,0
642,6,143,"E",356,NA,0
643,6,143,"E",240,NA,0
644,5,144,NA,NA,NA,0
645,5,144,NA,NA,NA,0
646,5,144,NA,NA,NA,0
647,5,144,NA,NA,NA,0
648,5,144,NA,NA,NA,0
649,5,145,NA,NA,NA,0
650,5,145,NA,NA,NA,0
651,5,145,NA,NA,NA,0
652,5,145,NA,NA,NA,0
653,5,145,NA,NA,NA,0
654,5,146,NA,NA,NA,0
655,5,146,NA,NA,NA,0
656,5,146,NA,NA,NA,0
657,5,146,"E",344,NA,0
658,5,146,NA,NA,NA,0
659,6,147,NA,NA,NA,0
660,6,147,"E",242,NA,0
661,6,147,"E",124,NA,0
662,6,147,"E",104,NA,0
663,6,147,"E",264,NA,0
664,6,147,"E",312,NA,0
665,5,148,NA,NA,NA,0
666,5,148,NA,NA,NA,0
667,5,148,"E",254,NA,0
668,5,148,"E",178,NA,0
669,5,148,NA,NA,NA,0
670,4,149,NA,NA,NA,0
671,4,149,"E",NA,NA,0
672,4,149,NA,NA,NA,0
673,4,149,NA,NA,NA,0
674,6,150,NA,NA,NA,0
675,6,150,NA,NA,NA,0
676,6,150,NA,NA,NA,0
677,6,150,NA,NA,NA,0
678,6,150,"E",130,NA,0
679,6,150,"E",250,NA,0
680,6,151,NA,NA,NA,0
681,6,151,"E",186,NA,0
682,6,151,NA,NA,NA,0
683,6,151,"E",296,NA,0
684,6,151,NA,NA,NA,0
685,6,151,NA,NA,NA,0
686,4,152,NA,NA,NA,0
687,4,152,"E",115,NA,0
688,4,152,"E",327,NA,0
689,4,152,NA,NA,NA,0
690,6,153,"E",362,NA,0
691,6,153,NA,NA,NA,0
692,6,153,"E",155,NA,0
693,6,153,"E",323,NA,0
694,6,153,NA,NA,NA,0
695,6,153,NA,NA,NA,0
696,5,154,NA,NA,NA,0
697,5,154,NA,NA,NA,0
698,5,154,NA,NA,NA,0
699,5,154,"E",183,NA,0
700,5,154,"E",130,NA,0
701,3,155,NA,NA,NA,0
702,3,155,"E",205,NA,0
703,3,155,"E",50,NA,0
704,4,156,NA,NA,NA,0
705,4,156,"E",343,NA,0
706,4,156,NA,NA,NA,0
707,4,156,NA,NA,NA,0
708,3,157,NA,NA,NA,0
709,3,157,NA,NA,NA,0
710,3,157,NA,NA,NA,0
711,6,158,NA,NA,NA,0
712,6,158,"E",313,NA,0
713,6,158,NA,NA,NA,0
714,6,158,"E",119,NA,0
715,6,158,NA,NA,NA,0
716,6,158,"E",NA,NA,0
717,5,159,"E",302,NA,0
718,5,159,"E",271,NA,0
719,5,159,"E",195,NA,0
720,5,159,"E",113,NA,0
721,5,159,NA,NA,NA,0
722,4,160,"E",35,NA,0
723,4,160,"E",199,NA,0
724,4,160,NA,NA,NA,0
725,4,160,"E",172,NA,0
726,4,161,"E",358,NA,0
727,4,161,NA,NA,NA,0
728,4,161,"E",100,NA,0
729,4,161,NA,NA,NA,0
730,4,162,NA,NA,NA,0
731,4,162,"E",286,NA,0
732,4,162,NA,NA,NA,0
733,4,162,NA,NA,NA,0
734,3,163,"E",179,NA,0
735,3,163,NA,NA,NA,0
736,3,163,"E",310,NA,0
737,6,164,NA,NA,NA,0
738,6,164,NA,NA,NA,0
739,6,164,"E",117,NA,0
740,6,164,NA,NA,NA,0
741,6,164,NA,NA,NA,0
742,6,164,NA,NA,NA,0
743,3,165,NA,NA,NA,0
744,3,165,NA,NA,NA,0
745,3,165,NA,NA,NA,0
746,6,166,NA,NA,NA,0
747,6,166,NA,NA,NA,0
748,6,166,NA,NA,NA,0
749,6,166,NA,NA,NA,0
750,6,166,"E",123,NA,0
751,6,166,NA,NA,NA,0
752,3,167,NA,NA,NA,0
753,3,167,NA,NA,NA,0
754,3,167,NA,NA,NA,0
755,6,168,"E",178,NA,0
756,6,168,NA,NA,NA,0
757,6,168,NA,NA,NA,0
758,6,168,NA,NA,NA,0
759,6,168,NA,NA,NA,0
760,6,168,"E",336,NA,0
761,5,169,"E",363,NA,0
762,5,169,"E",32,NA,0
763,5,169,"E",58,NA,0
764,5,169,"E",233,NA,0
765,5,169,NA,NA,NA,0
766,6,170,"E",187,NA,0
767,6,170,"E",141,NA,0
768,6,170,NA,NA,NA,0
769,6,170,NA,NA,NA,0
770,6,170,NA,NA,NA,0
771,6,170,"E",184,NA,0
772,4,171,NA,NA,NA,0
773,4,171,"E",NA,NA,0
774,4,171,"E",36,NA,0
775,4,171,"E",225,NA,0
776,6,172,"E",244,NA,0
777,6,172,NA,NA,NA,0
778,6,172,NA,NA,NA,0
779,6,172,NA,NA,NA,0
780,6,172,"E",156,NA,0
781,6,172,NA,NA,NA,0
782,5,173,NA,NA,NA,0
783,5,173,NA,NA,NA,0
784,5,173,NA,NA,NA,0
785,5,173,NA,NA,NA,0
786,5,173,"E",63,NA,0
787,4,174,"E",170,NA,0
788,4,174,"E",113,NA,0
789,4,174,NA,NA,NA,0
790,4,174,NA,NA,NA,0
791,4,175,NA,NA,NA,0
792,4,175,NA,NA,NA,0
793,4,175,NA,NA,NA,0
794,4,175,"E",165,NA,0
795,4,176,NA,NA,NA,0
796,4,176,NA,NA,NA,0
797,4,176,NA,NA,NA,0
798,4,176,NA,NA,NA,0
799,3,177,"E",189,NA,0
800,3,177,NA,NA,NA,0
801,3,177,"E",313,NA,0
802,4,178,NA,NA,NA,0
803,4,178,NA,NA,NA,0
804,4,178,"E",111,NA,0
805,4,178,NA,NA,NA,0
806,6,179,NA,NA,NA,0
807,6,179,NA,NA,NA,0
808,6,179,NA,NA,NA,0
809,6,179,NA,NA,NA,0
810,6,179,"E",260,NA,0
811,6,179,NA,NA,NA,0
812,5,180,"E",200,NA,0
813,5,180,"E",364,NA,0
814,5,180,NA,NA,NA,0
815,5,180,NA,NA,NA,0
816,5,180,"E",74,NA,0
817,4,181,NA,NA,NA,0
818,4,181,NA,NA,NA,0
819,4,181,"E",137,NA,0
820,4,181,"E",65,NA,0
821,4,182,NA,NA,NA,0
822,4,182,"E",86,NA,0
823,4,182,"E",72,NA,0
824,4,182,NA,NA,NA,0
825,4,183,NA,NA,NA,0
826,4,183,"E",234,NA,0
827,4,183,NA,NA,NA,0
828,4,183,"E",64,NA,0
829,3,184,"E",101,NA,0
830,3,184,"E",94,NA,0
831,3,184,"E",249,NA,0
832,5,185,"E",60,NA,0
833,5,185,"E",253,NA,0
834,5,185,NA,NA,NA,0
835,5,185,"E",67,NA,0
836,5,185,NA,NA,NA,0
837,5,186,"E",325,NA,0
838,5,186,NA,NA,NA,0
839,5,186,NA,NA,NA,0
840,5,186,NA,NA,NA,0
841,5,186,NA,NA,NA,0
842,5,187,NA,NA,NA,0
843,5,187,"E",336,NA,0
844,5,187,NA,NA,NA,0
845,5,187,NA,NA,NA,0
846,5,187,NA,NA,NA,0
847,6,188,"E",316,NA,0
848,6,188,"E",86,NA,0
849,6,188,NA,NA,NA,0
850,6,188,"E",124,NA,0
851,6,188,"E",297,NA,0
852,6,188,"E",360,NA,0
853,4,189,"E",48,NA,0
854,4,189,NA,NA,NA,0
855,4,189,"E",55,NA,0
856,4,189,NA,NA,NA,0
857,4,190,NA,NA,NA,0
858,4,190,"E",258,NA,0
859,4,190,NA,NA,NA,0
860,4,190,"E",225,NA,0
861,6,191,NA,NA,NA,0
862,6,191,NA,NA,NA,0
863,6,191,NA,NA,NA,0
864,6,191,"E",41,NA,0
865,6,191,NA,NA,NA,0
866,6,191,NA,NA,NA,0
867,6,192,NA,NA,NA,0
868,6,192,NA,NA,NA,0
869,6,192,"E",253,NA,0
870,6,192,NA,NA,NA,0
871,6,192,"E",62,NA,0
872,6,192,NA,NA,NA,0
873,3,193,NA,NA,NA,0
874,3,193,NA,NA,NA,0
875,3,193,"E",114,NA,0
876,6,194,NA,NA,NA,0
877,6,194,"E",276,NA,0
878,6,194,NA,NA,NA,0
879,6,194,NA,NA,NA,0
880,6,194,NA,NA,NA,0
881,6,194,NA,NA,NA,0
882,6,195,"E",276,NA,0
883,6,195,NA,NA,NA,0
884,6,195,NA,NA,NA,0
885,6,195,"E",103,NA,0
886,6,195,NA,NA,NA,0
887,6,195,NA,NA,NA,0
888,4,196,NA,NA,NA,0
889,4,196,NA,NA,NA,0
890,4,196,"E",49,NA,0
891,4,196,NA,NA,NA,0
892,3,197,"E",202,NA,0
893,3,197,NA,NA,NA,0
894,3,197,NA,NA,NA,0
895,5,198,"E",330,NA,0
896,5,198,NA,NA,NA,0
897,5,198,"E",252,NA,0
898,5,198,"E",102,NA,0
899,5,198,"E",161,NA,0
900,6,199,NA,NA,NA,0
901,6,199,NA,NA,NA,0
902,6,199,NA,NA,NA,0
903,6,199,NA,NA,NA,0
904,6,199,NA,NA,NA,0
905,6,199,NA,NA,NA,0
906,6,200,NA,NA,NA,0
907,6,200,NA,NA,NA,0
908,6,200,NA,NA,NA,0
909,6,200,NA,NA,NA,0
910,6,200,NA,NA,NA,0
911,6,200,"E",54,NA,0
912,6,201,NA,NA,NA,0
913,6,201,NA,NA,NA,0
914,6,201,NA,NA,NA,0
915,6,201,"E",313,NA,0
916,6,201,"E",177,NA,0
917,6,201,NA,NA,NA,0
918,6,202,"E",NA,NA,0
919,6,202,"E",342,NA,0
920,6,202,NA,NA,NA,0
921,6,202,"E",174,NA,0
922,6,202,NA,NA,NA,0
923,6,202,NA,NA,NA,0
924,4,203,NA,NA,NA,0
925,4,203,NA,NA,NA,0
926,4,203,NA,NA,NA,0
927,4,203,NA,NA,NA,0
928,4,204,NA,NA,NA,0
929,4,204,NA,NA,NA,0
930,4,204,NA,NA,NA,0
931,4,204,NA,NA,NA,0
932,4,205,NA,NA,NA,0
933,4,205,NA,NA,NA,0
934,4,205,NA,NA,NA,0
935,4,205,"E",220,NA,0
936,5,206,NA,NA,NA,0
937,5,206,"E",245,NA,0
938,5,206,"E",NA,NA,0
939,5,206,NA,NA,NA,0
940,5,206,NA,NA,NA,0
941,4,207,"E",296,NA,0
942,4,207,NA,NA,NA,0
943,4,207,NA,NA,NA,0
944,4,207,"E",137,NA,0
945,4,208,"E",188,NA,0
946,4,208,NA,NA,NA,0
947,4,208,"E",47,NA,0
948,4,208,"E",346,NA,0
949,6,209,"E",29,NA,0
950,6,209,"E",134,NA,0
951,6,209,NA,NA,NA,0
952,6,209,"E",117,NA,0
953,6,209,NA,NA,NA,0
954,6,209,NA,NA,NA,0
955,4,210,NA,NA,NA,0
956,4,210,NA,NA,NA,0
957,4,210,NA,NA,NA,0
958,4,210,NA,NA,NA,0
959,3,211,"E",338,NA,0
960,3,211,NA,NA,NA,0
961,3,211,"E",172,NA,0
962,5,212,"E",303,NA,0
963,5,212,NA,NA,NA,0
964,5,212,NA,NA,NA,0
965,5,212,"E",289,NA,0
966,5,212,NA,NA,NA,0
967,6,213,NA,NA,NA,0
968,6,213,"E",291,NA,0
969,6,213,NA,NA,NA,0
970,6,213,"E",335,NA,0
971,6,213,"E",27,NA,0
972,6,213,NA,NA,NA,0
973,5,214,NA,NA,NA,0
974,5,214,NA,NA,NA,0
975,5,214,NA,NA,NA,0
976,5,214,NA,NA,NA,0
977,5,214,NA,NA,NA,0
978,3,215,NA,NA,NA,0
979,3,215,NA,NA,NA,0
980,3,215,NA,NA,NA,0
981,5,216,"E",NA,NA,0
982,5,216,"E",291,NA,0
983,5,216,NA,NA,NA,0
984,5,216,NA,NA,NA,0
985,5,216,NA,NA,NA,0
986,5,217,NA,NA,NA,0
987,5,217,NA,NA,NA,0
988,5,217,"E",154,NA,0
989,5,217,"E",195,NA,0
990,5,217,NA,NA,NA,0
991,6,218,"E",41,NA,0
992,6,218,NA,NA,NA,0
993,6,218,NA,NA,NA,0
994,6,218,NA,NA,NA,0
995,6,218,"E",109,NA,0
996,6,218,"E",92,NA,0
997,4,219,NA,NA,NA,0
998,4,219,"E",82,NA,0
999,4,219,NA,NA,NA,0
1000,4,219,NA,NA,NA,0
