"ID","SIZE","HH","TYPE","TIME","S_num","I_num"
1,6,1,"0",61,NA,0
2,6,1,NA,NA,NA,0
3,6,1,"E",113,NA,0
4,6,1,NA,NA,NA,0
5,6,1,NA,NA,NA,0
6,6,1,NA,NA,NA,0
7,5,2,NA,NA,NA,0
8,5,2,NA,NA,NA,0
9,5,2,NA,NA,NA,0
10,5,2,NA,NA,NA,0
11,5,2,NA,NA,NA,0
12,6,3,NA,NA,NA,0
13,6,3,NA,NA,NA,0
14,6,3,NA,NA,NA,0
15,6,3,NA,NA,NA,0
16,6,3,NA,NA,NA,0
17,6,3,NA,NA,NA,0
18,6,4,NA,NA,NA,0
19,6,4,NA,NA,NA,0
20,6,4,NA,NA,NA,0
21,6,4,NA,NA,NA,0
22,6,4,NA,NA,NA,0
23,6,4,NA,NA,NA,0
24,4,5,NA,NA,NA,0
25,4,5,NA,NA,NA,0
26,4,5,NA,NA,NA,0
27,4,5,NA,NA,NA,0
28,3,6,NA,NA,NA,0
29,3,6,NA,NA,NA,0
30,3,6,NA,NA,NA,0
31,3,7,NA,NA,NA,0
32,3,7,NA,NA,NA,0
33,3,7,NA,NA,NA,0
34,4,8,"E",229,NA,0
35,4,8,NA,NA,NA,0
36,4,8,NA,NA,NA,0
37,4,8,NA,NA,NA,0
38,4,9,NA,NA,NA,0
39,4,9,NA,NA,NA,0
40,4,9,NA,NA,NA,0
41,4,9,NA,NA,NA,0
42,4,10,NA,NA,NA,0
43,4,10,NA,NA,NA,0
44,4,10,NA,NA,NA,0
45,4,10,NA,NA,NA,0
46,3,11,NA,NA,NA,0
47,3,11,NA,NA,NA,0
48,3,11,NA,NA,NA,0
49,4,12,NA,NA,NA,0
50,4,12,NA,NA,NA,0
51,4,12,NA,NA,NA,0
52,4,12,NA,NA,NA,0
53,5,13,NA,NA,NA,0
54,5,13,NA,NA,NA,0
55,5,13,NA,NA,NA,0
56,5,13,NA,NA,NA,0
57,5,13,NA,NA,NA,0
58,5,14,NA,NA,NA,0
59,5,14,NA,NA,NA,0
60,5,14,NA,NA,NA,0
61,5,14,NA,NA,NA,0
62,5,14,NA,NA,NA,0
63,3,15,NA,NA,NA,0
64,3,15,NA,NA,NA,0
65,3,15,NA,NA,NA,0
66,3,16,NA,NA,NA,0
67,3,16,NA,NA,NA,0
68,3,16,NA,NA,NA,0
69,6,17,NA,NA,NA,0
70,6,17,NA,NA,NA,0
71,6,17,NA,NA,NA,0
72,6,17,NA,NA,NA,0
73,6,17,NA,NA,NA,0
74,6,17,NA,NA,NA,0
75,3,18,NA,NA,NA,0
76,3,18,NA,NA,NA,0
77,3,18,NA,NA,NA,0
78,6,19,NA,NA,NA,0
79,6,19,NA,NA,NA,0
80,6,19,NA,NA,NA,0
81,6,19,NA,NA,NA,0
82,6,19,NA,NA,NA,0
83,6,19,NA,NA,NA,0
84,3,20,NA,NA,NA,0
85,3,20,NA,NA,NA,0
86,3,20,NA,NA,NA,0
87,3,21,NA,NA,NA,0
88,3,21,NA,NA,NA,0
89,3,21,NA,NA,NA,0
90,4,22,NA,NA,NA,0
91,4,22,NA,NA,NA,0
92,4,22,NA,NA,NA,0
93,4,22,NA,NA,NA,0
94,3,23,NA,NA,NA,0
95,3,23,NA,NA,NA,0
96,3,23,NA,NA,NA,0
97,4,24,NA,NA,NA,0
98,4,24,NA,NA,NA,0
99,4,24,NA,NA,NA,0
100,4,24,NA,NA,NA,0
101,5,25,NA,NA,NA,0
102,5,25,NA,NA,NA,0
103,5,25,NA,NA,NA,0
104,5,25,NA,NA,NA,0
105,5,25,NA,NA,NA,0
106,3,26,NA,NA,NA,0
107,3,26,NA,NA,NA,0
108,3,26,NA,NA,NA,0
109,5,27,NA,NA,NA,0
110,5,27,NA,NA,NA,0
111,5,27,NA,NA,NA,0
112,5,27,NA,NA,NA,0
113,5,27,NA,NA,NA,0
114,4,28,NA,NA,NA,0
115,4,28,NA,NA,NA,0
116,4,28,NA,NA,NA,0
117,4,28,NA,NA,NA,0
118,5,29,NA,NA,NA,0
119,5,29,NA,NA,NA,0
120,5,29,NA,NA,NA,0
121,5,29,NA,NA,NA,0
122,5,29,NA,NA,NA,0
123,3,30,NA,NA,NA,0
124,3,30,NA,NA,NA,0
125,3,30,NA,NA,NA,0
126,5,31,NA,NA,NA,0
127,5,31,NA,NA,NA,0
128,5,31,NA,NA,NA,0
129,5,31,NA,NA,NA,0
130,5,31,NA,NA,NA,0
131,3,32,NA,NA,NA,0
132,3,32,NA,NA,NA,0
133,3,32,NA,NA,NA,0
134,3,33,NA,NA,NA,0
135,3,33,NA,NA,NA,0
136,3,33,NA,NA,NA,0
137,4,34,NA,NA,NA,0
138,4,34,NA,NA,NA,0
139,4,34,NA,NA,NA,0
140,4,34,NA,NA,NA,0
141,5,35,NA,NA,NA,0
142,5,35,NA,NA,NA,0
143,5,35,NA,NA,NA,0
144,5,35,NA,NA,NA,0
145,5,35,NA,NA,NA,0
146,5,36,NA,NA,NA,0
147,5,36,NA,NA,NA,0
148,5,36,NA,NA,NA,0
149,5,36,NA,NA,NA,0
150,5,36,NA,NA,NA,0
151,6,37,NA,NA,NA,0
152,6,37,NA,NA,NA,0
153,6,37,NA,NA,NA,0
154,6,37,NA,NA,NA,0
155,6,37,NA,NA,NA,0
156,6,37,NA,NA,NA,0
157,4,38,NA,NA,NA,0
158,4,38,NA,NA,NA,0
159,4,38,NA,NA,NA,0
160,4,38,NA,NA,NA,0
161,3,39,NA,NA,NA,0
162,3,39,NA,NA,NA,0
163,3,39,NA,NA,NA,0
164,3,40,NA,NA,NA,0
165,3,40,NA,NA,NA,0
166,3,40,NA,NA,NA,0
167,5,41,NA,NA,NA,0
168,5,41,NA,NA,NA,0
169,5,41,NA,NA,NA,0
170,5,41,NA,NA,NA,0
171,5,41,NA,NA,NA,0
172,6,42,NA,NA,NA,0
173,6,42,NA,NA,NA,0
174,6,42,NA,NA,NA,0
175,6,42,NA,NA,NA,0
176,6,42,NA,NA,NA,0
177,6,42,NA,NA,NA,0
178,4,43,NA,NA,NA,0
179,4,43,NA,NA,NA,0
180,4,43,NA,NA,NA,0
181,4,43,NA,NA,NA,0
182,3,44,NA,NA,NA,0
183,3,44,NA,NA,NA,0
184,3,44,NA,NA,NA,0
185,3,45,NA,NA,NA,0
186,3,45,NA,NA,NA,0
187,3,45,NA,NA,NA,0
188,4,46,NA,NA,NA,0
189,4,46,NA,NA,NA,0
190,4,46,NA,NA,NA,0
191,4,46,NA,NA,NA,0
192,4,47,NA,NA,NA,0
193,4,47,NA,NA,NA,0
194,4,47,NA,NA,NA,0
195,4,47,NA,NA,NA,0
196,6,48,NA,NA,NA,0
197,6,48,NA,NA,NA,0
198,6,48,NA,NA,NA,0
199,6,48,NA,NA,NA,0
200,6,48,NA,NA,NA,0
201,6,48,NA,NA,NA,0
202,3,49,NA,NA,NA,0
203,3,49,NA,NA,NA,0
204,3,49,"E",262,NA,0
205,4,50,NA,NA,NA,0
206,4,50,"E",128,NA,0
207,4,50,NA,NA,NA,0
208,4,50,NA,NA,NA,0
209,6,51,NA,NA,NA,0
210,6,51,NA,NA,NA,0
211,6,51,NA,NA,NA,0
212,6,51,NA,NA,NA,0
213,6,51,NA,NA,NA,0
214,6,51,NA,NA,NA,0
215,4,52,NA,NA,NA,0
216,4,52,NA,NA,NA,0
217,4,52,NA,NA,NA,0
218,4,52,NA,NA,NA,0
219,4,53,NA,NA,NA,0
220,4,53,NA,NA,NA,0
221,4,53,NA,NA,NA,0
222,4,53,NA,NA,NA,0
223,5,54,NA,NA,NA,0
224,5,54,NA,NA,NA,0
225,5,54,NA,NA,NA,0
226,5,54,NA,NA,NA,0
227,5,54,NA,NA,NA,0
228,4,55,NA,NA,NA,0
229,4,55,NA,NA,NA,0
230,4,55,NA,NA,NA,0
231,4,55,NA,NA,NA,0
232,6,56,NA,NA,NA,0
233,6,56,NA,NA,NA,0
234,6,56,NA,NA,NA,0
235,6,56,NA,NA,NA,0
236,6,56,NA,NA,NA,0
237,6,56,NA,NA,NA,0
238,3,57,NA,NA,NA,0
239,3,57,NA,NA,NA,0
240,3,57,NA,NA,NA,0
241,3,58,NA,NA,NA,0
242,3,58,NA,NA,NA,0
243,3,58,NA,NA,NA,0
244,5,59,NA,NA,NA,0
245,5,59,NA,NA,NA,0
246,5,59,NA,NA,NA,0
247,5,59,NA,NA,NA,0
248,5,59,NA,NA,NA,0
249,4,60,NA,NA,NA,0
250,4,60,NA,NA,NA,0
251,4,60,NA,NA,NA,0
252,4,60,NA,NA,NA,0
253,6,61,NA,NA,NA,0
254,6,61,NA,NA,NA,0
255,6,61,NA,NA,NA,0
256,6,61,NA,NA,NA,0
257,6,61,NA,NA,NA,0
258,6,61,NA,NA,NA,0
259,3,62,NA,NA,NA,0
260,3,62,NA,NA,NA,0
261,3,62,NA,NA,NA,0
262,4,63,NA,NA,NA,0
263,4,63,NA,NA,NA,0
264,4,63,NA,NA,NA,0
265,4,63,NA,NA,NA,0
266,3,64,NA,NA,NA,0
267,3,64,NA,NA,NA,0
268,3,64,NA,NA,NA,0
269,3,65,NA,NA,NA,0
270,3,65,NA,NA,NA,0
271,3,65,NA,NA,NA,0
272,3,66,NA,NA,NA,0
273,3,66,NA,NA,NA,0
274,3,66,NA,NA,NA,0
275,3,67,NA,NA,NA,0
276,3,67,NA,NA,NA,0
277,3,67,NA,NA,NA,0
278,5,68,NA,NA,NA,0
279,5,68,NA,NA,NA,0
280,5,68,NA,NA,NA,0
281,5,68,NA,NA,NA,0
282,5,68,NA,NA,NA,0
283,6,69,NA,NA,NA,0
284,6,69,NA,NA,NA,0
285,6,69,NA,NA,NA,0
286,6,69,"E",281,NA,0
287,6,69,NA,NA,NA,0
288,6,69,NA,NA,NA,0
289,6,70,NA,NA,NA,0
290,6,70,NA,NA,NA,0
291,6,70,NA,NA,NA,0
292,6,70,NA,NA,NA,0
293,6,70,NA,NA,NA,0
294,6,70,NA,NA,NA,0
295,4,71,NA,NA,NA,0
296,4,71,NA,NA,NA,0
297,4,71,NA,NA,NA,0
298,4,71,NA,NA,NA,0
299,5,72,NA,NA,NA,0
300,5,72,NA,NA,NA,0
301,5,72,NA,NA,NA,0
302,5,72,NA,NA,NA,0
303,5,72,NA,NA,NA,0
304,5,73,NA,NA,NA,0
305,5,73,NA,NA,NA,0
306,5,73,NA,NA,NA,0
307,5,73,NA,NA,NA,0
308,5,73,NA,NA,NA,0
309,3,74,NA,NA,NA,0
310,3,74,NA,NA,NA,0
311,3,74,NA,NA,NA,0
312,6,75,NA,NA,NA,0
313,6,75,NA,NA,NA,0
314,6,75,NA,NA,NA,0
315,6,75,NA,NA,NA,0
316,6,75,NA,NA,NA,0
317,6,75,NA,NA,NA,0
318,6,76,NA,NA,NA,0
319,6,76,NA,NA,NA,0
320,6,76,NA,NA,NA,0
321,6,76,NA,NA,NA,0
322,6,76,NA,NA,NA,0
323,6,76,NA,NA,NA,0
324,3,77,NA,NA,NA,0
325,3,77,NA,NA,NA,0
326,3,77,NA,NA,NA,0
327,6,78,NA,NA,NA,0
328,6,78,NA,NA,NA,0
329,6,78,NA,NA,NA,0
330,6,78,NA,NA,NA,0
331,6,78,NA,NA,NA,0
332,6,78,NA,NA,NA,0
333,4,79,NA,NA,NA,0
334,4,79,NA,NA,NA,0
335,4,79,NA,NA,NA,0
336,4,79,NA,NA,NA,0
337,6,80,NA,NA,NA,0
338,6,80,NA,NA,NA,0
339,6,80,NA,NA,NA,0
340,6,80,NA,NA,NA,0
341,6,80,NA,NA,NA,0
342,6,80,NA,NA,NA,0
343,3,81,NA,NA,NA,0
344,3,81,NA,NA,NA,0
345,3,81,NA,NA,NA,0
346,6,82,NA,NA,NA,0
347,6,82,NA,NA,NA,0
348,6,82,NA,NA,NA,0
349,6,82,NA,NA,NA,0
350,6,82,NA,NA,NA,0
351,6,82,NA,NA,NA,0
352,3,83,NA,NA,NA,0
353,3,83,NA,NA,NA,0
354,3,83,NA,NA,NA,0
355,3,84,NA,NA,NA,0
356,3,84,NA,NA,NA,0
357,3,84,NA,NA,NA,0
358,6,85,NA,NA,NA,0
359,6,85,NA,NA,NA,0
360,6,85,NA,NA,NA,0
361,6,85,NA,NA,NA,0
362,6,85,NA,NA,NA,0
363,6,85,NA,NA,NA,0
364,5,86,NA,NA,NA,0
365,5,86,NA,NA,NA,0
366,5,86,NA,NA,NA,0
367,5,86,NA,NA,NA,0
368,5,86,NA,NA,NA,0
369,3,87,NA,NA,NA,0
370,3,87,NA,NA,NA,0
371,3,87,NA,NA,NA,0
372,5,88,NA,NA,NA,0
373,5,88,NA,NA,NA,0
374,5,88,NA,NA,NA,0
375,5,88,NA,NA,NA,0
376,5,88,NA,NA,NA,0
377,5,89,NA,NA,NA,0
378,5,89,NA,NA,NA,0
379,5,89,NA,NA,NA,0
380,5,89,NA,NA,NA,0
381,5,89,NA,NA,NA,0
382,6,90,NA,NA,NA,0
383,6,90,NA,NA,NA,0
384,6,90,NA,NA,NA,0
385,6,90,NA,NA,NA,0
386,6,90,NA,NA,NA,0
387,6,90,NA,NA,NA,0
388,4,91,NA,NA,NA,0
389,4,91,NA,NA,NA,0
390,4,91,NA,NA,NA,0
391,4,91,NA,NA,NA,0
392,4,92,NA,NA,NA,0
393,4,92,NA,NA,NA,0
394,4,92,NA,NA,NA,0
395,4,92,NA,NA,NA,0
396,5,93,NA,NA,NA,0
397,5,93,NA,NA,NA,0
398,5,93,NA,NA,NA,0
399,5,93,NA,NA,NA,0
400,5,93,NA,NA,NA,0
401,6,94,NA,NA,NA,0
402,6,94,NA,NA,NA,0
403,6,94,NA,NA,NA,0
404,6,94,NA,NA,NA,0
405,6,94,NA,NA,NA,0
406,6,94,NA,NA,NA,0
407,3,95,NA,NA,NA,0
408,3,95,NA,NA,NA,0
409,3,95,NA,NA,NA,0
410,6,96,NA,NA,NA,0
411,6,96,NA,NA,NA,0
412,6,96,"E",286,NA,0
413,6,96,NA,NA,NA,0
414,6,96,NA,NA,NA,0
415,6,96,NA,NA,NA,0
416,6,97,NA,NA,NA,0
417,6,97,NA,NA,NA,0
418,6,97,NA,NA,NA,0
419,6,97,NA,NA,NA,0
420,6,97,NA,NA,NA,0
421,6,97,NA,NA,NA,0
422,3,98,NA,NA,NA,0
423,3,98,NA,NA,NA,0
424,3,98,NA,NA,NA,0
425,5,99,NA,NA,NA,0
426,5,99,NA,NA,NA,0
427,5,99,NA,NA,NA,0
428,5,99,NA,NA,NA,0
429,5,99,NA,NA,NA,0
430,3,100,NA,NA,NA,0
431,3,100,NA,NA,NA,0
432,3,100,NA,NA,NA,0
433,3,101,NA,NA,NA,0
434,3,101,NA,NA,NA,0
435,3,101,NA,NA,NA,0
436,3,102,NA,NA,NA,0
437,3,102,NA,NA,NA,0
438,3,102,NA,NA,NA,0
439,6,103,NA,NA,NA,0
440,6,103,NA,NA,NA,0
441,6,103,NA,NA,NA,0
442,6,103,NA,NA,NA,0
443,6,103,NA,NA,NA,0
444,6,103,"E",330,NA,0
445,5,104,NA,NA,NA,0
446,5,104,NA,NA,NA,0
447,5,104,NA,NA,NA,0
448,5,104,NA,NA,NA,0
449,5,104,NA,NA,NA,0
450,4,105,NA,NA,NA,0
451,4,105,NA,NA,NA,0
452,4,105,NA,NA,NA,0
453,4,105,NA,NA,NA,0
454,4,106,NA,NA,NA,0
455,4,106,NA,NA,NA,0
456,4,106,NA,NA,NA,0
457,4,106,NA,NA,NA,0
458,3,107,"E",303,NA,0
459,3,107,NA,NA,NA,0
460,3,107,NA,NA,NA,0
461,5,108,NA,NA,NA,0
462,5,108,NA,NA,NA,0
463,5,108,NA,NA,NA,0
464,5,108,NA,NA,NA,0
465,5,108,NA,NA,NA,0
466,6,109,NA,NA,NA,0
467,6,109,NA,NA,NA,0
468,6,109,NA,NA,NA,0
469,6,109,NA,NA,NA,0
470,6,109,NA,NA,NA,0
471,6,109,NA,NA,NA,0
472,3,110,NA,NA,NA,0
473,3,110,NA,NA,NA,0
474,3,110,NA,NA,NA,0
475,6,111,NA,NA,NA,0
476,6,111,NA,NA,NA,0
477,6,111,NA,NA,NA,0
478,6,111,NA,NA,NA,0
479,6,111,NA,NA,NA,0
480,6,111,NA,NA,NA,0
481,5,112,NA,NA,NA,0
482,5,112,NA,NA,NA,0
483,5,112,NA,NA,NA,0
484,5,112,NA,NA,NA,0
485,5,112,NA,NA,NA,0
486,3,113,NA,NA,NA,0
487,3,113,NA,NA,NA,0
488,3,113,NA,NA,NA,0
489,5,114,NA,NA,NA,0
490,5,114,NA,NA,NA,0
491,5,114,NA,NA,NA,0
492,5,114,NA,NA,NA,0
493,5,114,NA,NA,NA,0
494,5,115,NA,NA,NA,0
495,5,115,NA,NA,NA,0
496,5,115,NA,NA,NA,0
497,5,115,"E",171,NA,0
498,5,115,NA,NA,NA,0
499,5,116,NA,NA,NA,0
500,5,116,NA,NA,NA,0
501,5,116,NA,NA,NA,0
502,5,116,NA,NA,NA,0
503,5,116,NA,NA,NA,0
504,3,117,NA,NA,NA,0
505,3,117,NA,NA,NA,0
506,3,117,NA,NA,NA,0
507,3,118,NA,NA,NA,0
508,3,118,NA,NA,NA,0
509,3,118,"E",281,NA,0
510,6,119,NA,NA,NA,0
511,6,119,NA,NA,NA,0
512,6,119,NA,NA,NA,0
513,6,119,NA,NA,NA,0
514,6,119,NA,NA,NA,0
515,6,119,NA,NA,NA,0
516,4,120,NA,NA,NA,0
517,4,120,NA,NA,NA,0
518,4,120,NA,NA,NA,0
519,4,120,NA,NA,NA,0
520,5,121,NA,NA,NA,0
521,5,121,NA,NA,NA,0
522,5,121,NA,NA,NA,0
523,5,121,NA,NA,NA,0
524,5,121,NA,NA,NA,0
525,5,122,NA,NA,NA,0
526,5,122,NA,NA,NA,0
527,5,122,NA,NA,NA,0
528,5,122,NA,NA,NA,0
529,5,122,"E",70,NA,0
530,3,123,NA,NA,NA,0
531,3,123,NA,NA,NA,0
532,3,123,NA,NA,NA,0
533,6,124,NA,NA,NA,0
534,6,124,NA,NA,NA,0
535,6,124,NA,NA,NA,0
536,6,124,NA,NA,NA,0
537,6,124,NA,NA,NA,0
538,6,124,NA,NA,NA,0
539,5,125,NA,NA,NA,0
540,5,125,NA,NA,NA,0
541,5,125,NA,NA,NA,0
542,5,125,NA,NA,NA,0
543,5,125,NA,NA,NA,0
544,3,126,NA,NA,NA,0
545,3,126,NA,NA,NA,0
546,3,126,NA,NA,NA,0
547,4,127,NA,NA,NA,0
548,4,127,NA,NA,NA,0
549,4,127,NA,NA,NA,0
550,4,127,NA,NA,NA,0
551,5,128,"E",279,NA,0
552,5,128,NA,NA,NA,0
553,5,128,NA,NA,NA,0
554,5,128,NA,NA,NA,0
555,5,128,NA,NA,NA,0
556,5,129,NA,NA,NA,0
557,5,129,NA,NA,NA,0
558,5,129,NA,NA,NA,0
559,5,129,NA,NA,NA,0
560,5,129,NA,NA,NA,0
561,5,130,NA,NA,NA,0
562,5,130,NA,NA,NA,0
563,5,130,NA,NA,NA,0
564,5,130,NA,NA,NA,0
565,5,130,NA,NA,NA,0
566,3,131,NA,NA,NA,0
567,3,131,NA,NA,NA,0
568,3,131,NA,NA,NA,0
569,5,132,NA,NA,NA,0
570,5,132,NA,NA,NA,0
571,5,132,NA,NA,NA,0
572,5,132,NA,NA,NA,0
573,5,132,NA,NA,NA,0
574,6,133,NA,NA,NA,0
575,6,133,NA,NA,NA,0
576,6,133,NA,NA,NA,0
577,6,133,NA,NA,NA,0
578,6,133,NA,NA,NA,0
579,6,133,NA,NA,NA,0
580,3,134,NA,NA,NA,0
581,3,134,NA,NA,NA,0
582,3,134,NA,NA,NA,0
583,6,135,NA,NA,NA,0
584,6,135,NA,NA,NA,0
585,6,135,NA,NA,NA,0
586,6,135,NA,NA,NA,0
587,6,135,NA,NA,NA,0
588,6,135,NA,NA,NA,0
589,4,136,NA,NA,NA,0
590,4,136,NA,NA,NA,0
591,4,136,NA,NA,NA,0
592,4,136,NA,NA,NA,0
593,5,137,NA,NA,NA,0
594,5,137,NA,NA,NA,0
595,5,137,NA,NA,NA,0
596,5,137,NA,NA,NA,0
597,5,137,NA,NA,NA,0
598,6,138,NA,NA,NA,0
599,6,138,NA,NA,NA,0
600,6,138,NA,NA,NA,0
601,6,138,NA,NA,NA,0
602,6,138,NA,NA,NA,0
603,6,138,NA,NA,NA,0
604,3,139,NA,NA,NA,0
605,3,139,NA,NA,NA,0
606,3,139,NA,NA,NA,0
607,3,140,NA,NA,NA,0
608,3,140,NA,NA,NA,0
609,3,140,"E",75,NA,0
610,3,141,NA,NA,NA,0
611,3,141,NA,NA,NA,0
612,3,141,NA,NA,NA,0
613,3,142,NA,NA,NA,0
614,3,142,NA,NA,NA,0
615,3,142,NA,NA,NA,0
616,3,143,NA,NA,NA,0
617,3,143,NA,NA,NA,0
618,3,143,NA,NA,NA,0
619,5,144,NA,NA,NA,0
620,5,144,NA,NA,NA,0
621,5,144,NA,NA,NA,0
622,5,144,NA,NA,NA,0
623,5,144,NA,NA,NA,0
624,4,145,NA,NA,NA,0
625,4,145,NA,NA,NA,0
626,4,145,NA,NA,NA,0
627,4,145,NA,NA,NA,0
628,4,146,NA,NA,NA,0
629,4,146,NA,NA,NA,0
630,4,146,NA,NA,NA,0
631,4,146,NA,NA,NA,0
632,4,147,NA,NA,NA,0
633,4,147,NA,NA,NA,0
634,4,147,NA,NA,NA,0
635,4,147,NA,NA,NA,0
636,3,148,NA,NA,NA,0
637,3,148,NA,NA,NA,0
638,3,148,NA,NA,NA,0
639,3,149,NA,NA,NA,0
640,3,149,NA,NA,NA,0
641,3,149,NA,NA,NA,0
642,5,150,NA,NA,NA,0
643,5,150,NA,NA,NA,0
644,5,150,NA,NA,NA,0
645,5,150,NA,NA,NA,0
646,5,150,NA,NA,NA,0
647,6,151,NA,NA,NA,0
648,6,151,NA,NA,NA,0
649,6,151,NA,NA,NA,0
650,6,151,NA,NA,NA,0
651,6,151,NA,NA,NA,0
652,6,151,NA,NA,NA,0
653,3,152,NA,NA,NA,0
654,3,152,NA,NA,NA,0
655,3,152,NA,NA,NA,0
656,3,153,NA,NA,NA,0
657,3,153,NA,NA,NA,0
658,3,153,NA,NA,NA,0
659,4,154,NA,NA,NA,0
660,4,154,NA,NA,NA,0
661,4,154,NA,NA,NA,0
662,4,154,NA,NA,NA,0
663,4,155,NA,NA,NA,0
664,4,155,NA,NA,NA,0
665,4,155,NA,NA,NA,0
666,4,155,NA,NA,NA,0
667,5,156,NA,NA,NA,0
668,5,156,NA,NA,NA,0
669,5,156,NA,NA,NA,0
670,5,156,NA,NA,NA,0
671,5,156,NA,NA,NA,0
672,6,157,NA,NA,NA,0
673,6,157,NA,NA,NA,0
674,6,157,NA,NA,NA,0
675,6,157,NA,NA,NA,0
676,6,157,NA,NA,NA,0
677,6,157,NA,NA,NA,0
678,4,158,NA,NA,NA,0
679,4,158,"E",186,NA,0
680,4,158,NA,NA,NA,0
681,4,158,NA,NA,NA,0
682,5,159,NA,NA,NA,0
683,5,159,NA,NA,NA,0
684,5,159,NA,NA,NA,0
685,5,159,NA,NA,NA,0
686,5,159,NA,NA,NA,0
687,5,160,NA,NA,NA,0
688,5,160,NA,NA,NA,0
689,5,160,NA,NA,NA,0
690,5,160,NA,NA,NA,0
691,5,160,NA,NA,NA,0
692,4,161,NA,NA,NA,0
693,4,161,NA,NA,NA,0
694,4,161,NA,NA,NA,0
695,4,161,NA,NA,NA,0
696,3,162,NA,NA,NA,0
697,3,162,NA,NA,NA,0
698,3,162,NA,NA,NA,0
699,3,163,NA,NA,NA,0
700,3,163,NA,NA,NA,0
701,3,163,NA,NA,NA,0
702,4,164,NA,NA,NA,0
703,4,164,NA,NA,NA,0
704,4,164,NA,NA,NA,0
705,4,164,NA,NA,NA,0
706,3,165,NA,NA,NA,0
707,3,165,NA,NA,NA,0
708,3,165,NA,NA,NA,0
709,3,166,NA,NA,NA,0
710,3,166,NA,NA,NA,0
711,3,166,NA,NA,NA,0
712,6,167,NA,NA,NA,0
713,6,167,NA,NA,NA,0
714,6,167,"E",175,NA,0
715,6,167,NA,NA,NA,0
716,6,167,NA,NA,NA,0
717,6,167,NA,NA,NA,0
718,3,168,NA,NA,NA,0
719,3,168,NA,NA,NA,0
720,3,168,NA,NA,NA,0
721,5,169,NA,NA,NA,0
722,5,169,NA,NA,NA,0
723,5,169,NA,NA,NA,0
724,5,169,NA,NA,NA,0
725,5,169,NA,NA,NA,0
726,3,170,NA,NA,NA,0
727,3,170,NA,NA,NA,0
728,3,170,NA,NA,NA,0
729,3,171,NA,NA,NA,0
730,3,171,NA,NA,NA,0
731,3,171,NA,NA,NA,0
732,3,172,"E",328,NA,0
733,3,172,NA,NA,NA,0
734,3,172,NA,NA,NA,0
735,4,173,NA,NA,NA,0
736,4,173,NA,NA,NA,0
737,4,173,NA,NA,NA,0
738,4,173,NA,NA,NA,0
739,5,174,NA,NA,NA,0
740,5,174,NA,NA,NA,0
741,5,174,NA,NA,NA,0
742,5,174,NA,NA,NA,0
743,5,174,NA,NA,NA,0
744,4,175,NA,NA,NA,0
745,4,175,NA,NA,NA,0
746,4,175,NA,NA,NA,0
747,4,175,NA,NA,NA,0
748,6,176,NA,NA,NA,0
749,6,176,NA,NA,NA,0
750,6,176,NA,NA,NA,0
751,6,176,NA,NA,NA,0
752,6,176,NA,NA,NA,0
753,6,176,NA,NA,NA,0
754,6,177,NA,NA,NA,0
755,6,177,NA,NA,NA,0
756,6,177,NA,NA,NA,0
757,6,177,NA,NA,NA,0
758,6,177,NA,NA,NA,0
759,6,177,NA,NA,NA,0
760,3,178,NA,NA,NA,0
761,3,178,NA,NA,NA,0
762,3,178,NA,NA,NA,0
763,5,179,NA,NA,NA,0
764,5,179,NA,NA,NA,0
765,5,179,NA,NA,NA,0
766,5,179,NA,NA,NA,0
767,5,179,NA,NA,NA,0
768,4,180,NA,NA,NA,0
769,4,180,NA,NA,NA,0
770,4,180,NA,NA,NA,0
771,4,180,NA,NA,NA,0
772,3,181,NA,NA,NA,0
773,3,181,NA,NA,NA,0
774,3,181,NA,NA,NA,0
775,4,182,NA,NA,NA,0
776,4,182,NA,NA,NA,0
777,4,182,NA,NA,NA,0
778,4,182,NA,NA,NA,0
779,5,183,NA,NA,NA,0
780,5,183,NA,NA,NA,0
781,5,183,NA,NA,NA,0
782,5,183,NA,NA,NA,0
783,5,183,NA,NA,NA,0
784,5,184,NA,NA,NA,0
785,5,184,NA,NA,NA,0
786,5,184,NA,NA,NA,0
787,5,184,NA,NA,NA,0
788,5,184,NA,NA,NA,0
789,5,185,NA,NA,NA,0
790,5,185,NA,NA,NA,0
791,5,185,NA,NA,NA,0
792,5,185,NA,NA,NA,0
793,5,185,NA,NA,NA,0
794,3,186,NA,NA,NA,0
795,3,186,NA,NA,NA,0
796,3,186,NA,NA,NA,0
797,3,187,NA,NA,NA,0
798,3,187,NA,NA,NA,0
799,3,187,NA,NA,NA,0
800,6,188,NA,NA,NA,0
801,6,188,NA,NA,NA,0
802,6,188,NA,NA,NA,0
803,6,188,NA,NA,NA,0
804,6,188,NA,NA,NA,0
805,6,188,NA,NA,NA,0
806,5,189,NA,NA,NA,0
807,5,189,NA,NA,NA,0
808,5,189,NA,NA,NA,0
809,5,189,NA,NA,NA,0
810,5,189,NA,NA,NA,0
811,6,190,NA,NA,NA,0
812,6,190,NA,NA,NA,0
813,6,190,NA,NA,NA,0
814,6,190,NA,NA,NA,0
815,6,190,NA,NA,NA,0
816,6,190,NA,NA,NA,0
817,4,191,NA,NA,NA,0
818,4,191,NA,NA,NA,0
819,4,191,NA,NA,NA,0
820,4,191,NA,NA,NA,0
821,6,192,NA,NA,NA,0
822,6,192,NA,NA,NA,0
823,6,192,NA,NA,NA,0
824,6,192,NA,NA,NA,0
825,6,192,NA,NA,NA,0
826,6,192,NA,NA,NA,0
827,4,193,NA,NA,NA,0
828,4,193,NA,NA,NA,0
829,4,193,NA,NA,NA,0
830,4,193,NA,NA,NA,0
831,5,194,NA,NA,NA,0
832,5,194,NA,NA,NA,0
833,5,194,NA,NA,NA,0
834,5,194,NA,NA,NA,0
835,5,194,NA,NA,NA,0
836,4,195,NA,NA,NA,0
837,4,195,NA,NA,NA,0
838,4,195,NA,NA,NA,0
839,4,195,NA,NA,NA,0
840,5,196,NA,NA,NA,0
841,5,196,NA,NA,NA,0
842,5,196,NA,NA,NA,0
843,5,196,NA,NA,NA,0
844,5,196,NA,NA,NA,0
845,6,197,NA,NA,NA,0
846,6,197,NA,NA,NA,0
847,6,197,NA,NA,NA,0
848,6,197,NA,NA,NA,0
849,6,197,NA,NA,NA,0
850,6,197,NA,NA,NA,0
851,5,198,NA,NA,NA,0
852,5,198,NA,NA,NA,0
853,5,198,NA,NA,NA,0
854,5,198,NA,NA,NA,0
855,5,198,NA,NA,NA,0
856,4,199,NA,NA,NA,0
857,4,199,NA,NA,NA,0
858,4,199,NA,NA,NA,0
859,4,199,NA,NA,NA,0
860,5,200,NA,NA,NA,0
861,5,200,NA,NA,NA,0
862,5,200,NA,NA,NA,0
863,5,200,NA,NA,NA,0
864,5,200,NA,NA,NA,0
865,4,201,NA,NA,NA,0
866,4,201,NA,NA,NA,0
867,4,201,NA,NA,NA,0
868,4,201,NA,NA,NA,0
869,6,202,NA,NA,NA,0
870,6,202,NA,NA,NA,0
871,6,202,NA,NA,NA,0
872,6,202,NA,NA,NA,0
873,6,202,NA,NA,NA,0
874,6,202,NA,NA,NA,0
875,6,203,NA,NA,NA,0
876,6,203,NA,NA,NA,0
877,6,203,NA,NA,NA,0
878,6,203,NA,NA,NA,0
879,6,203,NA,NA,NA,0
880,6,203,NA,NA,NA,0
881,5,204,NA,NA,NA,0
882,5,204,NA,NA,NA,0
883,5,204,NA,NA,NA,0
884,5,204,NA,NA,NA,0
885,5,204,NA,NA,NA,0
886,3,205,NA,NA,NA,0
887,3,205,NA,NA,NA,0
888,3,205,NA,NA,NA,0
889,4,206,NA,NA,NA,0
890,4,206,NA,NA,NA,0
891,4,206,NA,NA,NA,0
892,4,206,NA,NA,NA,0
893,4,207,NA,NA,NA,0
894,4,207,NA,NA,NA,0
895,4,207,NA,NA,NA,0
896,4,207,NA,NA,NA,0
897,6,208,NA,NA,NA,0
898,6,208,NA,NA,NA,0
899,6,208,NA,NA,NA,0
900,6,208,NA,NA,NA,0
901,6,208,NA,NA,NA,0
902,6,208,NA,NA,NA,0
903,3,209,NA,NA,NA,0
904,3,209,NA,NA,NA,0
905,3,209,NA,NA,NA,0
906,3,210,NA,NA,NA,0
907,3,210,NA,NA,NA,0
908,3,210,NA,NA,NA,0
909,3,211,NA,NA,NA,0
910,3,211,NA,NA,NA,0
911,3,211,NA,NA,NA,0
912,3,212,NA,NA,NA,0
913,3,212,NA,NA,NA,0
914,3,212,NA,NA,NA,0
915,5,213,NA,NA,NA,0
916,5,213,NA,NA,NA,0
917,5,213,NA,NA,NA,0
918,5,213,NA,NA,NA,0
919,5,213,NA,NA,NA,0
920,4,214,NA,NA,NA,0
921,4,214,NA,NA,NA,0
922,4,214,NA,NA,NA,0
923,4,214,NA,NA,NA,0
924,5,215,NA,NA,NA,0
925,5,215,NA,NA,NA,0
926,5,215,NA,NA,NA,0
927,5,215,NA,NA,NA,0
928,5,215,"E",208,NA,0
929,6,216,NA,NA,NA,0
930,6,216,NA,NA,NA,0
931,6,216,NA,NA,NA,0
932,6,216,NA,NA,NA,0
933,6,216,NA,NA,NA,0
934,6,216,NA,NA,NA,0
935,5,217,NA,NA,NA,0
936,5,217,NA,NA,NA,0
937,5,217,NA,NA,NA,0
938,5,217,NA,NA,NA,0
939,5,217,NA,NA,NA,0
940,3,218,NA,NA,NA,0
941,3,218,NA,NA,NA,0
942,3,218,NA,NA,NA,0
943,6,219,NA,NA,NA,0
944,6,219,NA,NA,NA,0
945,6,219,NA,NA,NA,0
946,6,219,NA,NA,NA,0
947,6,219,NA,NA,NA,0
948,6,219,NA,NA,NA,0
949,6,220,NA,NA,NA,0
950,6,220,NA,NA,NA,0
951,6,220,NA,NA,NA,0
952,6,220,NA,NA,NA,0
953,6,220,NA,NA,NA,0
954,6,220,NA,NA,NA,0
955,4,221,NA,NA,NA,0
956,4,221,NA,NA,NA,0
957,4,221,NA,NA,NA,0
958,4,221,NA,NA,NA,0
959,5,222,NA,NA,NA,0
960,5,222,NA,NA,NA,0
961,5,222,NA,NA,NA,0
962,5,222,NA,NA,NA,0
963,5,222,NA,NA,NA,0
964,6,223,NA,NA,NA,0
965,6,223,NA,NA,NA,0
966,6,223,NA,NA,NA,0
967,6,223,NA,NA,NA,0
968,6,223,NA,NA,NA,0
969,6,223,NA,NA,NA,0
970,5,224,NA,NA,NA,0
971,5,224,NA,NA,NA,0
972,5,224,NA,NA,NA,0
973,5,224,NA,NA,NA,0
974,5,224,NA,NA,NA,0
975,4,225,NA,NA,NA,0
976,4,225,NA,NA,NA,0
977,4,225,NA,NA,NA,0
978,4,225,NA,NA,NA,0
979,3,226,NA,NA,NA,0
980,3,226,NA,NA,NA,0
981,3,226,NA,NA,NA,0
982,5,227,NA,NA,NA,0
983,5,227,NA,NA,NA,0
984,5,227,NA,NA,NA,0
985,5,227,NA,NA,NA,0
986,5,227,NA,NA,NA,0
987,4,228,NA,NA,NA,0
988,4,228,NA,NA,NA,0
989,4,228,NA,NA,NA,0
990,4,228,NA,NA,NA,0
991,4,229,NA,NA,NA,0
992,4,229,NA,NA,NA,0
993,4,229,NA,NA,NA,0
994,4,229,NA,NA,NA,0
995,3,230,NA,NA,NA,0
996,3,230,NA,NA,NA,0
997,3,230,NA,NA,NA,0
998,3,231,NA,NA,NA,0
999,3,231,NA,NA,NA,0
1000,3,231,NA,NA,NA,0
