"ID","SIZE","HH","TYPE","TIME","S_num","I_num"
1,4,1,"0",11,NA,0
2,4,1,NA,NA,NA,0
3,4,1,NA,NA,NA,0
4,4,1,NA,NA,NA,0
5,3,2,NA,NA,NA,0
6,3,2,NA,NA,NA,0
7,3,2,NA,NA,NA,0
8,6,3,NA,NA,NA,0
9,6,3,NA,NA,NA,0
10,6,3,NA,NA,NA,0
11,6,3,NA,NA,NA,0
12,6,3,NA,NA,NA,0
13,6,3,NA,NA,NA,0
14,3,4,NA,NA,NA,0
15,3,4,NA,NA,NA,0
16,3,4,NA,NA,NA,0
17,4,5,NA,NA,NA,0
18,4,5,NA,NA,NA,0
19,4,5,NA,NA,NA,0
20,4,5,NA,NA,NA,0
21,5,6,NA,NA,NA,0
22,5,6,NA,NA,NA,0
23,5,6,NA,NA,NA,0
24,5,6,NA,NA,NA,0
25,5,6,NA,NA,NA,0
26,4,7,NA,NA,NA,0
27,4,7,NA,NA,NA,0
28,4,7,NA,NA,NA,0
29,4,7,NA,NA,NA,0
30,3,8,NA,NA,NA,0
31,3,8,NA,NA,NA,0
32,3,8,NA,NA,NA,0
33,4,9,NA,NA,NA,0
34,4,9,NA,NA,NA,0
35,4,9,NA,NA,NA,0
36,4,9,NA,NA,NA,0
37,4,10,NA,NA,NA,0
38,4,10,NA,NA,NA,0
39,4,10,NA,NA,NA,0
40,4,10,NA,NA,NA,0
41,4,11,NA,NA,NA,0
42,4,11,NA,NA,NA,0
43,4,11,NA,NA,NA,0
44,4,11,"E",79,NA,0
45,3,12,NA,NA,NA,0
46,3,12,NA,NA,NA,0
47,3,12,NA,NA,NA,0
48,3,13,NA,NA,NA,0
49,3,13,NA,NA,NA,0
50,3,13,NA,NA,NA,0
51,4,14,NA,NA,NA,0
52,4,14,NA,NA,NA,0
53,4,14,NA,NA,NA,0
54,4,14,NA,NA,NA,0
55,3,15,NA,NA,NA,0
56,3,15,NA,NA,NA,0
57,3,15,NA,NA,NA,0
58,6,16,NA,NA,NA,0
59,6,16,NA,NA,NA,0
60,6,16,NA,NA,NA,0
61,6,16,NA,NA,NA,0
62,6,16,NA,NA,NA,0
63,6,16,NA,NA,NA,0
64,4,17,NA,NA,NA,0
65,4,17,NA,NA,NA,0
66,4,17,NA,NA,NA,0
67,4,17,"E",323,NA,0
68,6,18,NA,NA,NA,0
69,6,18,NA,NA,NA,0
70,6,18,NA,NA,NA,0
71,6,18,NA,NA,NA,0
72,6,18,NA,NA,NA,0
73,6,18,NA,NA,NA,0
74,3,19,NA,NA,NA,0
75,3,19,NA,NA,NA,0
76,3,19,NA,NA,NA,0
77,5,20,NA,NA,NA,0
78,5,20,NA,NA,NA,0
79,5,20,NA,NA,NA,0
80,5,20,NA,NA,NA,0
81,5,20,NA,NA,NA,0
82,3,21,NA,NA,NA,0
83,3,21,NA,NA,NA,0
84,3,21,NA,NA,NA,0
85,5,22,NA,NA,NA,0
86,5,22,NA,NA,NA,0
87,5,22,NA,NA,NA,0
88,5,22,NA,NA,NA,0
89,5,22,NA,NA,NA,0
90,3,23,NA,NA,NA,0
91,3,23,NA,NA,NA,0
92,3,23,NA,NA,NA,0
93,6,24,NA,NA,NA,0
94,6,24,NA,NA,NA,0
95,6,24,NA,NA,NA,0
96,6,24,NA,NA,NA,0
97,6,24,NA,NA,NA,0
98,6,24,NA,NA,NA,0
99,4,25,NA,NA,NA,0
100,4,25,NA,NA,NA,0
101,4,25,NA,NA,NA,0
102,4,25,NA,NA,NA,0
103,5,26,NA,NA,NA,0
104,5,26,NA,NA,NA,0
105,5,26,NA,NA,NA,0
106,5,26,NA,NA,NA,0
107,5,26,NA,NA,NA,0
108,5,27,NA,NA,NA,0
109,5,27,NA,NA,NA,0
110,5,27,NA,NA,NA,0
111,5,27,NA,NA,NA,0
112,5,27,NA,NA,NA,0
113,3,28,NA,NA,NA,0
114,3,28,NA,NA,NA,0
115,3,28,NA,NA,NA,0
116,5,29,NA,NA,NA,0
117,5,29,NA,NA,NA,0
118,5,29,NA,NA,NA,0
119,5,29,NA,NA,NA,0
120,5,29,NA,NA,NA,0
121,5,30,"E",230,NA,0
122,5,30,NA,NA,NA,0
123,5,30,NA,NA,NA,0
124,5,30,NA,NA,NA,0
125,5,30,NA,NA,NA,0
126,4,31,NA,NA,NA,0
127,4,31,NA,NA,NA,0
128,4,31,NA,NA,NA,0
129,4,31,NA,NA,NA,0
130,4,32,NA,NA,NA,0
131,4,32,NA,NA,NA,0
132,4,32,NA,NA,NA,0
133,4,32,NA,NA,NA,0
134,5,33,NA,NA,NA,0
135,5,33,NA,NA,NA,0
136,5,33,NA,NA,NA,0
137,5,33,NA,NA,NA,0
138,5,33,NA,NA,NA,0
139,6,34,NA,NA,NA,0
140,6,34,NA,NA,NA,0
141,6,34,NA,NA,NA,0
142,6,34,NA,NA,NA,0
143,6,34,NA,NA,NA,0
144,6,34,NA,NA,NA,0
145,5,35,NA,NA,NA,0
146,5,35,NA,NA,NA,0
147,5,35,NA,NA,NA,0
148,5,35,NA,NA,NA,0
149,5,35,NA,NA,NA,0
150,5,36,NA,NA,NA,0
151,5,36,NA,NA,NA,0
152,5,36,NA,NA,NA,0
153,5,36,NA,NA,NA,0
154,5,36,NA,NA,NA,0
155,6,37,NA,NA,NA,0
156,6,37,NA,NA,NA,0
157,6,37,NA,NA,NA,0
158,6,37,NA,NA,NA,0
159,6,37,NA,NA,NA,0
160,6,37,NA,NA,NA,0
161,6,38,NA,NA,NA,0
162,6,38,NA,NA,NA,0
163,6,38,NA,NA,NA,0
164,6,38,NA,NA,NA,0
165,6,38,NA,NA,NA,0
166,6,38,NA,NA,NA,0
167,4,39,NA,NA,NA,0
168,4,39,NA,NA,NA,0
169,4,39,NA,NA,NA,0
170,4,39,NA,NA,NA,0
171,4,40,NA,NA,NA,0
172,4,40,NA,NA,NA,0
173,4,40,NA,NA,NA,0
174,4,40,NA,NA,NA,0
175,5,41,NA,NA,NA,0
176,5,41,NA,NA,NA,0
177,5,41,NA,NA,NA,0
178,5,41,NA,NA,NA,0
179,5,41,NA,NA,NA,0
180,6,42,NA,NA,NA,0
181,6,42,NA,NA,NA,0
182,6,42,NA,NA,NA,0
183,6,42,NA,NA,NA,0
184,6,42,NA,NA,NA,0
185,6,42,NA,NA,NA,0
186,3,43,NA,NA,NA,0
187,3,43,NA,NA,NA,0
188,3,43,NA,NA,NA,0
189,4,44,NA,NA,NA,0
190,4,44,NA,NA,NA,0
191,4,44,NA,NA,NA,0
192,4,44,NA,NA,NA,0
193,3,45,NA,NA,NA,0
194,3,45,NA,NA,NA,0
195,3,45,NA,NA,NA,0
196,4,46,NA,NA,NA,0
197,4,46,NA,NA,NA,0
198,4,46,NA,NA,NA,0
199,4,46,NA,NA,NA,0
200,3,47,NA,NA,NA,0
201,3,47,NA,NA,NA,0
202,3,47,NA,NA,NA,0
203,5,48,NA,NA,NA,0
204,5,48,NA,NA,NA,0
205,5,48,NA,NA,NA,0
206,5,48,NA,NA,NA,0
207,5,48,NA,NA,NA,0
208,6,49,NA,NA,NA,0
209,6,49,NA,NA,NA,0
210,6,49,NA,NA,NA,0
211,6,49,NA,NA,NA,0
212,6,49,NA,NA,NA,0
213,6,49,NA,NA,NA,0
214,6,50,NA,NA,NA,0
215,6,50,NA,NA,NA,0
216,6,50,NA,NA,NA,0
217,6,50,NA,NA,NA,0
218,6,50,NA,NA,NA,0
219,6,50,NA,NA,NA,0
220,4,51,NA,NA,NA,0
221,4,51,NA,NA,NA,0
222,4,51,NA,NA,NA,0
223,4,51,NA,NA,NA,0
224,4,52,NA,NA,NA,0
225,4,52,NA,NA,NA,0
226,4,52,NA,NA,NA,0
227,4,52,NA,NA,NA,0
228,5,53,NA,NA,NA,0
229,5,53,NA,NA,NA,0
230,5,53,NA,NA,NA,0
231,5,53,NA,NA,NA,0
232,5,53,NA,NA,NA,0
233,6,54,NA,NA,NA,0
234,6,54,NA,NA,NA,0
235,6,54,"E",171,NA,0
236,6,54,NA,NA,NA,0
237,6,54,NA,NA,NA,0
238,6,54,NA,NA,NA,0
239,3,55,NA,NA,NA,0
240,3,55,NA,NA,NA,0
241,3,55,NA,NA,NA,0
242,6,56,NA,NA,NA,0
243,6,56,NA,NA,NA,0
244,6,56,NA,NA,NA,0
245,6,56,NA,NA,NA,0
246,6,56,NA,NA,NA,0
247,6,56,NA,NA,NA,0
248,3,57,NA,NA,NA,0
249,3,57,NA,NA,NA,0
250,3,57,NA,NA,NA,0
251,5,58,NA,NA,NA,0
252,5,58,NA,NA,NA,0
253,5,58,NA,NA,NA,0
254,5,58,NA,NA,NA,0
255,5,58,NA,NA,NA,0
256,6,59,NA,NA,NA,0
257,6,59,NA,NA,NA,0
258,6,59,NA,NA,NA,0
259,6,59,NA,NA,NA,0
260,6,59,NA,NA,NA,0
261,6,59,NA,NA,NA,0
262,6,60,NA,NA,NA,0
263,6,60,NA,NA,NA,0
264,6,60,NA,NA,NA,0
265,6,60,NA,NA,NA,0
266,6,60,NA,NA,NA,0
267,6,60,NA,NA,NA,0
268,5,61,NA,NA,NA,0
269,5,61,NA,NA,NA,0
270,5,61,NA,NA,NA,0
271,5,61,NA,NA,NA,0
272,5,61,NA,NA,NA,0
273,3,62,NA,NA,NA,0
274,3,62,NA,NA,NA,0
275,3,62,NA,NA,NA,0
276,3,63,NA,NA,NA,0
277,3,63,NA,NA,NA,0
278,3,63,NA,NA,NA,0
279,4,64,NA,NA,NA,0
280,4,64,NA,NA,NA,0
281,4,64,NA,NA,NA,0
282,4,64,NA,NA,NA,0
283,5,65,NA,NA,NA,0
284,5,65,NA,NA,NA,0
285,5,65,NA,NA,NA,0
286,5,65,NA,NA,NA,0
287,5,65,NA,NA,NA,0
288,4,66,NA,NA,NA,0
289,4,66,NA,NA,NA,0
290,4,66,NA,NA,NA,0
291,4,66,NA,NA,NA,0
292,5,67,NA,NA,NA,0
293,5,67,NA,NA,NA,0
294,5,67,NA,NA,NA,0
295,5,67,NA,NA,NA,0
296,5,67,NA,NA,NA,0
297,6,68,NA,NA,NA,0
298,6,68,NA,NA,NA,0
299,6,68,NA,NA,NA,0
300,6,68,"E",143,NA,0
301,6,68,NA,NA,NA,0
302,6,68,NA,NA,NA,0
303,6,69,NA,NA,NA,0
304,6,69,NA,NA,NA,0
305,6,69,NA,NA,NA,0
306,6,69,NA,NA,NA,0
307,6,69,NA,NA,NA,0
308,6,69,NA,NA,NA,0
309,5,70,NA,NA,NA,0
310,5,70,NA,NA,NA,0
311,5,70,"E",NA,NA,0
312,5,70,NA,NA,NA,0
313,5,70,NA,NA,NA,0
314,6,71,NA,NA,NA,0
315,6,71,NA,NA,NA,0
316,6,71,NA,NA,NA,0
317,6,71,NA,NA,NA,0
318,6,71,NA,NA,NA,0
319,6,71,NA,NA,NA,0
320,4,72,NA,NA,NA,0
321,4,72,NA,NA,NA,0
322,4,72,NA,NA,NA,0
323,4,72,NA,NA,NA,0
324,3,73,NA,NA,NA,0
325,3,73,NA,NA,NA,0
326,3,73,NA,NA,NA,0
327,6,74,NA,NA,NA,0
328,6,74,NA,NA,NA,0
329,6,74,"E",319,NA,0
330,6,74,NA,NA,NA,0
331,6,74,NA,NA,NA,0
332,6,74,NA,NA,NA,0
333,3,75,NA,NA,NA,0
334,3,75,NA,NA,NA,0
335,3,75,NA,NA,NA,0
336,4,76,NA,NA,NA,0
337,4,76,NA,NA,NA,0
338,4,76,NA,NA,NA,0
339,4,76,NA,NA,NA,0
340,6,77,NA,NA,NA,0
341,6,77,NA,NA,NA,0
342,6,77,NA,NA,NA,0
343,6,77,NA,NA,NA,0
344,6,77,NA,NA,NA,0
345,6,77,NA,NA,NA,0
346,4,78,NA,NA,NA,0
347,4,78,NA,NA,NA,0
348,4,78,NA,NA,NA,0
349,4,78,NA,NA,NA,0
350,6,79,NA,NA,NA,0
351,6,79,NA,NA,NA,0
352,6,79,NA,NA,NA,0
353,6,79,NA,NA,NA,0
354,6,79,NA,NA,NA,0
355,6,79,"E",NA,NA,0
356,3,80,NA,NA,NA,0
357,3,80,NA,NA,NA,0
358,3,80,NA,NA,NA,0
359,5,81,NA,NA,NA,0
360,5,81,NA,NA,NA,0
361,5,81,NA,NA,NA,0
362,5,81,NA,NA,NA,0
363,5,81,NA,NA,NA,0
364,4,82,NA,NA,NA,0
365,4,82,NA,NA,NA,0
366,4,82,NA,NA,NA,0
367,4,82,NA,NA,NA,0
368,3,83,NA,NA,NA,0
369,3,83,NA,NA,NA,0
370,3,83,"E",243,NA,0
371,5,84,"E",163,NA,0
372,5,84,NA,NA,NA,0
373,5,84,NA,NA,NA,0
374,5,84,NA,NA,NA,0
375,5,84,NA,NA,NA,0
376,5,85,NA,NA,NA,0
377,5,85,NA,NA,NA,0
378,5,85,NA,NA,NA,0
379,5,85,NA,NA,NA,0
380,5,85,NA,NA,NA,0
381,6,86,NA,NA,NA,0
382,6,86,NA,NA,NA,0
383,6,86,NA,NA,NA,0
384,6,86,NA,NA,NA,0
385,6,86,NA,NA,NA,0
386,6,86,NA,NA,NA,0
387,6,87,NA,NA,NA,0
388,6,87,NA,NA,NA,0
389,6,87,NA,NA,NA,0
390,6,87,NA,NA,NA,0
391,6,87,NA,NA,NA,0
392,6,87,NA,NA,NA,0
393,3,88,NA,NA,NA,0
394,3,88,NA,NA,NA,0
395,3,88,NA,NA,NA,0
396,6,89,NA,NA,NA,0
397,6,89,NA,NA,NA,0
398,6,89,NA,NA,NA,0
399,6,89,NA,NA,NA,0
400,6,89,NA,NA,NA,0
401,6,89,NA,NA,NA,0
402,3,90,NA,NA,NA,0
403,3,90,NA,NA,NA,0
404,3,90,NA,NA,NA,0
405,4,91,NA,NA,NA,0
406,4,91,NA,NA,NA,0
407,4,91,NA,NA,NA,0
408,4,91,NA,NA,NA,0
409,6,92,NA,NA,NA,0
410,6,92,NA,NA,NA,0
411,6,92,NA,NA,NA,0
412,6,92,NA,NA,NA,0
413,6,92,NA,NA,NA,0
414,6,92,NA,NA,NA,0
415,5,93,NA,NA,NA,0
416,5,93,NA,NA,NA,0
417,5,93,NA,NA,NA,0
418,5,93,NA,NA,NA,0
419,5,93,NA,NA,NA,0
420,3,94,NA,NA,NA,0
421,3,94,NA,NA,NA,0
422,3,94,NA,NA,NA,0
423,4,95,NA,NA,NA,0
424,4,95,NA,NA,NA,0
425,4,95,NA,NA,NA,0
426,4,95,NA,NA,NA,0
427,5,96,NA,NA,NA,0
428,5,96,NA,NA,NA,0
429,5,96,NA,NA,NA,0
430,5,96,NA,NA,NA,0
431,5,96,NA,NA,NA,0
432,6,97,NA,NA,NA,0
433,6,97,NA,NA,NA,0
434,6,97,NA,NA,NA,0
435,6,97,NA,NA,NA,0
436,6,97,NA,NA,NA,0
437,6,97,NA,NA,NA,0
438,5,98,NA,NA,NA,0
439,5,98,NA,NA,NA,0
440,5,98,NA,NA,NA,0
441,5,98,NA,NA,NA,0
442,5,98,NA,NA,NA,0
443,5,99,NA,NA,NA,0
444,5,99,NA,NA,NA,0
445,5,99,NA,NA,NA,0
446,5,99,NA,NA,NA,0
447,5,99,NA,NA,NA,0
448,5,100,NA,NA,NA,0
449,5,100,NA,NA,NA,0
450,5,100,NA,NA,NA,0
451,5,100,NA,NA,NA,0
452,5,100,NA,NA,NA,0
453,6,101,NA,NA,NA,0
454,6,101,NA,NA,NA,0
455,6,101,NA,NA,NA,0
456,6,101,NA,NA,NA,0
457,6,101,NA,NA,NA,0
458,6,101,NA,NA,NA,0
459,5,102,NA,NA,NA,0
460,5,102,NA,NA,NA,0
461,5,102,NA,NA,NA,0
462,5,102,NA,NA,NA,0
463,5,102,NA,NA,NA,0
464,5,103,NA,NA,NA,0
465,5,103,NA,NA,NA,0
466,5,103,NA,NA,NA,0
467,5,103,NA,NA,NA,0
468,5,103,NA,NA,NA,0
469,3,104,NA,NA,NA,0
470,3,104,NA,NA,NA,0
471,3,104,NA,NA,NA,0
472,3,105,NA,NA,NA,0
473,3,105,NA,NA,NA,0
474,3,105,NA,NA,NA,0
475,5,106,NA,NA,NA,0
476,5,106,NA,NA,NA,0
477,5,106,NA,NA,NA,0
478,5,106,NA,NA,NA,0
479,5,106,NA,NA,NA,0
480,4,107,NA,NA,NA,0
481,4,107,NA,NA,NA,0
482,4,107,NA,NA,NA,0
483,4,107,NA,NA,NA,0
484,5,108,NA,NA,NA,0
485,5,108,NA,NA,NA,0
486,5,108,NA,NA,NA,0
487,5,108,NA,NA,NA,0
488,5,108,NA,NA,NA,0
489,6,109,NA,NA,NA,0
490,6,109,NA,NA,NA,0
491,6,109,NA,NA,NA,0
492,6,109,"E",229,NA,0
493,6,109,NA,NA,NA,0
494,6,109,NA,NA,NA,0
495,6,110,NA,NA,NA,0
496,6,110,NA,NA,NA,0
497,6,110,"E",302,NA,0
498,6,110,NA,NA,NA,0
499,6,110,NA,NA,NA,0
500,6,110,NA,NA,NA,0
501,5,111,NA,NA,NA,0
502,5,111,NA,NA,NA,0
503,5,111,NA,NA,NA,0
504,5,111,NA,NA,NA,0
505,5,111,NA,NA,NA,0
506,4,112,NA,NA,NA,0
507,4,112,NA,NA,NA,0
508,4,112,NA,NA,NA,0
509,4,112,NA,NA,NA,0
510,6,113,NA,NA,NA,0
511,6,113,NA,NA,NA,0
512,6,113,NA,NA,NA,0
513,6,113,NA,NA,NA,0
514,6,113,NA,NA,NA,0
515,6,113,NA,NA,NA,0
516,6,114,NA,NA,NA,0
517,6,114,NA,NA,NA,0
518,6,114,NA,NA,NA,0
519,6,114,NA,NA,NA,0
520,6,114,NA,NA,NA,0
521,6,114,NA,NA,NA,0
522,3,115,NA,NA,NA,0
523,3,115,NA,NA,NA,0
524,3,115,NA,NA,NA,0
525,4,116,NA,NA,NA,0
526,4,116,NA,NA,NA,0
527,4,116,NA,NA,NA,0
528,4,116,NA,NA,NA,0
529,4,117,NA,NA,NA,0
530,4,117,NA,NA,NA,0
531,4,117,NA,NA,NA,0
532,4,117,NA,NA,NA,0
533,6,118,NA,NA,NA,0
534,6,118,NA,NA,NA,0
535,6,118,NA,NA,NA,0
536,6,118,NA,NA,NA,0
537,6,118,NA,NA,NA,0
538,6,118,NA,NA,NA,0
539,4,119,NA,NA,NA,0
540,4,119,NA,NA,NA,0
541,4,119,NA,NA,NA,0
542,4,119,NA,NA,NA,0
543,6,120,NA,NA,NA,0
544,6,120,NA,NA,NA,0
545,6,120,NA,NA,NA,0
546,6,120,NA,NA,NA,0
547,6,120,NA,NA,NA,0
548,6,120,NA,NA,NA,0
549,3,121,NA,NA,NA,0
550,3,121,NA,NA,NA,0
551,3,121,NA,NA,NA,0
552,5,122,NA,NA,NA,0
553,5,122,NA,NA,NA,0
554,5,122,NA,NA,NA,0
555,5,122,NA,NA,NA,0
556,5,122,NA,NA,NA,0
557,5,123,NA,NA,NA,0
558,5,123,NA,NA,NA,0
559,5,123,NA,NA,NA,0
560,5,123,NA,NA,NA,0
561,5,123,NA,NA,NA,0
562,4,124,NA,NA,NA,0
563,4,124,NA,NA,NA,0
564,4,124,NA,NA,NA,0
565,4,124,NA,NA,NA,0
566,4,125,NA,NA,NA,0
567,4,125,NA,NA,NA,0
568,4,125,NA,NA,NA,0
569,4,125,NA,NA,NA,0
570,6,126,NA,NA,NA,0
571,6,126,NA,NA,NA,0
572,6,126,NA,NA,NA,0
573,6,126,NA,NA,NA,0
574,6,126,NA,NA,NA,0
575,6,126,NA,NA,NA,0
576,4,127,NA,NA,NA,0
577,4,127,NA,NA,NA,0
578,4,127,NA,NA,NA,0
579,4,127,NA,NA,NA,0
580,4,128,NA,NA,NA,0
581,4,128,NA,NA,NA,0
582,4,128,NA,NA,NA,0
583,4,128,NA,NA,NA,0
584,6,129,NA,NA,NA,0
585,6,129,NA,NA,NA,0
586,6,129,NA,NA,NA,0
587,6,129,NA,NA,NA,0
588,6,129,NA,NA,NA,0
589,6,129,NA,NA,NA,0
590,3,130,NA,NA,NA,0
591,3,130,NA,NA,NA,0
592,3,130,NA,NA,NA,0
593,3,131,NA,NA,NA,0
594,3,131,NA,NA,NA,0
595,3,131,NA,NA,NA,0
596,5,132,NA,NA,NA,0
597,5,132,NA,NA,NA,0
598,5,132,NA,NA,NA,0
599,5,132,"E",281,NA,0
600,5,132,NA,NA,NA,0
601,3,133,NA,NA,NA,0
602,3,133,NA,NA,NA,0
603,3,133,NA,NA,NA,0
604,6,134,NA,NA,NA,0
605,6,134,NA,NA,NA,0
606,6,134,NA,NA,NA,0
607,6,134,NA,NA,NA,0
608,6,134,NA,NA,NA,0
609,6,134,NA,NA,NA,0
610,5,135,NA,NA,NA,0
611,5,135,NA,NA,NA,0
612,5,135,NA,NA,NA,0
613,5,135,NA,NA,NA,0
614,5,135,NA,NA,NA,0
615,4,136,NA,NA,NA,0
616,4,136,NA,NA,NA,0
617,4,136,NA,NA,NA,0
618,4,136,NA,NA,NA,0
619,3,137,NA,NA,NA,0
620,3,137,NA,NA,NA,0
621,3,137,NA,NA,NA,0
622,6,138,NA,NA,NA,0
623,6,138,NA,NA,NA,0
624,6,138,NA,NA,NA,0
625,6,138,NA,NA,NA,0
626,6,138,NA,NA,NA,0
627,6,138,NA,NA,NA,0
628,6,139,NA,NA,NA,0
629,6,139,NA,NA,NA,0
630,6,139,NA,NA,NA,0
631,6,139,NA,NA,NA,0
632,6,139,NA,NA,NA,0
633,6,139,NA,NA,NA,0
634,6,140,NA,NA,NA,0
635,6,140,NA,NA,NA,0
636,6,140,NA,NA,NA,0
637,6,140,NA,NA,NA,0
638,6,140,NA,NA,NA,0
639,6,140,NA,NA,NA,0
640,5,141,NA,NA,NA,0
641,5,141,NA,NA,NA,0
642,5,141,"E",109,NA,0
643,5,141,NA,NA,NA,0
644,5,141,NA,NA,NA,0
645,3,142,NA,NA,NA,0
646,3,142,NA,NA,NA,0
647,3,142,NA,NA,NA,0
648,6,143,NA,NA,NA,0
649,6,143,NA,NA,NA,0
650,6,143,NA,NA,NA,0
651,6,143,NA,NA,NA,0
652,6,143,"E",161,NA,0
653,6,143,NA,NA,NA,0
654,4,144,NA,NA,NA,0
655,4,144,NA,NA,NA,0
656,4,144,NA,NA,NA,0
657,4,144,NA,NA,NA,0
658,3,145,NA,NA,NA,0
659,3,145,NA,NA,NA,0
660,3,145,NA,NA,NA,0
661,6,146,NA,NA,NA,0
662,6,146,NA,NA,NA,0
663,6,146,NA,NA,NA,0
664,6,146,NA,NA,NA,0
665,6,146,NA,NA,NA,0
666,6,146,NA,NA,NA,0
667,6,147,NA,NA,NA,0
668,6,147,NA,NA,NA,0
669,6,147,NA,NA,NA,0
670,6,147,NA,NA,NA,0
671,6,147,NA,NA,NA,0
672,6,147,NA,NA,NA,0
673,6,148,NA,NA,NA,0
674,6,148,NA,NA,NA,0
675,6,148,NA,NA,NA,0
676,6,148,NA,NA,NA,0
677,6,148,NA,NA,NA,0
678,6,148,NA,NA,NA,0
679,5,149,NA,NA,NA,0
680,5,149,NA,NA,NA,0
681,5,149,NA,NA,NA,0
682,5,149,NA,NA,NA,0
683,5,149,NA,NA,NA,0
684,4,150,NA,NA,NA,0
685,4,150,NA,NA,NA,0
686,4,150,NA,NA,NA,0
687,4,150,NA,NA,NA,0
688,4,151,NA,NA,NA,0
689,4,151,NA,NA,NA,0
690,4,151,NA,NA,NA,0
691,4,151,NA,NA,NA,0
692,3,152,NA,NA,NA,0
693,3,152,NA,NA,NA,0
694,3,152,NA,NA,NA,0
695,4,153,NA,NA,NA,0
696,4,153,NA,NA,NA,0
697,4,153,NA,NA,NA,0
698,4,153,NA,NA,NA,0
699,5,154,NA,NA,NA,0
700,5,154,NA,NA,NA,0
701,5,154,NA,NA,NA,0
702,5,154,NA,NA,NA,0
703,5,154,NA,NA,NA,0
704,6,155,NA,NA,NA,0
705,6,155,NA,NA,NA,0
706,6,155,NA,NA,NA,0
707,6,155,NA,NA,NA,0
708,6,155,NA,NA,NA,0
709,6,155,NA,NA,NA,0
710,5,156,NA,NA,NA,0
711,5,156,NA,NA,NA,0
712,5,156,NA,NA,NA,0
713,5,156,NA,NA,NA,0
714,5,156,NA,NA,NA,0
715,6,157,NA,NA,NA,0
716,6,157,NA,NA,NA,0
717,6,157,NA,NA,NA,0
718,6,157,NA,NA,NA,0
719,6,157,NA,NA,NA,0
720,6,157,NA,NA,NA,0
721,6,158,NA,NA,NA,0
722,6,158,NA,NA,NA,0
723,6,158,NA,NA,NA,0
724,6,158,NA,NA,NA,0
725,6,158,NA,NA,NA,0
726,6,158,NA,NA,NA,0
727,4,159,NA,NA,NA,0
728,4,159,NA,NA,NA,0
729,4,159,NA,NA,NA,0
730,4,159,NA,NA,NA,0
731,4,160,NA,NA,NA,0
732,4,160,NA,NA,NA,0
733,4,160,NA,NA,NA,0
734,4,160,NA,NA,NA,0
735,5,161,NA,NA,NA,0
736,5,161,NA,NA,NA,0
737,5,161,NA,NA,NA,0
738,5,161,NA,NA,NA,0
739,5,161,NA,NA,NA,0
740,4,162,NA,NA,NA,0
741,4,162,NA,NA,NA,0
742,4,162,NA,NA,NA,0
743,4,162,NA,NA,NA,0
744,3,163,NA,NA,NA,0
745,3,163,NA,NA,NA,0
746,3,163,NA,NA,NA,0
747,5,164,NA,NA,NA,0
748,5,164,NA,NA,NA,0
749,5,164,NA,NA,NA,0
750,5,164,NA,NA,NA,0
751,5,164,NA,NA,NA,0
752,5,165,NA,NA,NA,0
753,5,165,NA,NA,NA,0
754,5,165,NA,NA,NA,0
755,5,165,NA,NA,NA,0
756,5,165,NA,NA,NA,0
757,5,166,NA,NA,NA,0
758,5,166,NA,NA,NA,0
759,5,166,NA,NA,NA,0
760,5,166,NA,NA,NA,0
761,5,166,NA,NA,NA,0
762,5,167,NA,NA,NA,0
763,5,167,NA,NA,NA,0
764,5,167,NA,NA,NA,0
765,5,167,NA,NA,NA,0
766,5,167,NA,NA,NA,0
767,3,168,NA,NA,NA,0
768,3,168,NA,NA,NA,0
769,3,168,NA,NA,NA,0
770,3,169,NA,NA,NA,0
771,3,169,NA,NA,NA,0
772,3,169,NA,NA,NA,0
773,3,170,NA,NA,NA,0
774,3,170,NA,NA,NA,0
775,3,170,NA,NA,NA,0
776,4,171,NA,NA,NA,0
777,4,171,NA,NA,NA,0
778,4,171,NA,NA,NA,0
779,4,171,NA,NA,NA,0
780,4,172,NA,NA,NA,0
781,4,172,NA,NA,NA,0
782,4,172,NA,NA,NA,0
783,4,172,NA,NA,NA,0
784,4,173,NA,NA,NA,0
785,4,173,NA,NA,NA,0
786,4,173,NA,NA,NA,0
787,4,173,NA,NA,NA,0
788,5,174,NA,NA,NA,0
789,5,174,NA,NA,NA,0
790,5,174,NA,NA,NA,0
791,5,174,NA,NA,NA,0
792,5,174,NA,NA,NA,0
793,3,175,NA,NA,NA,0
794,3,175,NA,NA,NA,0
795,3,175,NA,NA,NA,0
796,4,176,NA,NA,NA,0
797,4,176,NA,NA,NA,0
798,4,176,NA,NA,NA,0
799,4,176,NA,NA,NA,0
800,6,177,NA,NA,NA,0
801,6,177,NA,NA,NA,0
802,6,177,NA,NA,NA,0
803,6,177,NA,NA,NA,0
804,6,177,NA,NA,NA,0
805,6,177,NA,NA,NA,0
806,3,178,NA,NA,NA,0
807,3,178,NA,NA,NA,0
808,3,178,NA,NA,NA,0
809,5,179,NA,NA,NA,0
810,5,179,NA,NA,NA,0
811,5,179,NA,NA,NA,0
812,5,179,NA,NA,NA,0
813,5,179,NA,NA,NA,0
814,4,180,NA,NA,NA,0
815,4,180,NA,NA,NA,0
816,4,180,NA,NA,NA,0
817,4,180,NA,NA,NA,0
818,5,181,NA,NA,NA,0
819,5,181,NA,NA,NA,0
820,5,181,NA,NA,NA,0
821,5,181,NA,NA,NA,0
822,5,181,NA,NA,NA,0
823,5,182,NA,NA,NA,0
824,5,182,NA,NA,NA,0
825,5,182,NA,NA,NA,0
826,5,182,NA,NA,NA,0
827,5,182,NA,NA,NA,0
828,6,183,NA,NA,NA,0
829,6,183,NA,NA,NA,0
830,6,183,NA,NA,NA,0
831,6,183,NA,NA,NA,0
832,6,183,NA,NA,NA,0
833,6,183,NA,NA,NA,0
834,3,184,NA,NA,NA,0
835,3,184,NA,NA,NA,0
836,3,184,NA,NA,NA,0
837,4,185,NA,NA,NA,0
838,4,185,NA,NA,NA,0
839,4,185,NA,NA,NA,0
840,4,185,NA,NA,NA,0
841,4,186,NA,NA,NA,0
842,4,186,NA,NA,NA,0
843,4,186,"E",140,NA,0
844,4,186,NA,NA,NA,0
845,4,187,NA,NA,NA,0
846,4,187,NA,NA,NA,0
847,4,187,NA,NA,NA,0
848,4,187,NA,NA,NA,0
849,3,188,NA,NA,NA,0
850,3,188,NA,NA,NA,0
851,3,188,NA,NA,NA,0
852,3,189,NA,NA,NA,0
853,3,189,"E",NA,NA,0
854,3,189,NA,NA,NA,0
855,5,190,NA,NA,NA,0
856,5,190,NA,NA,NA,0
857,5,190,NA,NA,NA,0
858,5,190,NA,NA,NA,0
859,5,190,"E",335,NA,0
860,3,191,NA,NA,NA,0
861,3,191,NA,NA,NA,0
862,3,191,NA,NA,NA,0
863,4,192,"E",NA,NA,0
864,4,192,NA,NA,NA,0
865,4,192,NA,NA,NA,0
866,4,192,NA,NA,NA,0
867,5,193,NA,NA,NA,0
868,5,193,NA,NA,NA,0
869,5,193,NA,NA,NA,0
870,5,193,NA,NA,NA,0
871,5,193,NA,NA,NA,0
872,5,194,NA,NA,NA,0
873,5,194,NA,NA,NA,0
874,5,194,NA,NA,NA,0
875,5,194,NA,NA,NA,0
876,5,194,NA,NA,NA,0
877,3,195,NA,NA,NA,0
878,3,195,NA,NA,NA,0
879,3,195,NA,NA,NA,0
880,4,196,NA,NA,NA,0
881,4,196,NA,NA,NA,0
882,4,196,NA,NA,NA,0
883,4,196,NA,NA,NA,0
884,4,197,NA,NA,NA,0
885,4,197,NA,NA,NA,0
886,4,197,NA,NA,NA,0
887,4,197,NA,NA,NA,0
888,3,198,NA,NA,NA,0
889,3,198,NA,NA,NA,0
890,3,198,NA,NA,NA,0
891,3,199,NA,NA,NA,0
892,3,199,NA,NA,NA,0
893,3,199,NA,NA,NA,0
894,5,200,NA,NA,NA,0
895,5,200,NA,NA,NA,0
896,5,200,NA,NA,NA,0
897,5,200,NA,NA,NA,0
898,5,200,NA,NA,NA,0
899,6,201,NA,NA,NA,0
900,6,201,NA,NA,NA,0
901,6,201,NA,NA,NA,0
902,6,201,NA,NA,NA,0
903,6,201,NA,NA,NA,0
904,6,201,NA,NA,NA,0
905,5,202,NA,NA,NA,0
906,5,202,NA,NA,NA,0
907,5,202,NA,NA,NA,0
908,5,202,NA,NA,NA,0
909,5,202,NA,NA,NA,0
910,6,203,NA,NA,NA,0
911,6,203,NA,NA,NA,0
912,6,203,NA,NA,NA,0
913,6,203,NA,NA,NA,0
914,6,203,NA,NA,NA,0
915,6,203,NA,NA,NA,0
916,6,204,NA,NA,NA,0
917,6,204,NA,NA,NA,0
918,6,204,NA,NA,NA,0
919,6,204,NA,NA,NA,0
920,6,204,NA,NA,NA,0
921,6,204,NA,NA,NA,0
922,4,205,NA,NA,NA,0
923,4,205,NA,NA,NA,0
924,4,205,NA,NA,NA,0
925,4,205,NA,NA,NA,0
926,3,206,NA,NA,NA,0
927,3,206,NA,NA,NA,0
928,3,206,NA,NA,NA,0
929,5,207,NA,NA,NA,0
930,5,207,NA,NA,NA,0
931,5,207,NA,NA,NA,0
932,5,207,NA,NA,NA,0
933,5,207,NA,NA,NA,0
934,5,208,NA,NA,NA,0
935,5,208,NA,NA,NA,0
936,5,208,NA,NA,NA,0
937,5,208,NA,NA,NA,0
938,5,208,"E",340,NA,0
939,5,209,NA,NA,NA,0
940,5,209,NA,NA,NA,0
941,5,209,NA,NA,NA,0
942,5,209,NA,NA,NA,0
943,5,209,NA,NA,NA,0
944,6,210,NA,NA,NA,0
945,6,210,NA,NA,NA,0
946,6,210,NA,NA,NA,0
947,6,210,NA,NA,NA,0
948,6,210,NA,NA,NA,0
949,6,210,NA,NA,NA,0
950,4,211,NA,NA,NA,0
951,4,211,NA,NA,NA,0
952,4,211,NA,NA,NA,0
953,4,211,NA,NA,NA,0
954,5,212,NA,NA,NA,0
955,5,212,NA,NA,NA,0
956,5,212,NA,NA,NA,0
957,5,212,NA,NA,NA,0
958,5,212,NA,NA,NA,0
959,5,213,NA,NA,NA,0
960,5,213,NA,NA,NA,0
961,5,213,NA,NA,NA,0
962,5,213,NA,NA,NA,0
963,5,213,NA,NA,NA,0
964,5,214,NA,NA,NA,0
965,5,214,NA,NA,NA,0
966,5,214,NA,NA,NA,0
967,5,214,NA,NA,NA,0
968,5,214,NA,NA,NA,0
969,3,215,NA,NA,NA,0
970,3,215,NA,NA,NA,0
971,3,215,NA,NA,NA,0
972,6,216,NA,NA,NA,0
973,6,216,NA,NA,NA,0
974,6,216,NA,NA,NA,0
975,6,216,NA,NA,NA,0
976,6,216,NA,NA,NA,0
977,6,216,NA,NA,NA,0
978,4,217,NA,NA,NA,0
979,4,217,NA,NA,NA,0
980,4,217,NA,NA,NA,0
981,4,217,NA,NA,NA,0
982,3,218,NA,NA,NA,0
983,3,218,NA,NA,NA,0
984,3,218,NA,NA,NA,0
985,4,219,NA,NA,NA,0
986,4,219,NA,NA,NA,0
987,4,219,NA,NA,NA,0
988,4,219,NA,NA,NA,0
989,6,220,NA,NA,NA,0
990,6,220,NA,NA,NA,0
991,6,220,NA,NA,NA,0
992,6,220,NA,NA,NA,0
993,6,220,NA,NA,NA,0
994,6,220,NA,NA,NA,0
995,6,221,NA,NA,NA,0
996,6,221,NA,NA,NA,0
997,6,221,NA,NA,NA,0
998,6,221,NA,NA,NA,0
999,6,221,NA,NA,NA,0
1000,6,221,NA,NA,NA,0
