"ID","SIZE","HH","TYPE","TIME","S_num","I_num"
1,5,1,"0",51,NA,0
2,5,1,NA,NA,NA,0
3,5,1,NA,NA,NA,0
4,5,1,NA,NA,NA,0
5,5,1,NA,NA,NA,0
6,3,2,NA,NA,NA,0
7,3,2,NA,NA,NA,0
8,3,2,NA,NA,NA,0
9,6,3,NA,NA,NA,0
10,6,3,NA,NA,NA,0
11,6,3,NA,NA,NA,0
12,6,3,NA,NA,NA,0
13,6,3,NA,NA,NA,0
14,6,3,NA,NA,NA,0
15,3,4,"E",149,NA,0
16,3,4,NA,NA,NA,0
17,3,4,NA,NA,NA,0
18,3,5,NA,NA,NA,0
19,3,5,NA,NA,NA,0
20,3,5,NA,NA,NA,0
21,3,6,NA,NA,NA,0
22,3,6,NA,NA,NA,0
23,3,6,NA,NA,NA,0
24,3,7,NA,NA,NA,0
25,3,7,NA,NA,NA,0
26,3,7,NA,NA,NA,0
27,5,8,NA,NA,NA,0
28,5,8,NA,NA,NA,0
29,5,8,NA,NA,NA,0
30,5,8,NA,NA,NA,0
31,5,8,NA,NA,NA,0
32,6,9,NA,NA,NA,0
33,6,9,NA,NA,NA,0
34,6,9,NA,NA,NA,0
35,6,9,NA,NA,NA,0
36,6,9,NA,NA,NA,0
37,6,9,NA,NA,NA,0
38,3,10,NA,NA,NA,0
39,3,10,NA,NA,NA,0
40,3,10,NA,NA,NA,0
41,4,11,NA,NA,NA,0
42,4,11,NA,NA,NA,0
43,4,11,NA,NA,NA,0
44,4,11,NA,NA,NA,0
45,4,12,NA,NA,NA,0
46,4,12,NA,NA,NA,0
47,4,12,NA,NA,NA,0
48,4,12,NA,NA,NA,0
49,3,13,NA,NA,NA,0
50,3,13,NA,NA,NA,0
51,3,13,NA,NA,NA,0
52,5,14,"E",281,NA,0
53,5,14,NA,NA,NA,0
54,5,14,NA,NA,NA,0
55,5,14,NA,NA,NA,0
56,5,14,NA,NA,NA,0
57,4,15,NA,NA,NA,0
58,4,15,NA,NA,NA,0
59,4,15,NA,NA,NA,0
60,4,15,NA,NA,NA,0
61,5,16,"E",363,NA,0
62,5,16,NA,NA,NA,0
63,5,16,NA,NA,NA,0
64,5,16,NA,NA,NA,0
65,5,16,NA,NA,NA,0
66,6,17,NA,NA,NA,0
67,6,17,NA,NA,NA,0
68,6,17,NA,NA,NA,0
69,6,17,NA,NA,NA,0
70,6,17,NA,NA,NA,0
71,6,17,NA,NA,NA,0
72,5,18,NA,NA,NA,0
73,5,18,NA,NA,NA,0
74,5,18,"E",235,NA,0
75,5,18,NA,NA,NA,0
76,5,18,NA,NA,NA,0
77,5,19,NA,NA,NA,0
78,5,19,NA,NA,NA,0
79,5,19,NA,NA,NA,0
80,5,19,NA,NA,NA,0
81,5,19,NA,NA,NA,0
82,4,20,NA,NA,NA,0
83,4,20,NA,NA,NA,0
84,4,20,NA,NA,NA,0
85,4,20,NA,NA,NA,0
86,3,21,NA,NA,NA,0
87,3,21,NA,NA,NA,0
88,3,21,NA,NA,NA,0
89,3,22,NA,NA,NA,0
90,3,22,NA,NA,NA,0
91,3,22,"E",271,NA,0
92,6,23,NA,NA,NA,0
93,6,23,NA,NA,NA,0
94,6,23,NA,NA,NA,0
95,6,23,NA,NA,NA,0
96,6,23,NA,NA,NA,0
97,6,23,NA,NA,NA,0
98,5,24,NA,NA,NA,0
99,5,24,NA,NA,NA,0
100,5,24,NA,NA,NA,0
101,5,24,NA,NA,NA,0
102,5,24,NA,NA,NA,0
103,6,25,NA,NA,NA,0
104,6,25,NA,NA,NA,0
105,6,25,NA,NA,NA,0
106,6,25,NA,NA,NA,0
107,6,25,NA,NA,NA,0
108,6,25,NA,NA,NA,0
109,4,26,NA,NA,NA,0
110,4,26,NA,NA,NA,0
111,4,26,NA,NA,NA,0
112,4,26,NA,NA,NA,0
113,4,27,NA,NA,NA,0
114,4,27,NA,NA,NA,0
115,4,27,"E",313,NA,0
116,4,27,NA,NA,NA,0
117,3,28,NA,NA,NA,0
118,3,28,NA,NA,NA,0
119,3,28,NA,NA,NA,0
120,4,29,NA,NA,NA,0
121,4,29,NA,NA,NA,0
122,4,29,NA,NA,NA,0
123,4,29,NA,NA,NA,0
124,3,30,"E",287,NA,0
125,3,30,NA,NA,NA,0
126,3,30,NA,NA,NA,0
127,4,31,NA,NA,NA,0
128,4,31,NA,NA,NA,0
129,4,31,NA,NA,NA,0
130,4,31,NA,NA,NA,0
131,6,32,NA,NA,NA,0
132,6,32,NA,NA,NA,0
133,6,32,NA,NA,NA,0
134,6,32,NA,NA,NA,0
135,6,32,NA,NA,NA,0
136,6,32,NA,NA,NA,0
137,3,33,NA,NA,NA,0
138,3,33,NA,NA,NA,0
139,3,33,NA,NA,NA,0
140,3,34,"E",210,NA,0
141,3,34,NA,NA,NA,0
142,3,34,NA,NA,NA,0
143,4,35,NA,NA,NA,0
144,4,35,NA,NA,NA,0
145,4,35,NA,NA,NA,0
146,4,35,NA,NA,NA,0
147,4,36,NA,NA,NA,0
148,4,36,NA,NA,NA,0
149,4,36,NA,NA,NA,0
150,4,36,NA,NA,NA,0
151,3,37,NA,NA,NA,0
152,3,37,NA,NA,NA,0
153,3,37,NA,NA,NA,0
154,5,38,NA,NA,NA,0
155,5,38,NA,NA,NA,0
156,5,38,NA,NA,NA,0
157,5,38,NA,NA,NA,0
158,5,38,NA,NA,NA,0
159,4,39,NA,NA,NA,0
160,4,39,NA,NA,NA,0
161,4,39,NA,NA,NA,0
162,4,39,NA,NA,NA,0
163,4,40,NA,NA,NA,0
164,4,40,NA,NA,NA,0
165,4,40,NA,NA,NA,0
166,4,40,NA,NA,NA,0
167,5,41,"E",326,NA,0
168,5,41,NA,NA,NA,0
169,5,41,NA,NA,NA,0
170,5,41,NA,NA,NA,0
171,5,41,NA,NA,NA,0
172,3,42,NA,NA,NA,0
173,3,42,NA,NA,NA,0
174,3,42,NA,NA,NA,0
175,6,43,NA,NA,NA,0
176,6,43,NA,NA,NA,0
177,6,43,NA,NA,NA,0
178,6,43,NA,NA,NA,0
179,6,43,NA,NA,NA,0
180,6,43,NA,NA,NA,0
181,5,44,NA,NA,NA,0
182,5,44,NA,NA,NA,0
183,5,44,NA,NA,NA,0
184,5,44,NA,NA,NA,0
185,5,44,NA,NA,NA,0
186,3,45,NA,NA,NA,0
187,3,45,NA,NA,NA,0
188,3,45,NA,NA,NA,0
189,6,46,NA,NA,NA,0
190,6,46,NA,NA,NA,0
191,6,46,NA,NA,NA,0
192,6,46,NA,NA,NA,0
193,6,46,NA,NA,NA,0
194,6,46,NA,NA,NA,0
195,5,47,NA,NA,NA,0
196,5,47,NA,NA,NA,0
197,5,47,NA,NA,NA,0
198,5,47,"E",343,NA,0
199,5,47,NA,NA,NA,0
200,3,48,"E",127,NA,0
201,3,48,NA,NA,NA,0
202,3,48,NA,NA,NA,0
203,3,49,NA,NA,NA,0
204,3,49,NA,NA,NA,0
205,3,49,NA,NA,NA,0
206,5,50,NA,NA,NA,0
207,5,50,NA,NA,NA,0
208,5,50,NA,NA,NA,0
209,5,50,NA,NA,NA,0
210,5,50,"E",185,NA,0
211,6,51,NA,NA,NA,0
212,6,51,NA,NA,NA,0
213,6,51,NA,NA,NA,0
214,6,51,"E",281,NA,0
215,6,51,NA,NA,NA,0
216,6,51,NA,NA,NA,0
217,4,52,NA,NA,NA,0
218,4,52,NA,NA,NA,0
219,4,52,NA,NA,NA,0
220,4,52,NA,NA,NA,0
221,5,53,"E",266,NA,0
222,5,53,"E",83,NA,0
223,5,53,NA,NA,NA,0
224,5,53,NA,NA,NA,0
225,5,53,NA,NA,NA,0
226,6,54,NA,NA,NA,0
227,6,54,NA,NA,NA,0
228,6,54,"E",323,NA,0
229,6,54,NA,NA,NA,0
230,6,54,NA,NA,NA,0
231,6,54,NA,NA,NA,0
232,4,55,NA,NA,NA,0
233,4,55,NA,NA,NA,0
234,4,55,"E",282,NA,0
235,4,55,NA,NA,NA,0
236,3,56,NA,NA,NA,0
237,3,56,NA,NA,NA,0
238,3,56,NA,NA,NA,0
239,5,57,NA,NA,NA,0
240,5,57,NA,NA,NA,0
241,5,57,NA,NA,NA,0
242,5,57,NA,NA,NA,0
243,5,57,NA,NA,NA,0
244,5,58,NA,NA,NA,0
245,5,58,NA,NA,NA,0
246,5,58,NA,NA,NA,0
247,5,58,NA,NA,NA,0
248,5,58,NA,NA,NA,0
249,4,59,NA,NA,NA,0
250,4,59,NA,NA,NA,0
251,4,59,NA,NA,NA,0
252,4,59,NA,NA,NA,0
253,3,60,NA,NA,NA,0
254,3,60,NA,NA,NA,0
255,3,60,NA,NA,NA,0
256,5,61,"E",NA,NA,0
257,5,61,NA,NA,NA,0
258,5,61,NA,NA,NA,0
259,5,61,NA,NA,NA,0
260,5,61,NA,NA,NA,0
261,4,62,NA,NA,NA,0
262,4,62,NA,NA,NA,0
263,4,62,NA,NA,NA,0
264,4,62,NA,NA,NA,0
265,5,63,NA,NA,NA,0
266,5,63,NA,NA,NA,0
267,5,63,NA,NA,NA,0
268,5,63,NA,NA,NA,0
269,5,63,NA,NA,NA,0
270,3,64,NA,NA,NA,0
271,3,64,NA,NA,NA,0
272,3,64,NA,NA,NA,0
273,6,65,NA,NA,NA,0
274,6,65,NA,NA,NA,0
275,6,65,NA,NA,NA,0
276,6,65,NA,NA,NA,0
277,6,65,NA,NA,NA,0
278,6,65,NA,NA,NA,0
279,5,66,NA,NA,NA,0
280,5,66,"E",175,NA,0
281,5,66,NA,NA,NA,0
282,5,66,NA,NA,NA,0
283,5,66,NA,NA,NA,0
284,5,67,NA,NA,NA,0
285,5,67,NA,NA,NA,0
286,5,67,NA,NA,NA,0
287,5,67,NA,NA,NA,0
288,5,67,NA,NA,NA,0
289,4,68,NA,NA,NA,0
290,4,68,NA,NA,NA,0
291,4,68,NA,NA,NA,0
292,4,68,NA,NA,NA,0
293,3,69,NA,NA,NA,0
294,3,69,NA,NA,NA,0
295,3,69,NA,NA,NA,0
296,5,70,NA,NA,NA,0
297,5,70,NA,NA,NA,0
298,5,70,NA,NA,NA,0
299,5,70,NA,NA,NA,0
300,5,70,NA,NA,NA,0
301,4,71,NA,NA,NA,0
302,4,71,NA,NA,NA,0
303,4,71,NA,NA,NA,0
304,4,71,"E",342,NA,0
305,5,72,NA,NA,NA,0
306,5,72,NA,NA,NA,0
307,5,72,NA,NA,NA,0
308,5,72,NA,NA,NA,0
309,5,72,NA,NA,NA,0
310,3,73,NA,NA,NA,0
311,3,73,NA,NA,NA,0
312,3,73,NA,NA,NA,0
313,4,74,NA,NA,NA,0
314,4,74,NA,NA,NA,0
315,4,74,NA,NA,NA,0
316,4,74,NA,NA,NA,0
317,4,75,NA,NA,NA,0
318,4,75,NA,NA,NA,0
319,4,75,NA,NA,NA,0
320,4,75,NA,NA,NA,0
321,4,76,NA,NA,NA,0
322,4,76,NA,NA,NA,0
323,4,76,NA,NA,NA,0
324,4,76,NA,NA,NA,0
325,3,77,NA,NA,NA,0
326,3,77,NA,NA,NA,0
327,3,77,"E",275,NA,0
328,6,78,NA,NA,NA,0
329,6,78,NA,NA,NA,0
330,6,78,NA,NA,NA,0
331,6,78,NA,NA,NA,0
332,6,78,NA,NA,NA,0
333,6,78,NA,NA,NA,0
334,5,79,NA,NA,NA,0
335,5,79,NA,NA,NA,0
336,5,79,NA,NA,NA,0
337,5,79,NA,NA,NA,0
338,5,79,NA,NA,NA,0
339,5,80,NA,NA,NA,0
340,5,80,NA,NA,NA,0
341,5,80,NA,NA,NA,0
342,5,80,NA,NA,NA,0
343,5,80,NA,NA,NA,0
344,4,81,NA,NA,NA,0
345,4,81,NA,NA,NA,0
346,4,81,NA,NA,NA,0
347,4,81,NA,NA,NA,0
348,4,82,NA,NA,NA,0
349,4,82,NA,NA,NA,0
350,4,82,NA,NA,NA,0
351,4,82,NA,NA,NA,0
352,6,83,NA,NA,NA,0
353,6,83,NA,NA,NA,0
354,6,83,NA,NA,NA,0
355,6,83,NA,NA,NA,0
356,6,83,NA,NA,NA,0
357,6,83,"E",78,NA,0
358,3,84,NA,NA,NA,0
359,3,84,NA,NA,NA,0
360,3,84,NA,NA,NA,0
361,6,85,NA,NA,NA,0
362,6,85,NA,NA,NA,0
363,6,85,NA,NA,NA,0
364,6,85,NA,NA,NA,0
365,6,85,NA,NA,NA,0
366,6,85,NA,NA,NA,0
367,5,86,NA,NA,NA,0
368,5,86,NA,NA,NA,0
369,5,86,NA,NA,NA,0
370,5,86,NA,NA,NA,0
371,5,86,NA,NA,NA,0
372,3,87,NA,NA,NA,0
373,3,87,NA,NA,NA,0
374,3,87,NA,NA,NA,0
375,3,88,NA,NA,NA,0
376,3,88,NA,NA,NA,0
377,3,88,NA,NA,NA,0
378,3,89,NA,NA,NA,0
379,3,89,NA,NA,NA,0
380,3,89,NA,NA,NA,0
381,6,90,NA,NA,NA,0
382,6,90,NA,NA,NA,0
383,6,90,NA,NA,NA,0
384,6,90,"E",252,NA,0
385,6,90,NA,NA,NA,0
386,6,90,NA,NA,NA,0
387,5,91,NA,NA,NA,0
388,5,91,NA,NA,NA,0
389,5,91,NA,NA,NA,0
390,5,91,NA,NA,NA,0
391,5,91,NA,NA,NA,0
392,4,92,NA,NA,NA,0
393,4,92,NA,NA,NA,0
394,4,92,NA,NA,NA,0
395,4,92,NA,NA,NA,0
396,4,93,NA,NA,NA,0
397,4,93,NA,NA,NA,0
398,4,93,NA,NA,NA,0
399,4,93,NA,NA,NA,0
400,4,94,NA,NA,NA,0
401,4,94,NA,NA,NA,0
402,4,94,NA,NA,NA,0
403,4,94,"E",199,NA,0
404,3,95,NA,NA,NA,0
405,3,95,NA,NA,NA,0
406,3,95,NA,NA,NA,0
407,5,96,"E",NA,NA,0
408,5,96,NA,NA,NA,0
409,5,96,NA,NA,NA,0
410,5,96,NA,NA,NA,0
411,5,96,NA,NA,NA,0
412,5,97,NA,NA,NA,0
413,5,97,NA,NA,NA,0
414,5,97,NA,NA,NA,0
415,5,97,NA,NA,NA,0
416,5,97,NA,NA,NA,0
417,4,98,NA,NA,NA,0
418,4,98,NA,NA,NA,0
419,4,98,NA,NA,NA,0
420,4,98,NA,NA,NA,0
421,3,99,NA,NA,NA,0
422,3,99,NA,NA,NA,0
423,3,99,NA,NA,NA,0
424,5,100,NA,NA,NA,0
425,5,100,NA,NA,NA,0
426,5,100,NA,NA,NA,0
427,5,100,NA,NA,NA,0
428,5,100,NA,NA,NA,0
429,6,101,NA,NA,NA,0
430,6,101,NA,NA,NA,0
431,6,101,NA,NA,NA,0
432,6,101,NA,NA,NA,0
433,6,101,NA,NA,NA,0
434,6,101,NA,NA,NA,0
435,3,102,NA,NA,NA,0
436,3,102,NA,NA,NA,0
437,3,102,NA,NA,NA,0
438,5,103,NA,NA,NA,0
439,5,103,NA,NA,NA,0
440,5,103,NA,NA,NA,0
441,5,103,NA,NA,NA,0
442,5,103,NA,NA,NA,0
443,6,104,NA,NA,NA,0
444,6,104,NA,NA,NA,0
445,6,104,NA,NA,NA,0
446,6,104,NA,NA,NA,0
447,6,104,NA,NA,NA,0
448,6,104,NA,NA,NA,0
449,3,105,NA,NA,NA,0
450,3,105,"E",105,NA,0
451,3,105,NA,NA,NA,0
452,6,106,NA,NA,NA,0
453,6,106,"E",303,NA,0
454,6,106,NA,NA,NA,0
455,6,106,NA,NA,NA,0
456,6,106,NA,NA,NA,0
457,6,106,NA,NA,NA,0
458,5,107,NA,NA,NA,0
459,5,107,NA,NA,NA,0
460,5,107,NA,NA,NA,0
461,5,107,NA,NA,NA,0
462,5,107,NA,NA,NA,0
463,4,108,NA,NA,NA,0
464,4,108,NA,NA,NA,0
465,4,108,"E",282,NA,0
466,4,108,NA,NA,NA,0
467,4,109,NA,NA,NA,0
468,4,109,NA,NA,NA,0
469,4,109,NA,NA,NA,0
470,4,109,NA,NA,NA,0
471,4,110,"E",153,NA,0
472,4,110,NA,NA,NA,0
473,4,110,NA,NA,NA,0
474,4,110,NA,NA,NA,0
475,5,111,NA,NA,NA,0
476,5,111,NA,NA,NA,0
477,5,111,NA,NA,NA,0
478,5,111,NA,NA,NA,0
479,5,111,NA,NA,NA,0
480,4,112,NA,NA,NA,0
481,4,112,NA,NA,NA,0
482,4,112,NA,NA,NA,0
483,4,112,NA,NA,NA,0
484,3,113,NA,NA,NA,0
485,3,113,NA,NA,NA,0
486,3,113,NA,NA,NA,0
487,3,114,NA,NA,NA,0
488,3,114,NA,NA,NA,0
489,3,114,NA,NA,NA,0
490,5,115,NA,NA,NA,0
491,5,115,NA,NA,NA,0
492,5,115,NA,NA,NA,0
493,5,115,NA,NA,NA,0
494,5,115,NA,NA,NA,0
495,5,116,NA,NA,NA,0
496,5,116,NA,NA,NA,0
497,5,116,NA,NA,NA,0
498,5,116,NA,NA,NA,0
499,5,116,"E",171,NA,0
500,4,117,NA,NA,NA,0
501,4,117,NA,NA,NA,0
502,4,117,NA,NA,NA,0
503,4,117,"E",259,NA,0
504,3,118,NA,NA,NA,0
505,3,118,NA,NA,NA,0
506,3,118,NA,NA,NA,0
507,6,119,NA,NA,NA,0
508,6,119,NA,NA,NA,0
509,6,119,NA,NA,NA,0
510,6,119,"E",NA,NA,0
511,6,119,NA,NA,NA,0
512,6,119,"E",350,NA,0
513,4,120,NA,NA,NA,0
514,4,120,NA,NA,NA,0
515,4,120,NA,NA,NA,0
516,4,120,NA,NA,NA,0
517,4,121,NA,NA,NA,0
518,4,121,NA,NA,NA,0
519,4,121,NA,NA,NA,0
520,4,121,NA,NA,NA,0
521,4,122,NA,NA,NA,0
522,4,122,NA,NA,NA,0
523,4,122,NA,NA,NA,0
524,4,122,NA,NA,NA,0
525,3,123,NA,NA,NA,0
526,3,123,NA,NA,NA,0
527,3,123,NA,NA,NA,0
528,4,124,NA,NA,NA,0
529,4,124,NA,NA,NA,0
530,4,124,NA,NA,NA,0
531,4,124,NA,NA,NA,0
532,4,125,NA,NA,NA,0
533,4,125,NA,NA,NA,0
534,4,125,NA,NA,NA,0
535,4,125,NA,NA,NA,0
536,5,126,NA,NA,NA,0
537,5,126,NA,NA,NA,0
538,5,126,NA,NA,NA,0
539,5,126,NA,NA,NA,0
540,5,126,NA,NA,NA,0
541,6,127,NA,NA,NA,0
542,6,127,"E",320,NA,0
543,6,127,NA,NA,NA,0
544,6,127,NA,NA,NA,0
545,6,127,NA,NA,NA,0
546,6,127,NA,NA,NA,0
547,3,128,NA,NA,NA,0
548,3,128,NA,NA,NA,0
549,3,128,NA,NA,NA,0
550,5,129,NA,NA,NA,0
551,5,129,NA,NA,NA,0
552,5,129,NA,NA,NA,0
553,5,129,NA,NA,NA,0
554,5,129,NA,NA,NA,0
555,6,130,NA,NA,NA,0
556,6,130,NA,NA,NA,0
557,6,130,NA,NA,NA,0
558,6,130,NA,NA,NA,0
559,6,130,NA,NA,NA,0
560,6,130,NA,NA,NA,0
561,3,131,NA,NA,NA,0
562,3,131,NA,NA,NA,0
563,3,131,NA,NA,NA,0
564,4,132,NA,NA,NA,0
565,4,132,NA,NA,NA,0
566,4,132,NA,NA,NA,0
567,4,132,NA,NA,NA,0
568,5,133,NA,NA,NA,0
569,5,133,NA,NA,NA,0
570,5,133,"E",284,NA,0
571,5,133,NA,NA,NA,0
572,5,133,NA,NA,NA,0
573,5,134,NA,NA,NA,0
574,5,134,NA,NA,NA,0
575,5,134,NA,NA,NA,0
576,5,134,NA,NA,NA,0
577,5,134,NA,NA,NA,0
578,5,135,NA,NA,NA,0
579,5,135,NA,NA,NA,0
580,5,135,NA,NA,NA,0
581,5,135,NA,NA,NA,0
582,5,135,NA,NA,NA,0
583,4,136,NA,NA,NA,0
584,4,136,NA,NA,NA,0
585,4,136,NA,NA,NA,0
586,4,136,NA,NA,NA,0
587,6,137,NA,NA,NA,0
588,6,137,NA,NA,NA,0
589,6,137,NA,NA,NA,0
590,6,137,NA,NA,NA,0
591,6,137,NA,NA,NA,0
592,6,137,NA,NA,NA,0
593,5,138,NA,NA,NA,0
594,5,138,NA,NA,NA,0
595,5,138,NA,NA,NA,0
596,5,138,NA,NA,NA,0
597,5,138,NA,NA,NA,0
598,6,139,NA,NA,NA,0
599,6,139,NA,NA,NA,0
600,6,139,NA,NA,NA,0
601,6,139,NA,NA,NA,0
602,6,139,NA,NA,NA,0
603,6,139,NA,NA,NA,0
604,6,140,NA,NA,NA,0
605,6,140,NA,NA,NA,0
606,6,140,NA,NA,NA,0
607,6,140,NA,NA,NA,0
608,6,140,NA,NA,NA,0
609,6,140,NA,NA,NA,0
610,6,141,NA,NA,NA,0
611,6,141,"E",69,NA,0
612,6,141,NA,NA,NA,0
613,6,141,NA,NA,NA,0
614,6,141,NA,NA,NA,0
615,6,141,"E",268,NA,0
616,4,142,NA,NA,NA,0
617,4,142,NA,NA,NA,0
618,4,142,NA,NA,NA,0
619,4,142,NA,NA,NA,0
620,3,143,NA,NA,NA,0
621,3,143,NA,NA,NA,0
622,3,143,NA,NA,NA,0
623,3,144,NA,NA,NA,0
624,3,144,NA,NA,NA,0
625,3,144,NA,NA,NA,0
626,5,145,NA,NA,NA,0
627,5,145,NA,NA,NA,0
628,5,145,NA,NA,NA,0
629,5,145,NA,NA,NA,0
630,5,145,NA,NA,NA,0
631,5,146,NA,NA,NA,0
632,5,146,NA,NA,NA,0
633,5,146,NA,NA,NA,0
634,5,146,NA,NA,NA,0
635,5,146,NA,NA,NA,0
636,5,147,NA,NA,NA,0
637,5,147,NA,NA,NA,0
638,5,147,NA,NA,NA,0
639,5,147,NA,NA,NA,0
640,5,147,NA,NA,NA,0
641,6,148,NA,NA,NA,0
642,6,148,NA,NA,NA,0
643,6,148,NA,NA,NA,0
644,6,148,NA,NA,NA,0
645,6,148,NA,NA,NA,0
646,6,148,NA,NA,NA,0
647,3,149,NA,NA,NA,0
648,3,149,NA,NA,NA,0
649,3,149,NA,NA,NA,0
650,6,150,NA,NA,NA,0
651,6,150,NA,NA,NA,0
652,6,150,NA,NA,NA,0
653,6,150,NA,NA,NA,0
654,6,150,NA,NA,NA,0
655,6,150,NA,NA,NA,0
656,3,151,NA,NA,NA,0
657,3,151,NA,NA,NA,0
658,3,151,NA,NA,NA,0
659,5,152,NA,NA,NA,0
660,5,152,"E",344,NA,0
661,5,152,NA,NA,NA,0
662,5,152,NA,NA,NA,0
663,5,152,"E",NA,NA,0
664,6,153,NA,NA,NA,0
665,6,153,NA,NA,NA,0
666,6,153,NA,NA,NA,0
667,6,153,NA,NA,NA,0
668,6,153,"E",152,NA,0
669,6,153,NA,NA,NA,0
670,5,154,NA,NA,NA,0
671,5,154,"E",213,NA,0
672,5,154,NA,NA,NA,0
673,5,154,NA,NA,NA,0
674,5,154,NA,NA,NA,0
675,5,155,NA,NA,NA,0
676,5,155,NA,NA,NA,0
677,5,155,NA,NA,NA,0
678,5,155,NA,NA,NA,0
679,5,155,NA,NA,NA,0
680,3,156,NA,NA,NA,0
681,3,156,"E",178,NA,0
682,3,156,NA,NA,NA,0
683,4,157,NA,NA,NA,0
684,4,157,NA,NA,NA,0
685,4,157,NA,NA,NA,0
686,4,157,NA,NA,NA,0
687,4,158,NA,NA,NA,0
688,4,158,NA,NA,NA,0
689,4,158,NA,NA,NA,0
690,4,158,NA,NA,NA,0
691,3,159,NA,NA,NA,0
692,3,159,NA,NA,NA,0
693,3,159,NA,NA,NA,0
694,6,160,NA,NA,NA,0
695,6,160,NA,NA,NA,0
696,6,160,NA,NA,NA,0
697,6,160,"E",NA,NA,0
698,6,160,NA,NA,NA,0
699,6,160,NA,NA,NA,0
700,5,161,NA,NA,NA,0
701,5,161,NA,NA,NA,0
702,5,161,NA,NA,NA,0
703,5,161,NA,NA,NA,0
704,5,161,NA,NA,NA,0
705,6,162,NA,NA,NA,0
706,6,162,NA,NA,NA,0
707,6,162,NA,NA,NA,0
708,6,162,NA,NA,NA,0
709,6,162,NA,NA,NA,0
710,6,162,"E",310,NA,0
711,5,163,NA,NA,NA,0
712,5,163,NA,NA,NA,0
713,5,163,NA,NA,NA,0
714,5,163,"E",207,NA,0
715,5,163,NA,NA,NA,0
716,5,164,NA,NA,NA,0
717,5,164,NA,NA,NA,0
718,5,164,NA,NA,NA,0
719,5,164,NA,NA,NA,0
720,5,164,NA,NA,NA,0
721,5,165,"E",NA,NA,0
722,5,165,NA,NA,NA,0
723,5,165,NA,NA,NA,0
724,5,165,NA,NA,NA,0
725,5,165,NA,NA,NA,0
726,4,166,NA,NA,NA,0
727,4,166,NA,NA,NA,0
728,4,166,NA,NA,NA,0
729,4,166,NA,NA,NA,0
730,5,167,NA,NA,NA,0
731,5,167,NA,NA,NA,0
732,5,167,NA,NA,NA,0
733,5,167,NA,NA,NA,0
734,5,167,NA,NA,NA,0
735,4,168,NA,NA,NA,0
736,4,168,"E",112,NA,0
737,4,168,NA,NA,NA,0
738,4,168,NA,NA,NA,0
739,4,169,NA,NA,NA,0
740,4,169,NA,NA,NA,0
741,4,169,NA,NA,NA,0
742,4,169,"E",161,NA,0
743,5,170,NA,NA,NA,0
744,5,170,NA,NA,NA,0
745,5,170,NA,NA,NA,0
746,5,170,NA,NA,NA,0
747,5,170,NA,NA,NA,0
748,6,171,NA,NA,NA,0
749,6,171,NA,NA,NA,0
750,6,171,NA,NA,NA,0
751,6,171,NA,NA,NA,0
752,6,171,NA,NA,NA,0
753,6,171,NA,NA,NA,0
754,6,172,NA,NA,NA,0
755,6,172,NA,NA,NA,0
756,6,172,"E",97,NA,0
757,6,172,NA,NA,NA,0
758,6,172,NA,NA,NA,0
759,6,172,"E",240,NA,0
760,4,173,NA,NA,NA,0
761,4,173,NA,NA,NA,0
762,4,173,NA,NA,NA,0
763,4,173,NA,NA,NA,0
764,3,174,NA,NA,NA,0
765,3,174,NA,NA,NA,0
766,3,174,NA,NA,NA,0
767,3,175,NA,NA,NA,0
768,3,175,NA,NA,NA,0
769,3,175,NA,NA,NA,0
770,6,176,NA,NA,NA,0
771,6,176,NA,NA,NA,0
772,6,176,NA,NA,NA,0
773,6,176,NA,NA,NA,0
774,6,176,NA,NA,NA,0
775,6,176,NA,NA,NA,0
776,3,177,NA,NA,NA,0
777,3,177,NA,NA,NA,0
778,3,177,NA,NA,NA,0
779,5,178,NA,NA,NA,0
780,5,178,NA,NA,NA,0
781,5,178,NA,NA,NA,0
782,5,178,NA,NA,NA,0
783,5,178,NA,NA,NA,0
784,5,179,NA,NA,NA,0
785,5,179,NA,NA,NA,0
786,5,179,NA,NA,NA,0
787,5,179,NA,NA,NA,0
788,5,179,NA,NA,NA,0
789,3,180,NA,NA,NA,0
790,3,180,NA,NA,NA,0
791,3,180,NA,NA,NA,0
792,5,181,NA,NA,NA,0
793,5,181,NA,NA,NA,0
794,5,181,NA,NA,NA,0
795,5,181,NA,NA,NA,0
796,5,181,NA,NA,NA,0
797,6,182,NA,NA,NA,0
798,6,182,NA,NA,NA,0
799,6,182,NA,NA,NA,0
800,6,182,NA,NA,NA,0
801,6,182,NA,NA,NA,0
802,6,182,NA,NA,NA,0
803,6,183,NA,NA,NA,0
804,6,183,NA,NA,NA,0
805,6,183,NA,NA,NA,0
806,6,183,NA,NA,NA,0
807,6,183,NA,NA,NA,0
808,6,183,NA,NA,NA,0
809,6,184,NA,NA,NA,0
810,6,184,NA,NA,NA,0
811,6,184,NA,NA,NA,0
812,6,184,NA,NA,NA,0
813,6,184,"E",337,NA,0
814,6,184,NA,NA,NA,0
815,5,185,NA,NA,NA,0
816,5,185,NA,NA,NA,0
817,5,185,NA,NA,NA,0
818,5,185,NA,NA,NA,0
819,5,185,NA,NA,NA,0
820,3,186,NA,NA,NA,0
821,3,186,NA,NA,NA,0
822,3,186,NA,NA,NA,0
823,5,187,NA,NA,NA,0
824,5,187,NA,NA,NA,0
825,5,187,NA,NA,NA,0
826,5,187,NA,NA,NA,0
827,5,187,NA,NA,NA,0
828,4,188,NA,NA,NA,0
829,4,188,NA,NA,NA,0
830,4,188,NA,NA,NA,0
831,4,188,NA,NA,NA,0
832,6,189,NA,NA,NA,0
833,6,189,NA,NA,NA,0
834,6,189,NA,NA,NA,0
835,6,189,NA,NA,NA,0
836,6,189,NA,NA,NA,0
837,6,189,NA,NA,NA,0
838,5,190,NA,NA,NA,0
839,5,190,NA,NA,NA,0
840,5,190,NA,NA,NA,0
841,5,190,"E",311,NA,0
842,5,190,NA,NA,NA,0
843,5,191,NA,NA,NA,0
844,5,191,NA,NA,NA,0
845,5,191,NA,NA,NA,0
846,5,191,NA,NA,NA,0
847,5,191,NA,NA,NA,0
848,3,192,NA,NA,NA,0
849,3,192,NA,NA,NA,0
850,3,192,"E",216,NA,0
851,3,193,"E",317,NA,0
852,3,193,NA,NA,NA,0
853,3,193,NA,NA,NA,0
854,6,194,NA,NA,NA,0
855,6,194,NA,NA,NA,0
856,6,194,NA,NA,NA,0
857,6,194,NA,NA,NA,0
858,6,194,NA,NA,NA,0
859,6,194,NA,NA,NA,0
860,6,195,NA,NA,NA,0
861,6,195,"E",316,NA,0
862,6,195,NA,NA,NA,0
863,6,195,NA,NA,NA,0
864,6,195,NA,NA,NA,0
865,6,195,NA,NA,NA,0
866,3,196,NA,NA,NA,0
867,3,196,NA,NA,NA,0
868,3,196,NA,NA,NA,0
869,5,197,NA,NA,NA,0
870,5,197,NA,NA,NA,0
871,5,197,NA,NA,NA,0
872,5,197,NA,NA,NA,0
873,5,197,NA,NA,NA,0
874,3,198,NA,NA,NA,0
875,3,198,NA,NA,NA,0
876,3,198,NA,NA,NA,0
877,6,199,NA,NA,NA,0
878,6,199,NA,NA,NA,0
879,6,199,NA,NA,NA,0
880,6,199,NA,NA,NA,0
881,6,199,NA,NA,NA,0
882,6,199,NA,NA,NA,0
883,4,200,NA,NA,NA,0
884,4,200,NA,NA,NA,0
885,4,200,NA,NA,NA,0
886,4,200,NA,NA,NA,0
887,5,201,NA,NA,NA,0
888,5,201,NA,NA,NA,0
889,5,201,"E",NA,NA,0
890,5,201,NA,NA,NA,0
891,5,201,"E",116,NA,0
892,3,202,NA,NA,NA,0
893,3,202,NA,NA,NA,0
894,3,202,NA,NA,NA,0
895,4,203,NA,NA,NA,0
896,4,203,NA,NA,NA,0
897,4,203,NA,NA,NA,0
898,4,203,NA,NA,NA,0
899,6,204,NA,NA,NA,0
900,6,204,NA,NA,NA,0
901,6,204,NA,NA,NA,0
902,6,204,"E",240,NA,0
903,6,204,NA,NA,NA,0
904,6,204,NA,NA,NA,0
905,5,205,NA,NA,NA,0
906,5,205,NA,NA,NA,0
907,5,205,NA,NA,NA,0
908,5,205,NA,NA,NA,0
909,5,205,NA,NA,NA,0
910,3,206,NA,NA,NA,0
911,3,206,NA,NA,NA,0
912,3,206,NA,NA,NA,0
913,5,207,NA,NA,NA,0
914,5,207,NA,NA,NA,0
915,5,207,NA,NA,NA,0
916,5,207,NA,NA,NA,0
917,5,207,NA,NA,NA,0
918,5,208,NA,NA,NA,0
919,5,208,NA,NA,NA,0
920,5,208,NA,NA,NA,0
921,5,208,"E",NA,NA,0
922,5,208,NA,NA,NA,0
923,4,209,NA,NA,NA,0
924,4,209,NA,NA,NA,0
925,4,209,NA,NA,NA,0
926,4,209,"E",297,NA,0
927,4,210,NA,NA,NA,0
928,4,210,NA,NA,NA,0
929,4,210,NA,NA,NA,0
930,4,210,NA,NA,NA,0
931,6,211,NA,NA,NA,0
932,6,211,"E",341,NA,0
933,6,211,NA,NA,NA,0
934,6,211,NA,NA,NA,0
935,6,211,NA,NA,NA,0
936,6,211,NA,NA,NA,0
937,5,212,NA,NA,NA,0
938,5,212,NA,NA,NA,0
939,5,212,NA,NA,NA,0
940,5,212,NA,NA,NA,0
941,5,212,NA,NA,NA,0
942,6,213,NA,NA,NA,0
943,6,213,NA,NA,NA,0
944,6,213,NA,NA,NA,0
945,6,213,NA,NA,NA,0
946,6,213,NA,NA,NA,0
947,6,213,NA,NA,NA,0
948,4,214,NA,NA,NA,0
949,4,214,"E",204,NA,0
950,4,214,NA,NA,NA,0
951,4,214,NA,NA,NA,0
952,4,215,NA,NA,NA,0
953,4,215,NA,NA,NA,0
954,4,215,NA,NA,NA,0
955,4,215,NA,NA,NA,0
956,5,216,NA,NA,NA,0
957,5,216,NA,NA,NA,0
958,5,216,NA,NA,NA,0
959,5,216,NA,NA,NA,0
960,5,216,NA,NA,NA,0
961,6,217,NA,NA,NA,0
962,6,217,NA,NA,NA,0
963,6,217,NA,NA,NA,0
964,6,217,NA,NA,NA,0
965,6,217,NA,NA,NA,0
966,6,217,NA,NA,NA,0
967,3,218,NA,NA,NA,0
968,3,218,NA,NA,NA,0
969,3,218,NA,NA,NA,0
970,5,219,NA,NA,NA,0
971,5,219,NA,NA,NA,0
972,5,219,"E",233,NA,0
973,5,219,NA,NA,NA,0
974,5,219,NA,NA,NA,0
975,3,220,NA,NA,NA,0
976,3,220,NA,NA,NA,0
977,3,220,"E",247,NA,0
978,3,221,NA,NA,NA,0
979,3,221,NA,NA,NA,0
980,3,221,NA,NA,NA,0
981,3,222,NA,NA,NA,0
982,3,222,NA,NA,NA,0
983,3,222,NA,NA,NA,0
984,5,223,NA,NA,NA,0
985,5,223,NA,NA,NA,0
986,5,223,NA,NA,NA,0
987,5,223,NA,NA,NA,0
988,5,223,NA,NA,NA,0
989,3,224,NA,NA,NA,0
990,3,224,NA,NA,NA,0
991,3,224,NA,NA,NA,0
992,6,225,NA,NA,NA,0
993,6,225,NA,NA,NA,0
994,6,225,NA,NA,NA,0
995,6,225,NA,NA,NA,0
996,6,225,NA,NA,NA,0
997,6,225,NA,NA,NA,0
998,3,226,NA,NA,NA,0
999,3,226,NA,NA,NA,0
1000,3,226,NA,NA,NA,0
