"ID","SIZE","HH","TYPE","TIME","S_num","I_num"
1,5,1,"0",55,NA,0
2,5,1,NA,NA,NA,0
3,5,1,NA,NA,NA,0
4,5,1,NA,NA,NA,0
5,5,1,NA,NA,NA,0
6,4,2,NA,NA,NA,0
7,4,2,NA,NA,NA,0
8,4,2,NA,NA,NA,0
9,4,2,NA,NA,NA,0
10,5,3,NA,NA,NA,0
11,5,3,NA,NA,NA,0
12,5,3,NA,NA,NA,0
13,5,3,NA,NA,NA,0
14,5,3,NA,NA,NA,0
15,5,4,NA,NA,NA,0
16,5,4,NA,NA,NA,0
17,5,4,NA,NA,NA,0
18,5,4,NA,NA,NA,0
19,5,4,NA,NA,NA,0
20,6,5,NA,NA,NA,0
21,6,5,NA,NA,NA,0
22,6,5,NA,NA,NA,0
23,6,5,NA,NA,NA,0
24,6,5,NA,NA,NA,0
25,6,5,NA,NA,NA,0
26,6,6,NA,NA,NA,0
27,6,6,NA,NA,NA,0
28,6,6,NA,NA,NA,0
29,6,6,NA,NA,NA,0
30,6,6,NA,NA,NA,0
31,6,6,NA,NA,NA,0
32,3,7,"E",NA,NA,0
33,3,7,NA,NA,NA,0
34,3,7,NA,NA,NA,0
35,4,8,NA,NA,NA,0
36,4,8,NA,NA,NA,0
37,4,8,"E",NA,NA,0
38,4,8,NA,NA,NA,0
39,5,9,NA,NA,NA,0
40,5,9,NA,NA,NA,0
41,5,9,NA,NA,NA,0
42,5,9,NA,NA,NA,0
43,5,9,NA,NA,NA,0
44,5,10,NA,NA,NA,0
45,5,10,NA,NA,NA,0
46,5,10,NA,NA,NA,0
47,5,10,NA,NA,NA,0
48,5,10,NA,NA,NA,0
49,5,11,NA,NA,NA,0
50,5,11,NA,NA,NA,0
51,5,11,NA,NA,NA,0
52,5,11,NA,NA,NA,0
53,5,11,NA,NA,NA,0
54,5,12,NA,NA,NA,0
55,5,12,NA,NA,NA,0
56,5,12,NA,NA,NA,0
57,5,12,NA,NA,NA,0
58,5,12,NA,NA,NA,0
59,4,13,NA,NA,NA,0
60,4,13,"E",327,NA,0
61,4,13,NA,NA,NA,0
62,4,13,NA,NA,NA,0
63,6,14,NA,NA,NA,0
64,6,14,NA,NA,NA,0
65,6,14,NA,NA,NA,0
66,6,14,NA,NA,NA,0
67,6,14,NA,NA,NA,0
68,6,14,NA,NA,NA,0
69,5,15,NA,NA,NA,0
70,5,15,NA,NA,NA,0
71,5,15,NA,NA,NA,0
72,5,15,NA,NA,NA,0
73,5,15,NA,NA,NA,0
74,4,16,NA,NA,NA,0
75,4,16,NA,NA,NA,0
76,4,16,NA,NA,NA,0
77,4,16,NA,NA,NA,0
78,3,17,NA,NA,NA,0
79,3,17,NA,NA,NA,0
80,3,17,NA,NA,NA,0
81,3,18,NA,NA,NA,0
82,3,18,"E",270,NA,0
83,3,18,NA,NA,NA,0
84,5,19,NA,NA,NA,0
85,5,19,NA,NA,NA,0
86,5,19,NA,NA,NA,0
87,5,19,NA,NA,NA,0
88,5,19,NA,NA,NA,0
89,5,20,NA,NA,NA,0
90,5,20,NA,NA,NA,0
91,5,20,NA,NA,NA,0
92,5,20,NA,NA,NA,0
93,5,20,"E",320,NA,0
94,6,21,NA,NA,NA,0
95,6,21,NA,NA,NA,0
96,6,21,NA,NA,NA,0
97,6,21,NA,NA,NA,0
98,6,21,NA,NA,NA,0
99,6,21,NA,NA,NA,0
100,5,22,NA,NA,NA,0
101,5,22,NA,NA,NA,0
102,5,22,NA,NA,NA,0
103,5,22,NA,NA,NA,0
104,5,22,NA,NA,NA,0
105,4,23,NA,NA,NA,0
106,4,23,NA,NA,NA,0
107,4,23,NA,NA,NA,0
108,4,23,NA,NA,NA,0
109,6,24,NA,NA,NA,0
110,6,24,NA,NA,NA,0
111,6,24,NA,NA,NA,0
112,6,24,NA,NA,NA,0
113,6,24,NA,NA,NA,0
114,6,24,NA,NA,NA,0
115,6,25,NA,NA,NA,0
116,6,25,NA,NA,NA,0
117,6,25,NA,NA,NA,0
118,6,25,NA,NA,NA,0
119,6,25,NA,NA,NA,0
120,6,25,NA,NA,NA,0
121,3,26,NA,NA,NA,0
122,3,26,NA,NA,NA,0
123,3,26,"E",262,NA,0
124,4,27,NA,NA,NA,0
125,4,27,"E",NA,NA,0
126,4,27,NA,NA,NA,0
127,4,27,NA,NA,NA,0
128,5,28,NA,NA,NA,0
129,5,28,NA,NA,NA,0
130,5,28,NA,NA,NA,0
131,5,28,NA,NA,NA,0
132,5,28,NA,NA,NA,0
133,3,29,NA,NA,NA,0
134,3,29,NA,NA,NA,0
135,3,29,NA,NA,NA,0
136,4,30,NA,NA,NA,0
137,4,30,NA,NA,NA,0
138,4,30,NA,NA,NA,0
139,4,30,NA,NA,NA,0
140,6,31,NA,NA,NA,0
141,6,31,NA,NA,NA,0
142,6,31,NA,NA,NA,0
143,6,31,NA,NA,NA,0
144,6,31,NA,NA,NA,0
145,6,31,NA,NA,NA,0
146,5,32,NA,NA,NA,0
147,5,32,NA,NA,NA,0
148,5,32,NA,NA,NA,0
149,5,32,"E",175,NA,0
150,5,32,NA,NA,NA,0
151,4,33,NA,NA,NA,0
152,4,33,NA,NA,NA,0
153,4,33,NA,NA,NA,0
154,4,33,NA,NA,NA,0
155,4,34,NA,NA,NA,0
156,4,34,"E",356,NA,0
157,4,34,NA,NA,NA,0
158,4,34,NA,NA,NA,0
159,3,35,NA,NA,NA,0
160,3,35,NA,NA,NA,0
161,3,35,NA,NA,NA,0
162,5,36,"E",252,NA,0
163,5,36,NA,NA,NA,0
164,5,36,NA,NA,NA,0
165,5,36,NA,NA,NA,0
166,5,36,"E",NA,NA,0
167,5,37,NA,NA,NA,0
168,5,37,NA,NA,NA,0
169,5,37,NA,NA,NA,0
170,5,37,"E",314,NA,0
171,5,37,NA,NA,NA,0
172,3,38,NA,NA,NA,0
173,3,38,NA,NA,NA,0
174,3,38,NA,NA,NA,0
175,5,39,"E",260,NA,0
176,5,39,NA,NA,NA,0
177,5,39,NA,NA,NA,0
178,5,39,NA,NA,NA,0
179,5,39,NA,NA,NA,0
180,5,40,NA,NA,NA,0
181,5,40,NA,NA,NA,0
182,5,40,NA,NA,NA,0
183,5,40,NA,NA,NA,0
184,5,40,NA,NA,NA,0
185,5,41,NA,NA,NA,0
186,5,41,NA,NA,NA,0
187,5,41,NA,NA,NA,0
188,5,41,NA,NA,NA,0
189,5,41,NA,NA,NA,0
190,4,42,NA,NA,NA,0
191,4,42,NA,NA,NA,0
192,4,42,NA,NA,NA,0
193,4,42,NA,NA,NA,0
194,6,43,NA,NA,NA,0
195,6,43,"E",NA,NA,0
196,6,43,NA,NA,NA,0
197,6,43,NA,NA,NA,0
198,6,43,NA,NA,NA,0
199,6,43,NA,NA,NA,0
200,3,44,NA,NA,NA,0
201,3,44,NA,NA,NA,0
202,3,44,"E",304,NA,0
203,4,45,NA,NA,NA,0
204,4,45,"E",112,NA,0
205,4,45,NA,NA,NA,0
206,4,45,NA,NA,NA,0
207,5,46,NA,NA,NA,0
208,5,46,NA,NA,NA,0
209,5,46,NA,NA,NA,0
210,5,46,NA,NA,NA,0
211,5,46,NA,NA,NA,0
212,5,47,NA,NA,NA,0
213,5,47,NA,NA,NA,0
214,5,47,NA,NA,NA,0
215,5,47,NA,NA,NA,0
216,5,47,NA,NA,NA,0
217,4,48,NA,NA,NA,0
218,4,48,NA,NA,NA,0
219,4,48,"E",270,NA,0
220,4,48,NA,NA,NA,0
221,4,49,NA,NA,NA,0
222,4,49,NA,NA,NA,0
223,4,49,NA,NA,NA,0
224,4,49,NA,NA,NA,0
225,6,50,NA,NA,NA,0
226,6,50,NA,NA,NA,0
227,6,50,NA,NA,NA,0
228,6,50,NA,NA,NA,0
229,6,50,NA,NA,NA,0
230,6,50,"E",200,NA,0
231,5,51,NA,NA,NA,0
232,5,51,NA,NA,NA,0
233,5,51,NA,NA,NA,0
234,5,51,NA,NA,NA,0
235,5,51,NA,NA,NA,0
236,6,52,NA,NA,NA,0
237,6,52,NA,NA,NA,0
238,6,52,NA,NA,NA,0
239,6,52,NA,NA,NA,0
240,6,52,NA,NA,NA,0
241,6,52,NA,NA,NA,0
242,5,53,NA,NA,NA,0
243,5,53,NA,NA,NA,0
244,5,53,NA,NA,NA,0
245,5,53,NA,NA,NA,0
246,5,53,NA,NA,NA,0
247,3,54,NA,NA,NA,0
248,3,54,NA,NA,NA,0
249,3,54,NA,NA,NA,0
250,5,55,NA,NA,NA,0
251,5,55,NA,NA,NA,0
252,5,55,NA,NA,NA,0
253,5,55,NA,NA,NA,0
254,5,55,NA,NA,NA,0
255,5,56,NA,NA,NA,0
256,5,56,NA,NA,NA,0
257,5,56,NA,NA,NA,0
258,5,56,NA,NA,NA,0
259,5,56,NA,NA,NA,0
260,4,57,NA,NA,NA,0
261,4,57,NA,NA,NA,0
262,4,57,"E",281,NA,0
263,4,57,NA,NA,NA,0
264,6,58,NA,NA,NA,0
265,6,58,NA,NA,NA,0
266,6,58,NA,NA,NA,0
267,6,58,NA,NA,NA,0
268,6,58,NA,NA,NA,0
269,6,58,"E",303,NA,0
270,4,59,NA,NA,NA,0
271,4,59,NA,NA,NA,0
272,4,59,NA,NA,NA,0
273,4,59,NA,NA,NA,0
274,5,60,NA,NA,NA,0
275,5,60,NA,NA,NA,0
276,5,60,"E",75,NA,0
277,5,60,NA,NA,NA,0
278,5,60,NA,NA,NA,0
279,6,61,NA,NA,NA,0
280,6,61,NA,NA,NA,0
281,6,61,NA,NA,NA,0
282,6,61,NA,NA,NA,0
283,6,61,NA,NA,NA,0
284,6,61,NA,NA,NA,0
285,5,62,NA,NA,NA,0
286,5,62,NA,NA,NA,0
287,5,62,NA,NA,NA,0
288,5,62,NA,NA,NA,0
289,5,62,NA,NA,NA,0
290,3,63,NA,NA,NA,0
291,3,63,NA,NA,NA,0
292,3,63,NA,NA,NA,0
293,4,64,NA,NA,NA,0
294,4,64,NA,NA,NA,0
295,4,64,NA,NA,NA,0
296,4,64,NA,NA,NA,0
297,3,65,NA,NA,NA,0
298,3,65,"E",207,NA,0
299,3,65,NA,NA,NA,0
300,4,66,"E",279,NA,0
301,4,66,NA,NA,NA,0
302,4,66,NA,NA,NA,0
303,4,66,NA,NA,NA,0
304,5,67,NA,NA,NA,0
305,5,67,NA,NA,NA,0
306,5,67,NA,NA,NA,0
307,5,67,NA,NA,NA,0
308,5,67,NA,NA,NA,0
309,4,68,"E",NA,NA,0
310,4,68,NA,NA,NA,0
311,4,68,NA,NA,NA,0
312,4,68,NA,NA,NA,0
313,6,69,NA,NA,NA,0
314,6,69,NA,NA,NA,0
315,6,69,NA,NA,NA,0
316,6,69,NA,NA,NA,0
317,6,69,NA,NA,NA,0
318,6,69,NA,NA,NA,0
319,6,70,"E",143,NA,0
320,6,70,NA,NA,NA,0
321,6,70,NA,NA,NA,0
322,6,70,NA,NA,NA,0
323,6,70,NA,NA,NA,0
324,6,70,NA,NA,NA,0
325,6,71,NA,NA,NA,0
326,6,71,NA,NA,NA,0
327,6,71,NA,NA,NA,0
328,6,71,NA,NA,NA,0
329,6,71,NA,NA,NA,0
330,6,71,NA,NA,NA,0
331,3,72,NA,NA,NA,0
332,3,72,"E",360,NA,0
333,3,72,NA,NA,NA,0
334,3,73,NA,NA,NA,0
335,3,73,NA,NA,NA,0
336,3,73,NA,NA,NA,0
337,3,74,"E",138,NA,0
338,3,74,NA,NA,NA,0
339,3,74,NA,NA,NA,0
340,6,75,"E",302,NA,0
341,6,75,NA,NA,NA,0
342,6,75,NA,NA,NA,0
343,6,75,NA,NA,NA,0
344,6,75,NA,NA,NA,0
345,6,75,NA,NA,NA,0
346,5,76,NA,NA,NA,0
347,5,76,NA,NA,NA,0
348,5,76,NA,NA,NA,0
349,5,76,NA,NA,NA,0
350,5,76,NA,NA,NA,0
351,4,77,NA,NA,NA,0
352,4,77,NA,NA,NA,0
353,4,77,NA,NA,NA,0
354,4,77,NA,NA,NA,0
355,4,78,NA,NA,NA,0
356,4,78,NA,NA,NA,0
357,4,78,NA,NA,NA,0
358,4,78,NA,NA,NA,0
359,4,79,NA,NA,NA,0
360,4,79,NA,NA,NA,0
361,4,79,NA,NA,NA,0
362,4,79,NA,NA,NA,0
363,3,80,NA,NA,NA,0
364,3,80,NA,NA,NA,0
365,3,80,NA,NA,NA,0
366,4,81,NA,NA,NA,0
367,4,81,NA,NA,NA,0
368,4,81,NA,NA,NA,0
369,4,81,NA,NA,NA,0
370,6,82,NA,NA,NA,0
371,6,82,NA,NA,NA,0
372,6,82,NA,NA,NA,0
373,6,82,NA,NA,NA,0
374,6,82,NA,NA,NA,0
375,6,82,NA,NA,NA,0
376,3,83,"E",242,NA,0
377,3,83,NA,NA,NA,0
378,3,83,NA,NA,NA,0
379,5,84,NA,NA,NA,0
380,5,84,"E",322,NA,0
381,5,84,"E",204,NA,0
382,5,84,NA,NA,NA,0
383,5,84,NA,NA,NA,0
384,4,85,NA,NA,NA,0
385,4,85,NA,NA,NA,0
386,4,85,NA,NA,NA,0
387,4,85,NA,NA,NA,0
388,4,86,NA,NA,NA,0
389,4,86,NA,NA,NA,0
390,4,86,NA,NA,NA,0
391,4,86,"E",236,NA,0
392,3,87,NA,NA,NA,0
393,3,87,"E",246,NA,0
394,3,87,NA,NA,NA,0
395,3,88,NA,NA,NA,0
396,3,88,NA,NA,NA,0
397,3,88,NA,NA,NA,0
398,4,89,NA,NA,NA,0
399,4,89,NA,NA,NA,0
400,4,89,NA,NA,NA,0
401,4,89,NA,NA,NA,0
402,5,90,NA,NA,NA,0
403,5,90,NA,NA,NA,0
404,5,90,NA,NA,NA,0
405,5,90,NA,NA,NA,0
406,5,90,NA,NA,NA,0
407,4,91,NA,NA,NA,0
408,4,91,"E",345,NA,0
409,4,91,NA,NA,NA,0
410,4,91,NA,NA,NA,0
411,5,92,NA,NA,NA,0
412,5,92,NA,NA,NA,0
413,5,92,NA,NA,NA,0
414,5,92,NA,NA,NA,0
415,5,92,NA,NA,NA,0
416,6,93,NA,NA,NA,0
417,6,93,NA,NA,NA,0
418,6,93,"E",356,NA,0
419,6,93,NA,NA,NA,0
420,6,93,NA,NA,NA,0
421,6,93,NA,NA,NA,0
422,3,94,NA,NA,NA,0
423,3,94,NA,NA,NA,0
424,3,94,NA,NA,NA,0
425,4,95,NA,NA,NA,0
426,4,95,NA,NA,NA,0
427,4,95,NA,NA,NA,0
428,4,95,NA,NA,NA,0
429,6,96,NA,NA,NA,0
430,6,96,NA,NA,NA,0
431,6,96,NA,NA,NA,0
432,6,96,NA,NA,NA,0
433,6,96,"E",306,NA,0
434,6,96,NA,NA,NA,0
435,3,97,NA,NA,NA,0
436,3,97,NA,NA,NA,0
437,3,97,NA,NA,NA,0
438,3,98,NA,NA,NA,0
439,3,98,NA,NA,NA,0
440,3,98,NA,NA,NA,0
441,4,99,NA,NA,NA,0
442,4,99,NA,NA,NA,0
443,4,99,NA,NA,NA,0
444,4,99,NA,NA,NA,0
445,4,100,NA,NA,NA,0
446,4,100,"E",169,NA,0
447,4,100,NA,NA,NA,0
448,4,100,NA,NA,NA,0
449,6,101,NA,NA,NA,0
450,6,101,NA,NA,NA,0
451,6,101,NA,NA,NA,0
452,6,101,NA,NA,NA,0
453,6,101,NA,NA,NA,0
454,6,101,NA,NA,NA,0
455,5,102,NA,NA,NA,0
456,5,102,NA,NA,NA,0
457,5,102,"E",340,NA,0
458,5,102,NA,NA,NA,0
459,5,102,NA,NA,NA,0
460,5,103,NA,NA,NA,0
461,5,103,NA,NA,NA,0
462,5,103,NA,NA,NA,0
463,5,103,NA,NA,NA,0
464,5,103,"E",213,NA,0
465,4,104,NA,NA,NA,0
466,4,104,NA,NA,NA,0
467,4,104,NA,NA,NA,0
468,4,104,"E",220,NA,0
469,3,105,NA,NA,NA,0
470,3,105,NA,NA,NA,0
471,3,105,NA,NA,NA,0
472,6,106,NA,NA,NA,0
473,6,106,NA,NA,NA,0
474,6,106,NA,NA,NA,0
475,6,106,NA,NA,NA,0
476,6,106,NA,NA,NA,0
477,6,106,NA,NA,NA,0
478,4,107,NA,NA,NA,0
479,4,107,NA,NA,NA,0
480,4,107,NA,NA,NA,0
481,4,107,"E",137,NA,0
482,3,108,NA,NA,NA,0
483,3,108,NA,NA,NA,0
484,3,108,NA,NA,NA,0
485,4,109,NA,NA,NA,0
486,4,109,NA,NA,NA,0
487,4,109,"E",254,NA,0
488,4,109,NA,NA,NA,0
489,6,110,NA,NA,NA,0
490,6,110,NA,NA,NA,0
491,6,110,NA,NA,NA,0
492,6,110,NA,NA,NA,0
493,6,110,NA,NA,NA,0
494,6,110,"E",289,NA,0
495,4,111,NA,NA,NA,0
496,4,111,NA,NA,NA,0
497,4,111,NA,NA,NA,0
498,4,111,NA,NA,NA,0
499,3,112,NA,NA,NA,0
500,3,112,NA,NA,NA,0
501,3,112,NA,NA,NA,0
502,5,113,"E",158,NA,0
503,5,113,NA,NA,NA,0
504,5,113,NA,NA,NA,0
505,5,113,NA,NA,NA,0
506,5,113,NA,NA,NA,0
507,4,114,NA,NA,NA,0
508,4,114,"E",311,NA,0
509,4,114,NA,NA,NA,0
510,4,114,"E",NA,NA,0
511,5,115,NA,NA,NA,0
512,5,115,NA,NA,NA,0
513,5,115,NA,NA,NA,0
514,5,115,NA,NA,NA,0
515,5,115,NA,NA,NA,0
516,3,116,NA,NA,NA,0
517,3,116,NA,NA,NA,0
518,3,116,NA,NA,NA,0
519,5,117,NA,NA,NA,0
520,5,117,NA,NA,NA,0
521,5,117,NA,NA,NA,0
522,5,117,NA,NA,NA,0
523,5,117,NA,NA,NA,0
524,6,118,NA,NA,NA,0
525,6,118,NA,NA,NA,0
526,6,118,NA,NA,NA,0
527,6,118,NA,NA,NA,0
528,6,118,NA,NA,NA,0
529,6,118,NA,NA,NA,0
530,6,119,NA,NA,NA,0
531,6,119,NA,NA,NA,0
532,6,119,"E",342,NA,0
533,6,119,NA,NA,NA,0
534,6,119,NA,NA,NA,0
535,6,119,NA,NA,NA,0
536,3,120,NA,NA,NA,0
537,3,120,NA,NA,NA,0
538,3,120,NA,NA,NA,0
539,6,121,NA,NA,NA,0
540,6,121,"E",86,NA,0
541,6,121,NA,NA,NA,0
542,6,121,NA,NA,NA,0
543,6,121,NA,NA,NA,0
544,6,121,NA,NA,NA,0
545,6,122,NA,NA,NA,0
546,6,122,NA,NA,NA,0
547,6,122,NA,NA,NA,0
548,6,122,NA,NA,NA,0
549,6,122,"E",NA,NA,0
550,6,122,NA,NA,NA,0
551,5,123,NA,NA,NA,0
552,5,123,NA,NA,NA,0
553,5,123,NA,NA,NA,0
554,5,123,NA,NA,NA,0
555,5,123,NA,NA,NA,0
556,5,124,NA,NA,NA,0
557,5,124,NA,NA,NA,0
558,5,124,NA,NA,NA,0
559,5,124,NA,NA,NA,0
560,5,124,NA,NA,NA,0
561,5,125,NA,NA,NA,0
562,5,125,NA,NA,NA,0
563,5,125,NA,NA,NA,0
564,5,125,NA,NA,NA,0
565,5,125,NA,NA,NA,0
566,5,126,NA,NA,NA,0
567,5,126,NA,NA,NA,0
568,5,126,NA,NA,NA,0
569,5,126,NA,NA,NA,0
570,5,126,"E",164,NA,0
571,3,127,NA,NA,NA,0
572,3,127,NA,NA,NA,0
573,3,127,NA,NA,NA,0
574,4,128,"E",223,NA,0
575,4,128,NA,NA,NA,0
576,4,128,NA,NA,NA,0
577,4,128,NA,NA,NA,0
578,6,129,NA,NA,NA,0
579,6,129,NA,NA,NA,0
580,6,129,NA,NA,NA,0
581,6,129,NA,NA,NA,0
582,6,129,NA,NA,NA,0
583,6,129,NA,NA,NA,0
584,3,130,NA,NA,NA,0
585,3,130,NA,NA,NA,0
586,3,130,NA,NA,NA,0
587,3,131,NA,NA,NA,0
588,3,131,NA,NA,NA,0
589,3,131,NA,NA,NA,0
590,3,132,NA,NA,NA,0
591,3,132,NA,NA,NA,0
592,3,132,NA,NA,NA,0
593,5,133,"E",220,NA,0
594,5,133,NA,NA,NA,0
595,5,133,NA,NA,NA,0
596,5,133,NA,NA,NA,0
597,5,133,NA,NA,NA,0
598,5,134,NA,NA,NA,0
599,5,134,NA,NA,NA,0
600,5,134,NA,NA,NA,0
601,5,134,NA,NA,NA,0
602,5,134,NA,NA,NA,0
603,5,135,NA,NA,NA,0
604,5,135,NA,NA,NA,0
605,5,135,NA,NA,NA,0
606,5,135,NA,NA,NA,0
607,5,135,NA,NA,NA,0
608,3,136,NA,NA,NA,0
609,3,136,NA,NA,NA,0
610,3,136,NA,NA,NA,0
611,6,137,NA,NA,NA,0
612,6,137,NA,NA,NA,0
613,6,137,"E",111,NA,0
614,6,137,NA,NA,NA,0
615,6,137,NA,NA,NA,0
616,6,137,NA,NA,NA,0
617,4,138,NA,NA,NA,0
618,4,138,NA,NA,NA,0
619,4,138,NA,NA,NA,0
620,4,138,NA,NA,NA,0
621,5,139,NA,NA,NA,0
622,5,139,NA,NA,NA,0
623,5,139,NA,NA,NA,0
624,5,139,NA,NA,NA,0
625,5,139,NA,NA,NA,0
626,6,140,NA,NA,NA,0
627,6,140,NA,NA,NA,0
628,6,140,NA,NA,NA,0
629,6,140,NA,NA,NA,0
630,6,140,NA,NA,NA,0
631,6,140,NA,NA,NA,0
632,6,141,NA,NA,NA,0
633,6,141,NA,NA,NA,0
634,6,141,NA,NA,NA,0
635,6,141,NA,NA,NA,0
636,6,141,NA,NA,NA,0
637,6,141,NA,NA,NA,0
638,5,142,NA,NA,NA,0
639,5,142,NA,NA,NA,0
640,5,142,"E",307,NA,0
641,5,142,NA,NA,NA,0
642,5,142,NA,NA,NA,0
643,5,143,NA,NA,NA,0
644,5,143,NA,NA,NA,0
645,5,143,NA,NA,NA,0
646,5,143,NA,NA,NA,0
647,5,143,NA,NA,NA,0
648,4,144,NA,NA,NA,0
649,4,144,NA,NA,NA,0
650,4,144,NA,NA,NA,0
651,4,144,NA,NA,NA,0
652,5,145,NA,NA,NA,0
653,5,145,NA,NA,NA,0
654,5,145,NA,NA,NA,0
655,5,145,NA,NA,NA,0
656,5,145,NA,NA,NA,0
657,6,146,NA,NA,NA,0
658,6,146,NA,NA,NA,0
659,6,146,NA,NA,NA,0
660,6,146,NA,NA,NA,0
661,6,146,NA,NA,NA,0
662,6,146,NA,NA,NA,0
663,6,147,NA,NA,NA,0
664,6,147,NA,NA,NA,0
665,6,147,NA,NA,NA,0
666,6,147,NA,NA,NA,0
667,6,147,NA,NA,NA,0
668,6,147,NA,NA,NA,0
669,4,148,NA,NA,NA,0
670,4,148,NA,NA,NA,0
671,4,148,NA,NA,NA,0
672,4,148,NA,NA,NA,0
673,3,149,NA,NA,NA,0
674,3,149,NA,NA,NA,0
675,3,149,NA,NA,NA,0
676,6,150,NA,NA,NA,0
677,6,150,NA,NA,NA,0
678,6,150,NA,NA,NA,0
679,6,150,NA,NA,NA,0
680,6,150,NA,NA,NA,0
681,6,150,NA,NA,NA,0
682,3,151,NA,NA,NA,0
683,3,151,NA,NA,NA,0
684,3,151,NA,NA,NA,0
685,4,152,NA,NA,NA,0
686,4,152,NA,NA,NA,0
687,4,152,NA,NA,NA,0
688,4,152,NA,NA,NA,0
689,5,153,NA,NA,NA,0
690,5,153,NA,NA,NA,0
691,5,153,NA,NA,NA,0
692,5,153,NA,NA,NA,0
693,5,153,NA,NA,NA,0
694,3,154,NA,NA,NA,0
695,3,154,NA,NA,NA,0
696,3,154,NA,NA,NA,0
697,5,155,"E",179,NA,0
698,5,155,NA,NA,NA,0
699,5,155,NA,NA,NA,0
700,5,155,NA,NA,NA,0
701,5,155,NA,NA,NA,0
702,3,156,NA,NA,NA,0
703,3,156,"E",303,NA,0
704,3,156,NA,NA,NA,0
705,6,157,NA,NA,NA,0
706,6,157,NA,NA,NA,0
707,6,157,NA,NA,NA,0
708,6,157,NA,NA,NA,0
709,6,157,NA,NA,NA,0
710,6,157,NA,NA,NA,0
711,5,158,NA,NA,NA,0
712,5,158,NA,NA,NA,0
713,5,158,NA,NA,NA,0
714,5,158,NA,NA,NA,0
715,5,158,NA,NA,NA,0
716,6,159,NA,NA,NA,0
717,6,159,NA,NA,NA,0
718,6,159,NA,NA,NA,0
719,6,159,"E",348,NA,0
720,6,159,NA,NA,NA,0
721,6,159,NA,NA,NA,0
722,3,160,NA,NA,NA,0
723,3,160,NA,NA,NA,0
724,3,160,NA,NA,NA,0
725,6,161,NA,NA,NA,0
726,6,161,NA,NA,NA,0
727,6,161,NA,NA,NA,0
728,6,161,NA,NA,NA,0
729,6,161,NA,NA,NA,0
730,6,161,NA,NA,NA,0
731,6,162,NA,NA,NA,0
732,6,162,NA,NA,NA,0
733,6,162,NA,NA,NA,0
734,6,162,NA,NA,NA,0
735,6,162,NA,NA,NA,0
736,6,162,NA,NA,NA,0
737,6,163,NA,NA,NA,0
738,6,163,NA,NA,NA,0
739,6,163,NA,NA,NA,0
740,6,163,NA,NA,NA,0
741,6,163,NA,NA,NA,0
742,6,163,NA,NA,NA,0
743,6,164,NA,NA,NA,0
744,6,164,NA,NA,NA,0
745,6,164,NA,NA,NA,0
746,6,164,NA,NA,NA,0
747,6,164,NA,NA,NA,0
748,6,164,NA,NA,NA,0
749,4,165,NA,NA,NA,0
750,4,165,NA,NA,NA,0
751,4,165,NA,NA,NA,0
752,4,165,NA,NA,NA,0
753,5,166,NA,NA,NA,0
754,5,166,NA,NA,NA,0
755,5,166,NA,NA,NA,0
756,5,166,NA,NA,NA,0
757,5,166,NA,NA,NA,0
758,3,167,NA,NA,NA,0
759,3,167,NA,NA,NA,0
760,3,167,NA,NA,NA,0
761,3,168,NA,NA,NA,0
762,3,168,NA,NA,NA,0
763,3,168,NA,NA,NA,0
764,4,169,NA,NA,NA,0
765,4,169,NA,NA,NA,0
766,4,169,NA,NA,NA,0
767,4,169,NA,NA,NA,0
768,6,170,NA,NA,NA,0
769,6,170,NA,NA,NA,0
770,6,170,NA,NA,NA,0
771,6,170,NA,NA,NA,0
772,6,170,NA,NA,NA,0
773,6,170,NA,NA,NA,0
774,5,171,NA,NA,NA,0
775,5,171,NA,NA,NA,0
776,5,171,NA,NA,NA,0
777,5,171,NA,NA,NA,0
778,5,171,NA,NA,NA,0
779,5,172,NA,NA,NA,0
780,5,172,NA,NA,NA,0
781,5,172,NA,NA,NA,0
782,5,172,NA,NA,NA,0
783,5,172,NA,NA,NA,0
784,4,173,NA,NA,NA,0
785,4,173,NA,NA,NA,0
786,4,173,NA,NA,NA,0
787,4,173,NA,NA,NA,0
788,6,174,NA,NA,NA,0
789,6,174,NA,NA,NA,0
790,6,174,NA,NA,NA,0
791,6,174,NA,NA,NA,0
792,6,174,NA,NA,NA,0
793,6,174,NA,NA,NA,0
794,4,175,NA,NA,NA,0
795,4,175,NA,NA,NA,0
796,4,175,NA,NA,NA,0
797,4,175,NA,NA,NA,0
798,3,176,NA,NA,NA,0
799,3,176,NA,NA,NA,0
800,3,176,NA,NA,NA,0
801,5,177,NA,NA,NA,0
802,5,177,NA,NA,NA,0
803,5,177,NA,NA,NA,0
804,5,177,NA,NA,NA,0
805,5,177,NA,NA,NA,0
806,5,178,NA,NA,NA,0
807,5,178,NA,NA,NA,0
808,5,178,NA,NA,NA,0
809,5,178,NA,NA,NA,0
810,5,178,NA,NA,NA,0
811,6,179,NA,NA,NA,0
812,6,179,NA,NA,NA,0
813,6,179,NA,NA,NA,0
814,6,179,NA,NA,NA,0
815,6,179,NA,NA,NA,0
816,6,179,NA,NA,NA,0
817,5,180,NA,NA,NA,0
818,5,180,NA,NA,NA,0
819,5,180,NA,NA,NA,0
820,5,180,NA,NA,NA,0
821,5,180,NA,NA,NA,0
822,5,181,NA,NA,NA,0
823,5,181,NA,NA,NA,0
824,5,181,NA,NA,NA,0
825,5,181,NA,NA,NA,0
826,5,181,NA,NA,NA,0
827,6,182,NA,NA,NA,0
828,6,182,NA,NA,NA,0
829,6,182,NA,NA,NA,0
830,6,182,NA,NA,NA,0
831,6,182,NA,NA,NA,0
832,6,182,NA,NA,NA,0
833,3,183,NA,NA,NA,0
834,3,183,NA,NA,NA,0
835,3,183,NA,NA,NA,0
836,6,184,NA,NA,NA,0
837,6,184,NA,NA,NA,0
838,6,184,NA,NA,NA,0
839,6,184,NA,NA,NA,0
840,6,184,NA,NA,NA,0
841,6,184,"E",347,NA,0
842,3,185,NA,NA,NA,0
843,3,185,NA,NA,NA,0
844,3,185,NA,NA,NA,0
845,3,186,NA,NA,NA,0
846,3,186,NA,NA,NA,0
847,3,186,NA,NA,NA,0
848,3,187,NA,NA,NA,0
849,3,187,NA,NA,NA,0
850,3,187,NA,NA,NA,0
851,3,188,NA,NA,NA,0
852,3,188,NA,NA,NA,0
853,3,188,NA,NA,NA,0
854,4,189,NA,NA,NA,0
855,4,189,NA,NA,NA,0
856,4,189,NA,NA,NA,0
857,4,189,NA,NA,NA,0
858,3,190,NA,NA,NA,0
859,3,190,NA,NA,NA,0
860,3,190,NA,NA,NA,0
861,6,191,NA,NA,NA,0
862,6,191,NA,NA,NA,0
863,6,191,NA,NA,NA,0
864,6,191,NA,NA,NA,0
865,6,191,NA,NA,NA,0
866,6,191,NA,NA,NA,0
867,3,192,NA,NA,NA,0
868,3,192,NA,NA,NA,0
869,3,192,NA,NA,NA,0
870,4,193,NA,NA,NA,0
871,4,193,NA,NA,NA,0
872,4,193,NA,NA,NA,0
873,4,193,NA,NA,NA,0
874,3,194,NA,NA,NA,0
875,3,194,NA,NA,NA,0
876,3,194,NA,NA,NA,0
877,4,195,NA,NA,NA,0
878,4,195,NA,NA,NA,0
879,4,195,NA,NA,NA,0
880,4,195,NA,NA,NA,0
881,5,196,NA,NA,NA,0
882,5,196,NA,NA,NA,0
883,5,196,NA,NA,NA,0
884,5,196,NA,NA,NA,0
885,5,196,NA,NA,NA,0
886,4,197,NA,NA,NA,0
887,4,197,NA,NA,NA,0
888,4,197,"E",NA,NA,0
889,4,197,NA,NA,NA,0
890,5,198,NA,NA,NA,0
891,5,198,NA,NA,NA,0
892,5,198,NA,NA,NA,0
893,5,198,NA,NA,NA,0
894,5,198,NA,NA,NA,0
895,5,199,NA,NA,NA,0
896,5,199,NA,NA,NA,0
897,5,199,NA,NA,NA,0
898,5,199,NA,NA,NA,0
899,5,199,NA,NA,NA,0
900,5,200,NA,NA,NA,0
901,5,200,NA,NA,NA,0
902,5,200,NA,NA,NA,0
903,5,200,NA,NA,NA,0
904,5,200,NA,NA,NA,0
905,5,201,NA,NA,NA,0
906,5,201,NA,NA,NA,0
907,5,201,NA,NA,NA,0
908,5,201,NA,NA,NA,0
909,5,201,NA,NA,NA,0
910,4,202,NA,NA,NA,0
911,4,202,NA,NA,NA,0
912,4,202,NA,NA,NA,0
913,4,202,NA,NA,NA,0
914,3,203,NA,NA,NA,0
915,3,203,NA,NA,NA,0
916,3,203,NA,NA,NA,0
917,3,204,NA,NA,NA,0
918,3,204,NA,NA,NA,0
919,3,204,NA,NA,NA,0
920,6,205,NA,NA,NA,0
921,6,205,NA,NA,NA,0
922,6,205,NA,NA,NA,0
923,6,205,NA,NA,NA,0
924,6,205,NA,NA,NA,0
925,6,205,NA,NA,NA,0
926,5,206,NA,NA,NA,0
927,5,206,NA,NA,NA,0
928,5,206,NA,NA,NA,0
929,5,206,NA,NA,NA,0
930,5,206,NA,NA,NA,0
931,4,207,NA,NA,NA,0
932,4,207,NA,NA,NA,0
933,4,207,NA,NA,NA,0
934,4,207,NA,NA,NA,0
935,6,208,NA,NA,NA,0
936,6,208,NA,NA,NA,0
937,6,208,NA,NA,NA,0
938,6,208,"E",319,NA,0
939,6,208,NA,NA,NA,0
940,6,208,NA,NA,NA,0
941,3,209,NA,NA,NA,0
942,3,209,NA,NA,NA,0
943,3,209,NA,NA,NA,0
944,3,210,NA,NA,NA,0
945,3,210,NA,NA,NA,0
946,3,210,NA,NA,NA,0
947,6,211,NA,NA,NA,0
948,6,211,NA,NA,NA,0
949,6,211,NA,NA,NA,0
950,6,211,NA,NA,NA,0
951,6,211,NA,NA,NA,0
952,6,211,NA,NA,NA,0
953,4,212,NA,NA,NA,0
954,4,212,NA,NA,NA,0
955,4,212,NA,NA,NA,0
956,4,212,NA,NA,NA,0
957,3,213,NA,NA,NA,0
958,3,213,NA,NA,NA,0
959,3,213,NA,NA,NA,0
960,3,214,NA,NA,NA,0
961,3,214,NA,NA,NA,0
962,3,214,NA,NA,NA,0
963,5,215,NA,NA,NA,0
964,5,215,NA,NA,NA,0
965,5,215,NA,NA,NA,0
966,5,215,NA,NA,NA,0
967,5,215,NA,NA,NA,0
968,4,216,NA,NA,NA,0
969,4,216,NA,NA,NA,0
970,4,216,NA,NA,NA,0
971,4,216,NA,NA,NA,0
972,5,217,NA,NA,NA,0
973,5,217,NA,NA,NA,0
974,5,217,"E",339,NA,0
975,5,217,NA,NA,NA,0
976,5,217,NA,NA,NA,0
977,4,218,NA,NA,NA,0
978,4,218,NA,NA,NA,0
979,4,218,NA,NA,NA,0
980,4,218,NA,NA,NA,0
981,3,219,"E",NA,NA,0
982,3,219,NA,NA,NA,0
983,3,219,NA,NA,NA,0
984,6,220,NA,NA,NA,0
985,6,220,NA,NA,NA,0
986,6,220,NA,NA,NA,0
987,6,220,NA,NA,NA,0
988,6,220,NA,NA,NA,0
989,6,220,NA,NA,NA,0
990,3,221,NA,NA,NA,0
991,3,221,NA,NA,NA,0
992,3,221,NA,NA,NA,0
993,5,222,NA,NA,NA,0
994,5,222,NA,NA,NA,0
995,5,222,NA,NA,NA,0
996,5,222,NA,NA,NA,0
997,5,222,NA,NA,NA,0
998,3,223,NA,NA,NA,0
999,3,223,NA,NA,NA,0
1000,3,223,NA,NA,NA,0
