"ID","SIZE","HH","TYPE","TIME","S_NUM","I_NUM"
1,3,1,"E",113,NA,0
2,3,1,"E",308,NA,0
3,3,1,NA,NA,NA,0
4,4,2,NA,NA,NA,0
5,4,2,NA,NA,NA,0
6,4,2,NA,NA,NA,0
7,4,2,NA,NA,NA,0
8,3,3,NA,NA,NA,0
9,3,3,NA,NA,NA,0
10,3,3,"E",356,NA,0
11,5,4,NA,NA,NA,0
12,5,4,NA,NA,NA,0
13,5,4,"E",362,NA,0
14,5,4,NA,NA,NA,0
15,5,4,NA,NA,NA,0
16,6,5,NA,NA,NA,0
17,6,5,NA,NA,NA,0
18,6,5,NA,NA,NA,0
19,6,5,"E",271,NA,0
20,6,5,NA,NA,NA,0
21,6,5,NA,NA,NA,0
22,6,6,NA,NA,NA,0
23,6,6,NA,NA,NA,0
24,6,6,"E",117,NA,0
25,6,6,NA,NA,NA,0
26,6,6,"E",55,NA,0
27,6,6,NA,NA,NA,0
28,6,7,"E",265,NA,0
29,6,7,NA,NA,NA,0
30,6,7,"E",136,NA,0
31,6,7,NA,NA,NA,0
32,6,7,NA,NA,NA,0
33,6,7,NA,NA,NA,0
34,5,8,NA,NA,NA,0
35,5,8,NA,NA,NA,0
36,5,8,NA,NA,NA,0
37,5,8,NA,NA,NA,0
38,5,8,NA,NA,NA,0
39,6,9,NA,NA,NA,0
40,6,9,NA,NA,NA,0
41,6,9,"E",NA,NA,0
42,6,9,NA,NA,NA,0
43,6,9,NA,NA,NA,0
44,6,9,NA,NA,NA,0
45,6,10,NA,NA,NA,0
46,6,10,"E",169,NA,0
47,6,10,NA,NA,NA,0
48,6,10,NA,NA,NA,0
49,6,10,"E",309,NA,0
50,6,10,NA,NA,NA,0
51,4,11,NA,NA,NA,0
52,4,11,NA,NA,NA,0
53,4,11,"E",71,NA,0
54,4,11,"E",362,NA,0
55,3,12,NA,NA,NA,0
56,3,12,NA,NA,NA,0
57,3,12,NA,NA,NA,0
58,5,13,"E",256,NA,0
59,5,13,NA,NA,NA,0
60,5,13,NA,NA,NA,0
61,5,13,NA,NA,NA,0
62,5,13,NA,NA,NA,0
63,3,14,"E",127,NA,0
64,3,14,"E",350,NA,0
65,3,14,NA,NA,NA,0
66,5,15,"E",182,NA,0
67,5,15,NA,NA,NA,0
68,5,15,NA,NA,NA,0
69,5,15,"E",22,NA,0
70,5,15,"E",110,NA,0
71,6,16,NA,NA,NA,0
72,6,16,NA,NA,NA,0
73,6,16,"E",19,NA,0
74,6,16,NA,NA,NA,0
75,6,16,"E",259,NA,0
76,6,16,"E",136,NA,0
77,6,17,"E",317,NA,0
78,6,17,NA,NA,NA,0
79,6,17,"E",38,NA,0
80,6,17,"E",181,NA,0
81,6,17,NA,NA,NA,0
82,6,17,NA,NA,NA,0
83,4,18,NA,NA,NA,0
84,4,18,"E",179,NA,0
85,4,18,"E",76,NA,0
86,4,18,"E",154,NA,0
87,3,19,"E",337,NA,0
88,3,19,NA,NA,NA,0
89,3,19,NA,NA,NA,0
90,4,20,NA,NA,NA,0
91,4,20,"E",NA,NA,0
92,4,20,"E",141,NA,0
93,4,20,NA,NA,NA,0
94,5,21,NA,NA,NA,0
95,5,21,NA,NA,NA,0
96,5,21,NA,NA,NA,0
97,5,21,NA,NA,NA,0
98,5,21,"E",213,NA,0
99,4,22,NA,NA,NA,0
100,4,22,NA,NA,NA,0
101,4,22,NA,NA,NA,0
102,4,22,NA,NA,NA,0
103,6,23,"E",271,NA,0
104,6,23,"E",181,NA,0
105,6,23,"E",280,NA,0
106,6,23,"E",90,NA,0
107,6,23,NA,NA,NA,0
108,6,23,NA,NA,NA,0
109,5,24,NA,NA,NA,0
110,5,24,NA,NA,NA,0
111,5,24,"E",353,NA,0
112,5,24,NA,NA,NA,0
113,5,24,NA,NA,NA,0
114,6,25,NA,NA,NA,0
115,6,25,NA,NA,NA,0
116,6,25,NA,NA,NA,0
117,6,25,NA,NA,NA,0
118,6,25,"E",140,NA,0
119,6,25,NA,NA,NA,0
120,3,26,NA,NA,NA,0
121,3,26,"E",107,NA,0
122,3,26,NA,NA,NA,0
123,5,27,NA,NA,NA,0
124,5,27,"E",NA,NA,0
125,5,27,NA,NA,NA,0
126,5,27,NA,NA,NA,0
127,5,27,NA,NA,NA,0
128,4,28,NA,NA,NA,0
129,4,28,NA,NA,NA,0
130,4,28,NA,NA,NA,0
131,4,28,NA,NA,NA,0
132,3,29,NA,NA,NA,0
133,3,29,"E",221,NA,0
134,3,29,"E",275,NA,0
135,4,30,NA,NA,NA,0
136,4,30,"E",336,NA,0
137,4,30,NA,NA,NA,0
138,4,30,NA,NA,NA,0
139,5,31,NA,NA,NA,0
140,5,31,"E",165,NA,0
141,5,31,NA,NA,NA,0
142,5,31,NA,NA,NA,0
143,5,31,NA,NA,NA,0
144,4,32,NA,NA,NA,0
145,4,32,NA,NA,NA,0
146,4,32,"E",301,NA,0
147,4,32,NA,NA,NA,0
148,5,33,"E",266,NA,0
149,5,33,"E",145,NA,0
150,5,33,"E",83,NA,0
151,5,33,"E",85,NA,0
152,5,33,NA,NA,NA,0
153,6,34,"E",142,NA,0
154,6,34,NA,NA,NA,0
155,6,34,"E",81,NA,0
156,6,34,"E",303,NA,0
157,6,34,NA,NA,NA,0
158,6,34,NA,NA,NA,0
159,3,35,"E",137,NA,0
160,3,35,"E",NA,NA,0
161,3,35,NA,NA,NA,0
162,4,36,NA,NA,NA,0
163,4,36,NA,NA,NA,0
164,4,36,NA,NA,NA,0
165,4,36,NA,NA,NA,0
166,6,37,NA,NA,NA,0
167,6,37,"E",126,NA,0
168,6,37,"E",36,NA,0
169,6,37,NA,NA,NA,0
170,6,37,NA,NA,NA,0
171,6,37,NA,NA,NA,0
172,6,38,NA,NA,NA,0
173,6,38,NA,NA,NA,0
174,6,38,"E",274,NA,0
175,6,38,NA,NA,NA,0
176,6,38,NA,NA,NA,0
177,6,38,NA,NA,NA,0
178,6,39,NA,NA,NA,0
179,6,39,"E",NA,NA,0
180,6,39,NA,NA,NA,0
181,6,39,NA,NA,NA,0
182,6,39,NA,NA,NA,0
183,6,39,NA,NA,NA,0
184,5,40,NA,NA,NA,0
185,5,40,NA,NA,NA,0
186,5,40,"E",300,NA,0
187,5,40,NA,NA,NA,0
188,5,40,NA,NA,NA,0
189,3,41,NA,NA,NA,0
190,3,41,"E",30,NA,0
191,3,41,NA,NA,NA,0
192,6,42,NA,NA,NA,0
193,6,42,NA,NA,NA,0
194,6,42,"E",218,NA,0
195,6,42,NA,NA,NA,0
196,6,42,NA,NA,NA,0
197,6,42,"E",179,NA,0
198,3,43,NA,NA,NA,0
199,3,43,NA,NA,NA,0
200,3,43,NA,NA,NA,0
201,5,44,NA,NA,NA,0
202,5,44,NA,NA,NA,0
203,5,44,"E",167,NA,0
204,5,44,NA,NA,NA,0
205,5,44,NA,NA,NA,0
206,3,45,"E",244,NA,0
207,3,45,NA,NA,NA,0
208,3,45,NA,NA,NA,0
209,4,46,"E",NA,NA,0
210,4,46,NA,NA,NA,0
211,4,46,"E",231,NA,0
212,4,46,NA,NA,NA,0
213,6,47,NA,NA,NA,0
214,6,47,"E",261,NA,0
215,6,47,NA,NA,NA,0
216,6,47,NA,NA,NA,0
217,6,47,"E",285,NA,0
218,6,47,NA,NA,NA,0
219,4,48,NA,NA,NA,0
220,4,48,NA,NA,NA,0
221,4,48,NA,NA,NA,0
222,4,48,"E",256,NA,0
223,6,49,NA,NA,NA,0
224,6,49,"E",205,NA,0
225,6,49,NA,NA,NA,0
226,6,49,"E",117,NA,0
227,6,49,NA,NA,NA,0
228,6,49,NA,NA,NA,0
229,6,50,NA,NA,NA,0
230,6,50,NA,NA,NA,0
231,6,50,NA,NA,NA,0
232,6,50,"E",266,NA,0
233,6,50,NA,NA,NA,0
234,6,50,NA,NA,NA,0
235,6,51,NA,NA,NA,0
236,6,51,"E",NA,NA,0
237,6,51,NA,NA,NA,0
238,6,51,"E",108,NA,0
239,6,51,NA,NA,NA,0
240,6,51,NA,NA,NA,0
241,6,52,NA,NA,NA,0
242,6,52,"E",143,NA,0
243,6,52,NA,NA,NA,0
244,6,52,NA,NA,NA,0
245,6,52,NA,NA,NA,0
246,6,52,NA,NA,NA,0
247,3,53,NA,NA,NA,0
248,3,53,"E",314,NA,0
249,3,53,NA,NA,NA,0
250,6,54,NA,NA,NA,0
251,6,54,NA,NA,NA,0
252,6,54,NA,NA,NA,0
253,6,54,NA,NA,NA,0
254,6,54,"E",214,NA,0
255,6,54,NA,NA,NA,0
256,5,55,"E",348,NA,0
257,5,55,NA,NA,NA,0
258,5,55,"E",177,NA,0
259,5,55,NA,NA,NA,0
260,5,55,"E",309,NA,0
261,4,56,NA,NA,NA,0
262,4,56,"E",86,NA,0
263,4,56,"E",136,NA,0
264,4,56,NA,NA,NA,0
265,6,57,"E",194,NA,0
266,6,57,NA,NA,NA,0
267,6,57,NA,NA,NA,0
268,6,57,"E",352,NA,0
269,6,57,NA,NA,NA,0
270,6,57,NA,NA,NA,0
271,4,58,NA,NA,NA,0
272,4,58,NA,NA,NA,0
273,4,58,NA,NA,NA,0
274,4,58,"E",102,NA,0
275,3,59,"E",350,NA,0
276,3,59,NA,NA,NA,0
277,3,59,NA,NA,NA,0
278,5,60,NA,NA,NA,0
279,5,60,NA,NA,NA,0
280,5,60,NA,NA,NA,0
281,5,60,NA,NA,NA,0
282,5,60,"E",124,NA,0
283,3,61,"E",185,NA,0
284,3,61,"E",98,NA,0
285,3,61,"E",149,NA,0
286,4,62,NA,NA,NA,0
287,4,62,NA,NA,NA,0
288,4,62,"E",145,NA,0
289,4,62,NA,NA,NA,0
290,3,63,"E",63,NA,0
291,3,63,NA,NA,NA,0
292,3,63,NA,NA,NA,0
293,5,64,NA,NA,NA,0
294,5,64,"E",68,NA,0
295,5,64,NA,NA,NA,0
296,5,64,NA,NA,NA,0
297,5,64,NA,NA,NA,0
298,6,65,NA,NA,NA,0
299,6,65,"E",51,NA,0
300,6,65,"E",62,NA,0
301,6,65,NA,NA,NA,0
302,6,65,"E",21,NA,0
303,6,65,"E",143,NA,0
304,4,66,NA,NA,NA,0
305,4,66,"E",263,NA,0
306,4,66,"E",295,NA,0
307,4,66,NA,NA,NA,0
308,5,67,NA,NA,NA,0
309,5,67,NA,NA,NA,0
310,5,67,NA,NA,NA,0
311,5,67,NA,NA,NA,0
312,5,67,NA,NA,NA,0
313,5,68,NA,NA,NA,0
314,5,68,NA,NA,NA,0
315,5,68,NA,NA,NA,0
316,5,68,NA,NA,NA,0
317,5,68,NA,NA,NA,0
318,5,69,"E",201,NA,0
319,5,69,"E",64,NA,0
320,5,69,NA,NA,NA,0
321,5,69,NA,NA,NA,0
322,5,69,"E",259,NA,0
323,4,70,"E",NA,NA,0
324,4,70,NA,NA,NA,0
325,4,70,NA,NA,NA,0
326,4,70,NA,NA,NA,0
327,3,71,NA,NA,NA,0
328,3,71,NA,NA,NA,0
329,3,71,NA,NA,NA,0
330,4,72,NA,NA,NA,0
331,4,72,"E",23,NA,0
332,4,72,"E",NA,NA,0
333,4,72,NA,NA,NA,0
334,6,73,NA,NA,NA,0
335,6,73,NA,NA,NA,0
336,6,73,NA,NA,NA,0
337,6,73,NA,NA,NA,0
338,6,73,"E",163,NA,0
339,6,73,NA,NA,NA,0
340,3,74,NA,NA,NA,0
341,3,74,"E",46,NA,0
342,3,74,NA,NA,NA,0
343,5,75,"E",307,NA,0
344,5,75,NA,NA,NA,0
345,5,75,NA,NA,NA,0
346,5,75,NA,NA,NA,0
347,5,75,NA,NA,NA,0
348,3,76,"E",NA,NA,0
349,3,76,"E",356,NA,0
350,3,76,NA,NA,NA,0
351,4,77,"E",90,NA,0
352,4,77,NA,NA,NA,0
353,4,77,NA,NA,NA,0
354,4,77,NA,NA,NA,0
355,4,78,NA,NA,NA,0
356,4,78,"E",290,NA,0
357,4,78,NA,NA,NA,0
358,4,78,"E",285,NA,0
359,4,79,"E",121,NA,0
360,4,79,NA,NA,NA,0
361,4,79,NA,NA,NA,0
362,4,79,NA,NA,NA,0
363,6,80,NA,NA,NA,0
364,6,80,"E",183,NA,0
365,6,80,NA,NA,NA,0
366,6,80,"E",132,NA,0
367,6,80,NA,NA,NA,0
368,6,80,"E",72,NA,0
369,5,81,NA,NA,NA,0
370,5,81,NA,NA,NA,0
371,5,81,NA,NA,NA,0
372,5,81,NA,NA,NA,0
373,5,81,NA,NA,NA,0
374,6,82,NA,NA,NA,0
375,6,82,NA,NA,NA,0
376,6,82,NA,NA,NA,0
377,6,82,"E",61,NA,0
378,6,82,"E",195,NA,0
379,6,82,"E",247,NA,0
380,6,83,"E",276,NA,0
381,6,83,NA,NA,NA,0
382,6,83,NA,NA,NA,0
383,6,83,NA,NA,NA,0
384,6,83,"E",29,NA,0
385,6,83,NA,NA,NA,0
386,3,84,"E",31,NA,0
387,3,84,NA,NA,NA,0
388,3,84,NA,NA,NA,0
389,4,85,"E",40,NA,0
390,4,85,"E",202,NA,0
391,4,85,"E",NA,NA,0
392,4,85,NA,NA,NA,0
393,5,86,NA,NA,NA,0
394,5,86,"E",203,NA,0
395,5,86,"E",256,NA,0
396,5,86,NA,NA,NA,0
397,5,86,NA,NA,NA,0
398,5,87,NA,NA,NA,0
399,5,87,NA,NA,NA,0
400,5,87,NA,NA,NA,0
401,5,87,"E",152,NA,0
402,5,87,"E",359,NA,0
403,3,88,NA,NA,NA,0
404,3,88,NA,NA,NA,0
405,3,88,NA,NA,NA,0
406,3,89,NA,NA,NA,0
407,3,89,NA,NA,NA,0
408,3,89,"E",163,NA,0
409,6,90,NA,NA,NA,0
410,6,90,NA,NA,NA,0
411,6,90,NA,NA,NA,0
412,6,90,NA,NA,NA,0
413,6,90,NA,NA,NA,0
414,6,90,NA,NA,NA,0
415,4,91,NA,NA,NA,0
416,4,91,NA,NA,NA,0
417,4,91,"E",159,NA,0
418,4,91,NA,NA,NA,0
419,5,92,NA,NA,NA,0
420,5,92,NA,NA,NA,0
421,5,92,NA,NA,NA,0
422,5,92,NA,NA,NA,0
423,5,92,"E",200,NA,0
424,3,93,NA,NA,NA,0
425,3,93,NA,NA,NA,0
426,3,93,"E",225,NA,0
427,5,94,NA,NA,NA,0
428,5,94,"E",72,NA,0
429,5,94,NA,NA,NA,0
430,5,94,"E",262,NA,0
431,5,94,NA,NA,NA,0
432,5,95,NA,NA,NA,0
433,5,95,"E",355,NA,0
434,5,95,NA,NA,NA,0
435,5,95,NA,NA,NA,0
436,5,95,"E",197,NA,0
437,5,96,"E",248,NA,0
438,5,96,NA,NA,NA,0
439,5,96,"E",87,NA,0
440,5,96,NA,NA,NA,0
441,5,96,NA,NA,NA,0
442,3,97,"E",175,NA,0
443,3,97,NA,NA,NA,0
444,3,97,NA,NA,NA,0
445,4,98,NA,NA,NA,0
446,4,98,"E",169,NA,0
447,4,98,"E",120,NA,0
448,4,98,NA,NA,NA,0
449,5,99,NA,NA,NA,0
450,5,99,"E",174,NA,0
451,5,99,NA,NA,NA,0
452,5,99,NA,NA,NA,0
453,5,99,"E",186,NA,0
454,3,100,"E",140,NA,0
455,3,100,NA,NA,NA,0
456,3,100,NA,NA,NA,0
457,3,101,NA,NA,NA,0
458,3,101,NA,NA,NA,0
459,3,101,NA,NA,NA,0
460,6,102,"E",NA,NA,0
461,6,102,NA,NA,NA,0
462,6,102,NA,NA,NA,0
463,6,102,"E",NA,NA,0
464,6,102,"E",127,NA,0
465,6,102,NA,NA,NA,0
466,4,103,NA,NA,NA,0
467,4,103,NA,NA,NA,0
468,4,103,"E",118,NA,0
469,4,103,NA,NA,NA,0
470,3,104,NA,NA,NA,0
471,3,104,NA,NA,NA,0
472,3,104,"E",235,NA,0
473,5,105,"E",271,NA,0
474,5,105,NA,NA,NA,0
475,5,105,NA,NA,NA,0
476,5,105,NA,NA,NA,0
477,5,105,NA,NA,NA,0
478,4,106,NA,NA,NA,0
479,4,106,"E",99,NA,0
480,4,106,NA,NA,NA,0
481,4,106,NA,NA,NA,0
482,3,107,"E",90,NA,0
483,3,107,"E",148,NA,0
484,3,107,"E",324,NA,0
485,5,108,NA,NA,NA,0
486,5,108,NA,NA,NA,0
487,5,108,NA,NA,NA,0
488,5,108,NA,NA,NA,0
489,5,108,NA,NA,NA,0
490,4,109,"E",348,NA,0
491,4,109,"E",327,NA,0
492,4,109,NA,NA,NA,0
493,4,109,NA,NA,NA,0
494,5,110,"E",141,NA,0
495,5,110,NA,NA,NA,0
496,5,110,NA,NA,NA,0
497,5,110,"E",301,NA,0
498,5,110,"E",63,NA,0
499,6,111,"E",262,NA,0
500,6,111,"E",334,NA,0
501,6,111,NA,NA,NA,0
502,6,111,NA,NA,NA,0
503,6,111,NA,NA,NA,0
504,6,111,NA,NA,NA,0
505,3,112,NA,NA,NA,0
506,3,112,NA,NA,NA,0
507,3,112,NA,NA,NA,0
508,3,113,NA,NA,NA,0
509,3,113,NA,NA,NA,0
510,3,113,NA,NA,NA,0
511,4,114,"E",319,NA,0
512,4,114,"E",62,NA,0
513,4,114,NA,NA,NA,0
514,4,114,NA,NA,NA,0
515,4,115,NA,NA,NA,0
516,4,115,"E",96,NA,0
517,4,115,NA,NA,NA,0
518,4,115,NA,NA,NA,0
519,3,116,NA,NA,NA,0
520,3,116,NA,NA,NA,0
521,3,116,NA,NA,NA,0
522,4,117,NA,NA,NA,0
523,4,117,"E",281,NA,0
524,4,117,NA,NA,NA,0
525,4,117,"E",217,NA,0
526,5,118,NA,NA,NA,0
527,5,118,NA,NA,NA,0
528,5,118,"E",100,NA,0
529,5,118,"E",169,NA,0
530,5,118,NA,NA,NA,0
531,6,119,NA,NA,NA,0
532,6,119,"E",270,NA,0
533,6,119,NA,NA,NA,0
534,6,119,NA,NA,NA,0
535,6,119,NA,NA,NA,0
536,6,119,NA,NA,NA,0
537,6,120,NA,NA,NA,0
538,6,120,NA,NA,NA,0
539,6,120,"E",161,NA,0
540,6,120,NA,NA,NA,0
541,6,120,NA,NA,NA,0
542,6,120,"E",349,NA,0
543,6,121,"E",NA,NA,0
544,6,121,NA,NA,NA,0
545,6,121,"E",252,NA,0
546,6,121,NA,NA,NA,0
547,6,121,"E",263,NA,0
548,6,121,"E",58,NA,0
549,5,122,NA,NA,NA,0
550,5,122,NA,NA,NA,0
551,5,122,NA,NA,NA,0
552,5,122,"E",111,NA,0
553,5,122,NA,NA,NA,0
554,5,123,"E",182,NA,0
555,5,123,NA,NA,NA,0
556,5,123,NA,NA,NA,0
557,5,123,NA,NA,NA,0
558,5,123,NA,NA,NA,0
559,3,124,NA,NA,NA,0
560,3,124,NA,NA,NA,0
561,3,124,NA,NA,NA,0
562,4,125,NA,NA,NA,0
563,4,125,NA,NA,NA,0
564,4,125,NA,NA,NA,0
565,4,125,NA,NA,NA,0
566,4,126,NA,NA,NA,0
567,4,126,NA,NA,NA,0
568,4,126,NA,NA,NA,0
569,4,126,NA,NA,NA,0
570,5,127,"E",180,NA,0
571,5,127,"E",113,NA,0
572,5,127,NA,NA,NA,0
573,5,127,NA,NA,NA,0
574,5,127,NA,NA,NA,0
575,3,128,"E",154,NA,0
576,3,128,"E",68,NA,0
577,3,128,NA,NA,NA,0
578,4,129,NA,NA,NA,0
579,4,129,NA,NA,NA,0
580,4,129,NA,NA,NA,0
581,4,129,"E",206,NA,0
582,4,130,NA,NA,NA,0
583,4,130,NA,NA,NA,0
584,4,130,NA,NA,NA,0
585,4,130,NA,NA,NA,0
586,4,131,"E",264,NA,0
587,4,131,NA,NA,NA,0
588,4,131,NA,NA,NA,0
589,4,131,"E",206,NA,0
590,6,132,NA,NA,NA,0
591,6,132,"E",274,NA,0
592,6,132,NA,NA,NA,0
593,6,132,NA,NA,NA,0
594,6,132,NA,NA,NA,0
595,6,132,NA,NA,NA,0
596,5,133,"E",298,NA,0
597,5,133,NA,NA,NA,0
598,5,133,NA,NA,NA,0
599,5,133,"E",143,NA,0
600,5,133,NA,NA,NA,0
601,4,134,NA,NA,NA,0
602,4,134,NA,NA,NA,0
603,4,134,NA,NA,NA,0
604,4,134,NA,NA,NA,0
605,5,135,NA,NA,NA,0
606,5,135,NA,NA,NA,0
607,5,135,NA,NA,NA,0
608,5,135,NA,NA,NA,0
609,5,135,NA,NA,NA,0
610,5,136,"E",173,NA,0
611,5,136,"E",NA,NA,0
612,5,136,"E",78,NA,0
613,5,136,"E",81,NA,0
614,5,136,NA,NA,NA,0
615,6,137,NA,NA,NA,0
616,6,137,NA,NA,NA,0
617,6,137,NA,NA,NA,0
618,6,137,"E",41,NA,0
619,6,137,NA,NA,NA,0
620,6,137,"E",230,NA,0
621,4,138,NA,NA,NA,0
622,4,138,NA,NA,NA,0
623,4,138,"E",53,NA,0
624,4,138,NA,NA,NA,0
625,4,139,"E",278,NA,0
626,4,139,"E",70,NA,0
627,4,139,NA,NA,NA,0
628,4,139,NA,NA,NA,0
629,5,140,"E",89,NA,0
630,5,140,"E",91,NA,0
631,5,140,NA,NA,NA,0
632,5,140,NA,NA,NA,0
633,5,140,NA,NA,NA,0
634,5,141,NA,NA,NA,0
635,5,141,NA,NA,NA,0
636,5,141,NA,NA,NA,0
637,5,141,NA,NA,NA,0
638,5,141,"E",110,NA,0
639,4,142,"E",90,NA,0
640,4,142,NA,NA,NA,0
641,4,142,"E",178,NA,0
642,4,142,NA,NA,NA,0
643,5,143,"E",NA,NA,0
644,5,143,NA,NA,NA,0
645,5,143,NA,NA,NA,0
646,5,143,NA,NA,NA,0
647,5,143,NA,NA,NA,0
648,5,144,"E",NA,NA,0
649,5,144,NA,NA,NA,0
650,5,144,NA,NA,NA,0
651,5,144,"E",35,NA,0
652,5,144,NA,NA,NA,0
653,5,145,NA,NA,NA,0
654,5,145,NA,NA,NA,0
655,5,145,NA,NA,NA,0
656,5,145,NA,NA,NA,0
657,5,145,"E",NA,NA,0
658,3,146,NA,NA,NA,0
659,3,146,NA,NA,NA,0
660,3,146,NA,NA,NA,0
661,4,147,NA,NA,NA,0
662,4,147,NA,NA,NA,0
663,4,147,NA,NA,NA,0
664,4,147,NA,NA,NA,0
665,3,148,NA,NA,NA,0
666,3,148,"E",141,NA,0
667,3,148,NA,NA,NA,0
668,3,149,"E",180,NA,0
669,3,149,NA,NA,NA,0
670,3,149,NA,NA,NA,0
671,6,150,"E",222,NA,0
672,6,150,"E",105,NA,0
673,6,150,"E",NA,NA,0
674,6,150,NA,NA,NA,0
675,6,150,"E",187,NA,0
676,6,150,NA,NA,NA,0
677,6,151,NA,NA,NA,0
678,6,151,NA,NA,NA,0
679,6,151,NA,NA,NA,0
680,6,151,"E",120,NA,0
681,6,151,NA,NA,NA,0
682,6,151,NA,NA,NA,0
683,3,152,NA,NA,NA,0
684,3,152,NA,NA,NA,0
685,3,152,NA,NA,NA,0
686,4,153,"E",137,NA,0
687,4,153,NA,NA,NA,0
688,4,153,NA,NA,NA,0
689,4,153,NA,NA,NA,0
690,4,154,"E",73,NA,0
691,4,154,NA,NA,NA,0
692,4,154,NA,NA,NA,0
693,4,154,NA,NA,NA,0
694,6,155,NA,NA,NA,0
695,6,155,NA,NA,NA,0
696,6,155,"E",NA,NA,0
697,6,155,NA,NA,NA,0
698,6,155,NA,NA,NA,0
699,6,155,"E",257,NA,0
700,4,156,NA,NA,NA,0
701,4,156,NA,NA,NA,0
702,4,156,NA,NA,NA,0
703,4,156,NA,NA,NA,0
704,5,157,NA,NA,NA,0
705,5,157,NA,NA,NA,0
706,5,157,"E",166,NA,0
707,5,157,"E",258,NA,0
708,5,157,NA,NA,NA,0
709,5,158,"E",145,NA,0
710,5,158,NA,NA,NA,0
711,5,158,NA,NA,NA,0
712,5,158,NA,NA,NA,0
713,5,158,"E",258,NA,0
714,4,159,NA,NA,NA,0
715,4,159,NA,NA,NA,0
716,4,159,NA,NA,NA,0
717,4,159,"E",40,NA,0
718,6,160,NA,NA,NA,0
719,6,160,"E",250,NA,0
720,6,160,NA,NA,NA,0
721,6,160,NA,NA,NA,0
722,6,160,NA,NA,NA,0
723,6,160,"E",288,NA,0
724,5,161,NA,NA,NA,0
725,5,161,NA,NA,NA,0
726,5,161,NA,NA,NA,0
727,5,161,NA,NA,NA,0
728,5,161,"E",48,NA,0
729,3,162,"E",129,NA,0
730,3,162,NA,NA,NA,0
731,3,162,"E",37,NA,0
732,3,163,NA,NA,NA,0
733,3,163,NA,NA,NA,0
734,3,163,NA,NA,NA,0
735,3,164,NA,NA,NA,0
736,3,164,NA,NA,NA,0
737,3,164,NA,NA,NA,0
738,6,165,NA,NA,NA,0
739,6,165,NA,NA,NA,0
740,6,165,"E",245,NA,0
741,6,165,NA,NA,NA,0
742,6,165,"E",106,NA,0
743,6,165,"E",259,NA,0
744,3,166,"E",122,NA,0
745,3,166,NA,NA,NA,0
746,3,166,NA,NA,NA,0
747,4,167,NA,NA,NA,0
748,4,167,NA,NA,NA,0
749,4,167,NA,NA,NA,0
750,4,167,NA,NA,NA,0
751,5,168,"E",250,NA,0
752,5,168,"E",73,NA,0
753,5,168,"E",NA,NA,0
754,5,168,NA,NA,NA,0
755,5,168,NA,NA,NA,0
756,6,169,NA,NA,NA,0
757,6,169,NA,NA,NA,0
758,6,169,NA,NA,NA,0
759,6,169,NA,NA,NA,0
760,6,169,NA,NA,NA,0
761,6,169,NA,NA,NA,0
762,6,170,"E",75,NA,0
763,6,170,NA,NA,NA,0
764,6,170,"E",142,NA,0
765,6,170,NA,NA,NA,0
766,6,170,"E",206,NA,0
767,6,170,NA,NA,NA,0
768,5,171,"E",143,NA,0
769,5,171,NA,NA,NA,0
770,5,171,NA,NA,NA,0
771,5,171,NA,NA,NA,0
772,5,171,NA,NA,NA,0
773,3,172,"E",206,NA,0
774,3,172,NA,NA,NA,0
775,3,172,NA,NA,NA,0
776,6,173,NA,NA,NA,0
777,6,173,NA,NA,NA,0
778,6,173,NA,NA,NA,0
779,6,173,NA,NA,NA,0
780,6,173,"E",316,NA,0
781,6,173,NA,NA,NA,0
782,4,174,NA,NA,NA,0
783,4,174,"E",66,NA,0
784,4,174,NA,NA,NA,0
785,4,174,"E",185,NA,0
786,3,175,"E",94,NA,0
787,3,175,NA,NA,NA,0
788,3,175,NA,NA,NA,0
789,5,176,"E",105,NA,0
790,5,176,NA,NA,NA,0
791,5,176,"E",263,NA,0
792,5,176,"E",NA,NA,0
793,5,176,"E",227,NA,0
794,4,177,"E",233,NA,0
795,4,177,NA,NA,NA,0
796,4,177,"E",44,NA,0
797,4,177,NA,NA,NA,0
798,5,178,"E",81,NA,0
799,5,178,NA,NA,NA,0
800,5,178,"E",130,NA,0
801,5,178,"E",248,NA,0
802,5,178,NA,NA,NA,0
803,6,179,NA,NA,NA,0
804,6,179,NA,NA,NA,0
805,6,179,NA,NA,NA,0
806,6,179,NA,NA,NA,0
807,6,179,"E",331,NA,0
808,6,179,"E",177,NA,0
809,5,180,"E",364,NA,0
810,5,180,NA,NA,NA,0
811,5,180,NA,NA,NA,0
812,5,180,NA,NA,NA,0
813,5,180,NA,NA,NA,0
814,4,181,NA,NA,NA,0
815,4,181,NA,NA,NA,0
816,4,181,"E",138,NA,0
817,4,181,NA,NA,NA,0
818,4,182,NA,NA,NA,0
819,4,182,NA,NA,NA,0
820,4,182,"E",67,NA,0
821,4,182,NA,NA,NA,0
822,5,183,NA,NA,NA,0
823,5,183,"E",96,NA,0
824,5,183,NA,NA,NA,0
825,5,183,NA,NA,NA,0
826,5,183,NA,NA,NA,0
827,6,184,"E",205,NA,0
828,6,184,NA,NA,NA,0
829,6,184,"E",148,NA,0
830,6,184,NA,NA,NA,0
831,6,184,NA,NA,NA,0
832,6,184,NA,NA,NA,0
833,6,185,NA,NA,NA,0
834,6,185,NA,NA,NA,0
835,6,185,"E",121,NA,0
836,6,185,"E",251,NA,0
837,6,185,NA,NA,NA,0
838,6,185,NA,NA,NA,0
839,6,186,NA,NA,NA,0
840,6,186,"E",302,NA,0
841,6,186,NA,NA,NA,0
842,6,186,NA,NA,NA,0
843,6,186,"E",186,NA,0
844,6,186,NA,NA,NA,0
845,6,187,NA,NA,NA,0
846,6,187,NA,NA,NA,0
847,6,187,"E",NA,NA,0
848,6,187,NA,NA,NA,0
849,6,187,"E",51,NA,0
850,6,187,NA,NA,NA,0
851,5,188,"E",115,NA,0
852,5,188,NA,NA,NA,0
853,5,188,NA,NA,NA,0
854,5,188,NA,NA,NA,0
855,5,188,NA,NA,NA,0
856,6,189,NA,NA,NA,0
857,6,189,NA,NA,NA,0
858,6,189,"E",328,NA,0
859,6,189,"E",273,NA,0
860,6,189,"E",63,NA,0
861,6,189,"E",56,NA,0
862,5,190,NA,NA,NA,0
863,5,190,NA,NA,NA,0
864,5,190,NA,NA,NA,0
865,5,190,NA,NA,NA,0
866,5,190,"E",203,NA,0
867,5,191,NA,NA,NA,0
868,5,191,NA,NA,NA,0
869,5,191,NA,NA,NA,0
870,5,191,NA,NA,NA,0
871,5,191,NA,NA,NA,0
872,5,192,"E",171,NA,0
873,5,192,"E",131,NA,0
874,5,192,"E",288,NA,0
875,5,192,NA,NA,NA,0
876,5,192,NA,NA,NA,0
877,3,193,"E",129,NA,0
878,3,193,NA,NA,NA,0
879,3,193,NA,NA,NA,0
880,4,194,"E",278,NA,0
881,4,194,NA,NA,NA,0
882,4,194,"E",173,NA,0
883,4,194,"E",92,NA,0
884,5,195,NA,NA,NA,0
885,5,195,NA,NA,NA,0
886,5,195,"E",82,NA,0
887,5,195,NA,NA,NA,0
888,5,195,"E",268,NA,0
889,3,196,"E",300,NA,0
890,3,196,NA,NA,NA,0
891,3,196,"E",151,NA,0
892,5,197,"E",126,NA,0
893,5,197,NA,NA,NA,0
894,5,197,"E",223,NA,0
895,5,197,"E",325,NA,0
896,5,197,NA,NA,NA,0
897,6,198,NA,NA,NA,0
898,6,198,NA,NA,NA,0
899,6,198,NA,NA,NA,0
900,6,198,"E",183,NA,0
901,6,198,"E",26,NA,0
902,6,198,"E",148,NA,0
903,5,199,"E",258,NA,0
904,5,199,"E",142,NA,0
905,5,199,"E",111,NA,0
906,5,199,NA,NA,NA,0
907,5,199,NA,NA,NA,0
908,6,200,NA,NA,NA,0
909,6,200,"E",252,NA,0
910,6,200,"E",45,NA,0
911,6,200,"E",99,NA,0
912,6,200,"E",152,NA,0
913,6,200,"E",302,NA,0
914,5,201,NA,NA,NA,0
915,5,201,"E",32,NA,0
916,5,201,"E",71,NA,0
917,5,201,"E",121,NA,0
918,5,201,"E",184,NA,0
919,4,202,"E",109,NA,0
920,4,202,NA,NA,NA,0
921,4,202,NA,NA,NA,0
922,4,202,NA,NA,NA,0
923,6,203,NA,NA,NA,0
924,6,203,NA,NA,NA,0
925,6,203,"E",344,NA,0
926,6,203,"E",258,NA,0
927,6,203,"E",41,NA,0
928,6,203,"E",260,NA,0
929,4,204,"E",71,NA,0
930,4,204,NA,NA,NA,0
931,4,204,NA,NA,NA,0
932,4,204,NA,NA,NA,0
933,5,205,NA,NA,NA,0
934,5,205,"E",165,NA,0
935,5,205,"E",NA,NA,0
936,5,205,NA,NA,NA,0
937,5,205,NA,NA,NA,0
938,4,206,NA,NA,NA,0
939,4,206,NA,NA,NA,0
940,4,206,NA,NA,NA,0
941,4,206,"E",347,NA,0
942,3,207,"E",269,NA,0
943,3,207,NA,NA,NA,0
944,3,207,"E",196,NA,0
945,5,208,"E",NA,NA,0
946,5,208,"E",154,NA,0
947,5,208,NA,NA,NA,0
948,5,208,NA,NA,NA,0
949,5,208,NA,NA,NA,0
950,4,209,"E",NA,NA,0
951,4,209,NA,NA,NA,0
952,4,209,NA,NA,NA,0
953,4,209,NA,NA,NA,0
954,5,210,NA,NA,NA,0
955,5,210,NA,NA,NA,0
956,5,210,NA,NA,NA,0
957,5,210,NA,NA,NA,0
958,5,210,"E",48,NA,0
959,3,211,NA,NA,NA,0
960,3,211,NA,NA,NA,0
961,3,211,NA,NA,NA,0
962,4,212,NA,NA,NA,0
963,4,212,"E",348,NA,0
964,4,212,NA,NA,NA,0
965,4,212,NA,NA,NA,0
966,6,213,NA,NA,NA,0
967,6,213,"E",69,NA,0
968,6,213,"E",194,NA,0
969,6,213,NA,NA,NA,0
970,6,213,NA,NA,NA,0
971,6,213,"E",96,NA,0
972,4,214,NA,NA,NA,0
973,4,214,NA,NA,NA,0
974,4,214,NA,NA,NA,0
975,4,214,NA,NA,NA,0
976,5,215,"E",234,NA,0
977,5,215,"E",247,NA,0
978,5,215,"E",199,NA,0
979,5,215,NA,NA,NA,0
980,5,215,"E",231,NA,0
981,6,216,NA,NA,NA,0
982,6,216,"E",255,NA,0
983,6,216,"E",122,NA,0
984,6,216,"E",280,NA,0
985,6,216,NA,NA,NA,0
986,6,216,"E",156,NA,0
987,3,217,NA,NA,NA,0
988,3,217,NA,NA,NA,0
989,3,217,"E",336,NA,0
990,3,218,NA,NA,NA,0
991,3,218,"E",232,NA,0
992,3,218,NA,NA,NA,0
993,5,219,NA,NA,NA,0
994,5,219,"E",301,NA,0
995,5,219,NA,NA,NA,0
996,5,219,NA,NA,NA,0
997,5,219,NA,NA,NA,0
998,3,220,"E",102,NA,0
999,3,220,"E",NA,NA,0
1000,3,220,"E",361,NA,0
