"ID","SIZE","HH","TYPE","TIME","S_NUM","I_NUM"
1,5,1,NA,NA,NA,0
2,5,1,NA,NA,NA,0
3,5,1,NA,NA,NA,0
4,5,1,NA,NA,NA,0
5,5,1,NA,NA,NA,0
6,6,2,NA,NA,NA,0
7,6,2,"E",295,NA,0
8,6,2,NA,NA,NA,0
9,6,2,NA,NA,NA,0
10,6,2,NA,NA,NA,0
11,6,2,"E",276,NA,0
12,6,3,NA,NA,NA,0
13,6,3,NA,NA,NA,0
14,6,3,"E",297,NA,0
15,6,3,NA,NA,NA,0
16,6,3,NA,NA,NA,0
17,6,3,"E",66,NA,0
18,4,4,NA,NA,NA,0
19,4,4,NA,NA,NA,0
20,4,4,NA,NA,NA,0
21,4,4,NA,NA,NA,0
22,3,5,NA,NA,NA,0
23,3,5,"E",183,NA,0
24,3,5,"E",260,NA,0
25,3,6,"E",280,NA,0
26,3,6,"E",83,NA,0
27,3,6,"E",83,NA,0
28,5,7,NA,NA,NA,0
29,5,7,NA,NA,NA,0
30,5,7,NA,NA,NA,0
31,5,7,NA,NA,NA,0
32,5,7,"E",NA,NA,0
33,5,8,NA,NA,NA,0
34,5,8,NA,NA,NA,0
35,5,8,NA,NA,NA,0
36,5,8,NA,NA,NA,0
37,5,8,NA,NA,NA,0
38,5,9,"E",211,NA,0
39,5,9,NA,NA,NA,0
40,5,9,"E",170,NA,0
41,5,9,NA,NA,NA,0
42,5,9,"E",65,NA,0
43,6,10,NA,NA,NA,0
44,6,10,NA,NA,NA,0
45,6,10,NA,NA,NA,0
46,6,10,NA,NA,NA,0
47,6,10,NA,NA,NA,0
48,6,10,"E",286,NA,0
49,6,11,NA,NA,NA,0
50,6,11,NA,NA,NA,0
51,6,11,NA,NA,NA,0
52,6,11,NA,NA,NA,0
53,6,11,NA,NA,NA,0
54,6,11,NA,NA,NA,0
55,6,12,"E",103,NA,0
56,6,12,NA,NA,NA,0
57,6,12,NA,NA,NA,0
58,6,12,NA,NA,NA,0
59,6,12,NA,NA,NA,0
60,6,12,NA,NA,NA,0
61,4,13,NA,NA,NA,0
62,4,13,"E",192,NA,0
63,4,13,NA,NA,NA,0
64,4,13,NA,NA,NA,0
65,6,14,NA,NA,NA,0
66,6,14,"E",186,NA,0
67,6,14,NA,NA,NA,0
68,6,14,NA,NA,NA,0
69,6,14,NA,NA,NA,0
70,6,14,NA,NA,NA,0
71,5,15,NA,NA,NA,0
72,5,15,NA,NA,NA,0
73,5,15,"E",360,NA,0
74,5,15,NA,NA,NA,0
75,5,15,NA,NA,NA,0
76,4,16,NA,NA,NA,0
77,4,16,NA,NA,NA,0
78,4,16,NA,NA,NA,0
79,4,16,NA,NA,NA,0
80,6,17,"E",286,NA,0
81,6,17,NA,NA,NA,0
82,6,17,"E",NA,NA,0
83,6,17,"E",241,NA,0
84,6,17,NA,NA,NA,0
85,6,17,NA,NA,NA,0
86,6,18,NA,NA,NA,0
87,6,18,"E",352,NA,0
88,6,18,NA,NA,NA,0
89,6,18,"E",223,NA,0
90,6,18,NA,NA,NA,0
91,6,18,"E",105,NA,0
92,4,19,NA,NA,NA,0
93,4,19,"E",345,NA,0
94,4,19,"E",283,NA,0
95,4,19,NA,NA,NA,0
96,3,20,NA,NA,NA,0
97,3,20,NA,NA,NA,0
98,3,20,NA,NA,NA,0
99,5,21,NA,NA,NA,0
100,5,21,NA,NA,NA,0
101,5,21,NA,NA,NA,0
102,5,21,"E",110,NA,0
103,5,21,NA,NA,NA,0
104,6,22,NA,NA,NA,0
105,6,22,"E",97,NA,0
106,6,22,NA,NA,NA,0
107,6,22,NA,NA,NA,0
108,6,22,NA,NA,NA,0
109,6,22,NA,NA,NA,0
110,3,23,NA,NA,NA,0
111,3,23,"E",302,NA,0
112,3,23,NA,NA,NA,0
113,3,24,NA,NA,NA,0
114,3,24,NA,NA,NA,0
115,3,24,"E",101,NA,0
116,5,25,NA,NA,NA,0
117,5,25,NA,NA,NA,0
118,5,25,NA,NA,NA,0
119,5,25,"E",341,NA,0
120,5,25,NA,NA,NA,0
121,3,26,NA,NA,NA,0
122,3,26,"E",78,NA,0
123,3,26,NA,NA,NA,0
124,3,27,"E",NA,NA,0
125,3,27,NA,NA,NA,0
126,3,27,NA,NA,NA,0
127,3,28,"E",319,NA,0
128,3,28,"E",351,NA,0
129,3,28,NA,NA,NA,0
130,4,29,"E",327,NA,0
131,4,29,"E",297,NA,0
132,4,29,NA,NA,NA,0
133,4,29,"E",345,NA,0
134,4,30,NA,NA,NA,0
135,4,30,NA,NA,NA,0
136,4,30,"E",NA,NA,0
137,4,30,"E",54,NA,0
138,4,31,NA,NA,NA,0
139,4,31,NA,NA,NA,0
140,4,31,NA,NA,NA,0
141,4,31,"E",228,NA,0
142,6,32,NA,NA,NA,0
143,6,32,"E",288,NA,0
144,6,32,NA,NA,NA,0
145,6,32,NA,NA,NA,0
146,6,32,"E",131,NA,0
147,6,32,NA,NA,NA,0
148,5,33,"E",304,NA,0
149,5,33,"E",98,NA,0
150,5,33,"E",73,NA,0
151,5,33,NA,NA,NA,0
152,5,33,NA,NA,NA,0
153,3,34,NA,NA,NA,0
154,3,34,"E",175,NA,0
155,3,34,NA,NA,NA,0
156,3,35,NA,NA,NA,0
157,3,35,NA,NA,NA,0
158,3,35,NA,NA,NA,0
159,5,36,"E",180,NA,0
160,5,36,"E",151,NA,0
161,5,36,"E",334,NA,0
162,5,36,NA,NA,NA,0
163,5,36,"E",311,NA,0
164,5,37,"E",37,NA,0
165,5,37,NA,NA,NA,0
166,5,37,NA,NA,NA,0
167,5,37,NA,NA,NA,0
168,5,37,NA,NA,NA,0
169,5,38,"E",NA,NA,0
170,5,38,NA,NA,NA,0
171,5,38,"E",327,NA,0
172,5,38,NA,NA,NA,0
173,5,38,NA,NA,NA,0
174,4,39,NA,NA,NA,0
175,4,39,NA,NA,NA,0
176,4,39,"E",206,NA,0
177,4,39,NA,NA,NA,0
178,3,40,NA,NA,NA,0
179,3,40,"E",37,NA,0
180,3,40,"E",355,NA,0
181,6,41,"E",325,NA,0
182,6,41,NA,NA,NA,0
183,6,41,"E",303,NA,0
184,6,41,NA,NA,NA,0
185,6,41,"E",98,NA,0
186,6,41,NA,NA,NA,0
187,6,42,NA,NA,NA,0
188,6,42,NA,NA,NA,0
189,6,42,NA,NA,NA,0
190,6,42,"E",102,NA,0
191,6,42,NA,NA,NA,0
192,6,42,NA,NA,NA,0
193,6,43,"E",158,NA,0
194,6,43,"E",188,NA,0
195,6,43,"E",27,NA,0
196,6,43,"E",271,NA,0
197,6,43,NA,NA,NA,0
198,6,43,NA,NA,NA,0
199,3,44,NA,NA,NA,0
200,3,44,"E",100,NA,0
201,3,44,NA,NA,NA,0
202,3,45,"E",159,NA,0
203,3,45,"E",174,NA,0
204,3,45,NA,NA,NA,0
205,3,46,"E",164,NA,0
206,3,46,NA,NA,NA,0
207,3,46,NA,NA,NA,0
208,3,47,NA,NA,NA,0
209,3,47,NA,NA,NA,0
210,3,47,NA,NA,NA,0
211,4,48,"E",86,NA,0
212,4,48,NA,NA,NA,0
213,4,48,NA,NA,NA,0
214,4,48,NA,NA,NA,0
215,3,49,"E",284,NA,0
216,3,49,NA,NA,NA,0
217,3,49,NA,NA,NA,0
218,4,50,NA,NA,NA,0
219,4,50,NA,NA,NA,0
220,4,50,NA,NA,NA,0
221,4,50,NA,NA,NA,0
222,5,51,"E",332,NA,0
223,5,51,"E",134,NA,0
224,5,51,NA,NA,NA,0
225,5,51,NA,NA,NA,0
226,5,51,NA,NA,NA,0
227,5,52,NA,NA,NA,0
228,5,52,NA,NA,NA,0
229,5,52,NA,NA,NA,0
230,5,52,"E",157,NA,0
231,5,52,NA,NA,NA,0
232,6,53,NA,NA,NA,0
233,6,53,NA,NA,NA,0
234,6,53,NA,NA,NA,0
235,6,53,"E",188,NA,0
236,6,53,"E",130,NA,0
237,6,53,NA,NA,NA,0
238,4,54,NA,NA,NA,0
239,4,54,NA,NA,NA,0
240,4,54,NA,NA,NA,0
241,4,54,NA,NA,NA,0
242,5,55,"E",83,NA,0
243,5,55,NA,NA,NA,0
244,5,55,NA,NA,NA,0
245,5,55,NA,NA,NA,0
246,5,55,NA,NA,NA,0
247,4,56,NA,NA,NA,0
248,4,56,"E",302,NA,0
249,4,56,"E",227,NA,0
250,4,56,"E",198,NA,0
251,6,57,NA,NA,NA,0
252,6,57,"E",356,NA,0
253,6,57,NA,NA,NA,0
254,6,57,NA,NA,NA,0
255,6,57,NA,NA,NA,0
256,6,57,NA,NA,NA,0
257,4,58,NA,NA,NA,0
258,4,58,NA,NA,NA,0
259,4,58,NA,NA,NA,0
260,4,58,NA,NA,NA,0
261,3,59,NA,NA,NA,0
262,3,59,"E",335,NA,0
263,3,59,NA,NA,NA,0
264,4,60,NA,NA,NA,0
265,4,60,NA,NA,NA,0
266,4,60,NA,NA,NA,0
267,4,60,NA,NA,NA,0
268,3,61,NA,NA,NA,0
269,3,61,NA,NA,NA,0
270,3,61,NA,NA,NA,0
271,3,62,"E",135,NA,0
272,3,62,NA,NA,NA,0
273,3,62,NA,NA,NA,0
274,4,63,"E",174,NA,0
275,4,63,NA,NA,NA,0
276,4,63,NA,NA,NA,0
277,4,63,NA,NA,NA,0
278,5,64,"E",364,NA,0
279,5,64,NA,NA,NA,0
280,5,64,NA,NA,NA,0
281,5,64,"E",NA,NA,0
282,5,64,NA,NA,NA,0
283,6,65,"E",297,NA,0
284,6,65,NA,NA,NA,0
285,6,65,NA,NA,NA,0
286,6,65,NA,NA,NA,0
287,6,65,"E",156,NA,0
288,6,65,NA,NA,NA,0
289,5,66,NA,NA,NA,0
290,5,66,"E",144,NA,0
291,5,66,NA,NA,NA,0
292,5,66,NA,NA,NA,0
293,5,66,NA,NA,NA,0
294,5,67,NA,NA,NA,0
295,5,67,"E",NA,NA,0
296,5,67,"E",107,NA,0
297,5,67,NA,NA,NA,0
298,5,67,NA,NA,NA,0
299,5,68,"E",304,NA,0
300,5,68,NA,NA,NA,0
301,5,68,"E",333,NA,0
302,5,68,"E",48,NA,0
303,5,68,"E",200,NA,0
304,3,69,NA,NA,NA,0
305,3,69,NA,NA,NA,0
306,3,69,NA,NA,NA,0
307,4,70,"E",142,NA,0
308,4,70,"E",206,NA,0
309,4,70,NA,NA,NA,0
310,4,70,NA,NA,NA,0
311,5,71,"E",356,NA,0
312,5,71,"E",NA,NA,0
313,5,71,NA,NA,NA,0
314,5,71,NA,NA,NA,0
315,5,71,NA,NA,NA,0
316,6,72,NA,NA,NA,0
317,6,72,NA,NA,NA,0
318,6,72,"E",118,NA,0
319,6,72,NA,NA,NA,0
320,6,72,NA,NA,NA,0
321,6,72,"E",260,NA,0
322,3,73,NA,NA,NA,0
323,3,73,NA,NA,NA,0
324,3,73,NA,NA,NA,0
325,5,74,NA,NA,NA,0
326,5,74,NA,NA,NA,0
327,5,74,"E",267,NA,0
328,5,74,"E",40,NA,0
329,5,74,NA,NA,NA,0
330,5,75,NA,NA,NA,0
331,5,75,"E",167,NA,0
332,5,75,NA,NA,NA,0
333,5,75,NA,NA,NA,0
334,5,75,NA,NA,NA,0
335,5,76,"E",180,NA,0
336,5,76,NA,NA,NA,0
337,5,76,"E",236,NA,0
338,5,76,"E",NA,NA,0
339,5,76,NA,NA,NA,0
340,4,77,NA,NA,NA,0
341,4,77,NA,NA,NA,0
342,4,77,NA,NA,NA,0
343,4,77,NA,NA,NA,0
344,3,78,NA,NA,NA,0
345,3,78,NA,NA,NA,0
346,3,78,NA,NA,NA,0
347,6,79,NA,NA,NA,0
348,6,79,NA,NA,NA,0
349,6,79,"E",241,NA,0
350,6,79,NA,NA,NA,0
351,6,79,NA,NA,NA,0
352,6,79,"E",124,NA,0
353,6,80,"E",201,NA,0
354,6,80,"E",49,NA,0
355,6,80,NA,NA,NA,0
356,6,80,"E",118,NA,0
357,6,80,"E",200,NA,0
358,6,80,NA,NA,NA,0
359,6,81,NA,NA,NA,0
360,6,81,"E",146,NA,0
361,6,81,"E",198,NA,0
362,6,81,NA,NA,NA,0
363,6,81,"E",81,NA,0
364,6,81,NA,NA,NA,0
365,6,82,"E",NA,NA,0
366,6,82,NA,NA,NA,0
367,6,82,NA,NA,NA,0
368,6,82,NA,NA,NA,0
369,6,82,NA,NA,NA,0
370,6,82,"E",132,NA,0
371,5,83,"E",252,NA,0
372,5,83,NA,NA,NA,0
373,5,83,"E",NA,NA,0
374,5,83,"E",218,NA,0
375,5,83,NA,NA,NA,0
376,6,84,NA,NA,NA,0
377,6,84,NA,NA,NA,0
378,6,84,"E",106,NA,0
379,6,84,NA,NA,NA,0
380,6,84,NA,NA,NA,0
381,6,84,NA,NA,NA,0
382,3,85,NA,NA,NA,0
383,3,85,"E",NA,NA,0
384,3,85,NA,NA,NA,0
385,3,86,NA,NA,NA,0
386,3,86,NA,NA,NA,0
387,3,86,NA,NA,NA,0
388,3,87,NA,NA,NA,0
389,3,87,"E",319,NA,0
390,3,87,NA,NA,NA,0
391,4,88,"E",204,NA,0
392,4,88,NA,NA,NA,0
393,4,88,NA,NA,NA,0
394,4,88,"E",165,NA,0
395,5,89,"E",110,NA,0
396,5,89,NA,NA,NA,0
397,5,89,NA,NA,NA,0
398,5,89,NA,NA,NA,0
399,5,89,NA,NA,NA,0
400,3,90,NA,NA,NA,0
401,3,90,NA,NA,NA,0
402,3,90,NA,NA,NA,0
403,5,91,NA,NA,NA,0
404,5,91,"E",95,NA,0
405,5,91,NA,NA,NA,0
406,5,91,NA,NA,NA,0
407,5,91,"E",105,NA,0
408,5,92,NA,NA,NA,0
409,5,92,NA,NA,NA,0
410,5,92,NA,NA,NA,0
411,5,92,NA,NA,NA,0
412,5,92,NA,NA,NA,0
413,4,93,NA,NA,NA,0
414,4,93,"E",49,NA,0
415,4,93,NA,NA,NA,0
416,4,93,NA,NA,NA,0
417,6,94,"E",51,NA,0
418,6,94,NA,NA,NA,0
419,6,94,NA,NA,NA,0
420,6,94,"E",354,NA,0
421,6,94,NA,NA,NA,0
422,6,94,NA,NA,NA,0
423,5,95,"E",273,NA,0
424,5,95,NA,NA,NA,0
425,5,95,NA,NA,NA,0
426,5,95,NA,NA,NA,0
427,5,95,"E",259,NA,0
428,6,96,"E",90,NA,0
429,6,96,NA,NA,NA,0
430,6,96,"E",173,NA,0
431,6,96,NA,NA,NA,0
432,6,96,NA,NA,NA,0
433,6,96,"E",315,NA,0
434,3,97,NA,NA,NA,0
435,3,97,NA,NA,NA,0
436,3,97,"E",362,NA,0
437,6,98,"E",149,NA,0
438,6,98,"E",140,NA,0
439,6,98,"E",229,NA,0
440,6,98,NA,NA,NA,0
441,6,98,NA,NA,NA,0
442,6,98,NA,NA,NA,0
443,4,99,NA,NA,NA,0
444,4,99,NA,NA,NA,0
445,4,99,NA,NA,NA,0
446,4,99,NA,NA,NA,0
447,4,100,NA,NA,NA,0
448,4,100,NA,NA,NA,0
449,4,100,NA,NA,NA,0
450,4,100,NA,NA,NA,0
451,4,101,NA,NA,NA,0
452,4,101,NA,NA,NA,0
453,4,101,"E",NA,NA,0
454,4,101,"E",239,NA,0
455,6,102,NA,NA,NA,0
456,6,102,NA,NA,NA,0
457,6,102,"E",NA,NA,0
458,6,102,NA,NA,NA,0
459,6,102,NA,NA,NA,0
460,6,102,"E",239,NA,0
461,3,103,NA,NA,NA,0
462,3,103,"E",338,NA,0
463,3,103,NA,NA,NA,0
464,6,104,NA,NA,NA,0
465,6,104,NA,NA,NA,0
466,6,104,"E",NA,NA,0
467,6,104,NA,NA,NA,0
468,6,104,NA,NA,NA,0
469,6,104,NA,NA,NA,0
470,6,105,"E",148,NA,0
471,6,105,NA,NA,NA,0
472,6,105,NA,NA,NA,0
473,6,105,"E",199,NA,0
474,6,105,NA,NA,NA,0
475,6,105,NA,NA,NA,0
476,3,106,"E",336,NA,0
477,3,106,NA,NA,NA,0
478,3,106,"E",248,NA,0
479,5,107,NA,NA,NA,0
480,5,107,NA,NA,NA,0
481,5,107,"E",206,NA,0
482,5,107,NA,NA,NA,0
483,5,107,NA,NA,NA,0
484,4,108,NA,NA,NA,0
485,4,108,NA,NA,NA,0
486,4,108,NA,NA,NA,0
487,4,108,NA,NA,NA,0
488,4,109,"E",230,NA,0
489,4,109,"E",329,NA,0
490,4,109,NA,NA,NA,0
491,4,109,"E",147,NA,0
492,3,110,"E",142,NA,0
493,3,110,NA,NA,NA,0
494,3,110,NA,NA,NA,0
495,6,111,NA,NA,NA,0
496,6,111,"E",196,NA,0
497,6,111,NA,NA,NA,0
498,6,111,NA,NA,NA,0
499,6,111,NA,NA,NA,0
500,6,111,"E",210,NA,0
501,5,112,NA,NA,NA,0
502,5,112,"E",48,NA,0
503,5,112,"E",47,NA,0
504,5,112,NA,NA,NA,0
505,5,112,NA,NA,NA,0
506,5,113,NA,NA,NA,0
507,5,113,"E",223,NA,0
508,5,113,NA,NA,NA,0
509,5,113,"E",257,NA,0
510,5,113,"E",149,NA,0
511,6,114,"E",NA,NA,0
512,6,114,NA,NA,NA,0
513,6,114,NA,NA,NA,0
514,6,114,NA,NA,NA,0
515,6,114,NA,NA,NA,0
516,6,114,"E",53,NA,0
517,3,115,NA,NA,NA,0
518,3,115,NA,NA,NA,0
519,3,115,"E",337,NA,0
520,5,116,NA,NA,NA,0
521,5,116,NA,NA,NA,0
522,5,116,NA,NA,NA,0
523,5,116,NA,NA,NA,0
524,5,116,"E",126,NA,0
525,6,117,NA,NA,NA,0
526,6,117,NA,NA,NA,0
527,6,117,NA,NA,NA,0
528,6,117,NA,NA,NA,0
529,6,117,NA,NA,NA,0
530,6,117,NA,NA,NA,0
531,3,118,NA,NA,NA,0
532,3,118,"E",360,NA,0
533,3,118,NA,NA,NA,0
534,5,119,"E",348,NA,0
535,5,119,"E",219,NA,0
536,5,119,"E",155,NA,0
537,5,119,NA,NA,NA,0
538,5,119,"E",133,NA,0
539,3,120,NA,NA,NA,0
540,3,120,"E",139,NA,0
541,3,120,NA,NA,NA,0
542,3,121,"E",86,NA,0
543,3,121,NA,NA,NA,0
544,3,121,"E",294,NA,0
545,4,122,NA,NA,NA,0
546,4,122,"E",86,NA,0
547,4,122,"E",301,NA,0
548,4,122,NA,NA,NA,0
549,5,123,"E",196,NA,0
550,5,123,NA,NA,NA,0
551,5,123,NA,NA,NA,0
552,5,123,NA,NA,NA,0
553,5,123,"E",73,NA,0
554,3,124,NA,NA,NA,0
555,3,124,"E",138,NA,0
556,3,124,NA,NA,NA,0
557,5,125,NA,NA,NA,0
558,5,125,"E",305,NA,0
559,5,125,NA,NA,NA,0
560,5,125,NA,NA,NA,0
561,5,125,NA,NA,NA,0
562,6,126,NA,NA,NA,0
563,6,126,NA,NA,NA,0
564,6,126,NA,NA,NA,0
565,6,126,"E",94,NA,0
566,6,126,NA,NA,NA,0
567,6,126,NA,NA,NA,0
568,4,127,"E",185,NA,0
569,4,127,NA,NA,NA,0
570,4,127,"E",NA,NA,0
571,4,127,"E",53,NA,0
572,5,128,"E",176,NA,0
573,5,128,NA,NA,NA,0
574,5,128,NA,NA,NA,0
575,5,128,"E",333,NA,0
576,5,128,"E",136,NA,0
577,5,129,"E",47,NA,0
578,5,129,NA,NA,NA,0
579,5,129,"E",313,NA,0
580,5,129,NA,NA,NA,0
581,5,129,NA,NA,NA,0
582,4,130,NA,NA,NA,0
583,4,130,NA,NA,NA,0
584,4,130,NA,NA,NA,0
585,4,130,"E",219,NA,0
586,4,131,NA,NA,NA,0
587,4,131,"E",103,NA,0
588,4,131,"E",184,NA,0
589,4,131,"E",216,NA,0
590,6,132,NA,NA,NA,0
591,6,132,"E",302,NA,0
592,6,132,NA,NA,NA,0
593,6,132,NA,NA,NA,0
594,6,132,NA,NA,NA,0
595,6,132,"E",62,NA,0
596,6,133,NA,NA,NA,0
597,6,133,"E",78,NA,0
598,6,133,"E",180,NA,0
599,6,133,"E",144,NA,0
600,6,133,NA,NA,NA,0
601,6,133,"E",103,NA,0
602,3,134,NA,NA,NA,0
603,3,134,NA,NA,NA,0
604,3,134,NA,NA,NA,0
605,3,135,NA,NA,NA,0
606,3,135,"E",165,NA,0
607,3,135,NA,NA,NA,0
608,6,136,NA,NA,NA,0
609,6,136,NA,NA,NA,0
610,6,136,NA,NA,NA,0
611,6,136,"E",256,NA,0
612,6,136,NA,NA,NA,0
613,6,136,NA,NA,NA,0
614,3,137,NA,NA,NA,0
615,3,137,"E",340,NA,0
616,3,137,NA,NA,NA,0
617,5,138,"E",56,NA,0
618,5,138,NA,NA,NA,0
619,5,138,"E",NA,NA,0
620,5,138,"E",59,NA,0
621,5,138,"E",147,NA,0
622,5,139,"E",290,NA,0
623,5,139,"E",207,NA,0
624,5,139,NA,NA,NA,0
625,5,139,"E",317,NA,0
626,5,139,NA,NA,NA,0
627,4,140,"E",250,NA,0
628,4,140,"E",334,NA,0
629,4,140,NA,NA,NA,0
630,4,140,"E",352,NA,0
631,4,141,"E",56,NA,0
632,4,141,NA,NA,NA,0
633,4,141,NA,NA,NA,0
634,4,141,NA,NA,NA,0
635,3,142,NA,NA,NA,0
636,3,142,"E",91,NA,0
637,3,142,"E",349,NA,0
638,6,143,NA,NA,NA,0
639,6,143,NA,NA,NA,0
640,6,143,NA,NA,NA,0
641,6,143,"E",201,NA,0
642,6,143,NA,NA,NA,0
643,6,143,"E",81,NA,0
644,6,144,NA,NA,NA,0
645,6,144,NA,NA,NA,0
646,6,144,NA,NA,NA,0
647,6,144,NA,NA,NA,0
648,6,144,"E",NA,NA,0
649,6,144,NA,NA,NA,0
650,6,145,"E",140,NA,0
651,6,145,NA,NA,NA,0
652,6,145,NA,NA,NA,0
653,6,145,NA,NA,NA,0
654,6,145,NA,NA,NA,0
655,6,145,NA,NA,NA,0
656,6,146,NA,NA,NA,0
657,6,146,NA,NA,NA,0
658,6,146,"E",44,NA,0
659,6,146,"E",68,NA,0
660,6,146,"E",NA,NA,0
661,6,146,NA,NA,NA,0
662,6,147,NA,NA,NA,0
663,6,147,"E",110,NA,0
664,6,147,NA,NA,NA,0
665,6,147,NA,NA,NA,0
666,6,147,"E",243,NA,0
667,6,147,"E",163,NA,0
668,6,148,NA,NA,NA,0
669,6,148,NA,NA,NA,0
670,6,148,NA,NA,NA,0
671,6,148,NA,NA,NA,0
672,6,148,NA,NA,NA,0
673,6,148,NA,NA,NA,0
674,4,149,NA,NA,NA,0
675,4,149,"E",NA,NA,0
676,4,149,NA,NA,NA,0
677,4,149,NA,NA,NA,0
678,3,150,NA,NA,NA,0
679,3,150,NA,NA,NA,0
680,3,150,NA,NA,NA,0
681,3,151,NA,NA,NA,0
682,3,151,NA,NA,NA,0
683,3,151,NA,NA,NA,0
684,4,152,NA,NA,NA,0
685,4,152,NA,NA,NA,0
686,4,152,"E",187,NA,0
687,4,152,NA,NA,NA,0
688,5,153,NA,NA,NA,0
689,5,153,"E",99,NA,0
690,5,153,NA,NA,NA,0
691,5,153,NA,NA,NA,0
692,5,153,NA,NA,NA,0
693,5,154,"E",277,NA,0
694,5,154,NA,NA,NA,0
695,5,154,NA,NA,NA,0
696,5,154,"E",108,NA,0
697,5,154,"E",223,NA,0
698,4,155,NA,NA,NA,0
699,4,155,NA,NA,NA,0
700,4,155,NA,NA,NA,0
701,4,155,NA,NA,NA,0
702,5,156,NA,NA,NA,0
703,5,156,"E",NA,NA,0
704,5,156,"E",NA,NA,0
705,5,156,NA,NA,NA,0
706,5,156,NA,NA,NA,0
707,6,157,NA,NA,NA,0
708,6,157,NA,NA,NA,0
709,6,157,NA,NA,NA,0
710,6,157,NA,NA,NA,0
711,6,157,NA,NA,NA,0
712,6,157,"E",NA,NA,0
713,3,158,"E",50,NA,0
714,3,158,"E",46,NA,0
715,3,158,NA,NA,NA,0
716,6,159,"E",363,NA,0
717,6,159,"E",115,NA,0
718,6,159,"E",55,NA,0
719,6,159,"E",138,NA,0
720,6,159,NA,NA,NA,0
721,6,159,NA,NA,NA,0
722,3,160,"E",244,NA,0
723,3,160,NA,NA,NA,0
724,3,160,"E",94,NA,0
725,4,161,NA,NA,NA,0
726,4,161,NA,NA,NA,0
727,4,161,NA,NA,NA,0
728,4,161,NA,NA,NA,0
729,3,162,NA,NA,NA,0
730,3,162,"E",42,NA,0
731,3,162,NA,NA,NA,0
732,6,163,NA,NA,NA,0
733,6,163,NA,NA,NA,0
734,6,163,"E",266,NA,0
735,6,163,NA,NA,NA,0
736,6,163,NA,NA,NA,0
737,6,163,"E",330,NA,0
738,5,164,NA,NA,NA,0
739,5,164,NA,NA,NA,0
740,5,164,NA,NA,NA,0
741,5,164,"E",269,NA,0
742,5,164,NA,NA,NA,0
743,5,165,"E",95,NA,0
744,5,165,NA,NA,NA,0
745,5,165,NA,NA,NA,0
746,5,165,NA,NA,NA,0
747,5,165,NA,NA,NA,0
748,5,166,"E",362,NA,0
749,5,166,NA,NA,NA,0
750,5,166,"E",153,NA,0
751,5,166,NA,NA,NA,0
752,5,166,NA,NA,NA,0
753,5,167,NA,NA,NA,0
754,5,167,NA,NA,NA,0
755,5,167,NA,NA,NA,0
756,5,167,NA,NA,NA,0
757,5,167,NA,NA,NA,0
758,5,168,NA,NA,NA,0
759,5,168,NA,NA,NA,0
760,5,168,NA,NA,NA,0
761,5,168,NA,NA,NA,0
762,5,168,NA,NA,NA,0
763,4,169,NA,NA,NA,0
764,4,169,"E",108,NA,0
765,4,169,NA,NA,NA,0
766,4,169,NA,NA,NA,0
767,6,170,NA,NA,NA,0
768,6,170,NA,NA,NA,0
769,6,170,"E",216,NA,0
770,6,170,"E",310,NA,0
771,6,170,NA,NA,NA,0
772,6,170,"E",NA,NA,0
773,6,171,"E",164,NA,0
774,6,171,"E",80,NA,0
775,6,171,NA,NA,NA,0
776,6,171,NA,NA,NA,0
777,6,171,NA,NA,NA,0
778,6,171,NA,NA,NA,0
779,4,172,NA,NA,NA,0
780,4,172,NA,NA,NA,0
781,4,172,NA,NA,NA,0
782,4,172,NA,NA,NA,0
783,5,173,NA,NA,NA,0
784,5,173,"E",60,NA,0
785,5,173,NA,NA,NA,0
786,5,173,NA,NA,NA,0
787,5,173,"E",331,NA,0
788,3,174,"E",241,NA,0
789,3,174,NA,NA,NA,0
790,3,174,"E",167,NA,0
791,4,175,"E",139,NA,0
792,4,175,"E",61,NA,0
793,4,175,"E",176,NA,0
794,4,175,"E",324,NA,0
795,6,176,"E",123,NA,0
796,6,176,"E",212,NA,0
797,6,176,NA,NA,NA,0
798,6,176,"E",137,NA,0
799,6,176,"E",44,NA,0
800,6,176,NA,NA,NA,0
801,3,177,NA,NA,NA,0
802,3,177,"E",NA,NA,0
803,3,177,"E",NA,NA,0
804,4,178,"E",238,NA,0
805,4,178,NA,NA,NA,0
806,4,178,NA,NA,NA,0
807,4,178,NA,NA,NA,0
808,6,179,NA,NA,NA,0
809,6,179,NA,NA,NA,0
810,6,179,NA,NA,NA,0
811,6,179,NA,NA,NA,0
812,6,179,NA,NA,NA,0
813,6,179,NA,NA,NA,0
814,5,180,"E",172,NA,0
815,5,180,NA,NA,NA,0
816,5,180,"E",27,NA,0
817,5,180,NA,NA,NA,0
818,5,180,NA,NA,NA,0
819,4,181,NA,NA,NA,0
820,4,181,NA,NA,NA,0
821,4,181,NA,NA,NA,0
822,4,181,NA,NA,NA,0
823,5,182,NA,NA,NA,0
824,5,182,"E",226,NA,0
825,5,182,NA,NA,NA,0
826,5,182,NA,NA,NA,0
827,5,182,NA,NA,NA,0
828,4,183,"E",153,NA,0
829,4,183,NA,NA,NA,0
830,4,183,"E",322,NA,0
831,4,183,NA,NA,NA,0
832,5,184,"E",NA,NA,0
833,5,184,NA,NA,NA,0
834,5,184,NA,NA,NA,0
835,5,184,NA,NA,NA,0
836,5,184,"E",185,NA,0
837,6,185,NA,NA,NA,0
838,6,185,"E",270,NA,0
839,6,185,"E",279,NA,0
840,6,185,NA,NA,NA,0
841,6,185,NA,NA,NA,0
842,6,185,NA,NA,NA,0
843,5,186,NA,NA,NA,0
844,5,186,NA,NA,NA,0
845,5,186,NA,NA,NA,0
846,5,186,NA,NA,NA,0
847,5,186,NA,NA,NA,0
848,6,187,NA,NA,NA,0
849,6,187,NA,NA,NA,0
850,6,187,NA,NA,NA,0
851,6,187,"E",43,NA,0
852,6,187,NA,NA,NA,0
853,6,187,"E",105,NA,0
854,4,188,NA,NA,NA,0
855,4,188,NA,NA,NA,0
856,4,188,NA,NA,NA,0
857,4,188,"E",287,NA,0
858,3,189,NA,NA,NA,0
859,3,189,"E",147,NA,0
860,3,189,"E",289,NA,0
861,5,190,"E",149,NA,0
862,5,190,"E",325,NA,0
863,5,190,"E",110,NA,0
864,5,190,NA,NA,NA,0
865,5,190,NA,NA,NA,0
866,6,191,"E",118,NA,0
867,6,191,"E",154,NA,0
868,6,191,NA,NA,NA,0
869,6,191,NA,NA,NA,0
870,6,191,"E",303,NA,0
871,6,191,NA,NA,NA,0
872,4,192,"E",275,NA,0
873,4,192,NA,NA,NA,0
874,4,192,NA,NA,NA,0
875,4,192,NA,NA,NA,0
876,3,193,NA,NA,NA,0
877,3,193,"E",NA,NA,0
878,3,193,NA,NA,NA,0
879,5,194,NA,NA,NA,0
880,5,194,NA,NA,NA,0
881,5,194,NA,NA,NA,0
882,5,194,NA,NA,NA,0
883,5,194,"E",237,NA,0
884,5,195,"E",43,NA,0
885,5,195,"E",87,NA,0
886,5,195,NA,NA,NA,0
887,5,195,NA,NA,NA,0
888,5,195,NA,NA,NA,0
889,5,196,NA,NA,NA,0
890,5,196,NA,NA,NA,0
891,5,196,NA,NA,NA,0
892,5,196,"E",38,NA,0
893,5,196,NA,NA,NA,0
894,5,197,NA,NA,NA,0
895,5,197,"E",356,NA,0
896,5,197,NA,NA,NA,0
897,5,197,NA,NA,NA,0
898,5,197,"E",218,NA,0
899,4,198,"E",98,NA,0
900,4,198,NA,NA,NA,0
901,4,198,"E",150,NA,0
902,4,198,NA,NA,NA,0
903,3,199,"E",280,NA,0
904,3,199,"E",335,NA,0
905,3,199,NA,NA,NA,0
906,4,200,NA,NA,NA,0
907,4,200,NA,NA,NA,0
908,4,200,"E",354,NA,0
909,4,200,NA,NA,NA,0
910,3,201,"E",189,NA,0
911,3,201,NA,NA,NA,0
912,3,201,NA,NA,NA,0
913,4,202,"E",145,NA,0
914,4,202,NA,NA,NA,0
915,4,202,NA,NA,NA,0
916,4,202,NA,NA,NA,0
917,5,203,NA,NA,NA,0
918,5,203,NA,NA,NA,0
919,5,203,NA,NA,NA,0
920,5,203,"E",259,NA,0
921,5,203,NA,NA,NA,0
922,6,204,"E",NA,NA,0
923,6,204,"E",192,NA,0
924,6,204,NA,NA,NA,0
925,6,204,"E",338,NA,0
926,6,204,NA,NA,NA,0
927,6,204,"E",280,NA,0
928,6,205,NA,NA,NA,0
929,6,205,NA,NA,NA,0
930,6,205,NA,NA,NA,0
931,6,205,NA,NA,NA,0
932,6,205,NA,NA,NA,0
933,6,205,NA,NA,NA,0
934,3,206,"E",245,NA,0
935,3,206,NA,NA,NA,0
936,3,206,"E",221,NA,0
937,3,207,NA,NA,NA,0
938,3,207,NA,NA,NA,0
939,3,207,NA,NA,NA,0
940,5,208,NA,NA,NA,0
941,5,208,NA,NA,NA,0
942,5,208,NA,NA,NA,0
943,5,208,"E",161,NA,0
944,5,208,NA,NA,NA,0
945,5,209,NA,NA,NA,0
946,5,209,NA,NA,NA,0
947,5,209,"E",146,NA,0
948,5,209,"E",NA,NA,0
949,5,209,"E",154,NA,0
950,3,210,NA,NA,NA,0
951,3,210,NA,NA,NA,0
952,3,210,"E",59,NA,0
953,4,211,NA,NA,NA,0
954,4,211,NA,NA,NA,0
955,4,211,NA,NA,NA,0
956,4,211,"E",362,NA,0
957,5,212,NA,NA,NA,0
958,5,212,NA,NA,NA,0
959,5,212,NA,NA,NA,0
960,5,212,NA,NA,NA,0
961,5,212,NA,NA,NA,0
962,5,213,"E",170,NA,0
963,5,213,NA,NA,NA,0
964,5,213,"E",102,NA,0
965,5,213,NA,NA,NA,0
966,5,213,NA,NA,NA,0
967,3,214,"E",257,NA,0
968,3,214,NA,NA,NA,0
969,3,214,NA,NA,NA,0
970,4,215,NA,NA,NA,0
971,4,215,NA,NA,NA,0
972,4,215,NA,NA,NA,0
973,4,215,"E",102,NA,0
974,4,216,NA,NA,NA,0
975,4,216,"E",170,NA,0
976,4,216,NA,NA,NA,0
977,4,216,"E",208,NA,0
978,3,217,"E",136,NA,0
979,3,217,NA,NA,NA,0
980,3,217,NA,NA,NA,0
981,5,218,"E",358,NA,0
982,5,218,NA,NA,NA,0
983,5,218,NA,NA,NA,0
984,5,218,NA,NA,NA,0
985,5,218,NA,NA,NA,0
986,4,219,"E",NA,NA,0
987,4,219,NA,NA,NA,0
988,4,219,"E",NA,NA,0
989,4,219,NA,NA,NA,0
990,4,220,"E",258,NA,0
991,4,220,"E",208,NA,0
992,4,220,"E",134,NA,0
993,4,220,NA,NA,NA,0
994,4,221,"E",75,NA,0
995,4,221,NA,NA,NA,0
996,4,221,"E",286,NA,0
997,4,221,"E",77,NA,0
998,3,222,NA,NA,NA,0
999,3,222,NA,NA,NA,0
1000,3,222,NA,NA,NA,0
