"ID","SIZE","HH","TYPE","TIME","S_NUM","I_NUM"
1,6,1,"0",NA,NA,0
2,6,1,NA,NA,NA,0
3,6,1,NA,NA,NA,0
4,6,1,NA,NA,NA,0
5,6,1,NA,NA,NA,0
6,6,1,NA,NA,NA,0
7,5,2,NA,NA,NA,0
8,5,2,NA,NA,NA,0
9,5,2,NA,NA,NA,0
10,5,2,NA,NA,NA,0
11,5,2,NA,NA,NA,0
12,6,3,NA,NA,NA,0
13,6,3,NA,NA,NA,0
14,6,3,NA,NA,NA,0
15,6,3,NA,NA,NA,0
16,6,3,NA,NA,NA,0
17,6,3,NA,NA,NA,0
18,4,4,NA,NA,NA,0
19,4,4,NA,NA,NA,0
20,4,4,NA,NA,NA,0
21,4,4,NA,NA,NA,0
22,3,5,NA,NA,NA,0
23,3,5,NA,NA,NA,0
24,3,5,NA,NA,NA,0
25,6,6,NA,NA,NA,0
26,6,6,NA,NA,NA,0
27,6,6,NA,NA,NA,0
28,6,6,NA,NA,NA,0
29,6,6,NA,NA,NA,0
30,6,6,NA,NA,NA,0
31,3,7,NA,NA,NA,0
32,3,7,NA,NA,NA,0
33,3,7,NA,NA,NA,0
34,6,8,NA,NA,NA,0
35,6,8,NA,NA,NA,0
36,6,8,NA,NA,NA,0
37,6,8,NA,NA,NA,0
38,6,8,NA,NA,NA,0
39,6,8,NA,NA,NA,0
40,6,9,NA,NA,NA,0
41,6,9,NA,NA,NA,0
42,6,9,NA,NA,NA,0
43,6,9,NA,NA,NA,0
44,6,9,NA,NA,NA,0
45,6,9,NA,NA,NA,0
46,5,10,NA,NA,NA,0
47,5,10,NA,NA,NA,0
48,5,10,NA,NA,NA,0
49,5,10,NA,NA,NA,0
50,5,10,NA,NA,NA,0
51,5,11,NA,NA,NA,0
52,5,11,NA,NA,NA,0
53,5,11,NA,NA,NA,0
54,5,11,NA,NA,NA,0
55,5,11,NA,NA,NA,0
56,6,12,NA,NA,NA,0
57,6,12,NA,NA,NA,0
58,6,12,NA,NA,NA,0
59,6,12,NA,NA,NA,0
60,6,12,NA,NA,NA,0
61,6,12,NA,NA,NA,0
62,4,13,NA,NA,NA,0
63,4,13,NA,NA,NA,0
64,4,13,NA,NA,NA,0
65,4,13,NA,NA,NA,0
66,5,14,NA,NA,NA,0
67,5,14,NA,NA,NA,0
68,5,14,NA,NA,NA,0
69,5,14,NA,NA,NA,0
70,5,14,NA,NA,NA,0
71,5,15,NA,NA,NA,0
72,5,15,NA,NA,NA,0
73,5,15,NA,NA,NA,0
74,5,15,NA,NA,NA,0
75,5,15,NA,NA,NA,0
76,6,16,NA,NA,NA,0
77,6,16,NA,NA,NA,0
78,6,16,NA,NA,NA,0
79,6,16,NA,NA,NA,0
80,6,16,NA,NA,NA,0
81,6,16,NA,NA,NA,0
82,6,17,"E",318,5,2
83,6,17,"H",NA,NA,0
84,6,17,"H",NA,3,2
85,6,17,"H",NA,NA,0
86,6,17,NA,NA,NA,0
87,6,17,"H",NA,3,0
88,6,18,NA,NA,NA,0
89,6,18,NA,NA,NA,0
90,6,18,NA,NA,NA,0
91,6,18,NA,NA,NA,0
92,6,18,NA,NA,NA,0
93,6,18,NA,NA,NA,0
94,5,19,NA,NA,NA,0
95,5,19,NA,NA,NA,0
96,5,19,NA,NA,NA,0
97,5,19,NA,NA,NA,0
98,5,19,NA,NA,NA,0
99,4,20,NA,NA,NA,0
100,4,20,NA,NA,NA,0
101,4,20,NA,NA,NA,0
102,4,20,NA,NA,NA,0
103,5,21,NA,NA,NA,0
104,5,21,NA,NA,NA,0
105,5,21,NA,NA,NA,0
106,5,21,NA,NA,NA,0
107,5,21,NA,NA,NA,0
108,4,22,NA,NA,NA,0
109,4,22,NA,NA,NA,0
110,4,22,NA,NA,NA,0
111,4,22,NA,NA,NA,0
112,4,23,NA,NA,NA,0
113,4,23,NA,NA,NA,0
114,4,23,NA,NA,NA,0
115,4,23,NA,NA,NA,0
116,4,24,NA,NA,NA,0
117,4,24,NA,NA,NA,0
118,4,24,NA,NA,NA,0
119,4,24,NA,NA,NA,0
120,4,25,NA,NA,NA,0
121,4,25,NA,NA,NA,0
122,4,25,NA,NA,NA,0
123,4,25,NA,NA,NA,0
124,6,26,NA,NA,NA,0
125,6,26,NA,NA,NA,0
126,6,26,NA,NA,NA,0
127,6,26,NA,NA,NA,0
128,6,26,NA,NA,NA,0
129,6,26,NA,NA,NA,0
130,3,27,NA,NA,NA,0
131,3,27,NA,NA,NA,0
132,3,27,NA,NA,NA,0
133,6,28,NA,NA,NA,0
134,6,28,"H",NA,NA,0
135,6,28,"C",NA,5,1
136,6,28,NA,NA,NA,0
137,6,28,NA,NA,NA,0
138,6,28,NA,NA,NA,0
139,3,29,NA,NA,NA,0
140,3,29,NA,NA,NA,0
141,3,29,NA,NA,NA,0
142,3,30,NA,NA,NA,0
143,3,30,NA,NA,NA,0
144,3,30,NA,NA,NA,0
145,6,31,NA,NA,NA,0
146,6,31,NA,NA,NA,0
147,6,31,"H",171,4,0
148,6,31,NA,NA,NA,0
149,6,31,NA,NA,NA,0
150,6,31,"E",108,5,1
151,6,32,NA,NA,NA,0
152,6,32,NA,NA,NA,0
153,6,32,NA,NA,NA,0
154,6,32,NA,NA,NA,0
155,6,32,NA,NA,NA,0
156,6,32,NA,NA,NA,0
157,5,33,NA,NA,NA,0
158,5,33,NA,NA,NA,0
159,5,33,NA,NA,NA,0
160,5,33,NA,NA,NA,0
161,5,33,NA,NA,NA,0
162,4,34,NA,NA,NA,0
163,4,34,NA,NA,NA,0
164,4,34,NA,NA,NA,0
165,4,34,NA,NA,NA,0
166,5,35,NA,NA,NA,0
167,5,35,NA,NA,NA,0
168,5,35,NA,NA,NA,0
169,5,35,NA,NA,NA,0
170,5,35,NA,NA,NA,0
171,3,36,NA,NA,NA,0
172,3,36,NA,NA,NA,0
173,3,36,NA,NA,NA,0
174,4,37,NA,NA,NA,0
175,4,37,NA,NA,NA,0
176,4,37,NA,NA,NA,0
177,4,37,NA,NA,NA,0
178,3,38,NA,NA,NA,0
179,3,38,NA,NA,NA,0
180,3,38,NA,NA,NA,0
181,4,39,NA,NA,NA,0
182,4,39,NA,NA,NA,0
183,4,39,NA,NA,NA,0
184,4,39,NA,NA,NA,0
185,6,40,NA,NA,NA,0
186,6,40,NA,NA,NA,0
187,6,40,NA,NA,NA,0
188,6,40,NA,NA,NA,0
189,6,40,NA,NA,NA,0
190,6,40,NA,NA,NA,0
191,3,41,NA,NA,NA,0
192,3,41,NA,NA,NA,0
193,3,41,NA,NA,NA,0
194,3,42,NA,NA,NA,0
195,3,42,NA,NA,NA,0
196,3,42,NA,NA,NA,0
197,3,43,NA,NA,NA,0
198,3,43,NA,NA,NA,0
199,3,43,NA,NA,NA,0
200,3,44,NA,NA,NA,0
201,3,44,NA,NA,NA,0
202,3,44,NA,NA,NA,0
203,5,45,NA,NA,NA,0
204,5,45,NA,NA,NA,0
205,5,45,NA,NA,NA,0
206,5,45,NA,NA,NA,0
207,5,45,NA,NA,NA,0
208,5,46,NA,NA,NA,0
209,5,46,NA,NA,NA,0
210,5,46,NA,NA,NA,0
211,5,46,NA,NA,NA,0
212,5,46,NA,NA,NA,0
213,3,47,NA,NA,NA,0
214,3,47,NA,NA,NA,0
215,3,47,NA,NA,NA,0
216,6,48,"H",161,3,1
217,6,48,"H",NA,2,1
218,6,48,"H",248,0,0
219,6,48,"H",184,2,0
220,6,48,"C",NA,5,2
221,6,48,"H",234,1,1
222,3,49,NA,NA,NA,0
223,3,49,NA,NA,NA,0
224,3,49,NA,NA,NA,0
225,3,50,NA,NA,NA,0
226,3,50,NA,NA,NA,0
227,3,50,NA,NA,NA,0
228,5,51,"H",222,3,1
229,5,51,NA,NA,NA,0
230,5,51,"C",199,4,1
231,5,51,"H",NA,1,0
232,5,51,"H",NA,2,1
233,6,52,NA,NA,NA,0
234,6,52,NA,NA,NA,0
235,6,52,NA,NA,NA,0
236,6,52,NA,NA,NA,0
237,6,52,NA,NA,NA,0
238,6,52,NA,NA,NA,0
239,3,53,NA,NA,NA,0
240,3,53,NA,NA,NA,0
241,3,53,NA,NA,NA,0
242,4,54,NA,NA,NA,0
243,4,54,NA,NA,NA,0
244,4,54,NA,NA,NA,0
245,4,54,NA,NA,NA,0
246,3,55,NA,NA,NA,0
247,3,55,NA,NA,NA,0
248,3,55,NA,NA,NA,0
249,4,56,NA,NA,NA,0
250,4,56,NA,NA,NA,0
251,4,56,NA,NA,NA,0
252,4,56,NA,NA,NA,0
253,5,57,NA,NA,NA,0
254,5,57,NA,NA,NA,0
255,5,57,NA,NA,NA,0
256,5,57,NA,NA,NA,0
257,5,57,NA,NA,NA,0
258,3,58,"H",254,1,1
259,3,58,"E",223,2,1
260,3,58,"H",NA,0,0
261,4,59,NA,NA,NA,0
262,4,59,NA,NA,NA,0
263,4,59,NA,NA,NA,0
264,4,59,NA,NA,NA,0
265,3,60,NA,NA,NA,0
266,3,60,NA,NA,NA,0
267,3,60,NA,NA,NA,0
268,6,61,NA,NA,NA,0
269,6,61,NA,NA,NA,0
270,6,61,NA,NA,NA,0
271,6,61,NA,NA,NA,0
272,6,61,NA,NA,NA,0
273,6,61,NA,NA,NA,0
274,3,62,NA,NA,NA,0
275,3,62,NA,NA,NA,0
276,3,62,NA,NA,NA,0
277,4,63,NA,NA,NA,0
278,4,63,NA,NA,NA,0
279,4,63,NA,NA,NA,0
280,4,63,NA,NA,NA,0
281,5,64,NA,NA,NA,0
282,5,64,NA,NA,NA,0
283,5,64,NA,NA,NA,0
284,5,64,NA,NA,NA,0
285,5,64,NA,NA,NA,0
286,3,65,NA,NA,NA,0
287,3,65,NA,NA,NA,0
288,3,65,NA,NA,NA,0
289,5,66,NA,NA,NA,0
290,5,66,NA,NA,NA,0
291,5,66,NA,NA,NA,0
292,5,66,NA,NA,NA,0
293,5,66,NA,NA,NA,0
294,3,67,NA,NA,NA,0
295,3,67,NA,NA,NA,0
296,3,67,NA,NA,NA,0
297,3,68,NA,NA,NA,0
298,3,68,NA,NA,NA,0
299,3,68,NA,NA,NA,0
300,5,69,NA,NA,NA,0
301,5,69,NA,NA,NA,0
302,5,69,NA,NA,NA,0
303,5,69,NA,NA,NA,0
304,5,69,NA,NA,NA,0
305,6,70,NA,NA,NA,0
306,6,70,NA,NA,NA,0
307,6,70,NA,NA,NA,0
308,6,70,NA,NA,NA,0
309,6,70,NA,NA,NA,0
310,6,70,NA,NA,NA,0
311,5,71,NA,NA,NA,0
312,5,71,NA,NA,NA,0
313,5,71,NA,NA,NA,0
314,5,71,NA,NA,NA,0
315,5,71,NA,NA,NA,0
316,6,72,NA,NA,NA,0
317,6,72,NA,NA,NA,0
318,6,72,NA,NA,NA,0
319,6,72,NA,NA,NA,0
320,6,72,NA,NA,NA,0
321,6,72,NA,NA,NA,0
322,3,73,NA,NA,NA,0
323,3,73,NA,NA,NA,0
324,3,73,NA,NA,NA,0
325,5,74,"E",253,4,0
326,5,74,NA,NA,NA,0
327,5,74,NA,NA,NA,0
328,5,74,NA,NA,NA,0
329,5,74,NA,NA,NA,0
330,5,75,NA,NA,NA,0
331,5,75,NA,NA,NA,0
332,5,75,NA,NA,NA,0
333,5,75,NA,NA,NA,0
334,5,75,NA,NA,NA,0
335,6,76,NA,NA,NA,0
336,6,76,NA,NA,NA,0
337,6,76,NA,NA,NA,0
338,6,76,NA,NA,NA,0
339,6,76,NA,NA,NA,0
340,6,76,NA,NA,NA,0
341,5,77,NA,NA,NA,0
342,5,77,NA,NA,NA,0
343,5,77,NA,NA,NA,0
344,5,77,NA,NA,NA,0
345,5,77,NA,NA,NA,0
346,5,78,NA,NA,NA,0
347,5,78,NA,NA,NA,0
348,5,78,"H",206,3,0
349,5,78,"E",191,4,1
350,5,78,NA,NA,NA,0
351,6,79,NA,NA,NA,0
352,6,79,NA,NA,NA,0
353,6,79,NA,NA,NA,0
354,6,79,NA,NA,NA,0
355,6,79,NA,NA,NA,0
356,6,79,NA,NA,NA,0
357,5,80,NA,NA,NA,0
358,5,80,NA,NA,NA,0
359,5,80,NA,NA,NA,0
360,5,80,NA,NA,NA,0
361,5,80,NA,NA,NA,0
362,6,81,NA,NA,NA,0
363,6,81,NA,NA,NA,0
364,6,81,NA,NA,NA,0
365,6,81,NA,NA,NA,0
366,6,81,NA,NA,NA,0
367,6,81,NA,NA,NA,0
368,6,82,NA,NA,NA,0
369,6,82,NA,NA,NA,0
370,6,82,NA,NA,NA,0
371,6,82,NA,NA,NA,0
372,6,82,NA,NA,NA,0
373,6,82,NA,NA,NA,0
374,5,83,NA,NA,NA,0
375,5,83,NA,NA,NA,0
376,5,83,NA,NA,NA,0
377,5,83,NA,NA,NA,0
378,5,83,NA,NA,NA,0
379,6,84,NA,NA,NA,0
380,6,84,NA,NA,NA,0
381,6,84,NA,NA,NA,0
382,6,84,NA,NA,NA,0
383,6,84,NA,NA,NA,0
384,6,84,NA,NA,NA,0
385,3,85,NA,NA,NA,0
386,3,85,NA,NA,NA,0
387,3,85,NA,NA,NA,0
388,6,86,NA,NA,NA,0
389,6,86,NA,NA,NA,0
390,6,86,NA,NA,NA,0
391,6,86,NA,NA,NA,0
392,6,86,NA,NA,NA,0
393,6,86,NA,NA,NA,0
394,6,87,NA,NA,NA,0
395,6,87,NA,NA,NA,0
396,6,87,NA,NA,NA,0
397,6,87,NA,NA,NA,0
398,6,87,NA,NA,NA,0
399,6,87,NA,NA,NA,0
400,5,88,NA,NA,NA,0
401,5,88,NA,NA,NA,0
402,5,88,NA,NA,NA,0
403,5,88,NA,NA,NA,0
404,5,88,NA,NA,NA,0
405,5,89,NA,NA,NA,0
406,5,89,NA,NA,NA,0
407,5,89,NA,NA,NA,0
408,5,89,NA,NA,NA,0
409,5,89,NA,NA,NA,0
410,4,90,NA,NA,NA,0
411,4,90,NA,NA,NA,0
412,4,90,NA,NA,NA,0
413,4,90,NA,NA,NA,0
414,5,91,NA,NA,NA,0
415,5,91,NA,NA,NA,0
416,5,91,NA,NA,NA,0
417,5,91,NA,NA,NA,0
418,5,91,NA,NA,NA,0
419,6,92,NA,NA,NA,0
420,6,92,NA,NA,NA,0
421,6,92,NA,NA,NA,0
422,6,92,NA,NA,NA,0
423,6,92,NA,NA,NA,0
424,6,92,NA,NA,NA,0
425,3,93,NA,NA,NA,0
426,3,93,NA,NA,NA,0
427,3,93,NA,NA,NA,0
428,5,94,NA,NA,NA,0
429,5,94,NA,NA,NA,0
430,5,94,"E",107,4,0
431,5,94,NA,NA,NA,0
432,5,94,NA,NA,NA,0
433,5,95,NA,NA,NA,0
434,5,95,NA,NA,NA,0
435,5,95,NA,NA,NA,0
436,5,95,NA,NA,NA,0
437,5,95,NA,NA,NA,0
438,4,96,NA,NA,NA,0
439,4,96,NA,NA,NA,0
440,4,96,NA,NA,NA,0
441,4,96,NA,NA,NA,0
442,4,97,NA,NA,NA,0
443,4,97,NA,NA,NA,0
444,4,97,NA,NA,NA,0
445,4,97,NA,NA,NA,0
446,6,98,NA,NA,NA,0
447,6,98,NA,NA,NA,0
448,6,98,NA,NA,NA,0
449,6,98,NA,NA,NA,0
450,6,98,NA,NA,NA,0
451,6,98,NA,NA,NA,0
452,4,99,NA,NA,NA,0
453,4,99,NA,NA,NA,0
454,4,99,NA,NA,NA,0
455,4,99,NA,NA,NA,0
456,5,100,NA,NA,NA,0
457,5,100,NA,NA,NA,0
458,5,100,NA,NA,NA,0
459,5,100,NA,NA,NA,0
460,5,100,NA,NA,NA,0
461,3,101,NA,NA,NA,0
462,3,101,NA,NA,NA,0
463,3,101,NA,NA,NA,0
464,5,102,NA,NA,NA,0
465,5,102,NA,NA,NA,0
466,5,102,"C",NA,4,0
467,5,102,NA,NA,NA,0
468,5,102,NA,NA,NA,0
469,4,103,NA,NA,NA,0
470,4,103,NA,NA,NA,0
471,4,103,NA,NA,NA,0
472,4,103,NA,NA,NA,0
473,5,104,NA,NA,NA,0
474,5,104,NA,NA,NA,0
475,5,104,NA,NA,NA,0
476,5,104,NA,NA,NA,0
477,5,104,"E",NA,4,0
478,5,105,NA,NA,NA,0
479,5,105,NA,NA,NA,0
480,5,105,NA,NA,NA,0
481,5,105,NA,NA,NA,0
482,5,105,NA,NA,NA,0
483,6,106,NA,NA,NA,0
484,6,106,NA,NA,NA,0
485,6,106,NA,NA,NA,0
486,6,106,NA,NA,NA,0
487,6,106,NA,NA,NA,0
488,6,106,NA,NA,NA,0
489,6,107,NA,NA,NA,0
490,6,107,NA,NA,NA,0
491,6,107,NA,NA,NA,0
492,6,107,NA,NA,NA,0
493,6,107,NA,NA,NA,0
494,6,107,NA,NA,NA,0
495,4,108,NA,NA,NA,0
496,4,108,NA,NA,NA,0
497,4,108,NA,NA,NA,0
498,4,108,NA,NA,NA,0
499,5,109,NA,NA,NA,0
500,5,109,NA,NA,NA,0
501,5,109,NA,NA,NA,0
502,5,109,NA,NA,NA,0
503,5,109,NA,NA,NA,0
504,3,110,NA,NA,NA,0
505,3,110,NA,NA,NA,0
506,3,110,NA,NA,NA,0
507,3,111,NA,NA,NA,0
508,3,111,NA,NA,NA,0
509,3,111,NA,NA,NA,0
510,4,112,NA,NA,NA,0
511,4,112,NA,NA,NA,0
512,4,112,NA,NA,NA,0
513,4,112,NA,NA,NA,0
514,3,113,NA,NA,NA,0
515,3,113,NA,NA,NA,0
516,3,113,NA,NA,NA,0
517,6,114,NA,NA,NA,0
518,6,114,NA,NA,NA,0
519,6,114,NA,NA,NA,0
520,6,114,NA,NA,NA,0
521,6,114,NA,NA,NA,0
522,6,114,NA,NA,NA,0
523,4,115,NA,NA,NA,0
524,4,115,NA,NA,NA,0
525,4,115,NA,NA,NA,0
526,4,115,NA,NA,NA,0
527,5,116,NA,NA,NA,0
528,5,116,NA,NA,NA,0
529,5,116,NA,NA,NA,0
530,5,116,NA,NA,NA,0
531,5,116,NA,NA,NA,0
532,4,117,NA,NA,NA,0
533,4,117,NA,NA,NA,0
534,4,117,NA,NA,NA,0
535,4,117,NA,NA,NA,0
536,3,118,NA,NA,NA,0
537,3,118,NA,NA,NA,0
538,3,118,NA,NA,NA,0
539,5,119,"H",NA,3,1
540,5,119,"H",NA,2,0
541,5,119,"E",NA,4,1
542,5,119,NA,NA,NA,0
543,5,119,NA,NA,NA,0
544,3,120,NA,NA,NA,0
545,3,120,NA,NA,NA,0
546,3,120,"C",NA,NA,0
547,6,121,NA,NA,NA,0
548,6,121,NA,NA,NA,0
549,6,121,NA,NA,NA,0
550,6,121,NA,NA,NA,0
551,6,121,NA,NA,NA,0
552,6,121,NA,NA,NA,0
553,4,122,NA,NA,NA,0
554,4,122,NA,NA,NA,0
555,4,122,NA,NA,NA,0
556,4,122,NA,NA,NA,0
557,4,123,NA,NA,NA,0
558,4,123,"E",NA,NA,0
559,4,123,NA,NA,NA,0
560,4,123,NA,NA,NA,0
561,3,124,NA,NA,NA,0
562,3,124,NA,NA,NA,0
563,3,124,NA,NA,NA,0
564,5,125,NA,NA,NA,0
565,5,125,NA,NA,NA,0
566,5,125,NA,NA,NA,0
567,5,125,NA,NA,NA,0
568,5,125,NA,NA,NA,0
569,6,126,NA,NA,NA,0
570,6,126,NA,NA,NA,0
571,6,126,NA,NA,NA,0
572,6,126,NA,NA,NA,0
573,6,126,NA,NA,NA,0
574,6,126,NA,NA,NA,0
575,6,127,NA,NA,NA,0
576,6,127,NA,NA,NA,0
577,6,127,NA,NA,NA,0
578,6,127,NA,NA,NA,0
579,6,127,NA,NA,NA,0
580,6,127,NA,NA,NA,0
581,5,128,NA,NA,NA,0
582,5,128,NA,NA,NA,0
583,5,128,NA,NA,NA,0
584,5,128,NA,NA,NA,0
585,5,128,NA,NA,NA,0
586,3,129,NA,NA,NA,0
587,3,129,NA,NA,NA,0
588,3,129,NA,NA,NA,0
589,5,130,NA,NA,NA,0
590,5,130,NA,NA,NA,0
591,5,130,NA,NA,NA,0
592,5,130,NA,NA,NA,0
593,5,130,NA,NA,NA,0
594,4,131,"C",202,3,2
595,4,131,"H",225,1,0
596,4,131,NA,NA,NA,0
597,4,131,"H",269,1,0
598,4,132,NA,NA,NA,0
599,4,132,NA,NA,NA,0
600,4,132,NA,NA,NA,0
601,4,132,NA,NA,NA,0
602,5,133,NA,NA,NA,0
603,5,133,NA,NA,NA,0
604,5,133,NA,NA,NA,0
605,5,133,NA,NA,NA,0
606,5,133,NA,NA,NA,0
607,5,134,NA,NA,NA,0
608,5,134,NA,NA,NA,0
609,5,134,NA,NA,NA,0
610,5,134,NA,NA,NA,0
611,5,134,NA,NA,NA,0
612,6,135,NA,NA,NA,0
613,6,135,NA,NA,NA,0
614,6,135,NA,NA,NA,0
615,6,135,NA,NA,NA,0
616,6,135,NA,NA,NA,0
617,6,135,NA,NA,NA,0
618,4,136,NA,NA,NA,0
619,4,136,NA,NA,NA,0
620,4,136,NA,NA,NA,0
621,4,136,NA,NA,NA,0
622,5,137,NA,NA,NA,0
623,5,137,NA,NA,NA,0
624,5,137,NA,NA,NA,0
625,5,137,NA,NA,NA,0
626,5,137,NA,NA,NA,0
627,4,138,NA,NA,NA,0
628,4,138,NA,NA,NA,0
629,4,138,NA,NA,NA,0
630,4,138,NA,NA,NA,0
631,4,139,NA,NA,NA,0
632,4,139,NA,NA,NA,0
633,4,139,NA,NA,NA,0
634,4,139,NA,NA,NA,0
635,5,140,NA,NA,NA,0
636,5,140,NA,NA,NA,0
637,5,140,NA,NA,NA,0
638,5,140,NA,NA,NA,0
639,5,140,NA,NA,NA,0
640,5,141,NA,NA,NA,0
641,5,141,NA,NA,NA,0
642,5,141,NA,NA,NA,0
643,5,141,NA,NA,NA,0
644,5,141,NA,NA,NA,0
645,4,142,NA,NA,NA,0
646,4,142,NA,NA,NA,0
647,4,142,NA,NA,NA,0
648,4,142,NA,NA,NA,0
649,5,143,NA,NA,NA,0
650,5,143,NA,NA,NA,0
651,5,143,NA,NA,NA,0
652,5,143,NA,NA,NA,0
653,5,143,NA,NA,NA,0
654,4,144,NA,NA,NA,0
655,4,144,NA,NA,NA,0
656,4,144,NA,NA,NA,0
657,4,144,NA,NA,NA,0
658,4,145,NA,NA,NA,0
659,4,145,NA,NA,NA,0
660,4,145,NA,NA,NA,0
661,4,145,NA,NA,NA,0
662,5,146,NA,NA,NA,0
663,5,146,NA,NA,NA,0
664,5,146,NA,NA,NA,0
665,5,146,NA,NA,NA,0
666,5,146,NA,NA,NA,0
667,5,147,NA,NA,NA,0
668,5,147,NA,NA,NA,0
669,5,147,NA,NA,NA,0
670,5,147,NA,NA,NA,0
671,5,147,NA,NA,NA,0
672,5,148,NA,NA,NA,0
673,5,148,NA,NA,NA,0
674,5,148,NA,NA,NA,0
675,5,148,NA,NA,NA,0
676,5,148,NA,NA,NA,0
677,4,149,NA,NA,NA,0
678,4,149,NA,NA,NA,0
679,4,149,NA,NA,NA,0
680,4,149,NA,NA,NA,0
681,3,150,NA,NA,NA,0
682,3,150,NA,NA,NA,0
683,3,150,NA,NA,NA,0
684,5,151,NA,NA,NA,0
685,5,151,NA,NA,NA,0
686,5,151,NA,NA,NA,0
687,5,151,NA,NA,NA,0
688,5,151,NA,NA,NA,0
689,6,152,NA,NA,NA,0
690,6,152,NA,NA,NA,0
691,6,152,NA,NA,NA,0
692,6,152,NA,NA,NA,0
693,6,152,NA,NA,NA,0
694,6,152,NA,NA,NA,0
695,4,153,NA,NA,NA,0
696,4,153,NA,NA,NA,0
697,4,153,NA,NA,NA,0
698,4,153,NA,NA,NA,0
699,4,154,NA,NA,NA,0
700,4,154,NA,NA,NA,0
701,4,154,NA,NA,NA,0
702,4,154,NA,NA,NA,0
703,5,155,NA,NA,NA,0
704,5,155,NA,NA,NA,0
705,5,155,"H",NA,NA,0
706,5,155,NA,NA,NA,0
707,5,155,"C",NA,4,1
708,6,156,NA,NA,NA,0
709,6,156,NA,NA,NA,0
710,6,156,NA,NA,NA,0
711,6,156,NA,NA,NA,0
712,6,156,NA,NA,NA,0
713,6,156,NA,NA,NA,0
714,6,157,NA,NA,NA,0
715,6,157,NA,NA,NA,0
716,6,157,NA,NA,NA,0
717,6,157,NA,NA,NA,0
718,6,157,NA,NA,NA,0
719,6,157,NA,NA,NA,0
720,3,158,NA,NA,NA,0
721,3,158,NA,NA,NA,0
722,3,158,NA,NA,NA,0
723,5,159,NA,NA,NA,0
724,5,159,NA,NA,NA,0
725,5,159,NA,NA,NA,0
726,5,159,NA,NA,NA,0
727,5,159,NA,NA,NA,0
728,4,160,NA,NA,NA,0
729,4,160,NA,NA,NA,0
730,4,160,NA,NA,NA,0
731,4,160,NA,NA,NA,0
732,5,161,NA,NA,NA,0
733,5,161,NA,NA,NA,0
734,5,161,NA,NA,NA,0
735,5,161,NA,NA,NA,0
736,5,161,NA,NA,NA,0
737,5,162,NA,NA,NA,0
738,5,162,NA,NA,NA,0
739,5,162,NA,NA,NA,0
740,5,162,NA,NA,NA,0
741,5,162,NA,NA,NA,0
742,3,163,NA,NA,NA,0
743,3,163,NA,NA,NA,0
744,3,163,NA,NA,NA,0
745,3,164,NA,NA,NA,0
746,3,164,NA,NA,NA,0
747,3,164,NA,NA,NA,0
748,4,165,NA,NA,NA,0
749,4,165,NA,NA,NA,0
750,4,165,NA,NA,NA,0
751,4,165,NA,NA,NA,0
752,5,166,NA,NA,NA,0
753,5,166,NA,NA,NA,0
754,5,166,NA,NA,NA,0
755,5,166,NA,NA,NA,0
756,5,166,NA,NA,NA,0
757,6,167,NA,NA,NA,0
758,6,167,NA,NA,NA,0
759,6,167,NA,NA,NA,0
760,6,167,NA,NA,NA,0
761,6,167,NA,NA,NA,0
762,6,167,NA,NA,NA,0
763,4,168,NA,NA,NA,0
764,4,168,NA,NA,NA,0
765,4,168,NA,NA,NA,0
766,4,168,NA,NA,NA,0
767,4,169,NA,NA,NA,0
768,4,169,NA,NA,NA,0
769,4,169,NA,NA,NA,0
770,4,169,NA,NA,NA,0
771,5,170,NA,NA,NA,0
772,5,170,NA,NA,NA,0
773,5,170,NA,NA,NA,0
774,5,170,NA,NA,NA,0
775,5,170,NA,NA,NA,0
776,4,171,NA,NA,NA,0
777,4,171,NA,NA,NA,0
778,4,171,NA,NA,NA,0
779,4,171,NA,NA,NA,0
780,4,172,NA,NA,NA,0
781,4,172,NA,NA,NA,0
782,4,172,NA,NA,NA,0
783,4,172,NA,NA,NA,0
784,3,173,NA,NA,NA,0
785,3,173,"C",NA,2,0
786,3,173,NA,NA,NA,0
787,6,174,NA,NA,NA,0
788,6,174,NA,NA,NA,0
789,6,174,NA,NA,NA,0
790,6,174,NA,NA,NA,0
791,6,174,NA,NA,NA,0
792,6,174,NA,NA,NA,0
793,6,175,NA,NA,NA,0
794,6,175,NA,NA,NA,0
795,6,175,NA,NA,NA,0
796,6,175,NA,NA,NA,0
797,6,175,NA,NA,NA,0
798,6,175,NA,NA,NA,0
799,6,176,NA,NA,NA,0
800,6,176,NA,NA,NA,0
801,6,176,NA,NA,NA,0
802,6,176,NA,NA,NA,0
803,6,176,NA,NA,NA,0
804,6,176,NA,NA,NA,0
805,5,177,NA,NA,NA,0
806,5,177,NA,NA,NA,0
807,5,177,NA,NA,NA,0
808,5,177,NA,NA,NA,0
809,5,177,NA,NA,NA,0
810,4,178,NA,NA,NA,0
811,4,178,NA,NA,NA,0
812,4,178,NA,NA,NA,0
813,4,178,NA,NA,NA,0
814,3,179,NA,NA,NA,0
815,3,179,NA,NA,NA,0
816,3,179,NA,NA,NA,0
817,4,180,NA,NA,NA,0
818,4,180,NA,NA,NA,0
819,4,180,NA,NA,NA,0
820,4,180,NA,NA,NA,0
821,4,181,NA,NA,NA,0
822,4,181,NA,NA,NA,0
823,4,181,NA,NA,NA,0
824,4,181,NA,NA,NA,0
825,5,182,NA,NA,NA,0
826,5,182,NA,NA,NA,0
827,5,182,NA,NA,NA,0
828,5,182,NA,NA,NA,0
829,5,182,NA,NA,NA,0
830,5,183,NA,NA,NA,0
831,5,183,NA,NA,NA,0
832,5,183,NA,NA,NA,0
833,5,183,NA,NA,NA,0
834,5,183,NA,NA,NA,0
835,4,184,NA,NA,NA,0
836,4,184,NA,NA,NA,0
837,4,184,NA,NA,NA,0
838,4,184,NA,NA,NA,0
839,6,185,NA,NA,NA,0
840,6,185,NA,NA,NA,0
841,6,185,NA,NA,NA,0
842,6,185,NA,NA,NA,0
843,6,185,NA,NA,NA,0
844,6,185,NA,NA,NA,0
845,5,186,NA,NA,NA,0
846,5,186,NA,NA,NA,0
847,5,186,NA,NA,NA,0
848,5,186,NA,NA,NA,0
849,5,186,NA,NA,NA,0
850,3,187,NA,NA,NA,0
851,3,187,NA,NA,NA,0
852,3,187,NA,NA,NA,0
853,4,188,NA,NA,NA,0
854,4,188,NA,NA,NA,0
855,4,188,NA,NA,NA,0
856,4,188,NA,NA,NA,0
857,5,189,NA,NA,NA,0
858,5,189,NA,NA,NA,0
859,5,189,NA,NA,NA,0
860,5,189,NA,NA,NA,0
861,5,189,NA,NA,NA,0
862,4,190,NA,NA,NA,0
863,4,190,NA,NA,NA,0
864,4,190,NA,NA,NA,0
865,4,190,NA,NA,NA,0
866,4,191,NA,NA,NA,0
867,4,191,NA,NA,NA,0
868,4,191,NA,NA,NA,0
869,4,191,NA,NA,NA,0
870,3,192,NA,NA,NA,0
871,3,192,NA,NA,NA,0
872,3,192,NA,NA,NA,0
873,4,193,"H",NA,2,1
874,4,193,"H",NA,NA,0
875,4,193,"C",NA,3,1
876,4,193,NA,NA,NA,0
877,6,194,NA,NA,NA,0
878,6,194,NA,NA,NA,0
879,6,194,NA,NA,NA,0
880,6,194,NA,NA,NA,0
881,6,194,NA,NA,NA,0
882,6,194,NA,NA,NA,0
883,5,195,"H",NA,NA,0
884,5,195,NA,NA,NA,0
885,5,195,NA,NA,NA,0
886,5,195,"C",349,4,2
887,5,195,"H",NA,NA,0
888,5,196,NA,NA,NA,0
889,5,196,NA,NA,NA,0
890,5,196,NA,NA,NA,0
891,5,196,NA,NA,NA,0
892,5,196,NA,NA,NA,0
893,6,197,NA,NA,NA,0
894,6,197,NA,NA,NA,0
895,6,197,NA,NA,NA,0
896,6,197,NA,NA,NA,0
897,6,197,"E",316,5,0
898,6,197,NA,NA,NA,0
899,5,198,"H",246,3,1
900,5,198,"E",NA,4,1
901,5,198,"H",NA,1,1
902,5,198,"H",345,0,0
903,5,198,"H",NA,2,1
904,3,199,NA,NA,NA,0
905,3,199,NA,NA,NA,0
906,3,199,NA,NA,NA,0
907,4,200,NA,NA,NA,0
908,4,200,NA,NA,NA,0
909,4,200,NA,NA,NA,0
910,4,200,NA,NA,NA,0
911,5,201,NA,NA,NA,0
912,5,201,NA,NA,NA,0
913,5,201,NA,NA,NA,0
914,5,201,NA,NA,NA,0
915,5,201,NA,NA,NA,0
916,5,202,NA,NA,NA,0
917,5,202,NA,NA,NA,0
918,5,202,NA,NA,NA,0
919,5,202,NA,NA,NA,0
920,5,202,NA,NA,NA,0
921,4,203,NA,NA,NA,0
922,4,203,NA,NA,NA,0
923,4,203,NA,NA,NA,0
924,4,203,NA,NA,NA,0
925,5,204,NA,NA,NA,0
926,5,204,NA,NA,NA,0
927,5,204,NA,NA,NA,0
928,5,204,NA,NA,NA,0
929,5,204,NA,NA,NA,0
930,5,205,NA,NA,NA,0
931,5,205,NA,NA,NA,0
932,5,205,NA,NA,NA,0
933,5,205,NA,NA,NA,0
934,5,205,NA,NA,NA,0
935,3,206,NA,NA,NA,0
936,3,206,NA,NA,NA,0
937,3,206,NA,NA,NA,0
938,6,207,NA,NA,NA,0
939,6,207,NA,NA,NA,0
940,6,207,NA,NA,NA,0
941,6,207,NA,NA,NA,0
942,6,207,NA,NA,NA,0
943,6,207,NA,NA,NA,0
944,5,208,NA,NA,NA,0
945,5,208,NA,NA,NA,0
946,5,208,NA,NA,NA,0
947,5,208,NA,NA,NA,0
948,5,208,NA,NA,NA,0
949,5,209,NA,NA,NA,0
950,5,209,NA,NA,NA,0
951,5,209,NA,NA,NA,0
952,5,209,NA,NA,NA,0
953,5,209,NA,NA,NA,0
954,6,210,NA,NA,NA,0
955,6,210,NA,NA,NA,0
956,6,210,NA,NA,NA,0
957,6,210,NA,NA,NA,0
958,6,210,NA,NA,NA,0
959,6,210,NA,NA,NA,0
960,3,211,NA,NA,NA,0
961,3,211,NA,NA,NA,0
962,3,211,NA,NA,NA,0
963,4,212,NA,NA,NA,0
964,4,212,NA,NA,NA,0
965,4,212,NA,NA,NA,0
966,4,212,NA,NA,NA,0
967,5,213,NA,NA,NA,0
968,5,213,NA,NA,NA,0
969,5,213,NA,NA,NA,0
970,5,213,NA,NA,NA,0
971,5,213,NA,NA,NA,0
972,5,214,NA,NA,NA,0
973,5,214,NA,NA,NA,0
974,5,214,NA,NA,NA,0
975,5,214,NA,NA,NA,0
976,5,214,NA,NA,NA,0
977,6,215,NA,NA,NA,0
978,6,215,NA,NA,NA,0
979,6,215,NA,NA,NA,0
980,6,215,NA,NA,NA,0
981,6,215,NA,NA,NA,0
982,6,215,NA,NA,NA,0
983,6,216,NA,NA,NA,0
984,6,216,NA,NA,NA,0
985,6,216,NA,NA,NA,0
986,6,216,NA,NA,NA,0
987,6,216,NA,NA,NA,0
988,6,216,NA,NA,NA,0
989,6,217,NA,NA,NA,0
990,6,217,NA,NA,NA,0
991,6,217,NA,NA,NA,0
992,6,217,NA,NA,NA,0
993,6,217,NA,NA,NA,0
994,6,217,NA,NA,NA,0
995,6,218,NA,NA,NA,0
996,6,218,NA,NA,NA,0
997,6,218,NA,NA,NA,0
998,6,218,NA,NA,NA,0
999,6,218,NA,NA,NA,0
1000,6,218,NA,NA,NA,0
