"ID","SIZE","HH","TYPE","TIME","S_NUM","I_NUM"
1,4,1,"0",NA,NA,0
2,4,1,NA,NA,NA,0
3,4,1,NA,NA,NA,0
4,4,1,NA,NA,NA,0
5,3,2,NA,NA,NA,0
6,3,2,NA,NA,NA,0
7,3,2,NA,NA,NA,0
8,4,3,NA,NA,NA,0
9,4,3,NA,NA,NA,0
10,4,3,NA,NA,NA,0
11,4,3,NA,NA,NA,0
12,5,4,NA,NA,NA,0
13,5,4,NA,NA,NA,0
14,5,4,NA,NA,NA,0
15,5,4,NA,NA,NA,0
16,5,4,NA,NA,NA,0
17,5,5,NA,NA,NA,0
18,5,5,NA,NA,NA,0
19,5,5,NA,NA,NA,0
20,5,5,NA,NA,NA,0
21,5,5,NA,NA,NA,0
22,4,6,NA,NA,NA,0
23,4,6,NA,NA,NA,0
24,4,6,NA,NA,NA,0
25,4,6,NA,NA,NA,0
26,5,7,NA,NA,NA,0
27,5,7,NA,NA,NA,0
28,5,7,NA,NA,NA,0
29,5,7,NA,NA,NA,0
30,5,7,NA,NA,NA,0
31,6,8,NA,NA,NA,0
32,6,8,NA,NA,NA,0
33,6,8,NA,NA,NA,0
34,6,8,NA,NA,NA,0
35,6,8,NA,NA,NA,0
36,6,8,NA,NA,NA,0
37,4,9,NA,NA,NA,0
38,4,9,NA,NA,NA,0
39,4,9,NA,NA,NA,0
40,4,9,NA,NA,NA,0
41,6,10,NA,NA,NA,0
42,6,10,NA,NA,NA,0
43,6,10,NA,NA,NA,0
44,6,10,NA,NA,NA,0
45,6,10,NA,NA,NA,0
46,6,10,NA,NA,NA,0
47,4,11,NA,NA,NA,0
48,4,11,NA,NA,NA,0
49,4,11,NA,NA,NA,0
50,4,11,NA,NA,NA,0
51,6,12,NA,NA,NA,0
52,6,12,NA,NA,NA,0
53,6,12,NA,NA,NA,0
54,6,12,NA,NA,NA,0
55,6,12,NA,NA,NA,0
56,6,12,NA,NA,NA,0
57,6,13,NA,NA,NA,0
58,6,13,NA,NA,NA,0
59,6,13,NA,NA,NA,0
60,6,13,NA,NA,NA,0
61,6,13,NA,NA,NA,0
62,6,13,NA,NA,NA,0
63,5,14,NA,NA,NA,0
64,5,14,NA,NA,NA,0
65,5,14,NA,NA,NA,0
66,5,14,NA,NA,NA,0
67,5,14,NA,NA,NA,0
68,3,15,NA,NA,NA,0
69,3,15,NA,NA,NA,0
70,3,15,NA,NA,NA,0
71,3,16,NA,NA,NA,0
72,3,16,NA,NA,NA,0
73,3,16,NA,NA,NA,0
74,4,17,NA,NA,NA,0
75,4,17,NA,NA,NA,0
76,4,17,NA,NA,NA,0
77,4,17,NA,NA,NA,0
78,5,18,NA,NA,NA,0
79,5,18,NA,NA,NA,0
80,5,18,NA,NA,NA,0
81,5,18,NA,NA,NA,0
82,5,18,NA,NA,NA,0
83,6,19,NA,NA,NA,0
84,6,19,NA,NA,NA,0
85,6,19,NA,NA,NA,0
86,6,19,NA,NA,NA,0
87,6,19,NA,NA,NA,0
88,6,19,NA,NA,NA,0
89,5,20,NA,NA,NA,0
90,5,20,NA,NA,NA,0
91,5,20,NA,NA,NA,0
92,5,20,NA,NA,NA,0
93,5,20,NA,NA,NA,0
94,4,21,NA,NA,NA,0
95,4,21,NA,NA,NA,0
96,4,21,NA,NA,NA,0
97,4,21,NA,NA,NA,0
98,4,22,NA,NA,NA,0
99,4,22,NA,NA,NA,0
100,4,22,NA,NA,NA,0
101,4,22,NA,NA,NA,0
102,3,23,NA,NA,NA,0
103,3,23,NA,NA,NA,0
104,3,23,NA,NA,NA,0
105,4,24,NA,NA,NA,0
106,4,24,NA,NA,NA,0
107,4,24,NA,NA,NA,0
108,4,24,NA,NA,NA,0
109,6,25,NA,NA,NA,0
110,6,25,NA,NA,NA,0
111,6,25,NA,NA,NA,0
112,6,25,NA,NA,NA,0
113,6,25,NA,NA,NA,0
114,6,25,NA,NA,NA,0
115,3,26,NA,NA,NA,0
116,3,26,NA,NA,NA,0
117,3,26,NA,NA,NA,0
118,3,27,NA,NA,NA,0
119,3,27,NA,NA,NA,0
120,3,27,NA,NA,NA,0
121,4,28,NA,NA,NA,0
122,4,28,NA,NA,NA,0
123,4,28,"H",370,2,0
124,4,28,"E",NA,3,1
125,3,29,NA,NA,NA,0
126,3,29,NA,NA,NA,0
127,3,29,NA,NA,NA,0
128,4,30,NA,NA,NA,0
129,4,30,NA,NA,NA,0
130,4,30,NA,NA,NA,0
131,4,30,NA,NA,NA,0
132,6,31,NA,NA,NA,0
133,6,31,NA,NA,NA,0
134,6,31,NA,NA,NA,0
135,6,31,NA,NA,NA,0
136,6,31,NA,NA,NA,0
137,6,31,NA,NA,NA,0
138,5,32,NA,NA,NA,0
139,5,32,NA,NA,NA,0
140,5,32,NA,NA,NA,0
141,5,32,NA,NA,NA,0
142,5,32,NA,NA,NA,0
143,6,33,NA,NA,NA,0
144,6,33,NA,NA,NA,0
145,6,33,NA,NA,NA,0
146,6,33,NA,NA,NA,0
147,6,33,NA,NA,NA,0
148,6,33,NA,NA,NA,0
149,3,34,NA,NA,NA,0
150,3,34,NA,NA,NA,0
151,3,34,NA,NA,NA,0
152,6,35,NA,NA,NA,0
153,6,35,NA,NA,NA,0
154,6,35,NA,NA,NA,0
155,6,35,NA,NA,NA,0
156,6,35,NA,NA,NA,0
157,6,35,NA,NA,NA,0
158,4,36,NA,NA,NA,0
159,4,36,NA,NA,NA,0
160,4,36,NA,NA,NA,0
161,4,36,NA,NA,NA,0
162,6,37,NA,NA,NA,0
163,6,37,NA,NA,NA,0
164,6,37,NA,NA,NA,0
165,6,37,NA,NA,NA,0
166,6,37,NA,NA,NA,0
167,6,37,NA,NA,NA,0
168,6,38,NA,NA,NA,0
169,6,38,NA,NA,NA,0
170,6,38,NA,NA,NA,0
171,6,38,NA,NA,NA,0
172,6,38,NA,NA,NA,0
173,6,38,NA,NA,NA,0
174,5,39,NA,NA,NA,0
175,5,39,NA,NA,NA,0
176,5,39,NA,NA,NA,0
177,5,39,NA,NA,NA,0
178,5,39,NA,NA,NA,0
179,6,40,"H",202,3,1
180,6,40,NA,NA,NA,0
181,6,40,"H",155,4,1
182,6,40,"H",222,2,1
183,6,40,"E",114,5,1
184,6,40,"H",NA,1,0
185,4,41,NA,NA,NA,0
186,4,41,NA,NA,NA,0
187,4,41,NA,NA,NA,0
188,4,41,NA,NA,NA,0
189,3,42,NA,NA,NA,0
190,3,42,NA,NA,NA,0
191,3,42,NA,NA,NA,0
192,4,43,NA,NA,NA,0
193,4,43,NA,NA,NA,0
194,4,43,NA,NA,NA,0
195,4,43,NA,NA,NA,0
196,4,44,NA,NA,NA,0
197,4,44,NA,NA,NA,0
198,4,44,NA,NA,NA,0
199,4,44,NA,NA,NA,0
200,6,45,NA,NA,NA,0
201,6,45,NA,NA,NA,0
202,6,45,NA,NA,NA,0
203,6,45,NA,NA,NA,0
204,6,45,NA,NA,NA,0
205,6,45,NA,NA,NA,0
206,5,46,NA,NA,NA,0
207,5,46,NA,NA,NA,0
208,5,46,NA,NA,NA,0
209,5,46,NA,NA,NA,0
210,5,46,NA,NA,NA,0
211,6,47,NA,NA,NA,0
212,6,47,NA,NA,NA,0
213,6,47,NA,NA,NA,0
214,6,47,NA,NA,NA,0
215,6,47,NA,NA,NA,0
216,6,47,NA,NA,NA,0
217,6,48,NA,NA,NA,0
218,6,48,NA,NA,NA,0
219,6,48,NA,NA,NA,0
220,6,48,NA,NA,NA,0
221,6,48,NA,NA,NA,0
222,6,48,NA,NA,NA,0
223,6,49,NA,NA,NA,0
224,6,49,NA,NA,NA,0
225,6,49,NA,NA,NA,0
226,6,49,NA,NA,NA,0
227,6,49,NA,NA,NA,0
228,6,49,NA,NA,NA,0
229,4,50,NA,NA,NA,0
230,4,50,NA,NA,NA,0
231,4,50,NA,NA,NA,0
232,4,50,NA,NA,NA,0
233,4,51,NA,NA,NA,0
234,4,51,NA,NA,NA,0
235,4,51,NA,NA,NA,0
236,4,51,NA,NA,NA,0
237,6,52,NA,NA,NA,0
238,6,52,NA,NA,NA,0
239,6,52,NA,NA,NA,0
240,6,52,NA,NA,NA,0
241,6,52,NA,NA,NA,0
242,6,52,NA,NA,NA,0
243,3,53,NA,NA,NA,0
244,3,53,NA,NA,NA,0
245,3,53,NA,NA,NA,0
246,4,54,NA,NA,NA,0
247,4,54,NA,NA,NA,0
248,4,54,NA,NA,NA,0
249,4,54,NA,NA,NA,0
250,4,55,NA,NA,NA,0
251,4,55,NA,NA,NA,0
252,4,55,NA,NA,NA,0
253,4,55,NA,NA,NA,0
254,4,56,NA,NA,NA,0
255,4,56,"C",90,3,0
256,4,56,NA,NA,NA,0
257,4,56,NA,NA,NA,0
258,4,57,NA,NA,NA,0
259,4,57,NA,NA,NA,0
260,4,57,NA,NA,NA,0
261,4,57,NA,NA,NA,0
262,4,58,NA,NA,NA,0
263,4,58,NA,NA,NA,0
264,4,58,NA,NA,NA,0
265,4,58,NA,NA,NA,0
266,3,59,NA,NA,NA,0
267,3,59,NA,NA,NA,0
268,3,59,NA,NA,NA,0
269,4,60,NA,NA,NA,0
270,4,60,NA,NA,NA,0
271,4,60,NA,NA,NA,0
272,4,60,NA,NA,NA,0
273,3,61,NA,NA,NA,0
274,3,61,NA,NA,NA,0
275,3,61,NA,NA,NA,0
276,6,62,NA,NA,NA,0
277,6,62,NA,NA,NA,0
278,6,62,NA,NA,NA,0
279,6,62,NA,NA,NA,0
280,6,62,NA,NA,NA,0
281,6,62,NA,NA,NA,0
282,5,63,NA,NA,NA,0
283,5,63,NA,NA,NA,0
284,5,63,NA,NA,NA,0
285,5,63,NA,NA,NA,0
286,5,63,NA,NA,NA,0
287,6,64,NA,NA,NA,0
288,6,64,NA,NA,NA,0
289,6,64,NA,NA,NA,0
290,6,64,NA,NA,NA,0
291,6,64,NA,NA,NA,0
292,6,64,NA,NA,NA,0
293,5,65,NA,NA,NA,0
294,5,65,NA,NA,NA,0
295,5,65,NA,NA,NA,0
296,5,65,NA,NA,NA,0
297,5,65,NA,NA,NA,0
298,5,66,"E",NA,4,1
299,5,66,NA,NA,NA,0
300,5,66,NA,NA,NA,0
301,5,66,NA,NA,NA,0
302,5,66,"H",NA,3,0
303,6,67,NA,NA,NA,0
304,6,67,NA,NA,NA,0
305,6,67,NA,NA,NA,0
306,6,67,NA,NA,NA,0
307,6,67,NA,NA,NA,0
308,6,67,NA,NA,NA,0
309,3,68,NA,NA,NA,0
310,3,68,NA,NA,NA,0
311,3,68,NA,NA,NA,0
312,3,69,NA,NA,NA,0
313,3,69,NA,NA,NA,0
314,3,69,NA,NA,NA,0
315,5,70,NA,NA,NA,0
316,5,70,NA,NA,NA,0
317,5,70,NA,NA,NA,0
318,5,70,NA,NA,NA,0
319,5,70,NA,NA,NA,0
320,3,71,NA,NA,NA,0
321,3,71,NA,NA,NA,0
322,3,71,NA,NA,NA,0
323,4,72,"H",121,0,0
324,4,72,"H",123,0,0
325,4,72,"H",NA,0,0
326,4,72,"E",98,3,3
327,4,73,NA,NA,NA,0
328,4,73,NA,NA,NA,0
329,4,73,NA,NA,NA,0
330,4,73,NA,NA,NA,0
331,3,74,NA,NA,NA,0
332,3,74,NA,NA,NA,0
333,3,74,NA,NA,NA,0
334,4,75,NA,NA,NA,0
335,4,75,NA,NA,NA,0
336,4,75,NA,NA,NA,0
337,4,75,NA,NA,NA,0
338,4,76,NA,NA,NA,0
339,4,76,NA,NA,NA,0
340,4,76,NA,NA,NA,0
341,4,76,NA,NA,NA,0
342,5,77,NA,NA,NA,0
343,5,77,NA,NA,NA,0
344,5,77,NA,NA,NA,0
345,5,77,NA,NA,NA,0
346,5,77,NA,NA,NA,0
347,5,78,NA,NA,NA,0
348,5,78,NA,NA,NA,0
349,5,78,NA,NA,NA,0
350,5,78,NA,NA,NA,0
351,5,78,NA,NA,NA,0
352,6,79,NA,NA,NA,0
353,6,79,NA,NA,NA,0
354,6,79,NA,NA,NA,0
355,6,79,NA,NA,NA,0
356,6,79,NA,NA,NA,0
357,6,79,NA,NA,NA,0
358,3,80,"H",196,1,0
359,3,80,NA,NA,NA,0
360,3,80,"C",178,2,1
361,6,81,NA,NA,NA,0
362,6,81,NA,NA,NA,0
363,6,81,NA,NA,NA,0
364,6,81,NA,NA,NA,0
365,6,81,NA,NA,NA,0
366,6,81,NA,NA,NA,0
367,6,82,NA,NA,NA,0
368,6,82,NA,NA,NA,0
369,6,82,"C",346,5,1
370,6,82,NA,NA,NA,0
371,6,82,"H",NA,NA,0
372,6,82,NA,NA,NA,0
373,4,83,NA,NA,NA,0
374,4,83,NA,NA,NA,0
375,4,83,NA,NA,NA,0
376,4,83,NA,NA,NA,0
377,5,84,NA,NA,NA,0
378,5,84,NA,NA,NA,0
379,5,84,NA,NA,NA,0
380,5,84,NA,NA,NA,0
381,5,84,NA,NA,NA,0
382,6,85,NA,NA,NA,0
383,6,85,NA,NA,NA,0
384,6,85,NA,NA,NA,0
385,6,85,NA,NA,NA,0
386,6,85,NA,NA,NA,0
387,6,85,NA,NA,NA,0
388,6,86,NA,NA,NA,0
389,6,86,NA,NA,NA,0
390,6,86,NA,NA,NA,0
391,6,86,NA,NA,NA,0
392,6,86,NA,NA,NA,0
393,6,86,NA,NA,NA,0
394,5,87,NA,NA,NA,0
395,5,87,NA,NA,NA,0
396,5,87,NA,NA,NA,0
397,5,87,NA,NA,NA,0
398,5,87,NA,NA,NA,0
399,3,88,NA,NA,NA,0
400,3,88,NA,NA,NA,0
401,3,88,NA,NA,NA,0
402,4,89,NA,NA,NA,0
403,4,89,NA,NA,NA,0
404,4,89,NA,NA,NA,0
405,4,89,NA,NA,NA,0
406,6,90,NA,NA,NA,0
407,6,90,NA,NA,NA,0
408,6,90,NA,NA,NA,0
409,6,90,NA,NA,NA,0
410,6,90,NA,NA,NA,0
411,6,90,NA,NA,NA,0
412,3,91,NA,NA,NA,0
413,3,91,NA,NA,NA,0
414,3,91,NA,NA,NA,0
415,3,92,NA,NA,NA,0
416,3,92,NA,NA,NA,0
417,3,92,NA,NA,NA,0
418,5,93,"E",156,4,2
419,5,93,"H",NA,2,0
420,5,93,NA,NA,NA,0
421,5,93,"H",NA,2,0
422,5,93,NA,NA,NA,0
423,5,94,NA,NA,NA,0
424,5,94,NA,NA,NA,0
425,5,94,NA,NA,NA,0
426,5,94,NA,NA,NA,0
427,5,94,NA,NA,NA,0
428,5,95,NA,NA,NA,0
429,5,95,NA,NA,NA,0
430,5,95,NA,NA,NA,0
431,5,95,NA,NA,NA,0
432,5,95,NA,NA,NA,0
433,3,96,NA,NA,NA,0
434,3,96,NA,NA,NA,0
435,3,96,NA,NA,NA,0
436,3,97,NA,NA,NA,0
437,3,97,NA,NA,NA,0
438,3,97,NA,NA,NA,0
439,6,98,NA,NA,NA,0
440,6,98,NA,NA,NA,0
441,6,98,NA,NA,NA,0
442,6,98,NA,NA,NA,0
443,6,98,NA,NA,NA,0
444,6,98,NA,NA,NA,0
445,4,99,NA,NA,NA,0
446,4,99,NA,NA,NA,0
447,4,99,NA,NA,NA,0
448,4,99,NA,NA,NA,0
449,3,100,NA,NA,NA,0
450,3,100,NA,NA,NA,0
451,3,100,NA,NA,NA,0
452,5,101,NA,NA,NA,0
453,5,101,NA,NA,NA,0
454,5,101,NA,NA,NA,0
455,5,101,NA,NA,NA,0
456,5,101,NA,NA,NA,0
457,4,102,NA,NA,NA,0
458,4,102,NA,NA,NA,0
459,4,102,NA,NA,NA,0
460,4,102,NA,NA,NA,0
461,3,103,NA,NA,NA,0
462,3,103,NA,NA,NA,0
463,3,103,NA,NA,NA,0
464,5,104,NA,NA,NA,0
465,5,104,NA,NA,NA,0
466,5,104,NA,NA,NA,0
467,5,104,NA,NA,NA,0
468,5,104,NA,NA,NA,0
469,3,105,NA,NA,NA,0
470,3,105,NA,NA,NA,0
471,3,105,NA,NA,NA,0
472,3,106,NA,NA,NA,0
473,3,106,NA,NA,NA,0
474,3,106,NA,NA,NA,0
475,6,107,NA,NA,NA,0
476,6,107,"H",NA,2,0
477,6,107,"E",NA,5,1
478,6,107,NA,NA,NA,0
479,6,107,"H",308,4,1
480,6,107,"H",332,3,1
481,3,108,NA,NA,NA,0
482,3,108,NA,NA,NA,0
483,3,108,NA,NA,NA,0
484,6,109,NA,NA,NA,0
485,6,109,NA,NA,NA,0
486,6,109,"H",NA,4,0
487,6,109,NA,NA,NA,0
488,6,109,NA,NA,NA,0
489,6,109,"E",255,5,1
490,4,110,NA,NA,NA,0
491,4,110,NA,NA,NA,0
492,4,110,NA,NA,NA,0
493,4,110,NA,NA,NA,0
494,5,111,NA,NA,NA,0
495,5,111,NA,NA,NA,0
496,5,111,NA,NA,NA,0
497,5,111,NA,NA,NA,0
498,5,111,NA,NA,NA,0
499,4,112,NA,NA,NA,0
500,4,112,NA,NA,NA,0
501,4,112,NA,NA,NA,0
502,4,112,NA,NA,NA,0
503,4,113,NA,NA,NA,0
504,4,113,NA,NA,NA,0
505,4,113,NA,NA,NA,0
506,4,113,NA,NA,NA,0
507,6,114,NA,NA,NA,0
508,6,114,NA,NA,NA,0
509,6,114,NA,NA,NA,0
510,6,114,NA,NA,NA,0
511,6,114,NA,NA,NA,0
512,6,114,NA,NA,NA,0
513,3,115,NA,NA,NA,0
514,3,115,NA,NA,NA,0
515,3,115,NA,NA,NA,0
516,5,116,NA,NA,NA,0
517,5,116,NA,NA,NA,0
518,5,116,NA,NA,NA,0
519,5,116,NA,NA,NA,0
520,5,116,NA,NA,NA,0
521,3,117,NA,NA,NA,0
522,3,117,NA,NA,NA,0
523,3,117,NA,NA,NA,0
524,5,118,NA,NA,NA,0
525,5,118,NA,NA,NA,0
526,5,118,NA,NA,NA,0
527,5,118,NA,NA,NA,0
528,5,118,NA,NA,NA,0
529,5,119,NA,NA,NA,0
530,5,119,NA,NA,NA,0
531,5,119,NA,NA,NA,0
532,5,119,NA,NA,NA,0
533,5,119,NA,NA,NA,0
534,3,120,NA,NA,NA,0
535,3,120,NA,NA,NA,0
536,3,120,NA,NA,NA,0
537,5,121,NA,NA,NA,0
538,5,121,NA,NA,NA,0
539,5,121,NA,NA,NA,0
540,5,121,NA,NA,NA,0
541,5,121,NA,NA,NA,0
542,3,122,NA,NA,NA,0
543,3,122,NA,NA,NA,0
544,3,122,NA,NA,NA,0
545,6,123,"H",165,3,1
546,6,123,NA,NA,NA,0
547,6,123,"H",NA,1,0
548,6,123,"H",196,2,1
549,6,123,"C",NA,5,2
550,6,123,"H",193,2,0
551,4,124,NA,NA,NA,0
552,4,124,NA,NA,NA,0
553,4,124,NA,NA,NA,0
554,4,124,NA,NA,NA,0
555,5,125,NA,NA,NA,0
556,5,125,NA,NA,NA,0
557,5,125,NA,NA,NA,0
558,5,125,NA,NA,NA,0
559,5,125,NA,NA,NA,0
560,3,126,NA,NA,NA,0
561,3,126,NA,NA,NA,0
562,3,126,NA,NA,NA,0
563,5,127,NA,NA,NA,0
564,5,127,NA,NA,NA,0
565,5,127,NA,NA,NA,0
566,5,127,NA,NA,NA,0
567,5,127,NA,NA,NA,0
568,5,128,NA,NA,NA,0
569,5,128,NA,NA,NA,0
570,5,128,NA,NA,NA,0
571,5,128,NA,NA,NA,0
572,5,128,NA,NA,NA,0
573,4,129,NA,NA,NA,0
574,4,129,NA,NA,NA,0
575,4,129,NA,NA,NA,0
576,4,129,NA,NA,NA,0
577,3,130,NA,NA,NA,0
578,3,130,NA,NA,NA,0
579,3,130,NA,NA,NA,0
580,3,131,NA,NA,NA,0
581,3,131,NA,NA,NA,0
582,3,131,NA,NA,NA,0
583,4,132,NA,NA,NA,0
584,4,132,NA,NA,NA,0
585,4,132,NA,NA,NA,0
586,4,132,NA,NA,NA,0
587,3,133,NA,NA,NA,0
588,3,133,NA,NA,NA,0
589,3,133,NA,NA,NA,0
590,6,134,NA,NA,NA,0
591,6,134,NA,NA,NA,0
592,6,134,NA,NA,NA,0
593,6,134,NA,NA,NA,0
594,6,134,NA,NA,NA,0
595,6,134,NA,NA,NA,0
596,6,135,NA,NA,NA,0
597,6,135,NA,NA,NA,0
598,6,135,NA,NA,NA,0
599,6,135,NA,NA,NA,0
600,6,135,NA,NA,NA,0
601,6,135,NA,NA,NA,0
602,6,136,NA,NA,NA,0
603,6,136,NA,NA,NA,0
604,6,136,NA,NA,NA,0
605,6,136,NA,NA,NA,0
606,6,136,NA,NA,NA,0
607,6,136,NA,NA,NA,0
608,3,137,NA,NA,NA,0
609,3,137,NA,NA,NA,0
610,3,137,NA,NA,NA,0
611,3,138,"E",165,2,0
612,3,138,NA,NA,NA,0
613,3,138,NA,NA,NA,0
614,5,139,NA,NA,NA,0
615,5,139,NA,NA,NA,0
616,5,139,NA,NA,NA,0
617,5,139,NA,NA,NA,0
618,5,139,NA,NA,NA,0
619,3,140,NA,NA,NA,0
620,3,140,NA,NA,NA,0
621,3,140,NA,NA,NA,0
622,4,141,NA,NA,NA,0
623,4,141,NA,NA,NA,0
624,4,141,NA,NA,NA,0
625,4,141,NA,NA,NA,0
626,5,142,NA,NA,NA,0
627,5,142,NA,NA,NA,0
628,5,142,NA,NA,NA,0
629,5,142,NA,NA,NA,0
630,5,142,NA,NA,NA,0
631,3,143,NA,NA,NA,0
632,3,143,NA,NA,NA,0
633,3,143,NA,NA,NA,0
634,5,144,NA,NA,NA,0
635,5,144,NA,NA,NA,0
636,5,144,NA,NA,NA,0
637,5,144,NA,NA,NA,0
638,5,144,NA,NA,NA,0
639,3,145,NA,NA,NA,0
640,3,145,NA,NA,NA,0
641,3,145,NA,NA,NA,0
642,5,146,NA,NA,NA,0
643,5,146,NA,NA,NA,0
644,5,146,NA,NA,NA,0
645,5,146,NA,NA,NA,0
646,5,146,NA,NA,NA,0
647,4,147,NA,NA,NA,0
648,4,147,NA,NA,NA,0
649,4,147,NA,NA,NA,0
650,4,147,NA,NA,NA,0
651,6,148,NA,NA,NA,0
652,6,148,NA,NA,NA,0
653,6,148,NA,NA,NA,0
654,6,148,NA,NA,NA,0
655,6,148,NA,NA,NA,0
656,6,148,NA,NA,NA,0
657,5,149,NA,NA,NA,0
658,5,149,NA,NA,NA,0
659,5,149,NA,NA,NA,0
660,5,149,NA,NA,NA,0
661,5,149,NA,NA,NA,0
662,5,150,NA,NA,NA,0
663,5,150,NA,NA,NA,0
664,5,150,NA,NA,NA,0
665,5,150,NA,NA,NA,0
666,5,150,NA,NA,NA,0
667,3,151,NA,NA,NA,0
668,3,151,NA,NA,NA,0
669,3,151,NA,NA,NA,0
670,4,152,NA,NA,NA,0
671,4,152,NA,NA,NA,0
672,4,152,NA,NA,NA,0
673,4,152,NA,NA,NA,0
674,5,153,NA,NA,NA,0
675,5,153,NA,NA,NA,0
676,5,153,NA,NA,NA,0
677,5,153,NA,NA,NA,0
678,5,153,NA,NA,NA,0
679,3,154,NA,NA,NA,0
680,3,154,NA,NA,NA,0
681,3,154,NA,NA,NA,0
682,5,155,NA,NA,NA,0
683,5,155,NA,NA,NA,0
684,5,155,NA,NA,NA,0
685,5,155,NA,NA,NA,0
686,5,155,NA,NA,NA,0
687,5,156,NA,NA,NA,0
688,5,156,NA,NA,NA,0
689,5,156,NA,NA,NA,0
690,5,156,NA,NA,NA,0
691,5,156,NA,NA,NA,0
692,4,157,NA,NA,NA,0
693,4,157,NA,NA,NA,0
694,4,157,NA,NA,NA,0
695,4,157,NA,NA,NA,0
696,5,158,NA,NA,NA,0
697,5,158,NA,NA,NA,0
698,5,158,NA,NA,NA,0
699,5,158,NA,NA,NA,0
700,5,158,NA,NA,NA,0
701,6,159,NA,NA,NA,0
702,6,159,NA,NA,NA,0
703,6,159,NA,NA,NA,0
704,6,159,NA,NA,NA,0
705,6,159,NA,NA,NA,0
706,6,159,NA,NA,NA,0
707,3,160,NA,NA,NA,0
708,3,160,NA,NA,NA,0
709,3,160,NA,NA,NA,0
710,6,161,NA,NA,NA,0
711,6,161,NA,NA,NA,0
712,6,161,NA,NA,NA,0
713,6,161,NA,NA,NA,0
714,6,161,NA,NA,NA,0
715,6,161,NA,NA,NA,0
716,4,162,NA,NA,NA,0
717,4,162,NA,NA,NA,0
718,4,162,NA,NA,NA,0
719,4,162,NA,NA,NA,0
720,4,163,NA,NA,NA,0
721,4,163,NA,NA,NA,0
722,4,163,NA,NA,NA,0
723,4,163,NA,NA,NA,0
724,3,164,NA,NA,NA,0
725,3,164,NA,NA,NA,0
726,3,164,NA,NA,NA,0
727,5,165,"E",NA,4,2
728,5,165,"H",91,2,0
729,5,165,"H",NA,2,0
730,5,165,"E",NA,1,0
731,5,165,NA,NA,NA,0
732,5,166,NA,NA,NA,0
733,5,166,NA,NA,NA,0
734,5,166,NA,NA,NA,0
735,5,166,NA,NA,NA,0
736,5,166,NA,NA,NA,0
737,4,167,NA,NA,NA,0
738,4,167,NA,NA,NA,0
739,4,167,NA,NA,NA,0
740,4,167,NA,NA,NA,0
741,3,168,NA,NA,NA,0
742,3,168,NA,NA,NA,0
743,3,168,NA,NA,NA,0
744,4,169,NA,NA,NA,0
745,4,169,NA,NA,NA,0
746,4,169,NA,NA,NA,0
747,4,169,NA,NA,NA,0
748,6,170,"H",230,3,2
749,6,170,"H",NA,0,0
750,6,170,"H",256,1,1
751,6,170,"C",186,5,1
752,6,170,"H",275,0,0
753,6,170,"H",209,4,1
754,3,171,NA,NA,NA,0
755,3,171,NA,NA,NA,0
756,3,171,NA,NA,NA,0
757,3,172,NA,NA,NA,0
758,3,172,NA,NA,NA,0
759,3,172,NA,NA,NA,0
760,3,173,NA,NA,NA,0
761,3,173,NA,NA,NA,0
762,3,173,NA,NA,NA,0
763,5,174,NA,NA,NA,0
764,5,174,NA,NA,NA,0
765,5,174,NA,NA,NA,0
766,5,174,NA,NA,NA,0
767,5,174,NA,NA,NA,0
768,6,175,NA,NA,NA,0
769,6,175,NA,NA,NA,0
770,6,175,NA,NA,NA,0
771,6,175,NA,NA,NA,0
772,6,175,NA,NA,NA,0
773,6,175,NA,NA,NA,0
774,3,176,NA,NA,NA,0
775,3,176,NA,NA,NA,0
776,3,176,NA,NA,NA,0
777,6,177,NA,NA,NA,0
778,6,177,NA,NA,NA,0
779,6,177,NA,NA,NA,0
780,6,177,NA,NA,NA,0
781,6,177,NA,NA,NA,0
782,6,177,NA,NA,NA,0
783,6,178,NA,NA,NA,0
784,6,178,NA,NA,NA,0
785,6,178,NA,NA,NA,0
786,6,178,NA,NA,NA,0
787,6,178,NA,NA,NA,0
788,6,178,NA,NA,NA,0
789,6,179,NA,NA,NA,0
790,6,179,NA,NA,NA,0
791,6,179,NA,NA,NA,0
792,6,179,NA,NA,NA,0
793,6,179,NA,NA,NA,0
794,6,179,NA,NA,NA,0
795,6,180,NA,NA,NA,0
796,6,180,NA,NA,NA,0
797,6,180,NA,NA,NA,0
798,6,180,NA,NA,NA,0
799,6,180,NA,NA,NA,0
800,6,180,NA,NA,NA,0
801,5,181,NA,NA,NA,0
802,5,181,NA,NA,NA,0
803,5,181,NA,NA,NA,0
804,5,181,NA,NA,NA,0
805,5,181,NA,NA,NA,0
806,6,182,NA,NA,NA,0
807,6,182,NA,NA,NA,0
808,6,182,NA,NA,NA,0
809,6,182,NA,NA,NA,0
810,6,182,NA,NA,NA,0
811,6,182,NA,NA,NA,0
812,4,183,NA,NA,NA,0
813,4,183,NA,NA,NA,0
814,4,183,NA,NA,NA,0
815,4,183,NA,NA,NA,0
816,3,184,NA,NA,NA,0
817,3,184,NA,NA,NA,0
818,3,184,NA,NA,NA,0
819,4,185,NA,NA,NA,0
820,4,185,NA,NA,NA,0
821,4,185,NA,NA,NA,0
822,4,185,NA,NA,NA,0
823,6,186,NA,NA,NA,0
824,6,186,NA,NA,NA,0
825,6,186,"C",NA,5,1
826,6,186,"H",276,4,0
827,6,186,NA,NA,NA,0
828,6,186,NA,NA,NA,0
829,4,187,NA,NA,NA,0
830,4,187,NA,NA,NA,0
831,4,187,NA,NA,NA,0
832,4,187,NA,NA,NA,0
833,4,188,NA,NA,NA,0
834,4,188,NA,NA,NA,0
835,4,188,NA,NA,NA,0
836,4,188,"E",60,3,0
837,5,189,NA,NA,NA,0
838,5,189,NA,NA,NA,0
839,5,189,NA,NA,NA,0
840,5,189,NA,NA,NA,0
841,5,189,NA,NA,NA,0
842,6,190,NA,NA,NA,0
843,6,190,NA,NA,NA,0
844,6,190,NA,NA,NA,0
845,6,190,NA,NA,NA,0
846,6,190,NA,NA,NA,0
847,6,190,NA,NA,NA,0
848,5,191,NA,NA,NA,0
849,5,191,NA,NA,NA,0
850,5,191,NA,NA,NA,0
851,5,191,NA,NA,NA,0
852,5,191,NA,NA,NA,0
853,5,192,NA,NA,NA,0
854,5,192,NA,NA,NA,0
855,5,192,NA,NA,NA,0
856,5,192,NA,NA,NA,0
857,5,192,NA,NA,NA,0
858,4,193,NA,NA,NA,0
859,4,193,NA,NA,NA,0
860,4,193,NA,NA,NA,0
861,4,193,NA,NA,NA,0
862,3,194,NA,NA,NA,0
863,3,194,NA,NA,NA,0
864,3,194,NA,NA,NA,0
865,3,195,NA,NA,NA,0
866,3,195,NA,NA,NA,0
867,3,195,NA,NA,NA,0
868,5,196,NA,NA,NA,0
869,5,196,NA,NA,NA,0
870,5,196,NA,NA,NA,0
871,5,196,NA,NA,NA,0
872,5,196,NA,NA,NA,0
873,3,197,NA,NA,NA,0
874,3,197,NA,NA,NA,0
875,3,197,NA,NA,NA,0
876,5,198,NA,NA,NA,0
877,5,198,NA,NA,NA,0
878,5,198,NA,NA,NA,0
879,5,198,NA,NA,NA,0
880,5,198,NA,NA,NA,0
881,4,199,NA,NA,NA,0
882,4,199,NA,NA,NA,0
883,4,199,NA,NA,NA,0
884,4,199,NA,NA,NA,0
885,4,200,NA,NA,NA,0
886,4,200,NA,NA,NA,0
887,4,200,NA,NA,NA,0
888,4,200,"C",NA,3,0
889,4,201,NA,NA,NA,0
890,4,201,NA,NA,NA,0
891,4,201,NA,NA,NA,0
892,4,201,NA,NA,NA,0
893,3,202,NA,NA,NA,0
894,3,202,NA,NA,NA,0
895,3,202,NA,NA,NA,0
896,5,203,NA,NA,NA,0
897,5,203,NA,NA,NA,0
898,5,203,NA,NA,NA,0
899,5,203,NA,NA,NA,0
900,5,203,NA,NA,NA,0
901,3,204,NA,NA,NA,0
902,3,204,NA,NA,NA,0
903,3,204,NA,NA,NA,0
904,3,205,NA,NA,NA,0
905,3,205,NA,NA,NA,0
906,3,205,NA,NA,NA,0
907,6,206,NA,NA,NA,0
908,6,206,NA,NA,NA,0
909,6,206,NA,NA,NA,0
910,6,206,NA,NA,NA,0
911,6,206,NA,NA,NA,0
912,6,206,NA,NA,NA,0
913,5,207,NA,NA,NA,0
914,5,207,NA,NA,NA,0
915,5,207,NA,NA,NA,0
916,5,207,NA,NA,NA,0
917,5,207,NA,NA,NA,0
918,5,208,NA,NA,NA,0
919,5,208,NA,NA,NA,0
920,5,208,NA,NA,NA,0
921,5,208,NA,NA,NA,0
922,5,208,NA,NA,NA,0
923,6,209,NA,NA,NA,0
924,6,209,NA,NA,NA,0
925,6,209,"E",NA,5,1
926,6,209,"H",281,4,0
927,6,209,NA,NA,NA,0
928,6,209,NA,NA,NA,0
929,4,210,NA,NA,NA,0
930,4,210,NA,NA,NA,0
931,4,210,NA,NA,NA,0
932,4,210,NA,NA,NA,0
933,3,211,NA,NA,NA,0
934,3,211,NA,NA,NA,0
935,3,211,NA,NA,NA,0
936,3,212,NA,NA,NA,0
937,3,212,NA,NA,NA,0
938,3,212,NA,NA,NA,0
939,3,213,NA,NA,NA,0
940,3,213,NA,NA,NA,0
941,3,213,NA,NA,NA,0
942,3,214,NA,NA,NA,0
943,3,214,NA,NA,NA,0
944,3,214,NA,NA,NA,0
945,4,215,NA,NA,NA,0
946,4,215,NA,NA,NA,0
947,4,215,NA,NA,NA,0
948,4,215,NA,NA,NA,0
949,5,216,NA,NA,NA,0
950,5,216,NA,NA,NA,0
951,5,216,NA,NA,NA,0
952,5,216,NA,NA,NA,0
953,5,216,NA,NA,NA,0
954,3,217,NA,NA,NA,0
955,3,217,NA,NA,NA,0
956,3,217,NA,NA,NA,0
957,6,218,NA,NA,NA,0
958,6,218,NA,NA,NA,0
959,6,218,NA,NA,NA,0
960,6,218,NA,NA,NA,0
961,6,218,NA,NA,NA,0
962,6,218,NA,NA,NA,0
963,6,219,NA,NA,NA,0
964,6,219,NA,NA,NA,0
965,6,219,NA,NA,NA,0
966,6,219,NA,NA,NA,0
967,6,219,NA,NA,NA,0
968,6,219,NA,NA,NA,0
969,3,220,NA,NA,NA,0
970,3,220,NA,NA,NA,0
971,3,220,NA,NA,NA,0
972,5,221,NA,NA,NA,0
973,5,221,NA,NA,NA,0
974,5,221,NA,NA,NA,0
975,5,221,NA,NA,NA,0
976,5,221,NA,NA,NA,0
977,5,222,NA,NA,NA,0
978,5,222,NA,NA,NA,0
979,5,222,NA,NA,NA,0
980,5,222,NA,NA,NA,0
981,5,222,NA,NA,NA,0
982,3,223,NA,NA,NA,0
983,3,223,NA,NA,NA,0
984,3,223,NA,NA,NA,0
985,3,224,NA,NA,NA,0
986,3,224,NA,NA,NA,0
987,3,224,NA,NA,NA,0
988,6,225,NA,NA,NA,0
989,6,225,NA,NA,NA,0
990,6,225,NA,NA,NA,0
991,6,225,NA,NA,NA,0
992,6,225,NA,NA,NA,0
993,6,225,NA,NA,NA,0
994,3,226,NA,NA,NA,0
995,3,226,NA,NA,NA,0
996,3,226,NA,NA,NA,0
997,4,227,NA,NA,NA,0
998,4,227,NA,NA,NA,0
999,4,227,NA,NA,NA,0
1000,4,227,NA,NA,NA,0
