"ID","SIZE","HH","TYPE","TIME","S_NUM","I_NUM"
1,5,1,"0",NA,NA,0
2,5,1,NA,NA,NA,0
3,5,1,NA,NA,NA,0
4,5,1,NA,NA,NA,0
5,5,1,NA,NA,NA,0
6,4,2,NA,NA,NA,0
7,4,2,NA,NA,NA,0
8,4,2,NA,NA,NA,0
9,4,2,NA,NA,NA,0
10,3,3,NA,NA,NA,0
11,3,3,NA,NA,NA,0
12,3,3,NA,NA,NA,0
13,4,4,NA,NA,NA,0
14,4,4,NA,NA,NA,0
15,4,4,NA,NA,NA,0
16,4,4,NA,NA,NA,0
17,6,5,NA,NA,NA,0
18,6,5,NA,NA,NA,0
19,6,5,NA,NA,NA,0
20,6,5,NA,NA,NA,0
21,6,5,NA,NA,NA,0
22,6,5,NA,NA,NA,0
23,4,6,"E",267,3,1
24,4,6,"H",319,1,0
25,4,6,NA,NA,NA,0
26,4,6,"H",NA,2,1
27,3,7,NA,NA,NA,0
28,3,7,NA,NA,NA,0
29,3,7,NA,NA,NA,0
30,6,8,NA,NA,NA,0
31,6,8,NA,NA,NA,0
32,6,8,NA,NA,NA,0
33,6,8,NA,NA,NA,0
34,6,8,NA,NA,NA,0
35,6,8,NA,NA,NA,0
36,3,9,NA,NA,NA,0
37,3,9,NA,NA,NA,0
38,3,9,NA,NA,NA,0
39,5,10,NA,NA,NA,0
40,5,10,NA,NA,NA,0
41,5,10,"C",NA,4,0
42,5,10,NA,NA,NA,0
43,5,10,NA,NA,NA,0
44,5,11,NA,NA,NA,0
45,5,11,NA,NA,NA,0
46,5,11,NA,NA,NA,0
47,5,11,NA,NA,NA,0
48,5,11,NA,NA,NA,0
49,6,12,NA,NA,NA,0
50,6,12,NA,NA,NA,0
51,6,12,NA,NA,NA,0
52,6,12,NA,NA,NA,0
53,6,12,NA,NA,NA,0
54,6,12,NA,NA,NA,0
55,5,13,"H",198,1,0
56,5,13,"C",130,4,1
57,5,13,NA,NA,NA,0
58,5,13,"H",NA,3,2
59,5,13,"H",NA,1,0
60,4,14,NA,NA,NA,0
61,4,14,NA,NA,NA,0
62,4,14,NA,NA,NA,0
63,4,14,NA,NA,NA,0
64,3,15,NA,NA,NA,0
65,3,15,NA,NA,NA,0
66,3,15,NA,NA,NA,0
67,6,16,NA,NA,NA,0
68,6,16,NA,NA,NA,0
69,6,16,NA,NA,NA,0
70,6,16,NA,NA,NA,0
71,6,16,NA,NA,NA,0
72,6,16,NA,NA,NA,0
73,5,17,NA,NA,NA,0
74,5,17,NA,NA,NA,0
75,5,17,NA,NA,NA,0
76,5,17,NA,NA,NA,0
77,5,17,NA,NA,NA,0
78,4,18,NA,NA,NA,0
79,4,18,NA,NA,NA,0
80,4,18,"C",289,3,0
81,4,18,NA,NA,NA,0
82,5,19,NA,NA,NA,0
83,5,19,NA,NA,NA,0
84,5,19,NA,NA,NA,0
85,5,19,NA,NA,NA,0
86,5,19,NA,NA,NA,0
87,4,20,NA,NA,NA,0
88,4,20,NA,NA,NA,0
89,4,20,NA,NA,NA,0
90,4,20,NA,NA,NA,0
91,5,21,"E",92,4,2
92,5,21,"H",113,2,1
93,5,21,NA,NA,NA,0
94,5,21,"H",NA,1,0
95,5,21,"H",152,1,0
96,5,22,NA,NA,NA,0
97,5,22,NA,NA,NA,0
98,5,22,NA,NA,NA,0
99,5,22,NA,NA,NA,0
100,5,22,NA,NA,NA,0
101,4,23,NA,NA,NA,0
102,4,23,NA,NA,NA,0
103,4,23,NA,NA,NA,0
104,4,23,NA,NA,NA,0
105,3,24,NA,NA,NA,0
106,3,24,NA,NA,NA,0
107,3,24,NA,NA,NA,0
108,3,25,NA,NA,NA,0
109,3,25,NA,NA,NA,0
110,3,25,NA,NA,NA,0
111,4,26,NA,NA,NA,0
112,4,26,NA,NA,NA,0
113,4,26,NA,NA,NA,0
114,4,26,NA,NA,NA,0
115,4,27,"H",NA,NA,0
116,4,27,"E",NA,3,1
117,4,27,NA,NA,NA,0
118,4,27,NA,NA,NA,0
119,3,28,NA,NA,NA,0
120,3,28,NA,NA,NA,0
121,3,28,NA,NA,NA,0
122,6,29,NA,NA,NA,0
123,6,29,NA,NA,NA,0
124,6,29,NA,NA,NA,0
125,6,29,NA,NA,NA,0
126,6,29,NA,NA,NA,0
127,6,29,NA,NA,NA,0
128,4,30,NA,NA,NA,0
129,4,30,NA,NA,NA,0
130,4,30,NA,NA,NA,0
131,4,30,NA,NA,NA,0
132,3,31,NA,NA,NA,0
133,3,31,NA,NA,NA,0
134,3,31,NA,NA,NA,0
135,6,32,NA,NA,NA,0
136,6,32,NA,NA,NA,0
137,6,32,NA,NA,NA,0
138,6,32,NA,NA,NA,0
139,6,32,NA,NA,NA,0
140,6,32,"C",NA,NA,0
141,3,33,NA,NA,NA,0
142,3,33,NA,NA,NA,0
143,3,33,NA,NA,NA,0
144,3,34,NA,NA,NA,0
145,3,34,NA,NA,NA,0
146,3,34,NA,NA,NA,0
147,4,35,NA,NA,NA,0
148,4,35,NA,NA,NA,0
149,4,35,NA,NA,NA,0
150,4,35,NA,NA,NA,0
151,4,36,NA,NA,NA,0
152,4,36,NA,NA,NA,0
153,4,36,NA,NA,NA,0
154,4,36,NA,NA,NA,0
155,6,37,NA,NA,NA,0
156,6,37,NA,NA,NA,0
157,6,37,NA,NA,NA,0
158,6,37,NA,NA,NA,0
159,6,37,NA,NA,NA,0
160,6,37,NA,NA,NA,0
161,3,38,NA,NA,NA,0
162,3,38,NA,NA,NA,0
163,3,38,NA,NA,NA,0
164,5,39,NA,NA,NA,0
165,5,39,NA,NA,NA,0
166,5,39,NA,NA,NA,0
167,5,39,NA,NA,NA,0
168,5,39,NA,NA,NA,0
169,5,40,NA,NA,NA,0
170,5,40,NA,NA,NA,0
171,5,40,NA,NA,NA,0
172,5,40,NA,NA,NA,0
173,5,40,NA,NA,NA,0
174,5,41,NA,NA,NA,0
175,5,41,NA,NA,NA,0
176,5,41,NA,NA,NA,0
177,5,41,NA,NA,NA,0
178,5,41,NA,NA,NA,0
179,5,42,NA,NA,NA,0
180,5,42,NA,NA,NA,0
181,5,42,NA,NA,NA,0
182,5,42,NA,NA,NA,0
183,5,42,NA,NA,NA,0
184,5,43,NA,NA,NA,0
185,5,43,NA,NA,NA,0
186,5,43,NA,NA,NA,0
187,5,43,NA,NA,NA,0
188,5,43,NA,NA,NA,0
189,5,44,NA,NA,NA,0
190,5,44,NA,NA,NA,0
191,5,44,NA,NA,NA,0
192,5,44,NA,NA,NA,0
193,5,44,NA,NA,NA,0
194,3,45,NA,NA,NA,0
195,3,45,NA,NA,NA,0
196,3,45,NA,NA,NA,0
197,4,46,NA,NA,NA,0
198,4,46,NA,NA,NA,0
199,4,46,NA,NA,NA,0
200,4,46,NA,NA,NA,0
201,5,47,NA,NA,NA,0
202,5,47,NA,NA,NA,0
203,5,47,NA,NA,NA,0
204,5,47,NA,NA,NA,0
205,5,47,NA,NA,NA,0
206,3,48,NA,NA,NA,0
207,3,48,NA,NA,NA,0
208,3,48,NA,NA,NA,0
209,6,49,NA,NA,NA,0
210,6,49,NA,NA,NA,0
211,6,49,NA,NA,NA,0
212,6,49,NA,NA,NA,0
213,6,49,NA,NA,NA,0
214,6,49,NA,NA,NA,0
215,4,50,NA,NA,NA,0
216,4,50,NA,NA,NA,0
217,4,50,NA,NA,NA,0
218,4,50,NA,NA,NA,0
219,3,51,NA,NA,NA,0
220,3,51,NA,NA,NA,0
221,3,51,NA,NA,NA,0
222,5,52,NA,NA,NA,0
223,5,52,NA,NA,NA,0
224,5,52,NA,NA,NA,0
225,5,52,NA,NA,NA,0
226,5,52,NA,NA,NA,0
227,6,53,NA,NA,NA,0
228,6,53,NA,NA,NA,0
229,6,53,NA,NA,NA,0
230,6,53,NA,NA,NA,0
231,6,53,NA,NA,NA,0
232,6,53,NA,NA,NA,0
233,3,54,NA,NA,NA,0
234,3,54,NA,NA,NA,0
235,3,54,NA,NA,NA,0
236,3,55,NA,NA,NA,0
237,3,55,NA,NA,NA,0
238,3,55,NA,NA,NA,0
239,4,56,NA,NA,NA,0
240,4,56,NA,NA,NA,0
241,4,56,NA,NA,NA,0
242,4,56,NA,NA,NA,0
243,6,57,"H",190,3,1
244,6,57,NA,NA,NA,0
245,6,57,"H",NA,2,0
246,6,57,"H",NA,4,1
247,6,57,"E",NA,5,1
248,6,57,NA,NA,NA,0
249,6,58,NA,NA,NA,0
250,6,58,NA,NA,NA,0
251,6,58,NA,NA,NA,0
252,6,58,NA,NA,NA,0
253,6,58,NA,NA,NA,0
254,6,58,NA,NA,NA,0
255,4,59,NA,NA,NA,0
256,4,59,NA,NA,NA,0
257,4,59,NA,NA,NA,0
258,4,59,"C",NA,3,0
259,4,60,NA,NA,NA,0
260,4,60,NA,NA,NA,0
261,4,60,NA,NA,NA,0
262,4,60,NA,NA,NA,0
263,5,61,NA,NA,NA,0
264,5,61,NA,NA,NA,0
265,5,61,NA,NA,NA,0
266,5,61,NA,NA,NA,0
267,5,61,NA,NA,NA,0
268,6,62,NA,NA,NA,0
269,6,62,NA,NA,NA,0
270,6,62,NA,NA,NA,0
271,6,62,NA,NA,NA,0
272,6,62,NA,NA,NA,0
273,6,62,NA,NA,NA,0
274,6,63,NA,NA,NA,0
275,6,63,NA,NA,NA,0
276,6,63,NA,NA,NA,0
277,6,63,NA,NA,NA,0
278,6,63,NA,NA,NA,0
279,6,63,NA,NA,NA,0
280,3,64,NA,NA,NA,0
281,3,64,NA,NA,NA,0
282,3,64,NA,NA,NA,0
283,5,65,NA,NA,NA,0
284,5,65,NA,NA,NA,0
285,5,65,NA,NA,NA,0
286,5,65,NA,NA,NA,0
287,5,65,NA,NA,NA,0
288,5,66,NA,NA,NA,0
289,5,66,NA,NA,NA,0
290,5,66,NA,NA,NA,0
291,5,66,NA,NA,NA,0
292,5,66,NA,NA,NA,0
293,6,67,NA,NA,NA,0
294,6,67,NA,NA,NA,0
295,6,67,NA,NA,NA,0
296,6,67,NA,NA,NA,0
297,6,67,NA,NA,NA,0
298,6,67,NA,NA,NA,0
299,5,68,NA,NA,NA,0
300,5,68,NA,NA,NA,0
301,5,68,NA,NA,NA,0
302,5,68,NA,NA,NA,0
303,5,68,NA,NA,NA,0
304,5,69,NA,NA,NA,0
305,5,69,NA,NA,NA,0
306,5,69,NA,NA,NA,0
307,5,69,NA,NA,NA,0
308,5,69,NA,NA,NA,0
309,5,70,NA,NA,NA,0
310,5,70,NA,NA,NA,0
311,5,70,NA,NA,NA,0
312,5,70,NA,NA,NA,0
313,5,70,NA,NA,NA,0
314,5,71,NA,NA,NA,0
315,5,71,NA,NA,NA,0
316,5,71,NA,NA,NA,0
317,5,71,NA,NA,NA,0
318,5,71,NA,NA,NA,0
319,4,72,NA,NA,NA,0
320,4,72,NA,NA,NA,0
321,4,72,NA,NA,NA,0
322,4,72,NA,NA,NA,0
323,6,73,NA,NA,NA,0
324,6,73,NA,NA,NA,0
325,6,73,NA,NA,NA,0
326,6,73,NA,NA,NA,0
327,6,73,NA,NA,NA,0
328,6,73,NA,NA,NA,0
329,4,74,NA,NA,NA,0
330,4,74,NA,NA,NA,0
331,4,74,NA,NA,NA,0
332,4,74,NA,NA,NA,0
333,6,75,NA,NA,NA,0
334,6,75,NA,NA,NA,0
335,6,75,NA,NA,NA,0
336,6,75,NA,NA,NA,0
337,6,75,NA,NA,NA,0
338,6,75,NA,NA,NA,0
339,3,76,NA,NA,NA,0
340,3,76,NA,NA,NA,0
341,3,76,NA,NA,NA,0
342,4,77,NA,NA,NA,0
343,4,77,NA,NA,NA,0
344,4,77,NA,NA,NA,0
345,4,77,NA,NA,NA,0
346,6,78,NA,NA,NA,0
347,6,78,NA,NA,NA,0
348,6,78,NA,NA,NA,0
349,6,78,NA,NA,NA,0
350,6,78,NA,NA,NA,0
351,6,78,NA,NA,NA,0
352,5,79,NA,NA,NA,0
353,5,79,NA,NA,NA,0
354,5,79,NA,NA,NA,0
355,5,79,NA,NA,NA,0
356,5,79,NA,NA,NA,0
357,5,80,NA,NA,NA,0
358,5,80,NA,NA,NA,0
359,5,80,NA,NA,NA,0
360,5,80,NA,NA,NA,0
361,5,80,NA,NA,NA,0
362,6,81,NA,NA,NA,0
363,6,81,NA,NA,NA,0
364,6,81,NA,NA,NA,0
365,6,81,NA,NA,NA,0
366,6,81,NA,NA,NA,0
367,6,81,NA,NA,NA,0
368,4,82,NA,NA,NA,0
369,4,82,NA,NA,NA,0
370,4,82,NA,NA,NA,0
371,4,82,NA,NA,NA,0
372,5,83,NA,NA,NA,0
373,5,83,NA,NA,NA,0
374,5,83,NA,NA,NA,0
375,5,83,NA,NA,NA,0
376,5,83,NA,NA,NA,0
377,4,84,NA,NA,NA,0
378,4,84,NA,NA,NA,0
379,4,84,NA,NA,NA,0
380,4,84,NA,NA,NA,0
381,4,85,NA,NA,NA,0
382,4,85,NA,NA,NA,0
383,4,85,NA,NA,NA,0
384,4,85,NA,NA,NA,0
385,5,86,NA,NA,NA,0
386,5,86,NA,NA,NA,0
387,5,86,NA,NA,NA,0
388,5,86,NA,NA,NA,0
389,5,86,NA,NA,NA,0
390,5,87,NA,NA,NA,0
391,5,87,NA,NA,NA,0
392,5,87,NA,NA,NA,0
393,5,87,NA,NA,NA,0
394,5,87,NA,NA,NA,0
395,5,88,NA,NA,NA,0
396,5,88,NA,NA,NA,0
397,5,88,NA,NA,NA,0
398,5,88,NA,NA,NA,0
399,5,88,NA,NA,NA,0
400,5,89,NA,NA,NA,0
401,5,89,NA,NA,NA,0
402,5,89,NA,NA,NA,0
403,5,89,NA,NA,NA,0
404,5,89,NA,NA,NA,0
405,3,90,NA,NA,NA,0
406,3,90,NA,NA,NA,0
407,3,90,NA,NA,NA,0
408,3,91,NA,NA,NA,0
409,3,91,NA,NA,NA,0
410,3,91,NA,NA,NA,0
411,4,92,NA,NA,NA,0
412,4,92,NA,NA,NA,0
413,4,92,NA,NA,NA,0
414,4,92,NA,NA,NA,0
415,3,93,NA,NA,NA,0
416,3,93,NA,NA,NA,0
417,3,93,NA,NA,NA,0
418,5,94,NA,NA,NA,0
419,5,94,NA,NA,NA,0
420,5,94,NA,NA,NA,0
421,5,94,NA,NA,NA,0
422,5,94,NA,NA,NA,0
423,4,95,NA,NA,NA,0
424,4,95,NA,NA,NA,0
425,4,95,NA,NA,NA,0
426,4,95,NA,NA,NA,0
427,4,96,NA,NA,NA,0
428,4,96,NA,NA,NA,0
429,4,96,NA,NA,NA,0
430,4,96,NA,NA,NA,0
431,3,97,NA,NA,NA,0
432,3,97,NA,NA,NA,0
433,3,97,NA,NA,NA,0
434,5,98,NA,NA,NA,0
435,5,98,NA,NA,NA,0
436,5,98,NA,NA,NA,0
437,5,98,NA,NA,NA,0
438,5,98,NA,NA,NA,0
439,3,99,NA,NA,NA,0
440,3,99,NA,NA,NA,0
441,3,99,NA,NA,NA,0
442,4,100,NA,NA,NA,0
443,4,100,NA,NA,NA,0
444,4,100,NA,NA,NA,0
445,4,100,NA,NA,NA,0
446,5,101,NA,NA,NA,0
447,5,101,NA,NA,NA,0
448,5,101,NA,NA,NA,0
449,5,101,NA,NA,NA,0
450,5,101,NA,NA,NA,0
451,6,102,NA,NA,NA,0
452,6,102,NA,NA,NA,0
453,6,102,NA,NA,NA,0
454,6,102,NA,NA,NA,0
455,6,102,NA,NA,NA,0
456,6,102,NA,NA,NA,0
457,5,103,NA,NA,NA,0
458,5,103,NA,NA,NA,0
459,5,103,NA,NA,NA,0
460,5,103,NA,NA,NA,0
461,5,103,NA,NA,NA,0
462,3,104,NA,NA,NA,0
463,3,104,NA,NA,NA,0
464,3,104,NA,NA,NA,0
465,4,105,NA,NA,NA,0
466,4,105,NA,NA,NA,0
467,4,105,NA,NA,NA,0
468,4,105,NA,NA,NA,0
469,5,106,NA,NA,NA,0
470,5,106,NA,NA,NA,0
471,5,106,NA,NA,NA,0
472,5,106,NA,NA,NA,0
473,5,106,NA,NA,NA,0
474,4,107,NA,NA,NA,0
475,4,107,NA,NA,NA,0
476,4,107,NA,NA,NA,0
477,4,107,NA,NA,NA,0
478,4,108,NA,NA,NA,0
479,4,108,NA,NA,NA,0
480,4,108,NA,NA,NA,0
481,4,108,NA,NA,NA,0
482,6,109,NA,NA,NA,0
483,6,109,NA,NA,NA,0
484,6,109,NA,NA,NA,0
485,6,109,NA,NA,NA,0
486,6,109,NA,NA,NA,0
487,6,109,NA,NA,NA,0
488,4,110,NA,NA,NA,0
489,4,110,NA,NA,NA,0
490,4,110,NA,NA,NA,0
491,4,110,NA,NA,NA,0
492,6,111,NA,NA,NA,0
493,6,111,NA,NA,NA,0
494,6,111,"E",184,5,0
495,6,111,NA,NA,NA,0
496,6,111,NA,NA,NA,0
497,6,111,NA,NA,NA,0
498,5,112,NA,NA,NA,0
499,5,112,NA,NA,NA,0
500,5,112,NA,NA,NA,0
501,5,112,NA,NA,NA,0
502,5,112,NA,NA,NA,0
503,5,113,NA,NA,NA,0
504,5,113,NA,NA,NA,0
505,5,113,NA,NA,NA,0
506,5,113,NA,NA,NA,0
507,5,113,NA,NA,NA,0
508,3,114,NA,NA,NA,0
509,3,114,NA,NA,NA,0
510,3,114,NA,NA,NA,0
511,3,115,NA,NA,NA,0
512,3,115,NA,NA,NA,0
513,3,115,NA,NA,NA,0
514,4,116,NA,NA,NA,0
515,4,116,NA,NA,NA,0
516,4,116,NA,NA,NA,0
517,4,116,NA,NA,NA,0
518,6,117,NA,NA,NA,0
519,6,117,NA,NA,NA,0
520,6,117,NA,NA,NA,0
521,6,117,NA,NA,NA,0
522,6,117,NA,NA,NA,0
523,6,117,NA,NA,NA,0
524,6,118,NA,NA,NA,0
525,6,118,NA,NA,NA,0
526,6,118,NA,NA,NA,0
527,6,118,NA,NA,NA,0
528,6,118,NA,NA,NA,0
529,6,118,NA,NA,NA,0
530,4,119,NA,NA,NA,0
531,4,119,NA,NA,NA,0
532,4,119,NA,NA,NA,0
533,4,119,NA,NA,NA,0
534,3,120,NA,NA,NA,0
535,3,120,NA,NA,NA,0
536,3,120,NA,NA,NA,0
537,6,121,NA,NA,NA,0
538,6,121,NA,NA,NA,0
539,6,121,NA,NA,NA,0
540,6,121,NA,NA,NA,0
541,6,121,NA,NA,NA,0
542,6,121,NA,NA,NA,0
543,4,122,NA,NA,NA,0
544,4,122,"C",NA,3,0
545,4,122,NA,NA,NA,0
546,4,122,NA,NA,NA,0
547,5,123,NA,NA,NA,0
548,5,123,NA,NA,NA,0
549,5,123,NA,NA,NA,0
550,5,123,NA,NA,NA,0
551,5,123,NA,NA,NA,0
552,6,124,NA,NA,NA,0
553,6,124,NA,NA,NA,0
554,6,124,NA,NA,NA,0
555,6,124,NA,NA,NA,0
556,6,124,NA,NA,NA,0
557,6,124,NA,NA,NA,0
558,3,125,NA,NA,NA,0
559,3,125,NA,NA,NA,0
560,3,125,NA,NA,NA,0
561,5,126,"C",NA,4,2
562,5,126,"H",NA,2,1
563,5,126,"H",NA,1,1
564,5,126,"H",NA,2,0
565,5,126,"H",NA,NA,0
566,5,127,NA,NA,NA,0
567,5,127,NA,NA,NA,0
568,5,127,NA,NA,NA,0
569,5,127,NA,NA,NA,0
570,5,127,NA,NA,NA,0
571,5,128,"C",311,4,2
572,5,128,NA,NA,NA,0
573,5,128,"H",334,2,0
574,5,128,"H",NA,2,0
575,5,128,NA,NA,NA,0
576,5,129,NA,NA,NA,0
577,5,129,NA,NA,NA,0
578,5,129,NA,NA,NA,0
579,5,129,NA,NA,NA,0
580,5,129,NA,NA,NA,0
581,3,130,NA,NA,NA,0
582,3,130,NA,NA,NA,0
583,3,130,NA,NA,NA,0
584,4,131,NA,NA,NA,0
585,4,131,NA,NA,NA,0
586,4,131,NA,NA,NA,0
587,4,131,NA,NA,NA,0
588,3,132,NA,NA,NA,0
589,3,132,NA,NA,NA,0
590,3,132,NA,NA,NA,0
591,6,133,NA,NA,NA,0
592,6,133,NA,NA,NA,0
593,6,133,NA,NA,NA,0
594,6,133,NA,NA,NA,0
595,6,133,NA,NA,NA,0
596,6,133,NA,NA,NA,0
597,4,134,"H",182,2,0
598,4,134,NA,NA,NA,0
599,4,134,"C",142,3,1
600,4,134,NA,NA,NA,0
601,5,135,NA,NA,NA,0
602,5,135,NA,NA,NA,0
603,5,135,NA,NA,NA,0
604,5,135,NA,NA,NA,0
605,5,135,NA,NA,NA,0
606,3,136,NA,NA,NA,0
607,3,136,NA,NA,NA,0
608,3,136,NA,NA,NA,0
609,3,137,NA,NA,NA,0
610,3,137,NA,NA,NA,0
611,3,137,NA,NA,NA,0
612,4,138,NA,NA,NA,0
613,4,138,NA,NA,NA,0
614,4,138,NA,NA,NA,0
615,4,138,NA,NA,NA,0
616,3,139,NA,NA,NA,0
617,3,139,NA,NA,NA,0
618,3,139,NA,NA,NA,0
619,5,140,NA,NA,NA,0
620,5,140,NA,NA,NA,0
621,5,140,NA,NA,NA,0
622,5,140,NA,NA,NA,0
623,5,140,NA,NA,NA,0
624,5,141,NA,NA,NA,0
625,5,141,NA,NA,NA,0
626,5,141,NA,NA,NA,0
627,5,141,NA,NA,NA,0
628,5,141,NA,NA,NA,0
629,4,142,"E",307,3,2
630,4,142,"H",346,1,0
631,4,142,"H",NA,1,0
632,4,142,NA,NA,NA,0
633,5,143,NA,NA,NA,0
634,5,143,NA,NA,NA,0
635,5,143,"C",NA,NA,0
636,5,143,"C",311,4,0
637,5,143,NA,NA,NA,0
638,5,144,NA,NA,NA,0
639,5,144,NA,NA,NA,0
640,5,144,NA,NA,NA,0
641,5,144,NA,NA,NA,0
642,5,144,NA,NA,NA,0
643,4,145,NA,NA,NA,0
644,4,145,NA,NA,NA,0
645,4,145,NA,NA,NA,0
646,4,145,NA,NA,NA,0
647,4,146,NA,NA,NA,0
648,4,146,NA,NA,NA,0
649,4,146,NA,NA,NA,0
650,4,146,NA,NA,NA,0
651,4,147,NA,NA,NA,0
652,4,147,NA,NA,NA,0
653,4,147,NA,NA,NA,0
654,4,147,NA,NA,NA,0
655,4,148,NA,NA,NA,0
656,4,148,NA,NA,NA,0
657,4,148,NA,NA,NA,0
658,4,148,NA,NA,NA,0
659,3,149,NA,NA,NA,0
660,3,149,NA,NA,NA,0
661,3,149,NA,NA,NA,0
662,5,150,NA,NA,NA,0
663,5,150,NA,NA,NA,0
664,5,150,NA,NA,NA,0
665,5,150,NA,NA,NA,0
666,5,150,NA,NA,NA,0
667,5,151,NA,NA,NA,0
668,5,151,NA,NA,NA,0
669,5,151,NA,NA,NA,0
670,5,151,NA,NA,NA,0
671,5,151,NA,NA,NA,0
672,4,152,NA,NA,NA,0
673,4,152,NA,NA,NA,0
674,4,152,NA,NA,NA,0
675,4,152,NA,NA,NA,0
676,3,153,NA,NA,NA,0
677,3,153,NA,NA,NA,0
678,3,153,NA,NA,NA,0
679,3,154,NA,NA,NA,0
680,3,154,NA,NA,NA,0
681,3,154,NA,NA,NA,0
682,6,155,"H",NA,3,2
683,6,155,"H",327,0,0
684,6,155,"H",296,1,1
685,6,155,"E",210,5,2
686,6,155,"H",NA,3,0
687,6,155,"H",298,1,0
688,4,156,NA,NA,NA,0
689,4,156,NA,NA,NA,0
690,4,156,NA,NA,NA,0
691,4,156,NA,NA,NA,0
692,4,157,NA,NA,NA,0
693,4,157,NA,NA,NA,0
694,4,157,NA,NA,NA,0
695,4,157,NA,NA,NA,0
696,6,158,"H",NA,2,0
697,6,158,"E",NA,5,3
698,6,158,"H",NA,0,0
699,6,158,"H",350,0,0
700,6,158,"H",NA,2,0
701,6,158,"H",NA,2,2
702,6,159,NA,NA,NA,0
703,6,159,NA,NA,NA,0
704,6,159,NA,NA,NA,0
705,6,159,NA,NA,NA,0
706,6,159,NA,NA,NA,0
707,6,159,NA,NA,NA,0
708,6,160,NA,NA,NA,0
709,6,160,NA,NA,NA,0
710,6,160,NA,NA,NA,0
711,6,160,NA,NA,NA,0
712,6,160,NA,NA,NA,0
713,6,160,NA,NA,NA,0
714,3,161,NA,NA,NA,0
715,3,161,NA,NA,NA,0
716,3,161,NA,NA,NA,0
717,5,162,NA,NA,NA,0
718,5,162,NA,NA,NA,0
719,5,162,NA,NA,NA,0
720,5,162,NA,NA,NA,0
721,5,162,NA,NA,NA,0
722,6,163,NA,NA,NA,0
723,6,163,NA,NA,NA,0
724,6,163,NA,NA,NA,0
725,6,163,NA,NA,NA,0
726,6,163,NA,NA,NA,0
727,6,163,NA,NA,NA,0
728,4,164,NA,NA,NA,0
729,4,164,NA,NA,NA,0
730,4,164,NA,NA,NA,0
731,4,164,NA,NA,NA,0
732,6,165,NA,NA,NA,0
733,6,165,NA,NA,NA,0
734,6,165,NA,NA,NA,0
735,6,165,NA,NA,NA,0
736,6,165,NA,NA,NA,0
737,6,165,NA,NA,NA,0
738,5,166,NA,NA,NA,0
739,5,166,NA,NA,NA,0
740,5,166,NA,NA,NA,0
741,5,166,NA,NA,NA,0
742,5,166,NA,NA,NA,0
743,6,167,NA,NA,NA,0
744,6,167,NA,NA,NA,0
745,6,167,NA,NA,NA,0
746,6,167,NA,NA,NA,0
747,6,167,NA,NA,NA,0
748,6,167,NA,NA,NA,0
749,4,168,NA,NA,NA,0
750,4,168,NA,NA,NA,0
751,4,168,NA,NA,NA,0
752,4,168,NA,NA,NA,0
753,3,169,NA,NA,NA,0
754,3,169,NA,NA,NA,0
755,3,169,NA,NA,NA,0
756,6,170,NA,NA,NA,0
757,6,170,NA,NA,NA,0
758,6,170,NA,NA,NA,0
759,6,170,NA,NA,NA,0
760,6,170,NA,NA,NA,0
761,6,170,NA,NA,NA,0
762,3,171,NA,NA,NA,0
763,3,171,NA,NA,NA,0
764,3,171,NA,NA,NA,0
765,4,172,NA,NA,NA,0
766,4,172,NA,NA,NA,0
767,4,172,NA,NA,NA,0
768,4,172,NA,NA,NA,0
769,3,173,NA,NA,NA,0
770,3,173,NA,NA,NA,0
771,3,173,NA,NA,NA,0
772,4,174,NA,NA,NA,0
773,4,174,"E",357,3,0
774,4,174,NA,NA,NA,0
775,4,174,NA,NA,NA,0
776,4,175,NA,NA,NA,0
777,4,175,NA,NA,NA,0
778,4,175,NA,NA,NA,0
779,4,175,NA,NA,NA,0
780,3,176,NA,NA,NA,0
781,3,176,NA,NA,NA,0
782,3,176,NA,NA,NA,0
783,6,177,NA,NA,NA,0
784,6,177,NA,NA,NA,0
785,6,177,NA,NA,NA,0
786,6,177,NA,NA,NA,0
787,6,177,NA,NA,NA,0
788,6,177,NA,NA,NA,0
789,6,178,NA,NA,NA,0
790,6,178,NA,NA,NA,0
791,6,178,NA,NA,NA,0
792,6,178,NA,NA,NA,0
793,6,178,NA,NA,NA,0
794,6,178,NA,NA,NA,0
795,4,179,NA,NA,NA,0
796,4,179,NA,NA,NA,0
797,4,179,NA,NA,NA,0
798,4,179,NA,NA,NA,0
799,6,180,NA,NA,NA,0
800,6,180,NA,NA,NA,0
801,6,180,NA,NA,NA,0
802,6,180,NA,NA,NA,0
803,6,180,NA,NA,NA,0
804,6,180,NA,NA,NA,0
805,6,181,NA,NA,NA,0
806,6,181,NA,NA,NA,0
807,6,181,NA,NA,NA,0
808,6,181,NA,NA,NA,0
809,6,181,NA,NA,NA,0
810,6,181,NA,NA,NA,0
811,5,182,NA,NA,NA,0
812,5,182,NA,NA,NA,0
813,5,182,NA,NA,NA,0
814,5,182,NA,NA,NA,0
815,5,182,NA,NA,NA,0
816,4,183,NA,NA,NA,0
817,4,183,NA,NA,NA,0
818,4,183,NA,NA,NA,0
819,4,183,"C",248,3,0
820,4,184,NA,NA,NA,0
821,4,184,NA,NA,NA,0
822,4,184,NA,NA,NA,0
823,4,184,NA,NA,NA,0
824,6,185,NA,NA,NA,0
825,6,185,NA,NA,NA,0
826,6,185,NA,NA,NA,0
827,6,185,NA,NA,NA,0
828,6,185,NA,NA,NA,0
829,6,185,NA,NA,NA,0
830,6,186,NA,NA,NA,0
831,6,186,"H",NA,NA,0
832,6,186,"E",NA,5,1
833,6,186,NA,NA,NA,0
834,6,186,NA,NA,NA,0
835,6,186,NA,NA,NA,0
836,4,187,NA,NA,NA,0
837,4,187,NA,NA,NA,0
838,4,187,NA,NA,NA,0
839,4,187,NA,NA,NA,0
840,5,188,NA,NA,NA,0
841,5,188,NA,NA,NA,0
842,5,188,NA,NA,NA,0
843,5,188,NA,NA,NA,0
844,5,188,NA,NA,NA,0
845,6,189,NA,NA,NA,0
846,6,189,NA,NA,NA,0
847,6,189,NA,NA,NA,0
848,6,189,NA,NA,NA,0
849,6,189,NA,NA,NA,0
850,6,189,NA,NA,NA,0
851,6,190,NA,NA,NA,0
852,6,190,NA,NA,NA,0
853,6,190,NA,NA,NA,0
854,6,190,NA,NA,NA,0
855,6,190,NA,NA,NA,0
856,6,190,NA,NA,NA,0
857,3,191,NA,NA,NA,0
858,3,191,NA,NA,NA,0
859,3,191,NA,NA,NA,0
860,4,192,NA,NA,NA,0
861,4,192,NA,NA,NA,0
862,4,192,NA,NA,NA,0
863,4,192,NA,NA,NA,0
864,5,193,NA,NA,NA,0
865,5,193,NA,NA,NA,0
866,5,193,NA,NA,NA,0
867,5,193,NA,NA,NA,0
868,5,193,NA,NA,NA,0
869,4,194,NA,NA,NA,0
870,4,194,NA,NA,NA,0
871,4,194,NA,NA,NA,0
872,4,194,NA,NA,NA,0
873,6,195,NA,NA,NA,0
874,6,195,NA,NA,NA,0
875,6,195,NA,NA,NA,0
876,6,195,NA,NA,NA,0
877,6,195,NA,NA,NA,0
878,6,195,NA,NA,NA,0
879,3,196,NA,NA,NA,0
880,3,196,NA,NA,NA,0
881,3,196,"E",NA,NA,0
882,6,197,NA,NA,NA,0
883,6,197,NA,NA,NA,0
884,6,197,NA,NA,NA,0
885,6,197,NA,NA,NA,0
886,6,197,NA,NA,NA,0
887,6,197,NA,NA,NA,0
888,6,198,NA,NA,NA,0
889,6,198,NA,NA,NA,0
890,6,198,NA,NA,NA,0
891,6,198,NA,NA,NA,0
892,6,198,NA,NA,NA,0
893,6,198,NA,NA,NA,0
894,3,199,NA,NA,NA,0
895,3,199,NA,NA,NA,0
896,3,199,NA,NA,NA,0
897,4,200,NA,NA,NA,0
898,4,200,NA,NA,NA,0
899,4,200,NA,NA,NA,0
900,4,200,NA,NA,NA,0
901,3,201,"E",94,2,0
902,3,201,"E",277,1,0
903,3,201,NA,NA,NA,0
904,5,202,NA,NA,NA,0
905,5,202,NA,NA,NA,0
906,5,202,"C",246,4,0
907,5,202,NA,NA,NA,0
908,5,202,NA,NA,NA,0
909,3,203,NA,NA,NA,0
910,3,203,NA,NA,NA,0
911,3,203,NA,NA,NA,0
912,5,204,NA,NA,NA,0
913,5,204,NA,NA,NA,0
914,5,204,NA,NA,NA,0
915,5,204,NA,NA,NA,0
916,5,204,NA,NA,NA,0
917,4,205,NA,NA,NA,0
918,4,205,NA,NA,NA,0
919,4,205,NA,NA,NA,0
920,4,205,NA,NA,NA,0
921,5,206,NA,NA,NA,0
922,5,206,NA,NA,NA,0
923,5,206,NA,NA,NA,0
924,5,206,NA,NA,NA,0
925,5,206,NA,NA,NA,0
926,3,207,NA,NA,NA,0
927,3,207,NA,NA,NA,0
928,3,207,NA,NA,NA,0
929,4,208,NA,NA,NA,0
930,4,208,NA,NA,NA,0
931,4,208,NA,NA,NA,0
932,4,208,NA,NA,NA,0
933,3,209,NA,NA,NA,0
934,3,209,NA,NA,NA,0
935,3,209,NA,NA,NA,0
936,3,210,NA,NA,NA,0
937,3,210,NA,NA,NA,0
938,3,210,NA,NA,NA,0
939,4,211,NA,NA,NA,0
940,4,211,NA,NA,NA,0
941,4,211,NA,NA,NA,0
942,4,211,NA,NA,NA,0
943,6,212,NA,NA,NA,0
944,6,212,NA,NA,NA,0
945,6,212,NA,NA,NA,0
946,6,212,NA,NA,NA,0
947,6,212,NA,NA,NA,0
948,6,212,NA,NA,NA,0
949,6,213,NA,NA,NA,0
950,6,213,"E",NA,5,1
951,6,213,NA,NA,NA,0
952,6,213,NA,NA,NA,0
953,6,213,"H",266,4,0
954,6,213,NA,NA,NA,0
955,3,214,NA,NA,NA,0
956,3,214,NA,NA,NA,0
957,3,214,NA,NA,NA,0
958,5,215,NA,NA,NA,0
959,5,215,NA,NA,NA,0
960,5,215,NA,NA,NA,0
961,5,215,NA,NA,NA,0
962,5,215,NA,NA,NA,0
963,3,216,NA,NA,NA,0
964,3,216,NA,NA,NA,0
965,3,216,NA,NA,NA,0
966,5,217,NA,NA,NA,0
967,5,217,NA,NA,NA,0
968,5,217,NA,NA,NA,0
969,5,217,NA,NA,NA,0
970,5,217,NA,NA,NA,0
971,3,218,NA,NA,NA,0
972,3,218,NA,NA,NA,0
973,3,218,NA,NA,NA,0
974,6,219,NA,NA,NA,0
975,6,219,NA,NA,NA,0
976,6,219,NA,NA,NA,0
977,6,219,NA,NA,NA,0
978,6,219,NA,NA,NA,0
979,6,219,NA,NA,NA,0
980,6,220,NA,NA,NA,0
981,6,220,NA,NA,NA,0
982,6,220,NA,NA,NA,0
983,6,220,NA,NA,NA,0
984,6,220,NA,NA,NA,0
985,6,220,NA,NA,NA,0
986,3,221,NA,NA,NA,0
987,3,221,NA,NA,NA,0
988,3,221,NA,NA,NA,0
989,3,222,NA,NA,NA,0
990,3,222,NA,NA,NA,0
991,3,222,NA,NA,NA,0
992,5,223,"E",NA,4,1
993,5,223,NA,NA,NA,0
994,5,223,NA,NA,NA,0
995,5,223,NA,NA,NA,0
996,5,223,"H",253,3,0
997,4,224,NA,NA,NA,0
998,4,224,"E",NA,3,0
999,4,224,NA,NA,NA,0
1000,4,224,NA,NA,NA,0
