"ID","SIZE","HH","TYPE","TIME","S_num","I_num"
1,5,1,"0",33,NA,0
2,5,1,NA,NA,NA,0
3,5,1,NA,NA,NA,0
4,5,1,NA,NA,NA,0
5,5,1,"E",239,NA,0
6,3,2,"E",270,NA,0
7,3,2,NA,NA,NA,0
8,3,2,"E",NA,NA,0
9,3,3,NA,NA,NA,0
10,3,3,"E",321,NA,0
11,3,3,NA,NA,NA,0
12,5,4,"E",125,NA,0
13,5,4,NA,NA,NA,0
14,5,4,NA,NA,NA,0
15,5,4,NA,NA,NA,0
16,5,4,"E",248,NA,0
17,5,5,NA,NA,NA,0
18,5,5,NA,NA,NA,0
19,5,5,"E",169,NA,0
20,5,5,"E",161,NA,0
21,5,5,NA,NA,NA,0
22,3,6,NA,NA,NA,0
23,3,6,"E",24,NA,0
24,3,6,NA,NA,NA,0
25,5,7,NA,NA,NA,0
26,5,7,NA,NA,NA,0
27,5,7,NA,NA,NA,0
28,5,7,NA,NA,NA,0
29,5,7,NA,NA,NA,0
30,4,8,NA,NA,NA,0
31,4,8,NA,NA,NA,0
32,4,8,NA,NA,NA,0
33,4,8,NA,NA,NA,0
34,4,9,"E",223,NA,0
35,4,9,"E",109,NA,0
36,4,9,NA,NA,NA,0
37,4,9,NA,NA,NA,0
38,4,10,"E",356,NA,0
39,4,10,"E",194,NA,0
40,4,10,"E",166,NA,0
41,4,10,NA,NA,NA,0
42,3,11,NA,NA,NA,0
43,3,11,NA,NA,NA,0
44,3,11,NA,NA,NA,0
45,5,12,"E",98,NA,0
46,5,12,"E",355,NA,0
47,5,12,NA,NA,NA,0
48,5,12,NA,NA,NA,0
49,5,12,"E",362,NA,0
50,3,13,NA,NA,NA,0
51,3,13,NA,NA,NA,0
52,3,13,"E",281,NA,0
53,3,14,NA,NA,NA,0
54,3,14,NA,NA,NA,0
55,3,14,"E",57,NA,0
56,6,15,"E",146,NA,0
57,6,15,NA,NA,NA,0
58,6,15,NA,NA,NA,0
59,6,15,NA,NA,NA,0
60,6,15,NA,NA,NA,0
61,6,15,NA,NA,NA,0
62,6,16,NA,NA,NA,0
63,6,16,NA,NA,NA,0
64,6,16,NA,NA,NA,0
65,6,16,NA,NA,NA,0
66,6,16,NA,NA,NA,0
67,6,16,NA,NA,NA,0
68,6,17,NA,NA,NA,0
69,6,17,NA,NA,NA,0
70,6,17,NA,NA,NA,0
71,6,17,NA,NA,NA,0
72,6,17,NA,NA,NA,0
73,6,17,NA,NA,NA,0
74,6,18,NA,NA,NA,0
75,6,18,NA,NA,NA,0
76,6,18,NA,NA,NA,0
77,6,18,NA,NA,NA,0
78,6,18,NA,NA,NA,0
79,6,18,NA,NA,NA,0
80,3,19,NA,NA,NA,0
81,3,19,NA,NA,NA,0
82,3,19,"E",58,NA,0
83,5,20,NA,NA,NA,0
84,5,20,NA,NA,NA,0
85,5,20,"E",43,NA,0
86,5,20,NA,NA,NA,0
87,5,20,NA,NA,NA,0
88,4,21,NA,NA,NA,0
89,4,21,NA,NA,NA,0
90,4,21,NA,NA,NA,0
91,4,21,"E",312,NA,0
92,6,22,NA,NA,NA,0
93,6,22,"E",270,NA,0
94,6,22,"E",88,NA,0
95,6,22,"E",71,NA,0
96,6,22,NA,NA,NA,0
97,6,22,NA,NA,NA,0
98,5,23,NA,NA,NA,0
99,5,23,"E",268,NA,0
100,5,23,NA,NA,NA,0
101,5,23,NA,NA,NA,0
102,5,23,NA,NA,NA,0
103,3,24,NA,NA,NA,0
104,3,24,NA,NA,NA,0
105,3,24,"E",130,NA,0
106,6,25,NA,NA,NA,0
107,6,25,NA,NA,NA,0
108,6,25,NA,NA,NA,0
109,6,25,"E",42,NA,0
110,6,25,"E",141,NA,0
111,6,25,NA,NA,NA,0
112,5,26,NA,NA,NA,0
113,5,26,NA,NA,NA,0
114,5,26,NA,NA,NA,0
115,5,26,NA,NA,NA,0
116,5,26,"E",228,NA,0
117,3,27,NA,NA,NA,0
118,3,27,"E",160,NA,0
119,3,27,NA,NA,NA,0
120,5,28,NA,NA,NA,0
121,5,28,"E",117,NA,0
122,5,28,"E",306,NA,0
123,5,28,NA,NA,NA,0
124,5,28,"E",126,NA,0
125,6,29,"E",102,NA,0
126,6,29,NA,NA,NA,0
127,6,29,"E",259,NA,0
128,6,29,"E",142,NA,0
129,6,29,NA,NA,NA,0
130,6,29,NA,NA,NA,0
131,3,30,"E",240,NA,0
132,3,30,"E",264,NA,0
133,3,30,NA,NA,NA,0
134,3,31,NA,NA,NA,0
135,3,31,"E",88,NA,0
136,3,31,"E",339,NA,0
137,4,32,"E",128,NA,0
138,4,32,NA,NA,NA,0
139,4,32,NA,NA,NA,0
140,4,32,NA,NA,NA,0
141,5,33,NA,NA,NA,0
142,5,33,NA,NA,NA,0
143,5,33,NA,NA,NA,0
144,5,33,NA,NA,NA,0
145,5,33,NA,NA,NA,0
146,5,34,NA,NA,NA,0
147,5,34,NA,NA,NA,0
148,5,34,NA,NA,NA,0
149,5,34,NA,NA,NA,0
150,5,34,NA,NA,NA,0
151,3,35,NA,NA,NA,0
152,3,35,NA,NA,NA,0
153,3,35,NA,NA,NA,0
154,6,36,"E",170,NA,0
155,6,36,NA,NA,NA,0
156,6,36,NA,NA,NA,0
157,6,36,NA,NA,NA,0
158,6,36,NA,NA,NA,0
159,6,36,"E",74,NA,0
160,5,37,NA,NA,NA,0
161,5,37,"E",348,NA,0
162,5,37,"E",NA,NA,0
163,5,37,NA,NA,NA,0
164,5,37,NA,NA,NA,0
165,3,38,NA,NA,NA,0
166,3,38,NA,NA,NA,0
167,3,38,"E",177,NA,0
168,4,39,"E",NA,NA,0
169,4,39,NA,NA,NA,0
170,4,39,"E",183,NA,0
171,4,39,NA,NA,NA,0
172,5,40,NA,NA,NA,0
173,5,40,NA,NA,NA,0
174,5,40,"E",143,NA,0
175,5,40,NA,NA,NA,0
176,5,40,NA,NA,NA,0
177,6,41,NA,NA,NA,0
178,6,41,NA,NA,NA,0
179,6,41,NA,NA,NA,0
180,6,41,NA,NA,NA,0
181,6,41,"E",238,NA,0
182,6,41,NA,NA,NA,0
183,4,42,NA,NA,NA,0
184,4,42,"E",NA,NA,0
185,4,42,NA,NA,NA,0
186,4,42,NA,NA,NA,0
187,6,43,NA,NA,NA,0
188,6,43,"E",312,NA,0
189,6,43,NA,NA,NA,0
190,6,43,"E",71,NA,0
191,6,43,NA,NA,NA,0
192,6,43,NA,NA,NA,0
193,6,44,NA,NA,NA,0
194,6,44,NA,NA,NA,0
195,6,44,NA,NA,NA,0
196,6,44,NA,NA,NA,0
197,6,44,NA,NA,NA,0
198,6,44,"E",NA,NA,0
199,4,45,NA,NA,NA,0
200,4,45,NA,NA,NA,0
201,4,45,"E",109,NA,0
202,4,45,NA,NA,NA,0
203,5,46,"E",NA,NA,0
204,5,46,"E",294,NA,0
205,5,46,"E",78,NA,0
206,5,46,"E",323,NA,0
207,5,46,"E",328,NA,0
208,4,47,NA,NA,NA,0
209,4,47,"E",333,NA,0
210,4,47,NA,NA,NA,0
211,4,47,"E",34,NA,0
212,6,48,NA,NA,NA,0
213,6,48,NA,NA,NA,0
214,6,48,"E",363,NA,0
215,6,48,NA,NA,NA,0
216,6,48,NA,NA,NA,0
217,6,48,NA,NA,NA,0
218,3,49,"E",239,NA,0
219,3,49,"E",239,NA,0
220,3,49,NA,NA,NA,0
221,5,50,"E",313,NA,0
222,5,50,NA,NA,NA,0
223,5,50,NA,NA,NA,0
224,5,50,NA,NA,NA,0
225,5,50,NA,NA,NA,0
226,4,51,NA,NA,NA,0
227,4,51,"E",294,NA,0
228,4,51,NA,NA,NA,0
229,4,51,NA,NA,NA,0
230,4,52,NA,NA,NA,0
231,4,52,NA,NA,NA,0
232,4,52,NA,NA,NA,0
233,4,52,NA,NA,NA,0
234,6,53,NA,NA,NA,0
235,6,53,NA,NA,NA,0
236,6,53,NA,NA,NA,0
237,6,53,NA,NA,NA,0
238,6,53,NA,NA,NA,0
239,6,53,NA,NA,NA,0
240,4,54,"E",NA,NA,0
241,4,54,NA,NA,NA,0
242,4,54,NA,NA,NA,0
243,4,54,"E",209,NA,0
244,3,55,NA,NA,NA,0
245,3,55,"E",45,NA,0
246,3,55,NA,NA,NA,0
247,3,56,NA,NA,NA,0
248,3,56,"E",218,NA,0
249,3,56,NA,NA,NA,0
250,3,57,"E",293,NA,0
251,3,57,"E",109,NA,0
252,3,57,NA,NA,NA,0
253,5,58,"E",59,NA,0
254,5,58,NA,NA,NA,0
255,5,58,"E",235,NA,0
256,5,58,NA,NA,NA,0
257,5,58,"E",61,NA,0
258,6,59,NA,NA,NA,0
259,6,59,NA,NA,NA,0
260,6,59,NA,NA,NA,0
261,6,59,"E",92,NA,0
262,6,59,"E",234,NA,0
263,6,59,"E",244,NA,0
264,4,60,"E",317,NA,0
265,4,60,"E",135,NA,0
266,4,60,"E",111,NA,0
267,4,60,NA,NA,NA,0
268,3,61,NA,NA,NA,0
269,3,61,NA,NA,NA,0
270,3,61,NA,NA,NA,0
271,3,62,NA,NA,NA,0
272,3,62,NA,NA,NA,0
273,3,62,NA,NA,NA,0
274,6,63,"E",254,NA,0
275,6,63,"E",27,NA,0
276,6,63,NA,NA,NA,0
277,6,63,NA,NA,NA,0
278,6,63,NA,NA,NA,0
279,6,63,NA,NA,NA,0
280,5,64,NA,NA,NA,0
281,5,64,"E",131,NA,0
282,5,64,NA,NA,NA,0
283,5,64,NA,NA,NA,0
284,5,64,"E",349,NA,0
285,4,65,"E",45,NA,0
286,4,65,NA,NA,NA,0
287,4,65,NA,NA,NA,0
288,4,65,NA,NA,NA,0
289,6,66,NA,NA,NA,0
290,6,66,NA,NA,NA,0
291,6,66,NA,NA,NA,0
292,6,66,NA,NA,NA,0
293,6,66,NA,NA,NA,0
294,6,66,NA,NA,NA,0
295,5,67,NA,NA,NA,0
296,5,67,NA,NA,NA,0
297,5,67,NA,NA,NA,0
298,5,67,NA,NA,NA,0
299,5,67,NA,NA,NA,0
300,6,68,"E",141,NA,0
301,6,68,NA,NA,NA,0
302,6,68,NA,NA,NA,0
303,6,68,NA,NA,NA,0
304,6,68,"E",305,NA,0
305,6,68,NA,NA,NA,0
306,5,69,NA,NA,NA,0
307,5,69,NA,NA,NA,0
308,5,69,NA,NA,NA,0
309,5,69,NA,NA,NA,0
310,5,69,NA,NA,NA,0
311,3,70,NA,NA,NA,0
312,3,70,"E",191,NA,0
313,3,70,"E",166,NA,0
314,3,71,NA,NA,NA,0
315,3,71,"E",124,NA,0
316,3,71,"E",203,NA,0
317,5,72,NA,NA,NA,0
318,5,72,"E",286,NA,0
319,5,72,NA,NA,NA,0
320,5,72,"E",181,NA,0
321,5,72,NA,NA,NA,0
322,5,73,NA,NA,NA,0
323,5,73,"E",133,NA,0
324,5,73,"E",256,NA,0
325,5,73,"E",307,NA,0
326,5,73,"E",257,NA,0
327,6,74,"E",351,NA,0
328,6,74,NA,NA,NA,0
329,6,74,NA,NA,NA,0
330,6,74,NA,NA,NA,0
331,6,74,NA,NA,NA,0
332,6,74,NA,NA,NA,0
333,3,75,NA,NA,NA,0
334,3,75,NA,NA,NA,0
335,3,75,NA,NA,NA,0
336,5,76,NA,NA,NA,0
337,5,76,NA,NA,NA,0
338,5,76,"E",230,NA,0
339,5,76,NA,NA,NA,0
340,5,76,NA,NA,NA,0
341,6,77,"E",180,NA,0
342,6,77,"E",112,NA,0
343,6,77,"E",173,NA,0
344,6,77,NA,NA,NA,0
345,6,77,"E",319,NA,0
346,6,77,"E",208,NA,0
347,5,78,NA,NA,NA,0
348,5,78,NA,NA,NA,0
349,5,78,NA,NA,NA,0
350,5,78,"E",47,NA,0
351,5,78,NA,NA,NA,0
352,4,79,NA,NA,NA,0
353,4,79,NA,NA,NA,0
354,4,79,"E",197,NA,0
355,4,79,NA,NA,NA,0
356,5,80,NA,NA,NA,0
357,5,80,"E",320,NA,0
358,5,80,NA,NA,NA,0
359,5,80,"E",75,NA,0
360,5,80,"E",62,NA,0
361,3,81,NA,NA,NA,0
362,3,81,"E",255,NA,0
363,3,81,NA,NA,NA,0
364,4,82,"E",338,NA,0
365,4,82,NA,NA,NA,0
366,4,82,NA,NA,NA,0
367,4,82,NA,NA,NA,0
368,3,83,"E",239,NA,0
369,3,83,"E",343,NA,0
370,3,83,"E",140,NA,0
371,5,84,"E",316,NA,0
372,5,84,NA,NA,NA,0
373,5,84,NA,NA,NA,0
374,5,84,NA,NA,NA,0
375,5,84,"E",355,NA,0
376,3,85,NA,NA,NA,0
377,3,85,NA,NA,NA,0
378,3,85,NA,NA,NA,0
379,3,86,"E",176,NA,0
380,3,86,NA,NA,NA,0
381,3,86,"E",67,NA,0
382,5,87,"E",192,NA,0
383,5,87,NA,NA,NA,0
384,5,87,"E",82,NA,0
385,5,87,"E",206,NA,0
386,5,87,"E",63,NA,0
387,4,88,NA,NA,NA,0
388,4,88,NA,NA,NA,0
389,4,88,"E",126,NA,0
390,4,88,NA,NA,NA,0
391,5,89,NA,NA,NA,0
392,5,89,NA,NA,NA,0
393,5,89,NA,NA,NA,0
394,5,89,"E",264,NA,0
395,5,89,NA,NA,NA,0
396,4,90,NA,NA,NA,0
397,4,90,NA,NA,NA,0
398,4,90,"E",58,NA,0
399,4,90,NA,NA,NA,0
400,4,91,NA,NA,NA,0
401,4,91,NA,NA,NA,0
402,4,91,NA,NA,NA,0
403,4,91,NA,NA,NA,0
404,6,92,NA,NA,NA,0
405,6,92,NA,NA,NA,0
406,6,92,"E",210,NA,0
407,6,92,NA,NA,NA,0
408,6,92,NA,NA,NA,0
409,6,92,"E",253,NA,0
410,4,93,"E",203,NA,0
411,4,93,"E",188,NA,0
412,4,93,"E",134,NA,0
413,4,93,NA,NA,NA,0
414,4,94,NA,NA,NA,0
415,4,94,NA,NA,NA,0
416,4,94,NA,NA,NA,0
417,4,94,NA,NA,NA,0
418,5,95,NA,NA,NA,0
419,5,95,NA,NA,NA,0
420,5,95,NA,NA,NA,0
421,5,95,NA,NA,NA,0
422,5,95,NA,NA,NA,0
423,6,96,NA,NA,NA,0
424,6,96,NA,NA,NA,0
425,6,96,"E",215,NA,0
426,6,96,NA,NA,NA,0
427,6,96,NA,NA,NA,0
428,6,96,NA,NA,NA,0
429,5,97,NA,NA,NA,0
430,5,97,NA,NA,NA,0
431,5,97,NA,NA,NA,0
432,5,97,"E",137,NA,0
433,5,97,"E",331,NA,0
434,6,98,NA,NA,NA,0
435,6,98,"E",195,NA,0
436,6,98,NA,NA,NA,0
437,6,98,"E",26,NA,0
438,6,98,NA,NA,NA,0
439,6,98,NA,NA,NA,0
440,6,99,NA,NA,NA,0
441,6,99,NA,NA,NA,0
442,6,99,NA,NA,NA,0
443,6,99,"E",200,NA,0
444,6,99,NA,NA,NA,0
445,6,99,NA,NA,NA,0
446,4,100,"E",22,NA,0
447,4,100,NA,NA,NA,0
448,4,100,NA,NA,NA,0
449,4,100,NA,NA,NA,0
450,5,101,NA,NA,NA,0
451,5,101,"E",288,NA,0
452,5,101,"E",194,NA,0
453,5,101,NA,NA,NA,0
454,5,101,NA,NA,NA,0
455,6,102,NA,NA,NA,0
456,6,102,"E",131,NA,0
457,6,102,NA,NA,NA,0
458,6,102,"E",168,NA,0
459,6,102,"E",226,NA,0
460,6,102,"E",350,NA,0
461,5,103,"E",185,NA,0
462,5,103,NA,NA,NA,0
463,5,103,NA,NA,NA,0
464,5,103,NA,NA,NA,0
465,5,103,NA,NA,NA,0
466,4,104,NA,NA,NA,0
467,4,104,NA,NA,NA,0
468,4,104,"E",122,NA,0
469,4,104,"E",239,NA,0
470,3,105,NA,NA,NA,0
471,3,105,NA,NA,NA,0
472,3,105,NA,NA,NA,0
473,6,106,NA,NA,NA,0
474,6,106,"E",137,NA,0
475,6,106,NA,NA,NA,0
476,6,106,NA,NA,NA,0
477,6,106,"E",244,NA,0
478,6,106,NA,NA,NA,0
479,4,107,NA,NA,NA,0
480,4,107,NA,NA,NA,0
481,4,107,NA,NA,NA,0
482,4,107,NA,NA,NA,0
483,3,108,NA,NA,NA,0
484,3,108,NA,NA,NA,0
485,3,108,NA,NA,NA,0
486,4,109,NA,NA,NA,0
487,4,109,NA,NA,NA,0
488,4,109,NA,NA,NA,0
489,4,109,NA,NA,NA,0
490,3,110,"E",298,NA,0
491,3,110,NA,NA,NA,0
492,3,110,NA,NA,NA,0
493,3,111,NA,NA,NA,0
494,3,111,NA,NA,NA,0
495,3,111,NA,NA,NA,0
496,6,112,NA,NA,NA,0
497,6,112,NA,NA,NA,0
498,6,112,NA,NA,NA,0
499,6,112,NA,NA,NA,0
500,6,112,"E",108,NA,0
501,6,112,"E",345,NA,0
502,4,113,"E",72,NA,0
503,4,113,NA,NA,NA,0
504,4,113,NA,NA,NA,0
505,4,113,"E",190,NA,0
506,4,114,NA,NA,NA,0
507,4,114,NA,NA,NA,0
508,4,114,"E",333,NA,0
509,4,114,NA,NA,NA,0
510,6,115,NA,NA,NA,0
511,6,115,NA,NA,NA,0
512,6,115,NA,NA,NA,0
513,6,115,NA,NA,NA,0
514,6,115,"E",NA,NA,0
515,6,115,NA,NA,NA,0
516,6,116,NA,NA,NA,0
517,6,116,"E",65,NA,0
518,6,116,"E",80,NA,0
519,6,116,NA,NA,NA,0
520,6,116,"E",272,NA,0
521,6,116,NA,NA,NA,0
522,6,117,NA,NA,NA,0
523,6,117,NA,NA,NA,0
524,6,117,NA,NA,NA,0
525,6,117,NA,NA,NA,0
526,6,117,"E",99,NA,0
527,6,117,NA,NA,NA,0
528,5,118,NA,NA,NA,0
529,5,118,NA,NA,NA,0
530,5,118,"E",185,NA,0
531,5,118,NA,NA,NA,0
532,5,118,NA,NA,NA,0
533,3,119,NA,NA,NA,0
534,3,119,NA,NA,NA,0
535,3,119,NA,NA,NA,0
536,6,120,NA,NA,NA,0
537,6,120,NA,NA,NA,0
538,6,120,NA,NA,NA,0
539,6,120,NA,NA,NA,0
540,6,120,NA,NA,NA,0
541,6,120,NA,NA,NA,0
542,6,121,NA,NA,NA,0
543,6,121,NA,NA,NA,0
544,6,121,NA,NA,NA,0
545,6,121,"E",NA,NA,0
546,6,121,NA,NA,NA,0
547,6,121,NA,NA,NA,0
548,4,122,"E",277,NA,0
549,4,122,"E",225,NA,0
550,4,122,NA,NA,NA,0
551,4,122,"E",144,NA,0
552,3,123,NA,NA,NA,0
553,3,123,NA,NA,NA,0
554,3,123,"E",345,NA,0
555,6,124,NA,NA,NA,0
556,6,124,"E",158,NA,0
557,6,124,NA,NA,NA,0
558,6,124,NA,NA,NA,0
559,6,124,NA,NA,NA,0
560,6,124,"E",91,NA,0
561,4,125,NA,NA,NA,0
562,4,125,"E",NA,NA,0
563,4,125,"E",112,NA,0
564,4,125,"E",277,NA,0
565,5,126,"E",196,NA,0
566,5,126,NA,NA,NA,0
567,5,126,"E",235,NA,0
568,5,126,NA,NA,NA,0
569,5,126,"E",213,NA,0
570,3,127,NA,NA,NA,0
571,3,127,NA,NA,NA,0
572,3,127,"E",352,NA,0
573,6,128,NA,NA,NA,0
574,6,128,NA,NA,NA,0
575,6,128,NA,NA,NA,0
576,6,128,"E",NA,NA,0
577,6,128,NA,NA,NA,0
578,6,128,"E",321,NA,0
579,5,129,NA,NA,NA,0
580,5,129,NA,NA,NA,0
581,5,129,"E",359,NA,0
582,5,129,"E",76,NA,0
583,5,129,NA,NA,NA,0
584,3,130,NA,NA,NA,0
585,3,130,NA,NA,NA,0
586,3,130,NA,NA,NA,0
587,4,131,NA,NA,NA,0
588,4,131,NA,NA,NA,0
589,4,131,"E",NA,NA,0
590,4,131,NA,NA,NA,0
591,5,132,NA,NA,NA,0
592,5,132,"E",276,NA,0
593,5,132,NA,NA,NA,0
594,5,132,NA,NA,NA,0
595,5,132,NA,NA,NA,0
596,5,133,NA,NA,NA,0
597,5,133,"E",264,NA,0
598,5,133,"E",110,NA,0
599,5,133,NA,NA,NA,0
600,5,133,NA,NA,NA,0
601,5,134,NA,NA,NA,0
602,5,134,NA,NA,NA,0
603,5,134,NA,NA,NA,0
604,5,134,NA,NA,NA,0
605,5,134,NA,NA,NA,0
606,5,135,NA,NA,NA,0
607,5,135,NA,NA,NA,0
608,5,135,NA,NA,NA,0
609,5,135,"E",297,NA,0
610,5,135,NA,NA,NA,0
611,3,136,NA,NA,NA,0
612,3,136,NA,NA,NA,0
613,3,136,NA,NA,NA,0
614,6,137,"E",289,NA,0
615,6,137,NA,NA,NA,0
616,6,137,NA,NA,NA,0
617,6,137,"E",260,NA,0
618,6,137,NA,NA,NA,0
619,6,137,"E",308,NA,0
620,5,138,NA,NA,NA,0
621,5,138,"E",NA,NA,0
622,5,138,"E",NA,NA,0
623,5,138,"E",280,NA,0
624,5,138,"E",62,NA,0
625,5,139,NA,NA,NA,0
626,5,139,"E",113,NA,0
627,5,139,"E",356,NA,0
628,5,139,NA,NA,NA,0
629,5,139,"E",67,NA,0
630,5,140,NA,NA,NA,0
631,5,140,"E",226,NA,0
632,5,140,"E",214,NA,0
633,5,140,NA,NA,NA,0
634,5,140,NA,NA,NA,0
635,6,141,NA,NA,NA,0
636,6,141,"E",206,NA,0
637,6,141,NA,NA,NA,0
638,6,141,NA,NA,NA,0
639,6,141,NA,NA,NA,0
640,6,141,"E",183,NA,0
641,3,142,NA,NA,NA,0
642,3,142,NA,NA,NA,0
643,3,142,NA,NA,NA,0
644,6,143,"E",365,NA,0
645,6,143,NA,NA,NA,0
646,6,143,NA,NA,NA,0
647,6,143,"E",NA,NA,0
648,6,143,NA,NA,NA,0
649,6,143,"E",73,NA,0
650,6,144,NA,NA,NA,0
651,6,144,NA,NA,NA,0
652,6,144,NA,NA,NA,0
653,6,144,"E",233,NA,0
654,6,144,"E",182,NA,0
655,6,144,NA,NA,NA,0
656,6,145,"E",365,NA,0
657,6,145,"E",133,NA,0
658,6,145,"E",209,NA,0
659,6,145,NA,NA,NA,0
660,6,145,"E",25,NA,0
661,6,145,"E",223,NA,0
662,5,146,NA,NA,NA,0
663,5,146,NA,NA,NA,0
664,5,146,"E",305,NA,0
665,5,146,"E",119,NA,0
666,5,146,NA,NA,NA,0
667,6,147,NA,NA,NA,0
668,6,147,"E",214,NA,0
669,6,147,"E",220,NA,0
670,6,147,"E",NA,NA,0
671,6,147,"E",141,NA,0
672,6,147,"E",177,NA,0
673,4,148,"E",185,NA,0
674,4,148,"E",290,NA,0
675,4,148,NA,NA,NA,0
676,4,148,NA,NA,NA,0
677,5,149,"E",104,NA,0
678,5,149,NA,NA,NA,0
679,5,149,NA,NA,NA,0
680,5,149,NA,NA,NA,0
681,5,149,"E",297,NA,0
682,6,150,"E",NA,NA,0
683,6,150,NA,NA,NA,0
684,6,150,"E",101,NA,0
685,6,150,NA,NA,NA,0
686,6,150,NA,NA,NA,0
687,6,150,"E",216,NA,0
688,6,151,"E",NA,NA,0
689,6,151,NA,NA,NA,0
690,6,151,NA,NA,NA,0
691,6,151,"E",117,NA,0
692,6,151,NA,NA,NA,0
693,6,151,"E",237,NA,0
694,5,152,"E",31,NA,0
695,5,152,NA,NA,NA,0
696,5,152,NA,NA,NA,0
697,5,152,NA,NA,NA,0
698,5,152,NA,NA,NA,0
699,5,153,NA,NA,NA,0
700,5,153,NA,NA,NA,0
701,5,153,NA,NA,NA,0
702,5,153,NA,NA,NA,0
703,5,153,NA,NA,NA,0
704,4,154,NA,NA,NA,0
705,4,154,NA,NA,NA,0
706,4,154,NA,NA,NA,0
707,4,154,NA,NA,NA,0
708,6,155,"E",90,NA,0
709,6,155,"E",267,NA,0
710,6,155,NA,NA,NA,0
711,6,155,NA,NA,NA,0
712,6,155,"E",279,NA,0
713,6,155,NA,NA,NA,0
714,5,156,"E",46,NA,0
715,5,156,"E",332,NA,0
716,5,156,NA,NA,NA,0
717,5,156,"E",113,NA,0
718,5,156,NA,NA,NA,0
719,6,157,"E",220,NA,0
720,6,157,NA,NA,NA,0
721,6,157,"E",362,NA,0
722,6,157,NA,NA,NA,0
723,6,157,NA,NA,NA,0
724,6,157,"E",192,NA,0
725,5,158,"E",64,NA,0
726,5,158,NA,NA,NA,0
727,5,158,"E",233,NA,0
728,5,158,NA,NA,NA,0
729,5,158,NA,NA,NA,0
730,4,159,NA,NA,NA,0
731,4,159,"E",344,NA,0
732,4,159,NA,NA,NA,0
733,4,159,"E",217,NA,0
734,4,160,NA,NA,NA,0
735,4,160,"E",305,NA,0
736,4,160,NA,NA,NA,0
737,4,160,"E",90,NA,0
738,3,161,NA,NA,NA,0
739,3,161,NA,NA,NA,0
740,3,161,NA,NA,NA,0
741,3,162,NA,NA,NA,0
742,3,162,NA,NA,NA,0
743,3,162,NA,NA,NA,0
744,3,163,"E",94,NA,0
745,3,163,NA,NA,NA,0
746,3,163,NA,NA,NA,0
747,3,164,"E",NA,NA,0
748,3,164,NA,NA,NA,0
749,3,164,NA,NA,NA,0
750,5,165,"E",171,NA,0
751,5,165,"E",203,NA,0
752,5,165,NA,NA,NA,0
753,5,165,NA,NA,NA,0
754,5,165,NA,NA,NA,0
755,6,166,NA,NA,NA,0
756,6,166,NA,NA,NA,0
757,6,166,NA,NA,NA,0
758,6,166,NA,NA,NA,0
759,6,166,NA,NA,NA,0
760,6,166,"E",249,NA,0
761,6,167,"E",115,NA,0
762,6,167,NA,NA,NA,0
763,6,167,NA,NA,NA,0
764,6,167,"E",231,NA,0
765,6,167,"E",318,NA,0
766,6,167,"E",217,NA,0
767,6,168,"E",145,NA,0
768,6,168,"E",353,NA,0
769,6,168,NA,NA,NA,0
770,6,168,NA,NA,NA,0
771,6,168,NA,NA,NA,0
772,6,168,"E",NA,NA,0
773,6,169,NA,NA,NA,0
774,6,169,NA,NA,NA,0
775,6,169,"E",176,NA,0
776,6,169,NA,NA,NA,0
777,6,169,"E",94,NA,0
778,6,169,"E",81,NA,0
779,3,170,"E",312,NA,0
780,3,170,NA,NA,NA,0
781,3,170,"E",202,NA,0
782,4,171,"E",237,NA,0
783,4,171,NA,NA,NA,0
784,4,171,"E",198,NA,0
785,4,171,NA,NA,NA,0
786,4,172,NA,NA,NA,0
787,4,172,NA,NA,NA,0
788,4,172,"E",233,NA,0
789,4,172,"E",116,NA,0
790,3,173,"E",115,NA,0
791,3,173,NA,NA,NA,0
792,3,173,NA,NA,NA,0
793,5,174,NA,NA,NA,0
794,5,174,NA,NA,NA,0
795,5,174,NA,NA,NA,0
796,5,174,NA,NA,NA,0
797,5,174,NA,NA,NA,0
798,3,175,NA,NA,NA,0
799,3,175,NA,NA,NA,0
800,3,175,NA,NA,NA,0
801,4,176,NA,NA,NA,0
802,4,176,NA,NA,NA,0
803,4,176,"E",285,NA,0
804,4,176,"E",272,NA,0
805,6,177,NA,NA,NA,0
806,6,177,"E",93,NA,0
807,6,177,NA,NA,NA,0
808,6,177,NA,NA,NA,0
809,6,177,NA,NA,NA,0
810,6,177,"E",299,NA,0
811,5,178,NA,NA,NA,0
812,5,178,NA,NA,NA,0
813,5,178,NA,NA,NA,0
814,5,178,NA,NA,NA,0
815,5,178,NA,NA,NA,0
816,6,179,"E",120,NA,0
817,6,179,NA,NA,NA,0
818,6,179,NA,NA,NA,0
819,6,179,"E",65,NA,0
820,6,179,NA,NA,NA,0
821,6,179,"E",365,NA,0
822,3,180,"E",318,NA,0
823,3,180,"E",216,NA,0
824,3,180,NA,NA,NA,0
825,6,181,"E",346,NA,0
826,6,181,NA,NA,NA,0
827,6,181,"E",92,NA,0
828,6,181,"E",113,NA,0
829,6,181,NA,NA,NA,0
830,6,181,"E",NA,NA,0
831,6,182,NA,NA,NA,0
832,6,182,"E",152,NA,0
833,6,182,NA,NA,NA,0
834,6,182,NA,NA,NA,0
835,6,182,NA,NA,NA,0
836,6,182,NA,NA,NA,0
837,6,183,"E",203,NA,0
838,6,183,"E",182,NA,0
839,6,183,NA,NA,NA,0
840,6,183,"E",155,NA,0
841,6,183,"E",44,NA,0
842,6,183,NA,NA,NA,0
843,3,184,NA,NA,NA,0
844,3,184,NA,NA,NA,0
845,3,184,"E",179,NA,0
846,3,185,"E",175,NA,0
847,3,185,NA,NA,NA,0
848,3,185,NA,NA,NA,0
849,6,186,"E",342,NA,0
850,6,186,NA,NA,NA,0
851,6,186,"E",149,NA,0
852,6,186,NA,NA,NA,0
853,6,186,NA,NA,NA,0
854,6,186,NA,NA,NA,0
855,4,187,"E",90,NA,0
856,4,187,"E",189,NA,0
857,4,187,NA,NA,NA,0
858,4,187,NA,NA,NA,0
859,5,188,"E",264,NA,0
860,5,188,NA,NA,NA,0
861,5,188,NA,NA,NA,0
862,5,188,NA,NA,NA,0
863,5,188,NA,NA,NA,0
864,6,189,"E",224,NA,0
865,6,189,NA,NA,NA,0
866,6,189,NA,NA,NA,0
867,6,189,NA,NA,NA,0
868,6,189,NA,NA,NA,0
869,6,189,NA,NA,NA,0
870,6,190,NA,NA,NA,0
871,6,190,"E",NA,NA,0
872,6,190,NA,NA,NA,0
873,6,190,"E",262,NA,0
874,6,190,NA,NA,NA,0
875,6,190,NA,NA,NA,0
876,6,191,NA,NA,NA,0
877,6,191,NA,NA,NA,0
878,6,191,NA,NA,NA,0
879,6,191,"E",193,NA,0
880,6,191,NA,NA,NA,0
881,6,191,NA,NA,NA,0
882,3,192,NA,NA,NA,0
883,3,192,NA,NA,NA,0
884,3,192,"E",245,NA,0
885,6,193,NA,NA,NA,0
886,6,193,NA,NA,NA,0
887,6,193,NA,NA,NA,0
888,6,193,NA,NA,NA,0
889,6,193,"E",113,NA,0
890,6,193,NA,NA,NA,0
891,6,194,"E",105,NA,0
892,6,194,NA,NA,NA,0
893,6,194,NA,NA,NA,0
894,6,194,NA,NA,NA,0
895,6,194,NA,NA,NA,0
896,6,194,NA,NA,NA,0
897,5,195,NA,NA,NA,0
898,5,195,NA,NA,NA,0
899,5,195,"E",231,NA,0
900,5,195,"E",46,NA,0
901,5,195,"E",225,NA,0
902,6,196,NA,NA,NA,0
903,6,196,NA,NA,NA,0
904,6,196,NA,NA,NA,0
905,6,196,NA,NA,NA,0
906,6,196,NA,NA,NA,0
907,6,196,"E",204,NA,0
908,6,197,NA,NA,NA,0
909,6,197,NA,NA,NA,0
910,6,197,NA,NA,NA,0
911,6,197,"E",65,NA,0
912,6,197,"E",216,NA,0
913,6,197,NA,NA,NA,0
914,4,198,NA,NA,NA,0
915,4,198,"E",65,NA,0
916,4,198,NA,NA,NA,0
917,4,198,NA,NA,NA,0
918,6,199,NA,NA,NA,0
919,6,199,"E",28,NA,0
920,6,199,NA,NA,NA,0
921,6,199,NA,NA,NA,0
922,6,199,NA,NA,NA,0
923,6,199,NA,NA,NA,0
924,3,200,NA,NA,NA,0
925,3,200,"E",NA,NA,0
926,3,200,NA,NA,NA,0
927,4,201,"E",34,NA,0
928,4,201,NA,NA,NA,0
929,4,201,"E",73,NA,0
930,4,201,"E",343,NA,0
931,3,202,NA,NA,NA,0
932,3,202,NA,NA,NA,0
933,3,202,NA,NA,NA,0
934,3,203,"E",290,NA,0
935,3,203,NA,NA,NA,0
936,3,203,NA,NA,NA,0
937,6,204,NA,NA,NA,0
938,6,204,"E",135,NA,0
939,6,204,"E",187,NA,0
940,6,204,NA,NA,NA,0
941,6,204,"E",83,NA,0
942,6,204,"E",292,NA,0
943,4,205,NA,NA,NA,0
944,4,205,"E",NA,NA,0
945,4,205,NA,NA,NA,0
946,4,205,NA,NA,NA,0
947,5,206,"E",71,NA,0
948,5,206,"E",132,NA,0
949,5,206,NA,NA,NA,0
950,5,206,"E",263,NA,0
951,5,206,"E",59,NA,0
952,3,207,NA,NA,NA,0
953,3,207,"E",55,NA,0
954,3,207,NA,NA,NA,0
955,4,208,"E",205,NA,0
956,4,208,"E",302,NA,0
957,4,208,NA,NA,NA,0
958,4,208,"E",183,NA,0
959,4,209,NA,NA,NA,0
960,4,209,NA,NA,NA,0
961,4,209,NA,NA,NA,0
962,4,209,"E",279,NA,0
963,3,210,NA,NA,NA,0
964,3,210,"E",359,NA,0
965,3,210,NA,NA,NA,0
966,3,211,NA,NA,NA,0
967,3,211,"E",73,NA,0
968,3,211,NA,NA,NA,0
969,4,212,"E",40,NA,0
970,4,212,NA,NA,NA,0
971,4,212,NA,NA,NA,0
972,4,212,NA,NA,NA,0
973,5,213,"E",309,NA,0
974,5,213,NA,NA,NA,0
975,5,213,"E",70,NA,0
976,5,213,"E",55,NA,0
977,5,213,"E",155,NA,0
978,6,214,NA,NA,NA,0
979,6,214,"E",340,NA,0
980,6,214,NA,NA,NA,0
981,6,214,NA,NA,NA,0
982,6,214,NA,NA,NA,0
983,6,214,"E",37,NA,0
984,4,215,"E",154,NA,0
985,4,215,NA,NA,NA,0
986,4,215,NA,NA,NA,0
987,4,215,NA,NA,NA,0
988,4,216,NA,NA,NA,0
989,4,216,"E",337,NA,0
990,4,216,NA,NA,NA,0
991,4,216,"E",166,NA,0
992,3,217,NA,NA,NA,0
993,3,217,"E",238,NA,0
994,3,217,NA,NA,NA,0
995,3,218,"E",362,NA,0
996,3,218,NA,NA,NA,0
997,3,218,"E",NA,NA,0
998,3,219,NA,NA,NA,0
999,3,219,NA,NA,NA,0
1000,3,219,"E",278,NA,0
