"","ID","SIZE","HH","TYPE","TIME","S_num","I_num"
"1",1,5,1,"0",NA,NA,0
"2",2,5,1,NA,NA,NA,0
"3",3,5,1,NA,NA,NA,0
"4",4,5,1,NA,NA,NA,0
"5",5,5,1,NA,NA,NA,0
"6",6,5,2,"H",185,2,0
"7",7,5,2,NA,NA,NA,0
"8",8,5,2,"E",160,3,1
"9",9,5,2,"E",182,2,0
"10",10,5,2,NA,NA,NA,0
"11",11,6,3,"E",NA,NA,0
"12",12,6,3,NA,NA,NA,0
"13",13,6,3,NA,NA,NA,0
"14",14,6,3,NA,NA,NA,0
"15",15,6,3,"E",204,5,0
"16",16,6,3,NA,NA,NA,0
"17",17,3,4,NA,NA,NA,0
"18",18,3,4,NA,NA,NA,0
"19",19,3,4,NA,NA,NA,0
"20",20,5,5,NA,NA,NA,0
"21",21,5,5,NA,NA,NA,0
"22",22,5,5,NA,NA,NA,0
"23",23,5,5,NA,NA,NA,0
"24",24,5,5,NA,NA,NA,0
"25",25,6,6,NA,NA,NA,0
"26",26,6,6,"E",84,5,0
"27",27,6,6,NA,NA,NA,0
"28",28,6,6,NA,NA,NA,0
"29",29,6,6,NA,NA,NA,0
"30",30,6,6,NA,NA,NA,0
"31",31,3,7,"E",193,2,0
"32",32,3,7,NA,NA,NA,0
"33",33,3,7,NA,NA,NA,0
"34",34,3,8,NA,NA,NA,0
"35",35,3,8,NA,NA,NA,0
"36",36,3,8,NA,NA,NA,0
"37",37,3,9,NA,NA,NA,0
"38",38,3,9,"E",260,1,0
"39",39,3,9,"E",180,2,0
"40",40,6,10,"E",82,5,0
"41",41,6,10,NA,NA,NA,0
"42",42,6,10,NA,NA,NA,0
"43",43,6,10,NA,NA,NA,0
"44",44,6,10,NA,NA,NA,0
"45",45,6,10,NA,NA,NA,0
"46",46,5,11,NA,NA,NA,0
"47",47,5,11,"E",250,4,0
"48",48,5,11,NA,NA,NA,0
"49",49,5,11,NA,NA,NA,0
"50",50,5,11,NA,NA,NA,0
"51",51,4,12,NA,NA,NA,0
"52",52,4,12,NA,NA,NA,0
"53",53,4,12,NA,NA,NA,0
"54",54,4,12,NA,NA,NA,0
"55",55,5,13,NA,NA,NA,0
"56",56,5,13,NA,NA,NA,0
"57",57,5,13,NA,NA,NA,0
"58",58,5,13,"E",252,4,0
"59",59,5,13,NA,NA,NA,0
"60",60,3,14,NA,NA,NA,0
"61",61,3,14,NA,NA,NA,0
"62",62,3,14,"E",306,2,0
"63",63,4,15,NA,NA,NA,0
"64",64,4,15,NA,NA,NA,0
"65",65,4,15,NA,NA,NA,0
"66",66,4,15,NA,NA,NA,0
"67",67,3,16,NA,NA,NA,0
"68",68,3,16,"H",365,1,0
"69",69,3,16,"E",334,2,1
"70",70,6,17,NA,NA,NA,0
"71",71,6,17,"E",349,5,0
"72",72,6,17,NA,NA,NA,0
"73",73,6,17,NA,NA,NA,0
"74",74,6,17,NA,NA,NA,0
"75",75,6,17,NA,NA,NA,0
"76",76,3,18,NA,NA,NA,0
"77",77,3,18,"E",288,2,0
"78",78,3,18,NA,NA,NA,0
"79",79,3,19,"E",287,1,0
"80",80,3,19,"C",137,2,0
"81",81,3,19,NA,NA,NA,0
"82",82,4,20,NA,NA,NA,0
"83",83,4,20,NA,NA,NA,0
"84",84,4,20,NA,NA,NA,0
"85",85,4,20,NA,NA,NA,0
"86",86,6,21,NA,NA,NA,0
"87",87,6,21,NA,NA,NA,0
"88",88,6,21,NA,NA,NA,0
"89",89,6,21,NA,NA,NA,0
"90",90,6,21,NA,NA,NA,0
"91",91,6,21,NA,NA,NA,0
"92",92,4,22,"H",250,2,0
"93",93,4,22,"E",208,3,1
"94",94,4,22,NA,NA,NA,0
"95",95,4,22,NA,NA,NA,0
"96",96,6,23,NA,NA,NA,0
"97",97,6,23,"E",248,5,0
"98",98,6,23,NA,NA,NA,0
"99",99,6,23,NA,NA,NA,0
"100",100,6,23,NA,NA,NA,0
"101",101,6,23,NA,NA,NA,0
"102",102,4,24,"E",106,3,1
"103",103,4,24,"H",128,2,0
"104",104,4,24,NA,NA,NA,0
"105",105,4,24,NA,NA,NA,0
"106",106,3,25,NA,NA,NA,0
"107",107,3,25,"E",NA,NA,0
"108",108,3,25,NA,NA,NA,0
"109",109,3,26,"H",223,0,0
"110",110,3,26,"E",206,0,0
"111",111,3,26,"E",193,1,1
"112",112,4,27,"E",245,1,0
"113",113,4,27,NA,NA,NA,0
"114",114,4,27,"E",206,2,0
"115",115,4,27,"E",101,3,0
"116",116,4,28,NA,NA,NA,0
"117",117,4,28,NA,NA,NA,0
"118",118,4,28,"E",85,3,0
"119",119,4,28,NA,NA,NA,0
"120",120,3,29,NA,NA,NA,0
"121",121,3,29,"E",227,2,0
"122",122,3,29,"E",274,1,0
"123",123,4,30,"E",219,3,0
"124",124,4,30,NA,NA,NA,0
"125",125,4,30,NA,NA,NA,0
"126",126,4,30,"E",NA,NA,0
"127",127,3,31,NA,NA,NA,0
"128",128,3,31,NA,NA,NA,0
"129",129,3,31,"E",42,2,0
"130",130,6,32,NA,NA,NA,0
"131",131,6,32,NA,NA,NA,0
"132",132,6,32,NA,NA,NA,0
"133",133,6,32,NA,NA,NA,0
"134",134,6,32,"E",253,5,0
"135",135,6,32,NA,NA,NA,0
"136",136,4,33,"E",291,3,0
"137",137,4,33,NA,NA,NA,0
"138",138,4,33,NA,NA,NA,0
"139",139,4,33,NA,NA,NA,0
"140",140,6,34,"E",32,5,1
"141",141,6,34,NA,NA,NA,0
"142",142,6,34,"E",321,3,0
"143",143,6,34,NA,NA,NA,0
"144",144,6,34,"H",72,4,0
"145",145,6,34,NA,NA,NA,0
"146",146,4,35,NA,NA,NA,0
"147",147,4,35,"E",94,3,0
"148",148,4,35,NA,NA,NA,0
"149",149,4,35,NA,NA,NA,0
"150",150,3,36,NA,NA,NA,0
"151",151,3,36,NA,NA,NA,0
"152",152,3,36,NA,NA,NA,0
"153",153,6,37,"E",59,4,1
"154",154,6,37,NA,NA,NA,0
"155",155,6,37,"E",70,3,0
"156",156,6,37,"H",99,3,0
"157",157,6,37,NA,NA,NA,0
"158",158,6,37,NA,NA,NA,0
"159",159,6,38,NA,NA,NA,0
"160",160,6,38,NA,NA,NA,0
"161",161,6,38,"H",204,4,0
"162",162,6,38,"E",167,5,1
"163",163,6,38,NA,NA,NA,0
"164",164,6,38,NA,NA,NA,0
"165",165,4,39,NA,NA,NA,0
"166",166,4,39,NA,NA,NA,0
"167",167,4,39,NA,NA,NA,0
"168",168,4,39,NA,NA,NA,0
"169",169,4,40,NA,NA,NA,0
"170",170,4,40,NA,NA,NA,0
"171",171,4,40,NA,NA,NA,0
"172",172,4,40,NA,NA,NA,0
"173",173,3,41,NA,NA,NA,0
"174",174,3,41,NA,NA,NA,0
"175",175,3,41,"E",91,2,0
"176",176,6,42,"H",89,3,0
"177",177,6,42,"H",73,3,0
"178",178,6,42,"E",51,5,2
"179",179,6,42,NA,NA,NA,0
"180",180,6,42,NA,NA,NA,0
"181",181,6,42,NA,NA,NA,0
"182",182,4,43,NA,NA,NA,0
"183",183,4,43,NA,NA,NA,0
"184",184,4,43,"C",259,2,0
"185",185,4,43,"E",218,3,0
"186",186,6,44,NA,NA,NA,0
"187",187,6,44,NA,NA,NA,0
"188",188,6,44,NA,NA,NA,0
"189",189,6,44,NA,NA,NA,0
"190",190,6,44,"E",206,5,0
"191",191,6,44,NA,NA,NA,0
"192",192,4,45,"E",118,1,0
"193",193,4,45,"E",81,3,0
"194",194,4,45,"C",123,1,0
"195",195,4,45,NA,NA,NA,0
"196",196,6,46,NA,NA,NA,0
"197",197,6,46,NA,NA,NA,0
"198",198,6,46,"H",102,4,0
"199",199,6,46,NA,NA,NA,0
"200",200,6,46,NA,NA,NA,0
"201",201,6,46,"E",82,5,1
"202",202,4,47,NA,NA,NA,0
"203",203,4,47,NA,NA,NA,0
"204",204,4,47,NA,NA,NA,0
"205",205,4,47,NA,NA,NA,0
"206",206,6,48,NA,NA,NA,0
"207",207,6,48,NA,NA,NA,0
"208",208,6,48,"E",88,5,0
"209",209,6,48,NA,NA,NA,0
"210",210,6,48,NA,NA,NA,0
"211",211,6,48,NA,NA,NA,0
"212",212,5,49,NA,NA,NA,0
"213",213,5,49,NA,NA,NA,0
"214",214,5,49,NA,NA,NA,0
"215",215,5,49,NA,NA,NA,0
"216",216,5,49,"E",210,4,0
"217",217,4,50,NA,NA,NA,0
"218",218,4,50,NA,NA,NA,0
"219",219,4,50,"E",NA,NA,0
"220",220,4,50,"E",263,3,0
"221",221,3,51,NA,NA,NA,0
"222",222,3,51,"E",262,2,0
"223",223,3,51,NA,NA,NA,0
"224",224,6,52,NA,NA,NA,0
"225",225,6,52,NA,NA,NA,0
"226",226,6,52,NA,NA,NA,0
"227",227,6,52,NA,NA,NA,0
"228",228,6,52,NA,NA,NA,0
"229",229,6,52,NA,NA,NA,0
"230",230,5,53,NA,NA,NA,0
"231",231,5,53,NA,NA,NA,0
"232",232,5,53,NA,NA,NA,0
"233",233,5,53,"E",324,4,0
"234",234,5,53,NA,NA,NA,0
"235",235,3,54,NA,NA,NA,0
"236",236,3,54,NA,NA,NA,0
"237",237,3,54,"E",208,2,0
"238",238,4,55,"E",178,3,0
"239",239,4,55,NA,NA,NA,0
"240",240,4,55,NA,NA,NA,0
"241",241,4,55,NA,NA,NA,0
"242",242,6,56,NA,NA,NA,0
"243",243,6,56,NA,NA,NA,0
"244",244,6,56,NA,NA,NA,0
"245",245,6,56,"E",NA,NA,0
"246",246,6,56,NA,NA,NA,0
"247",247,6,56,NA,NA,NA,0
"248",248,3,57,"E",359,2,0
"249",249,3,57,NA,NA,NA,0
"250",250,3,57,NA,NA,NA,0
"251",251,4,58,NA,NA,NA,0
"252",252,4,58,"E",316,3,1
"253",253,4,58,NA,NA,NA,0
"254",254,4,58,"H",352,2,0
"255",255,4,59,"E",114,2,0
"256",256,4,59,"E",134,2,1
"257",257,4,59,NA,NA,NA,0
"258",258,4,59,"H",162,1,0
"259",259,4,60,NA,NA,NA,0
"260",260,4,60,"E",334,3,0
"261",261,4,60,NA,NA,NA,0
"262",262,4,60,NA,NA,NA,0
"263",263,6,61,NA,NA,NA,0
"264",264,6,61,NA,NA,NA,0
"265",265,6,61,NA,NA,NA,0
"266",266,6,61,NA,NA,NA,0
"267",267,6,61,NA,NA,NA,0
"268",268,6,61,NA,NA,NA,0
"269",269,3,62,"E",256,2,0
"270",270,3,62,"E",NA,NA,0
"271",271,3,62,NA,NA,NA,0
"272",272,4,63,NA,NA,NA,0
"273",273,4,63,NA,NA,NA,0
"274",274,4,63,NA,NA,NA,0
"275",275,4,63,NA,NA,NA,0
"276",276,5,64,NA,NA,NA,0
"277",277,5,64,NA,NA,NA,0
"278",278,5,64,NA,NA,NA,0
"279",279,5,64,NA,NA,NA,0
"280",280,5,64,NA,NA,NA,0
"281",281,3,65,NA,NA,NA,0
"282",282,3,65,"E",175,2,0
"283",283,3,65,NA,NA,NA,0
"284",284,4,66,NA,NA,NA,0
"285",285,4,66,NA,NA,NA,0
"286",286,4,66,NA,NA,NA,0
"287",287,4,66,NA,NA,NA,0
"288",288,6,67,NA,NA,NA,0
"289",289,6,67,NA,NA,NA,0
"290",290,6,67,NA,NA,NA,0
"291",291,6,67,NA,NA,NA,0
"292",292,6,67,NA,NA,NA,0
"293",293,6,67,NA,NA,NA,0
"294",294,6,68,"E",NA,NA,0
"295",295,6,68,NA,NA,NA,0
"296",296,6,68,"E",265,4,0
"297",297,6,68,NA,NA,NA,0
"298",298,6,68,NA,NA,NA,0
"299",299,6,68,"E",270,4,0
"300",300,5,69,"E",181,3,1
"301",301,5,69,"C",188,2,0
"302",302,5,69,"E",289,1,0
"303",303,5,69,"H",226,2,0
"304",304,5,69,NA,NA,NA,0
"305",305,3,70,NA,NA,NA,0
"306",306,3,70,NA,NA,NA,0
"307",307,3,70,NA,NA,NA,0
"308",308,3,71,NA,NA,NA,0
"309",309,3,71,NA,NA,NA,0
"310",310,3,71,NA,NA,NA,0
"311",311,5,72,NA,NA,NA,0
"312",312,5,72,NA,NA,NA,0
"313",313,5,72,NA,NA,NA,0
"314",314,5,72,NA,NA,NA,0
"315",315,5,72,NA,NA,NA,0
"316",316,4,73,NA,NA,NA,0
"317",317,4,73,"E",NA,NA,0
"318",318,4,73,NA,NA,NA,0
"319",319,4,73,NA,NA,NA,0
"320",320,4,74,"H",345,2,0
"321",321,4,74,NA,NA,NA,0
"322",322,4,74,"E",317,3,1
"323",323,4,74,NA,NA,NA,0
"324",324,3,75,"E",64,2,0
"325",325,3,75,"E",349,1,0
"326",326,3,75,NA,NA,NA,0
"327",327,4,76,NA,NA,NA,0
"328",328,4,76,NA,NA,NA,0
"329",329,4,76,"E",114,3,0
"330",330,4,76,NA,NA,NA,0
"331",331,3,77,NA,NA,NA,0
"332",332,3,77,"E",68,2,1
"333",333,3,77,"H",109,1,0
"334",334,6,78,"H",246,1,1
"335",335,6,78,"H",232,2,0
"336",336,6,78,"H",240,2,1
"337",337,6,78,"H",258,0,0
"338",338,6,78,"H",303,0,0
"339",339,6,78,"E",204,5,3
"340",340,6,79,NA,NA,NA,0
"341",341,6,79,NA,NA,NA,0
"342",342,6,79,NA,NA,NA,0
"343",343,6,79,NA,NA,NA,0
"344",344,6,79,"E",48,5,0
"345",345,6,79,NA,NA,NA,0
"346",346,3,80,NA,NA,NA,0
"347",347,3,80,NA,NA,NA,0
"348",348,3,80,NA,NA,NA,0
"349",349,3,81,NA,NA,NA,0
"350",350,3,81,NA,NA,NA,0
"351",351,3,81,"E",120,2,0
"352",352,3,82,NA,NA,NA,0
"353",353,3,82,NA,NA,NA,0
"354",354,3,82,NA,NA,NA,0
"355",355,6,83,NA,NA,NA,0
"356",356,6,83,NA,NA,NA,0
"357",357,6,83,NA,NA,NA,0
"358",358,6,83,"E",332,3,0
"359",359,6,83,"E",202,4,0
"360",360,6,83,"E",168,4,0
"361",361,4,84,NA,NA,NA,0
"362",362,4,84,"E",142,3,0
"363",363,4,84,NA,NA,NA,0
"364",364,4,84,NA,NA,NA,0
"365",365,4,85,NA,NA,NA,0
"366",366,4,85,"E",93,3,0
"367",367,4,85,NA,NA,NA,0
"368",368,4,85,"C",272,2,0
"369",369,4,86,"E",95,3,0
"370",370,4,86,NA,NA,NA,0
"371",371,4,86,NA,NA,NA,0
"372",372,4,86,NA,NA,NA,0
"373",373,5,87,NA,NA,NA,0
"374",374,5,87,NA,NA,NA,0
"375",375,5,87,NA,NA,NA,0
"376",376,5,87,NA,NA,NA,0
"377",377,5,87,NA,NA,NA,0
"378",378,4,88,"E",184,2,1
"379",379,4,88,NA,NA,NA,0
"380",380,4,88,"E",93,3,0
"381",381,4,88,"H",221,1,0
"382",382,4,89,NA,NA,NA,0
"383",383,4,89,NA,NA,NA,0
"384",384,4,89,NA,NA,NA,0
"385",385,4,89,"E",99,3,0
"386",386,5,90,NA,NA,NA,0
"387",387,5,90,NA,NA,NA,0
"388",388,5,90,NA,NA,NA,0
"389",389,5,90,NA,NA,NA,0
"390",390,5,90,NA,NA,NA,0
"391",391,5,91,"E",252,3,0
"392",392,5,91,"E",115,4,0
"393",393,5,91,NA,NA,NA,0
"394",394,5,91,NA,NA,NA,0
"395",395,5,91,NA,NA,NA,0
"396",396,3,92,NA,NA,NA,0
"397",397,3,92,NA,NA,NA,0
"398",398,3,92,"E",327,2,0
"399",399,5,93,NA,NA,NA,0
"400",400,5,93,NA,NA,NA,0
"401",401,5,93,NA,NA,NA,0
"402",402,5,93,"E",135,4,0
"403",403,5,93,NA,NA,NA,0
"404",404,5,94,"E",311,4,0
"405",405,5,94,NA,NA,NA,0
"406",406,5,94,NA,NA,NA,0
"407",407,5,94,NA,NA,NA,0
"408",408,5,94,NA,NA,NA,0
"409",409,3,95,NA,NA,NA,0
"410",410,3,95,NA,NA,NA,0
"411",411,3,95,NA,NA,NA,0
"412",412,6,96,"E",292,4,0
"413",413,6,96,NA,NA,NA,0
"414",414,6,96,NA,NA,NA,0
"415",415,6,96,NA,NA,NA,0
"416",416,6,96,"E",51,5,0
"417",417,6,96,NA,NA,NA,0
"418",418,5,97,NA,NA,NA,0
"419",419,5,97,NA,NA,NA,0
"420",420,5,97,NA,NA,NA,0
"421",421,5,97,NA,NA,NA,0
"422",422,5,97,NA,NA,NA,0
"423",423,6,98,NA,NA,NA,0
"424",424,6,98,NA,NA,NA,0
"425",425,6,98,NA,NA,NA,0
"426",426,6,98,"H",194,4,0
"427",427,6,98,NA,NA,NA,0
"428",428,6,98,"E",146,5,1
"429",429,5,99,NA,NA,NA,0
"430",430,5,99,NA,NA,NA,0
"431",431,5,99,NA,NA,NA,0
"432",432,5,99,NA,NA,NA,0
"433",433,5,99,NA,NA,NA,0
"434",434,4,100,NA,NA,NA,0
"435",435,4,100,NA,NA,NA,0
"436",436,4,100,"E",136,3,0
"437",437,4,100,"E",292,2,0
"438",438,4,101,NA,NA,NA,0
"439",439,4,101,NA,NA,NA,0
"440",440,4,101,NA,NA,NA,0
"441",441,4,101,NA,NA,NA,0
"442",442,4,102,"E",184,2,0
"443",443,4,102,NA,NA,NA,0
"444",444,4,102,NA,NA,NA,0
"445",445,4,102,"E",131,3,0
"446",446,6,103,"E",279,5,0
"447",447,6,103,NA,NA,NA,0
"448",448,6,103,NA,NA,NA,0
"449",449,6,103,NA,NA,NA,0
"450",450,6,103,NA,NA,NA,0
"451",451,6,103,NA,NA,NA,0
"452",452,3,104,NA,NA,NA,0
"453",453,3,104,"E",114,2,0
"454",454,3,104,NA,NA,NA,0
"455",455,5,105,NA,NA,NA,0
"456",456,5,105,NA,NA,NA,0
"457",457,5,105,NA,NA,NA,0
"458",458,5,105,NA,NA,NA,0
"459",459,5,105,NA,NA,NA,0
"460",460,6,106,NA,NA,NA,0
"461",461,6,106,NA,NA,NA,0
"462",462,6,106,NA,NA,NA,0
"463",463,6,106,NA,NA,NA,0
"464",464,6,106,"E",269,4,0
"465",465,6,106,"E",108,5,0
"466",466,3,107,"H",211,1,1
"467",467,3,107,"E",187,2,1
"468",468,3,107,"H",238,0,0
"469",469,6,108,"E",82,4,0
"470",470,6,108,"H",238,2,0
"471",471,6,108,NA,NA,NA,0
"472",472,6,108,"C",211,3,1
"473",473,6,108,NA,NA,NA,0
"474",474,6,108,"E",101,4,0
"475",475,3,109,NA,NA,NA,0
"476",476,3,109,NA,NA,NA,0
"477",477,3,109,NA,NA,NA,0
"478",478,4,110,"E",148,2,0
"479",479,4,110,NA,NA,NA,0
"480",480,4,110,NA,NA,NA,0
"481",481,4,110,"E",72,3,0
"482",482,5,111,NA,NA,NA,0
"483",483,5,111,"E",179,4,1
"484",484,5,111,NA,NA,NA,0
"485",485,5,111,"H",216,3,0
"486",486,5,111,NA,NA,NA,0
"487",487,4,112,"E",325,2,0
"488",488,4,112,NA,NA,NA,0
"489",489,4,112,"E",278,3,0
"490",490,4,112,NA,NA,NA,0
"491",491,3,113,NA,NA,NA,0
"492",492,3,113,NA,NA,NA,0
"493",493,3,113,"E",323,2,0
"494",494,3,114,NA,NA,NA,0
"495",495,3,114,"E",281,2,0
"496",496,3,114,NA,NA,NA,0
"497",497,5,115,"E",131,4,0
"498",498,5,115,NA,NA,NA,0
"499",499,5,115,NA,NA,NA,0
"500",500,5,115,NA,NA,NA,0
"501",501,5,115,NA,NA,NA,0
"502",502,6,116,NA,NA,NA,0
"503",503,6,116,"H",254,3,0
"504",504,6,116,NA,NA,NA,0
"505",505,6,116,NA,NA,NA,0
"506",506,6,116,"E",176,5,2
"507",507,6,116,"H",217,3,0
"508",508,6,117,"E",319,3,0
"509",509,6,117,"H",86,4,0
"510",510,6,117,"E",43,5,1
"511",511,6,117,NA,NA,NA,0
"512",512,6,117,NA,NA,NA,0
"513",513,6,117,NA,NA,NA,0
"514",514,5,118,"E",NA,NA,0
"515",515,5,118,NA,NA,NA,0
"516",516,5,118,NA,NA,NA,0
"517",517,5,118,NA,NA,NA,0
"518",518,5,118,NA,NA,NA,0
"519",519,6,119,"H",328,3,1
"520",520,6,119,NA,NA,NA,0
"521",521,6,119,"H",365,2,0
"522",522,6,119,NA,NA,NA,0
"523",523,6,119,"E",320,3,0
"524",524,6,119,"E",277,5,1
"525",525,6,120,NA,NA,NA,0
"526",526,6,120,NA,NA,NA,0
"527",527,6,120,NA,NA,NA,0
"528",528,6,120,"E",315,5,0
"529",529,6,120,NA,NA,NA,0
"530",530,6,120,NA,NA,NA,0
"531",531,4,121,NA,NA,NA,0
"532",532,4,121,NA,NA,NA,0
"533",533,4,121,NA,NA,NA,0
"534",534,4,121,NA,NA,NA,0
"535",535,6,122,"H",344,4,0
"536",536,6,122,"E",308,5,1
"537",537,6,122,NA,NA,NA,0
"538",538,6,122,NA,NA,NA,0
"539",539,6,122,NA,NA,NA,0
"540",540,6,122,NA,NA,NA,0
"541",541,5,123,NA,NA,NA,0
"542",542,5,123,NA,NA,NA,0
"543",543,5,123,NA,NA,NA,0
"544",544,5,123,NA,NA,NA,0
"545",545,5,123,NA,NA,NA,0
"546",546,5,124,NA,NA,NA,0
"547",547,5,124,NA,NA,NA,0
"548",548,5,124,NA,NA,NA,0
"549",549,5,124,"E",204,4,0
"550",550,5,124,NA,NA,NA,0
"551",551,4,125,NA,NA,NA,0
"552",552,4,125,NA,NA,NA,0
"553",553,4,125,NA,NA,NA,0
"554",554,4,125,"E",120,3,0
"555",555,4,126,NA,NA,NA,0
"556",556,4,126,NA,NA,NA,0
"557",557,4,126,NA,NA,NA,0
"558",558,4,126,NA,NA,NA,0
"559",559,6,127,NA,NA,NA,0
"560",560,6,127,"E",153,5,1
"561",561,6,127,NA,NA,NA,0
"562",562,6,127,NA,NA,NA,0
"563",563,6,127,"H",191,4,0
"564",564,6,127,NA,NA,NA,0
"565",565,4,128,NA,NA,NA,0
"566",566,4,128,NA,NA,NA,0
"567",567,4,128,NA,NA,NA,0
"568",568,4,128,"E",299,3,0
"569",569,5,129,"H",258,2,0
"570",570,5,129,"E",152,4,1
"571",571,5,129,NA,NA,NA,0
"572",572,5,129,"H",189,3,1
"573",573,5,129,"E",NA,NA,0
"574",574,4,130,"E",276,3,0
"575",575,4,130,NA,NA,NA,0
"576",576,4,130,NA,NA,NA,0
"577",577,4,130,NA,NA,NA,0
"578",578,6,131,"E",251,3,0
"579",579,6,131,"E",235,3,0
"580",580,6,131,NA,NA,NA,0
"581",581,6,131,"E",92,5,0
"582",582,6,131,NA,NA,NA,0
"583",583,6,131,NA,NA,NA,0
"584",584,3,132,NA,NA,NA,0
"585",585,3,132,NA,NA,NA,0
"586",586,3,132,NA,NA,NA,0
"587",587,5,133,NA,NA,NA,0
"588",588,5,133,"E",243,4,0
"589",589,5,133,"E",346,3,0
"590",590,5,133,NA,NA,NA,0
"591",591,5,133,NA,NA,NA,0
"592",592,4,134,NA,NA,NA,0
"593",593,4,134,NA,NA,NA,0
"594",594,4,134,NA,NA,NA,0
"595",595,4,134,"E",167,3,0
"596",596,5,135,NA,NA,NA,0
"597",597,5,135,NA,NA,NA,0
"598",598,5,135,"E",232,3,0
"599",599,5,135,NA,NA,NA,0
"600",600,5,135,"E",51,4,0
"601",601,6,136,"E",123,4,1
"602",602,6,136,"H",156,3,0
"603",603,6,136,NA,NA,NA,0
"604",604,6,136,"E",131,3,0
"605",605,6,136,NA,NA,NA,0
"606",606,6,136,NA,NA,NA,0
"607",607,6,137,"H",161,2,0
"608",608,6,137,"E",97,4,0
"609",609,6,137,"E",114,4,1
"610",610,6,137,NA,NA,NA,0
"611",611,6,137,NA,NA,NA,0
"612",612,6,137,"H",134,3,1
"613",613,5,138,NA,NA,NA,0
"614",614,5,138,"E",108,4,0
"615",615,5,138,NA,NA,NA,0
"616",616,5,138,NA,NA,NA,0
"617",617,5,138,NA,NA,NA,0
"618",618,6,139,"H",134,4,1
"619",619,6,139,"H",NA,NA,0
"620",620,6,139,"E",86,5,1
"621",621,6,139,NA,NA,NA,0
"622",622,6,139,"E",332,2,1
"623",623,6,139,"H",153,3,0
"624",624,3,140,"E",NA,NA,0
"625",625,3,140,NA,NA,NA,0
"626",626,3,140,"E",178,2,0
"627",627,3,141,NA,NA,NA,0
"628",628,3,141,NA,NA,NA,0
"629",629,3,141,NA,NA,NA,0
"630",630,5,142,"H",181,3,0
"631",631,5,142,"E",152,4,1
"632",632,5,142,NA,NA,NA,0
"633",633,5,142,NA,NA,NA,0
"634",634,5,142,"E",285,2,0
"635",635,3,143,"H",210,1,0
"636",636,3,143,"E",166,2,1
"637",637,3,143,NA,NA,NA,0
"638",638,4,144,NA,NA,NA,0
"639",639,4,144,NA,NA,NA,0
"640",640,4,144,"E",327,3,0
"641",641,4,144,NA,NA,NA,0
"642",642,4,145,NA,NA,NA,0
"643",643,4,145,NA,NA,NA,0
"644",644,4,145,"E",238,3,0
"645",645,4,145,NA,NA,NA,0
"646",646,6,146,NA,NA,NA,0
"647",647,6,146,NA,NA,NA,0
"648",648,6,146,"E",261,5,0
"649",649,6,146,NA,NA,NA,0
"650",650,6,146,NA,NA,NA,0
"651",651,6,146,NA,NA,NA,0
"652",652,4,147,NA,NA,NA,0
"653",653,4,147,"E",102,3,0
"654",654,4,147,NA,NA,NA,0
"655",655,4,147,NA,NA,NA,0
"656",656,5,148,NA,NA,NA,0
"657",657,5,148,NA,NA,NA,0
"658",658,5,148,NA,NA,NA,0
"659",659,5,148,"E",332,4,0
"660",660,5,148,NA,NA,NA,0
"661",661,5,149,NA,NA,NA,0
"662",662,5,149,NA,NA,NA,0
"663",663,5,149,"E",305,3,1
"664",664,5,149,"H",333,2,0
"665",665,5,149,"E",128,4,0
"666",666,4,150,"E",48,3,0
"667",667,4,150,NA,NA,NA,0
"668",668,4,150,NA,NA,NA,0
"669",669,4,150,NA,NA,NA,0
"670",670,6,151,NA,NA,NA,0
"671",671,6,151,NA,NA,NA,0
"672",672,6,151,NA,NA,NA,0
"673",673,6,151,"E",293,3,0
"674",674,6,151,"E",183,4,0
"675",675,6,151,"E",189,4,0
"676",676,3,152,"H",243,1,0
"677",677,3,152,NA,NA,NA,0
"678",678,3,152,"E",219,2,1
"679",679,6,153,NA,NA,NA,0
"680",680,6,153,"E",304,2,0
"681",681,6,153,"E",62,5,0
"682",682,6,153,NA,NA,NA,0
"683",683,6,153,"H",246,3,0
"684",684,6,153,"E",214,4,1
"685",685,4,154,NA,NA,NA,0
"686",686,4,154,NA,NA,NA,0
"687",687,4,154,NA,NA,NA,0
"688",688,4,154,NA,NA,NA,0
"689",689,5,155,NA,NA,NA,0
"690",690,5,155,"H",99,3,0
"691",691,5,155,NA,NA,NA,0
"692",692,5,155,"E",63,4,1
"693",693,5,155,"E",303,2,0
"694",694,5,156,"E",168,4,0
"695",695,5,156,NA,NA,NA,0
"696",696,5,156,NA,NA,NA,0
"697",697,5,156,"E",332,3,0
"698",698,5,156,NA,NA,NA,0
"699",699,6,157,"E",148,4,0
"700",700,6,157,NA,NA,NA,0
"701",701,6,157,"E",143,4,0
"702",702,6,157,NA,NA,NA,0
"703",703,6,157,NA,NA,NA,0
"704",704,6,157,NA,NA,NA,0
"705",705,4,158,"H",76,2,0
"706",706,4,158,NA,NA,NA,0
"707",707,4,158,"E",32,3,1
"708",708,4,158,NA,NA,NA,0
"709",709,5,159,"E",151,3,0
"710",710,5,159,"E",167,3,0
"711",711,5,159,NA,NA,NA,0
"712",712,5,159,NA,NA,NA,0
"713",713,5,159,NA,NA,NA,0
"714",714,4,160,NA,NA,NA,0
"715",715,4,160,NA,NA,NA,0
"716",716,4,160,NA,NA,NA,0
"717",717,4,160,NA,NA,NA,0
"718",718,3,161,NA,NA,NA,0
"719",719,3,161,NA,NA,NA,0
"720",720,3,161,NA,NA,NA,0
"721",721,5,162,"E",269,2,0
"722",722,5,162,"E",58,3,0
"723",723,5,162,"E",340,1,0
"724",724,5,162,NA,NA,NA,0
"725",725,5,162,"E",58,3,0
"726",726,3,163,NA,NA,NA,0
"727",727,3,163,"E",52,1,0
"728",728,3,163,"E",63,1,0
"729",729,6,164,"E",34,5,1
"730",730,6,164,"H",65,3,0
"731",731,6,164,NA,NA,NA,0
"732",732,6,164,NA,NA,NA,0
"733",733,6,164,"E",86,3,0
"734",734,6,164,NA,NA,NA,0
"735",735,3,165,NA,NA,NA,0
"736",736,3,165,NA,NA,NA,0
"737",737,3,165,NA,NA,NA,0
"738",738,6,166,NA,NA,NA,0
"739",739,6,166,NA,NA,NA,0
"740",740,6,166,"E",106,3,0
"741",741,6,166,NA,NA,NA,0
"742",742,6,166,"E",71,5,0
"743",743,6,166,"E",109,3,0
"744",744,6,167,"E",79,5,0
"745",745,6,167,NA,NA,NA,0
"746",746,6,167,"H",313,2,0
"747",747,6,167,"H",325,2,0
"748",748,6,167,"E",297,4,2
"749",749,6,167,NA,NA,NA,0
"750",750,3,168,NA,NA,NA,0
"751",751,3,168,NA,NA,NA,0
"752",752,3,168,NA,NA,NA,0
"753",753,6,169,NA,NA,NA,0
"754",754,6,169,"E",334,4,1
"755",755,6,169,NA,NA,NA,0
"756",756,6,169,NA,NA,NA,0
"757",757,6,169,"E",186,5,0
"758",758,6,169,"H",NA,NA,0
"759",759,5,170,NA,NA,NA,0
"760",760,5,170,"H",62,3,1
"761",761,5,170,NA,NA,NA,0
"762",762,5,170,"H",100,2,0
"763",763,5,170,"E",25,4,1
"764",764,4,171,"E",207,3,0
"765",765,4,171,NA,NA,NA,0
"766",766,4,171,NA,NA,NA,0
"767",767,4,171,NA,NA,NA,0
"768",768,4,172,NA,NA,NA,0
"769",769,4,172,NA,NA,NA,0
"770",770,4,172,"E",NA,NA,0
"771",771,4,172,NA,NA,NA,0
"772",772,3,173,"E",311,2,0
"773",773,3,173,NA,NA,NA,0
"774",774,3,173,NA,NA,NA,0
"775",775,5,174,NA,NA,NA,0
"776",776,5,174,"H",136,3,0
"777",777,5,174,"E",98,4,1
"778",778,5,174,NA,NA,NA,0
"779",779,5,174,NA,NA,NA,0
"780",780,5,175,"E",319,3,1
"781",781,5,175,"H",NA,NA,0
"782",782,5,175,"E",253,4,0
"783",783,5,175,NA,NA,NA,0
"784",784,5,175,NA,NA,NA,0
"785",785,4,176,NA,NA,NA,0
"786",786,4,176,NA,NA,NA,0
"787",787,4,176,NA,NA,NA,0
"788",788,4,176,NA,NA,NA,0
"789",789,6,177,NA,NA,NA,0
"790",790,6,177,NA,NA,NA,0
"791",791,6,177,NA,NA,NA,0
"792",792,6,177,NA,NA,NA,0
"793",793,6,177,NA,NA,NA,0
"794",794,6,177,NA,NA,NA,0
"795",795,4,178,NA,NA,NA,0
"796",796,4,178,NA,NA,NA,0
"797",797,4,178,"E",181,3,0
"798",798,4,178,NA,NA,NA,0
"799",799,3,179,NA,NA,NA,0
"800",800,3,179,"E",71,2,0
"801",801,3,179,"E",248,1,0
"802",802,5,180,NA,NA,NA,0
"803",803,5,180,"H",154,3,0
"804",804,5,180,NA,NA,NA,0
"805",805,5,180,"E",255,2,0
"806",806,5,180,"E",128,4,1
"807",807,3,181,NA,NA,NA,0
"808",808,3,181,NA,NA,NA,0
"809",809,3,181,"E",87,2,0
"810",810,4,182,NA,NA,NA,0
"811",811,4,182,NA,NA,NA,0
"812",812,4,182,"E",181,3,0
"813",813,4,182,NA,NA,NA,0
"814",814,6,183,"E",76,5,0
"815",815,6,183,NA,NA,NA,0
"816",816,6,183,"H",238,2,0
"817",817,6,183,NA,NA,NA,0
"818",818,6,183,"E",199,3,1
"819",819,6,183,"E",234,2,0
"820",820,4,184,NA,NA,NA,0
"821",821,4,184,NA,NA,NA,0
"822",822,4,184,"E",257,3,0
"823",823,4,184,NA,NA,NA,0
"824",824,6,185,NA,NA,NA,0
"825",825,6,185,NA,NA,NA,0
"826",826,6,185,"E",273,4,1
"827",827,6,185,"E",147,5,0
"828",828,6,185,"H",290,3,0
"829",829,6,185,NA,NA,NA,0
"830",830,4,186,"E",272,2,0
"831",831,4,186,NA,NA,NA,0
"832",832,4,186,NA,NA,NA,0
"833",833,4,186,"E",174,3,0
"834",834,6,187,"E",60,4,0
"835",835,6,187,"E",276,2,1
"836",836,6,187,"E",229,3,0
"837",837,6,187,NA,NA,NA,0
"838",838,6,187,"H",296,1,0
"839",839,6,187,"E",58,4,0
"840",840,5,188,NA,NA,NA,0
"841",841,5,188,"H",269,3,0
"842",842,5,188,"E",247,4,1
"843",843,5,188,NA,NA,NA,0
"844",844,5,188,NA,NA,NA,0
"845",845,3,189,NA,NA,NA,0
"846",846,3,189,NA,NA,NA,0
"847",847,3,189,NA,NA,NA,0
"848",848,4,190,"E",311,3,0
"849",849,4,190,NA,NA,NA,0
"850",850,4,190,"E",NA,NA,0
"851",851,4,190,NA,NA,NA,0
"852",852,5,191,NA,NA,NA,0
"853",853,5,191,NA,NA,NA,0
"854",854,5,191,NA,NA,NA,0
"855",855,5,191,"E",197,4,0
"856",856,5,191,"C",272,3,0
"857",857,5,192,NA,NA,NA,0
"858",858,5,192,NA,NA,NA,0
"859",859,5,192,"H",110,3,0
"860",860,5,192,"E",73,4,1
"861",861,5,192,NA,NA,NA,0
"862",862,3,193,NA,NA,NA,0
"863",863,3,193,NA,NA,NA,0
"864",864,3,193,NA,NA,NA,0
"865",865,4,194,"E",259,3,0
"866",866,4,194,NA,NA,NA,0
"867",867,4,194,NA,NA,NA,0
"868",868,4,194,NA,NA,NA,0
"869",869,3,195,NA,NA,NA,0
"870",870,3,195,"E",67,2,0
"871",871,3,195,"E",279,1,0
"872",872,6,196,NA,NA,NA,0
"873",873,6,196,"H",118,3,0
"874",874,6,196,NA,NA,NA,0
"875",875,6,196,NA,NA,NA,0
"876",876,6,196,"H",181,3,0
"877",877,6,196,"E",92,5,2
"878",878,5,197,NA,NA,NA,0
"879",879,5,197,NA,NA,NA,0
"880",880,5,197,NA,NA,NA,0
"881",881,5,197,NA,NA,NA,0
"882",882,5,197,NA,NA,NA,0
"883",883,4,198,NA,NA,NA,0
"884",884,4,198,"E",304,2,0
"885",885,4,198,NA,NA,NA,0
"886",886,4,198,"E",298,2,0
"887",887,6,199,"H",243,2,0
"888",888,6,199,NA,NA,NA,0
"889",889,6,199,"E",217,3,1
"890",890,6,199,NA,NA,NA,0
"891",891,6,199,"H",232,2,0
"892",892,6,199,"E",205,4,1
"893",893,5,200,NA,NA,NA,0
"894",894,5,200,NA,NA,NA,0
"895",895,5,200,NA,NA,NA,0
"896",896,5,200,NA,NA,NA,0
"897",897,5,200,NA,NA,NA,0
"898",898,5,201,NA,NA,NA,0
"899",899,5,201,NA,NA,NA,0
"900",900,5,201,NA,NA,NA,0
"901",901,5,201,NA,NA,NA,0
"902",902,5,201,NA,NA,NA,0
"903",903,6,202,NA,NA,NA,0
"904",904,6,202,NA,NA,NA,0
"905",905,6,202,"E",187,4,0
"906",906,6,202,NA,NA,NA,0
"907",907,6,202,NA,NA,NA,0
"908",908,6,202,"C",134,4,0
"909",909,5,203,"H",157,1,1
"910",910,5,203,"H",78,2,0
"911",911,5,203,"H",132,2,1
"912",912,5,203,"E",51,4,2
"913",913,5,203,"H",211,0,0
"914",914,3,204,NA,NA,NA,0
"915",915,3,204,NA,NA,NA,0
"916",916,3,204,NA,NA,NA,0
"917",917,3,205,NA,NA,NA,0
"918",918,3,205,"E",188,1,0
"919",919,3,205,"E",74,2,0
"920",920,5,206,NA,NA,NA,0
"921",921,5,206,NA,NA,NA,0
"922",922,5,206,NA,NA,NA,0
"923",923,5,206,NA,NA,NA,0
"924",924,5,206,NA,NA,NA,0
"925",925,5,207,NA,NA,NA,0
"926",926,5,207,"E",294,3,0
"927",927,5,207,NA,NA,NA,0
"928",928,5,207,"E",165,4,0
"929",929,5,207,NA,NA,NA,0
"930",930,5,208,NA,NA,NA,0
"931",931,5,208,NA,NA,NA,0
"932",932,5,208,NA,NA,NA,0
"933",933,5,208,"E",306,4,0
"934",934,5,208,NA,NA,NA,0
"935",935,6,209,"H",280,1,0
"936",936,6,209,"E",145,3,0
"937",937,6,209,"E",96,4,1
"938",938,6,209,NA,NA,NA,0
"939",939,6,209,"H",136,3,0
"940",940,6,209,"E",230,2,1
"941",941,4,210,NA,NA,NA,0
"942",942,4,210,"E",356,3,0
"943",943,4,210,NA,NA,NA,0
"944",944,4,210,NA,NA,NA,0
"945",945,3,211,NA,NA,NA,0
"946",946,3,211,NA,NA,NA,0
"947",947,3,211,NA,NA,NA,0
"948",948,4,212,NA,NA,NA,0
"949",949,4,212,"E",190,3,0
"950",950,4,212,NA,NA,NA,0
"951",951,4,212,NA,NA,NA,0
"952",952,4,213,NA,NA,NA,0
"953",953,4,213,"E",123,3,0
"954",954,4,213,NA,NA,NA,0
"955",955,4,213,NA,NA,NA,0
"956",956,6,214,"E",91,3,1
"957",957,6,214,"H",117,2,0
"958",958,6,214,"H",88,3,0
"959",959,6,214,NA,NA,NA,0
"960",960,6,214,"E",65,4,1
"961",961,6,214,NA,NA,NA,0
"962",962,4,215,"H",108,1,1
"963",963,4,215,"E",81,2,1
"964",964,4,215,"H",160,0,0
"965",965,4,215,"E",72,2,0
"966",966,4,216,NA,NA,NA,0
"967",967,4,216,NA,NA,NA,0
"968",968,4,216,NA,NA,NA,0
"969",969,4,216,"E",266,3,0
"970",970,3,217,NA,NA,NA,0
"971",971,3,217,NA,NA,NA,0
"972",972,3,217,"E",125,2,0
"973",973,3,218,NA,NA,NA,0
"974",974,3,218,NA,NA,NA,0
"975",975,3,218,NA,NA,NA,0
"976",976,6,219,"H",150,2,0
"977",977,6,219,NA,NA,NA,0
"978",978,6,219,"H",137,3,1
"979",979,6,219,NA,NA,NA,0
"980",980,6,219,"H",150,2,0
"981",981,6,219,"E",110,5,2
"982",982,5,220,NA,NA,NA,0
"983",983,5,220,NA,NA,NA,0
"984",984,5,220,"H",141,2,0
"985",985,5,220,"E",70,4,1
"986",986,5,220,"H",93,3,1
"987",987,6,221,NA,NA,NA,0
"988",988,6,221,"E",149,5,0
"989",989,6,221,"H",252,2,0
"990",990,6,221,NA,NA,NA,0
"991",991,6,221,"H",221,2,0
"992",992,6,221,"E",197,4,2
"993",993,4,222,NA,NA,NA,0
"994",994,4,222,NA,NA,NA,0
"995",995,4,222,NA,NA,NA,0
"996",996,4,222,NA,NA,NA,0
"997",997,4,223,NA,NA,NA,0
"998",998,4,223,NA,NA,NA,0
"999",999,4,223,"E",285,3,0
"1000",1000,4,223,"E",329,2,0
