"ID","SIZE","HH","TYPE","TIME","S_NUM","I_NUM"
1,3,1,"0",NA,NA,0
2,3,1,NA,NA,NA,0
3,3,1,NA,NA,NA,0
4,5,2,NA,NA,NA,0
5,5,2,NA,NA,NA,0
6,5,2,NA,NA,NA,0
7,5,2,NA,NA,NA,0
8,5,2,NA,NA,NA,0
9,3,3,NA,NA,NA,0
10,3,3,NA,NA,NA,0
11,3,3,NA,NA,NA,0
12,3,4,NA,NA,NA,0
13,3,4,NA,NA,NA,0
14,3,4,NA,NA,NA,0
15,3,5,NA,NA,NA,0
16,3,5,NA,NA,NA,0
17,3,5,NA,NA,NA,0
18,6,6,NA,NA,NA,0
19,6,6,NA,NA,NA,0
20,6,6,NA,NA,NA,0
21,6,6,NA,NA,NA,0
22,6,6,NA,NA,NA,0
23,6,6,NA,NA,NA,0
24,5,7,NA,NA,NA,0
25,5,7,NA,NA,NA,0
26,5,7,NA,NA,NA,0
27,5,7,NA,NA,NA,0
28,5,7,NA,NA,NA,0
29,5,8,NA,NA,NA,0
30,5,8,NA,NA,NA,0
31,5,8,NA,NA,NA,0
32,5,8,NA,NA,NA,0
33,5,8,NA,NA,NA,0
34,4,9,NA,NA,NA,0
35,4,9,NA,NA,NA,0
36,4,9,NA,NA,NA,0
37,4,9,NA,NA,NA,0
38,4,10,NA,NA,NA,0
39,4,10,NA,NA,NA,0
40,4,10,NA,NA,NA,0
41,4,10,NA,NA,NA,0
42,3,11,NA,NA,NA,0
43,3,11,NA,NA,NA,0
44,3,11,NA,NA,NA,0
45,4,12,NA,NA,NA,0
46,4,12,NA,NA,NA,0
47,4,12,NA,NA,NA,0
48,4,12,NA,NA,NA,0
49,4,13,NA,NA,NA,0
50,4,13,"E",237,3,0
51,4,13,NA,NA,NA,0
52,4,13,NA,NA,NA,0
53,4,14,NA,NA,NA,0
54,4,14,NA,NA,NA,0
55,4,14,NA,NA,NA,0
56,4,14,NA,NA,NA,0
57,6,15,NA,NA,NA,0
58,6,15,NA,NA,NA,0
59,6,15,NA,NA,NA,0
60,6,15,NA,NA,NA,0
61,6,15,NA,NA,NA,0
62,6,15,NA,NA,NA,0
63,3,16,NA,NA,NA,0
64,3,16,NA,NA,NA,0
65,3,16,NA,NA,NA,0
66,4,17,NA,NA,NA,0
67,4,17,NA,NA,NA,0
68,4,17,NA,NA,NA,0
69,4,17,NA,NA,NA,0
70,3,18,NA,NA,NA,0
71,3,18,NA,NA,NA,0
72,3,18,NA,NA,NA,0
73,6,19,NA,NA,NA,0
74,6,19,NA,NA,NA,0
75,6,19,NA,NA,NA,0
76,6,19,NA,NA,NA,0
77,6,19,NA,NA,NA,0
78,6,19,NA,NA,NA,0
79,3,20,NA,NA,NA,0
80,3,20,NA,NA,NA,0
81,3,20,NA,NA,NA,0
82,6,21,NA,NA,NA,0
83,6,21,NA,NA,NA,0
84,6,21,NA,NA,NA,0
85,6,21,NA,NA,NA,0
86,6,21,NA,NA,NA,0
87,6,21,NA,NA,NA,0
88,3,22,NA,NA,NA,0
89,3,22,NA,NA,NA,0
90,3,22,NA,NA,NA,0
91,6,23,NA,NA,NA,0
92,6,23,NA,NA,NA,0
93,6,23,NA,NA,NA,0
94,6,23,NA,NA,NA,0
95,6,23,NA,NA,NA,0
96,6,23,NA,NA,NA,0
97,5,24,NA,NA,NA,0
98,5,24,NA,NA,NA,0
99,5,24,NA,NA,NA,0
100,5,24,NA,NA,NA,0
101,5,24,NA,NA,NA,0
102,3,25,NA,NA,NA,0
103,3,25,NA,NA,NA,0
104,3,25,NA,NA,NA,0
105,5,26,NA,NA,NA,0
106,5,26,"E",51,4,0
107,5,26,NA,NA,NA,0
108,5,26,NA,NA,NA,0
109,5,26,NA,NA,NA,0
110,4,27,"E",82,3,2
111,4,27,"H",131,1,1
112,4,27,"H",169,0,0
113,4,27,"H",137,1,0
114,6,28,"H",279,2,0
115,6,28,"H",265,2,0
116,6,28,NA,NA,NA,0
117,6,28,"H",243,3,1
118,6,28,NA,NA,NA,0
119,6,28,"C",203,5,2
120,4,29,NA,NA,NA,0
121,4,29,NA,NA,NA,0
122,4,29,NA,NA,NA,0
123,4,29,NA,NA,NA,0
124,5,30,NA,NA,NA,0
125,5,30,NA,NA,NA,0
126,5,30,NA,NA,NA,0
127,5,30,NA,NA,NA,0
128,5,30,NA,NA,NA,0
129,3,31,NA,NA,NA,0
130,3,31,NA,NA,NA,0
131,3,31,NA,NA,NA,0
132,4,32,NA,NA,NA,0
133,4,32,NA,NA,NA,0
134,4,32,NA,NA,NA,0
135,4,32,NA,NA,NA,0
136,5,33,NA,NA,NA,0
137,5,33,NA,NA,NA,0
138,5,33,NA,NA,NA,0
139,5,33,NA,NA,NA,0
140,5,33,NA,NA,NA,0
141,4,34,NA,NA,NA,0
142,4,34,NA,NA,NA,0
143,4,34,NA,NA,NA,0
144,4,34,NA,NA,NA,0
145,3,35,"E",183,2,0
146,3,35,NA,NA,NA,0
147,3,35,NA,NA,NA,0
148,3,36,NA,NA,NA,0
149,3,36,NA,NA,NA,0
150,3,36,NA,NA,NA,0
151,4,37,NA,NA,NA,0
152,4,37,NA,NA,NA,0
153,4,37,NA,NA,NA,0
154,4,37,NA,NA,NA,0
155,4,38,NA,NA,NA,0
156,4,38,NA,NA,NA,0
157,4,38,NA,NA,NA,0
158,4,38,NA,NA,NA,0
159,4,39,NA,NA,NA,0
160,4,39,NA,NA,NA,0
161,4,39,NA,NA,NA,0
162,4,39,NA,NA,NA,0
163,4,40,NA,NA,NA,0
164,4,40,NA,NA,NA,0
165,4,40,NA,NA,NA,0
166,4,40,NA,NA,NA,0
167,6,41,NA,NA,NA,0
168,6,41,NA,NA,NA,0
169,6,41,NA,NA,NA,0
170,6,41,NA,NA,NA,0
171,6,41,NA,NA,NA,0
172,6,41,NA,NA,NA,0
173,3,42,NA,NA,NA,0
174,3,42,NA,NA,NA,0
175,3,42,NA,NA,NA,0
176,4,43,NA,NA,NA,0
177,4,43,NA,NA,NA,0
178,4,43,NA,NA,NA,0
179,4,43,NA,NA,NA,0
180,3,44,NA,NA,NA,0
181,3,44,NA,NA,NA,0
182,3,44,NA,NA,NA,0
183,5,45,NA,NA,NA,0
184,5,45,NA,NA,NA,0
185,5,45,NA,NA,NA,0
186,5,45,NA,NA,NA,0
187,5,45,NA,NA,NA,0
188,3,46,NA,NA,NA,0
189,3,46,NA,NA,NA,0
190,3,46,NA,NA,NA,0
191,4,47,NA,NA,NA,0
192,4,47,NA,NA,NA,0
193,4,47,NA,NA,NA,0
194,4,47,NA,NA,NA,0
195,4,48,NA,NA,NA,0
196,4,48,NA,NA,NA,0
197,4,48,NA,NA,NA,0
198,4,48,NA,NA,NA,0
199,3,49,NA,NA,NA,0
200,3,49,NA,NA,NA,0
201,3,49,NA,NA,NA,0
202,6,50,NA,NA,NA,0
203,6,50,NA,NA,NA,0
204,6,50,NA,NA,NA,0
205,6,50,NA,NA,NA,0
206,6,50,NA,NA,NA,0
207,6,50,NA,NA,NA,0
208,6,51,NA,NA,NA,0
209,6,51,NA,NA,NA,0
210,6,51,NA,NA,NA,0
211,6,51,NA,NA,NA,0
212,6,51,NA,NA,NA,0
213,6,51,NA,NA,NA,0
214,4,52,NA,NA,NA,0
215,4,52,NA,NA,NA,0
216,4,52,NA,NA,NA,0
217,4,52,NA,NA,NA,0
218,5,53,NA,NA,NA,0
219,5,53,"H",197,2,0
220,5,53,"H",186,2,0
221,5,53,NA,NA,NA,0
222,5,53,"E",153,4,2
223,4,54,NA,NA,NA,0
224,4,54,NA,NA,NA,0
225,4,54,NA,NA,NA,0
226,4,54,NA,NA,NA,0
227,5,55,NA,NA,NA,0
228,5,55,NA,NA,NA,0
229,5,55,"E",157,4,0
230,5,55,NA,NA,NA,0
231,5,55,NA,NA,NA,0
232,4,56,NA,NA,NA,0
233,4,56,NA,NA,NA,0
234,4,56,NA,NA,NA,0
235,4,56,NA,NA,NA,0
236,3,57,NA,NA,NA,0
237,3,57,NA,NA,NA,0
238,3,57,NA,NA,NA,0
239,4,58,NA,NA,NA,0
240,4,58,NA,NA,NA,0
241,4,58,"E",312,3,0
242,4,58,NA,NA,NA,0
243,5,59,NA,NA,NA,0
244,5,59,NA,NA,NA,0
245,5,59,NA,NA,NA,0
246,5,59,NA,NA,NA,0
247,5,59,NA,NA,NA,0
248,6,60,NA,NA,NA,0
249,6,60,NA,NA,NA,0
250,6,60,NA,NA,NA,0
251,6,60,NA,NA,NA,0
252,6,60,NA,NA,NA,0
253,6,60,NA,NA,NA,0
254,3,61,NA,NA,NA,0
255,3,61,NA,NA,NA,0
256,3,61,NA,NA,NA,0
257,6,62,"H",201,3,1
258,6,62,"H",222,2,0
259,6,62,NA,NA,NA,0
260,6,62,"E",161,5,2
261,6,62,NA,NA,NA,0
262,6,62,"H",187,3,0
263,4,63,NA,NA,NA,0
264,4,63,NA,NA,NA,0
265,4,63,NA,NA,NA,0
266,4,63,NA,NA,NA,0
267,3,64,NA,NA,NA,0
268,3,64,NA,NA,NA,0
269,3,64,NA,NA,NA,0
270,5,65,"E",77,4,0
271,5,65,NA,NA,NA,0
272,5,65,"E",346,3,1
273,5,65,NA,NA,NA,0
274,5,65,"H",NA,NA,0
275,3,66,NA,NA,NA,0
276,3,66,NA,NA,NA,0
277,3,66,NA,NA,NA,0
278,6,67,NA,NA,NA,0
279,6,67,NA,NA,NA,0
280,6,67,NA,NA,NA,0
281,6,67,NA,NA,NA,0
282,6,67,NA,NA,NA,0
283,6,67,NA,NA,NA,0
284,5,68,NA,NA,NA,0
285,5,68,NA,NA,NA,0
286,5,68,NA,NA,NA,0
287,5,68,NA,NA,NA,0
288,5,68,NA,NA,NA,0
289,3,69,NA,NA,NA,0
290,3,69,NA,NA,NA,0
291,3,69,NA,NA,NA,0
292,3,70,NA,NA,NA,0
293,3,70,NA,NA,NA,0
294,3,70,NA,NA,NA,0
295,4,71,"E",254,3,1
296,4,71,NA,NA,NA,0
297,4,71,NA,NA,NA,0
298,4,71,"H",283,2,0
299,4,72,NA,NA,NA,0
300,4,72,NA,NA,NA,0
301,4,72,NA,NA,NA,0
302,4,72,NA,NA,NA,0
303,4,73,NA,NA,NA,0
304,4,73,NA,NA,NA,0
305,4,73,NA,NA,NA,0
306,4,73,NA,NA,NA,0
307,5,74,NA,NA,NA,0
308,5,74,NA,NA,NA,0
309,5,74,NA,NA,NA,0
310,5,74,NA,NA,NA,0
311,5,74,NA,NA,NA,0
312,5,75,NA,NA,NA,0
313,5,75,NA,NA,NA,0
314,5,75,NA,NA,NA,0
315,5,75,NA,NA,NA,0
316,5,75,NA,NA,NA,0
317,4,76,NA,NA,NA,0
318,4,76,NA,NA,NA,0
319,4,76,NA,NA,NA,0
320,4,76,NA,NA,NA,0
321,5,77,NA,NA,NA,0
322,5,77,NA,NA,NA,0
323,5,77,NA,NA,NA,0
324,5,77,NA,NA,NA,0
325,5,77,NA,NA,NA,0
326,4,78,NA,NA,NA,0
327,4,78,NA,NA,NA,0
328,4,78,NA,NA,NA,0
329,4,78,NA,NA,NA,0
330,4,79,NA,NA,NA,0
331,4,79,NA,NA,NA,0
332,4,79,NA,NA,NA,0
333,4,79,NA,NA,NA,0
334,5,80,NA,NA,NA,0
335,5,80,NA,NA,NA,0
336,5,80,NA,NA,NA,0
337,5,80,NA,NA,NA,0
338,5,80,NA,NA,NA,0
339,4,81,NA,NA,NA,0
340,4,81,"E",160,3,0
341,4,81,NA,NA,NA,0
342,4,81,NA,NA,NA,0
343,6,82,NA,NA,NA,0
344,6,82,NA,NA,NA,0
345,6,82,NA,NA,NA,0
346,6,82,NA,NA,NA,0
347,6,82,NA,NA,NA,0
348,6,82,NA,NA,NA,0
349,5,83,NA,NA,NA,0
350,5,83,NA,NA,NA,0
351,5,83,NA,NA,NA,0
352,5,83,NA,NA,NA,0
353,5,83,NA,NA,NA,0
354,4,84,NA,NA,NA,0
355,4,84,NA,NA,NA,0
356,4,84,NA,NA,NA,0
357,4,84,NA,NA,NA,0
358,4,85,NA,NA,NA,0
359,4,85,NA,NA,NA,0
360,4,85,NA,NA,NA,0
361,4,85,NA,NA,NA,0
362,5,86,NA,NA,NA,0
363,5,86,NA,NA,NA,0
364,5,86,NA,NA,NA,0
365,5,86,NA,NA,NA,0
366,5,86,NA,NA,NA,0
367,4,87,NA,NA,NA,0
368,4,87,NA,NA,NA,0
369,4,87,NA,NA,NA,0
370,4,87,NA,NA,NA,0
371,5,88,NA,NA,NA,0
372,5,88,NA,NA,NA,0
373,5,88,NA,NA,NA,0
374,5,88,NA,NA,NA,0
375,5,88,NA,NA,NA,0
376,6,89,NA,NA,NA,0
377,6,89,NA,NA,NA,0
378,6,89,NA,NA,NA,0
379,6,89,NA,NA,NA,0
380,6,89,NA,NA,NA,0
381,6,89,NA,NA,NA,0
382,5,90,NA,NA,NA,0
383,5,90,NA,NA,NA,0
384,5,90,NA,NA,NA,0
385,5,90,NA,NA,NA,0
386,5,90,NA,NA,NA,0
387,6,91,NA,NA,NA,0
388,6,91,NA,NA,NA,0
389,6,91,NA,NA,NA,0
390,6,91,NA,NA,NA,0
391,6,91,NA,NA,NA,0
392,6,91,NA,NA,NA,0
393,4,92,NA,NA,NA,0
394,4,92,NA,NA,NA,0
395,4,92,NA,NA,NA,0
396,4,92,NA,NA,NA,0
397,5,93,NA,NA,NA,0
398,5,93,"C",NA,NA,0
399,5,93,NA,NA,NA,0
400,5,93,NA,NA,NA,0
401,5,93,NA,NA,NA,0
402,3,94,NA,NA,NA,0
403,3,94,"H",225,1,0
404,3,94,"E",173,2,1
405,6,95,NA,NA,NA,0
406,6,95,NA,NA,NA,0
407,6,95,NA,NA,NA,0
408,6,95,NA,NA,NA,0
409,6,95,NA,NA,NA,0
410,6,95,NA,NA,NA,0
411,5,96,NA,NA,NA,0
412,5,96,NA,NA,NA,0
413,5,96,NA,NA,NA,0
414,5,96,NA,NA,NA,0
415,5,96,NA,NA,NA,0
416,6,97,NA,NA,NA,0
417,6,97,NA,NA,NA,0
418,6,97,NA,NA,NA,0
419,6,97,NA,NA,NA,0
420,6,97,NA,NA,NA,0
421,6,97,"E",320,5,0
422,3,98,NA,NA,NA,0
423,3,98,NA,NA,NA,0
424,3,98,NA,NA,NA,0
425,3,99,NA,NA,NA,0
426,3,99,NA,NA,NA,0
427,3,99,NA,NA,NA,0
428,4,100,NA,NA,NA,0
429,4,100,NA,NA,NA,0
430,4,100,NA,NA,NA,0
431,4,100,NA,NA,NA,0
432,6,101,NA,NA,NA,0
433,6,101,NA,NA,NA,0
434,6,101,NA,NA,NA,0
435,6,101,NA,NA,NA,0
436,6,101,NA,NA,NA,0
437,6,101,NA,NA,NA,0
438,3,102,NA,NA,NA,0
439,3,102,NA,NA,NA,0
440,3,102,NA,NA,NA,0
441,4,103,NA,NA,NA,0
442,4,103,"C",355,3,0
443,4,103,NA,NA,NA,0
444,4,103,NA,NA,NA,0
445,5,104,NA,NA,NA,0
446,5,104,NA,NA,NA,0
447,5,104,NA,NA,NA,0
448,5,104,NA,NA,NA,0
449,5,104,NA,NA,NA,0
450,3,105,NA,NA,NA,0
451,3,105,NA,NA,NA,0
452,3,105,NA,NA,NA,0
453,5,106,NA,NA,NA,0
454,5,106,NA,NA,NA,0
455,5,106,NA,NA,NA,0
456,5,106,NA,NA,NA,0
457,5,106,NA,NA,NA,0
458,3,107,NA,NA,NA,0
459,3,107,NA,NA,NA,0
460,3,107,NA,NA,NA,0
461,5,108,NA,NA,NA,0
462,5,108,NA,NA,NA,0
463,5,108,NA,NA,NA,0
464,5,108,NA,NA,NA,0
465,5,108,NA,NA,NA,0
466,4,109,NA,NA,NA,0
467,4,109,NA,NA,NA,0
468,4,109,NA,NA,NA,0
469,4,109,NA,NA,NA,0
470,5,110,NA,NA,NA,0
471,5,110,NA,NA,NA,0
472,5,110,NA,NA,NA,0
473,5,110,NA,NA,NA,0
474,5,110,NA,NA,NA,0
475,5,111,NA,NA,NA,0
476,5,111,NA,NA,NA,0
477,5,111,NA,NA,NA,0
478,5,111,NA,NA,NA,0
479,5,111,NA,NA,NA,0
480,5,112,NA,NA,NA,0
481,5,112,NA,NA,NA,0
482,5,112,NA,NA,NA,0
483,5,112,NA,NA,NA,0
484,5,112,NA,NA,NA,0
485,6,113,NA,NA,NA,0
486,6,113,"E",325,5,1
487,6,113,NA,NA,NA,0
488,6,113,NA,NA,NA,0
489,6,113,NA,NA,NA,0
490,6,113,"H",339,4,0
491,4,114,NA,NA,NA,0
492,4,114,NA,NA,NA,0
493,4,114,NA,NA,NA,0
494,4,114,NA,NA,NA,0
495,4,115,NA,NA,NA,0
496,4,115,NA,NA,NA,0
497,4,115,NA,NA,NA,0
498,4,115,NA,NA,NA,0
499,4,116,NA,NA,NA,0
500,4,116,NA,NA,NA,0
501,4,116,NA,NA,NA,0
502,4,116,NA,NA,NA,0
503,3,117,NA,NA,NA,0
504,3,117,NA,NA,NA,0
505,3,117,NA,NA,NA,0
506,4,118,NA,NA,NA,0
507,4,118,NA,NA,NA,0
508,4,118,NA,NA,NA,0
509,4,118,NA,NA,NA,0
510,5,119,"C",361,4,0
511,5,119,NA,NA,NA,0
512,5,119,NA,NA,NA,0
513,5,119,NA,NA,NA,0
514,5,119,NA,NA,NA,0
515,4,120,NA,NA,NA,0
516,4,120,NA,NA,NA,0
517,4,120,NA,NA,NA,0
518,4,120,NA,NA,NA,0
519,5,121,NA,NA,NA,0
520,5,121,NA,NA,NA,0
521,5,121,NA,NA,NA,0
522,5,121,NA,NA,NA,0
523,5,121,NA,NA,NA,0
524,4,122,NA,NA,NA,0
525,4,122,NA,NA,NA,0
526,4,122,NA,NA,NA,0
527,4,122,NA,NA,NA,0
528,4,123,NA,NA,NA,0
529,4,123,NA,NA,NA,0
530,4,123,NA,NA,NA,0
531,4,123,NA,NA,NA,0
532,3,124,NA,NA,NA,0
533,3,124,NA,NA,NA,0
534,3,124,NA,NA,NA,0
535,5,125,NA,NA,NA,0
536,5,125,NA,NA,NA,0
537,5,125,NA,NA,NA,0
538,5,125,NA,NA,NA,0
539,5,125,NA,NA,NA,0
540,4,126,NA,NA,NA,0
541,4,126,NA,NA,NA,0
542,4,126,NA,NA,NA,0
543,4,126,NA,NA,NA,0
544,3,127,NA,NA,NA,0
545,3,127,NA,NA,NA,0
546,3,127,NA,NA,NA,0
547,3,128,NA,NA,NA,0
548,3,128,NA,NA,NA,0
549,3,128,NA,NA,NA,0
550,3,129,NA,NA,NA,0
551,3,129,NA,NA,NA,0
552,3,129,NA,NA,NA,0
553,4,130,NA,NA,NA,0
554,4,130,NA,NA,NA,0
555,4,130,NA,NA,NA,0
556,4,130,NA,NA,NA,0
557,3,131,NA,NA,NA,0
558,3,131,NA,NA,NA,0
559,3,131,NA,NA,NA,0
560,3,132,NA,NA,NA,0
561,3,132,NA,NA,NA,0
562,3,132,"E",269,2,0
563,5,133,NA,NA,NA,0
564,5,133,NA,NA,NA,0
565,5,133,NA,NA,NA,0
566,5,133,NA,NA,NA,0
567,5,133,NA,NA,NA,0
568,3,134,NA,NA,NA,0
569,3,134,NA,NA,NA,0
570,3,134,NA,NA,NA,0
571,4,135,NA,NA,NA,0
572,4,135,NA,NA,NA,0
573,4,135,NA,NA,NA,0
574,4,135,NA,NA,NA,0
575,5,136,NA,NA,NA,0
576,5,136,NA,NA,NA,0
577,5,136,NA,NA,NA,0
578,5,136,NA,NA,NA,0
579,5,136,NA,NA,NA,0
580,3,137,NA,NA,NA,0
581,3,137,NA,NA,NA,0
582,3,137,NA,NA,NA,0
583,5,138,NA,NA,NA,0
584,5,138,NA,NA,NA,0
585,5,138,NA,NA,NA,0
586,5,138,NA,NA,NA,0
587,5,138,NA,NA,NA,0
588,5,139,NA,NA,NA,0
589,5,139,NA,NA,NA,0
590,5,139,NA,NA,NA,0
591,5,139,NA,NA,NA,0
592,5,139,NA,NA,NA,0
593,5,140,NA,NA,NA,0
594,5,140,NA,NA,NA,0
595,5,140,NA,NA,NA,0
596,5,140,NA,NA,NA,0
597,5,140,NA,NA,NA,0
598,5,141,NA,NA,NA,0
599,5,141,NA,NA,NA,0
600,5,141,NA,NA,NA,0
601,5,141,NA,NA,NA,0
602,5,141,NA,NA,NA,0
603,3,142,NA,NA,NA,0
604,3,142,NA,NA,NA,0
605,3,142,NA,NA,NA,0
606,5,143,NA,NA,NA,0
607,5,143,NA,NA,NA,0
608,5,143,NA,NA,NA,0
609,5,143,NA,NA,NA,0
610,5,143,NA,NA,NA,0
611,5,144,NA,NA,NA,0
612,5,144,NA,NA,NA,0
613,5,144,NA,NA,NA,0
614,5,144,NA,NA,NA,0
615,5,144,NA,NA,NA,0
616,6,145,NA,NA,NA,0
617,6,145,NA,NA,NA,0
618,6,145,NA,NA,NA,0
619,6,145,NA,NA,NA,0
620,6,145,NA,NA,NA,0
621,6,145,NA,NA,NA,0
622,4,146,NA,NA,NA,0
623,4,146,NA,NA,NA,0
624,4,146,NA,NA,NA,0
625,4,146,NA,NA,NA,0
626,6,147,NA,NA,NA,0
627,6,147,NA,NA,NA,0
628,6,147,NA,NA,NA,0
629,6,147,NA,NA,NA,0
630,6,147,NA,NA,NA,0
631,6,147,NA,NA,NA,0
632,5,148,NA,NA,NA,0
633,5,148,NA,NA,NA,0
634,5,148,NA,NA,NA,0
635,5,148,NA,NA,NA,0
636,5,148,NA,NA,NA,0
637,3,149,NA,NA,NA,0
638,3,149,NA,NA,NA,0
639,3,149,NA,NA,NA,0
640,4,150,NA,NA,NA,0
641,4,150,NA,NA,NA,0
642,4,150,NA,NA,NA,0
643,4,150,NA,NA,NA,0
644,4,151,NA,NA,NA,0
645,4,151,NA,NA,NA,0
646,4,151,NA,NA,NA,0
647,4,151,NA,NA,NA,0
648,6,152,NA,NA,NA,0
649,6,152,NA,NA,NA,0
650,6,152,NA,NA,NA,0
651,6,152,NA,NA,NA,0
652,6,152,NA,NA,NA,0
653,6,152,NA,NA,NA,0
654,4,153,"H",115,2,0
655,4,153,NA,NA,NA,0
656,4,153,NA,NA,NA,0
657,4,153,"E",60,3,1
658,5,154,NA,NA,NA,0
659,5,154,NA,NA,NA,0
660,5,154,NA,NA,NA,0
661,5,154,NA,NA,NA,0
662,5,154,NA,NA,NA,0
663,3,155,NA,NA,NA,0
664,3,155,"E",275,2,0
665,3,155,NA,NA,NA,0
666,3,156,NA,NA,NA,0
667,3,156,NA,NA,NA,0
668,3,156,NA,NA,NA,0
669,3,157,NA,NA,NA,0
670,3,157,NA,NA,NA,0
671,3,157,NA,NA,NA,0
672,5,158,NA,NA,NA,0
673,5,158,NA,NA,NA,0
674,5,158,NA,NA,NA,0
675,5,158,NA,NA,NA,0
676,5,158,NA,NA,NA,0
677,6,159,NA,NA,NA,0
678,6,159,NA,NA,NA,0
679,6,159,NA,NA,NA,0
680,6,159,NA,NA,NA,0
681,6,159,NA,NA,NA,0
682,6,159,NA,NA,NA,0
683,5,160,NA,NA,NA,0
684,5,160,NA,NA,NA,0
685,5,160,NA,NA,NA,0
686,5,160,NA,NA,NA,0
687,5,160,NA,NA,NA,0
688,5,161,NA,NA,NA,0
689,5,161,NA,NA,NA,0
690,5,161,NA,NA,NA,0
691,5,161,NA,NA,NA,0
692,5,161,NA,NA,NA,0
693,6,162,NA,NA,NA,0
694,6,162,NA,NA,NA,0
695,6,162,NA,NA,NA,0
696,6,162,NA,NA,NA,0
697,6,162,NA,NA,NA,0
698,6,162,NA,NA,NA,0
699,3,163,NA,NA,NA,0
700,3,163,NA,NA,NA,0
701,3,163,NA,NA,NA,0
702,5,164,NA,NA,NA,0
703,5,164,NA,NA,NA,0
704,5,164,NA,NA,NA,0
705,5,164,NA,NA,NA,0
706,5,164,NA,NA,NA,0
707,6,165,NA,NA,NA,0
708,6,165,NA,NA,NA,0
709,6,165,NA,NA,NA,0
710,6,165,NA,NA,NA,0
711,6,165,NA,NA,NA,0
712,6,165,NA,NA,NA,0
713,5,166,NA,NA,NA,0
714,5,166,NA,NA,NA,0
715,5,166,NA,NA,NA,0
716,5,166,NA,NA,NA,0
717,5,166,NA,NA,NA,0
718,5,167,"E",324,4,1
719,5,167,"H",361,3,0
720,5,167,NA,NA,NA,0
721,5,167,NA,NA,NA,0
722,5,167,NA,NA,NA,0
723,6,168,NA,NA,NA,0
724,6,168,NA,NA,NA,0
725,6,168,NA,NA,NA,0
726,6,168,NA,NA,NA,0
727,6,168,NA,NA,NA,0
728,6,168,NA,NA,NA,0
729,4,169,"E",342,1,0
730,4,169,"E",173,3,1
731,4,169,NA,NA,NA,0
732,4,169,"H",196,2,0
733,6,170,NA,NA,NA,0
734,6,170,NA,NA,NA,0
735,6,170,NA,NA,NA,0
736,6,170,NA,NA,NA,0
737,6,170,NA,NA,NA,0
738,6,170,"E",221,5,0
739,5,171,NA,NA,NA,0
740,5,171,NA,NA,NA,0
741,5,171,NA,NA,NA,0
742,5,171,NA,NA,NA,0
743,5,171,NA,NA,NA,0
744,4,172,NA,NA,NA,0
745,4,172,NA,NA,NA,0
746,4,172,NA,NA,NA,0
747,4,172,NA,NA,NA,0
748,6,173,NA,NA,NA,0
749,6,173,NA,NA,NA,0
750,6,173,NA,NA,NA,0
751,6,173,NA,NA,NA,0
752,6,173,NA,NA,NA,0
753,6,173,NA,NA,NA,0
754,6,174,NA,NA,NA,0
755,6,174,NA,NA,NA,0
756,6,174,NA,NA,NA,0
757,6,174,NA,NA,NA,0
758,6,174,NA,NA,NA,0
759,6,174,NA,NA,NA,0
760,4,175,NA,NA,NA,0
761,4,175,NA,NA,NA,0
762,4,175,NA,NA,NA,0
763,4,175,NA,NA,NA,0
764,3,176,NA,NA,NA,0
765,3,176,NA,NA,NA,0
766,3,176,NA,NA,NA,0
767,6,177,NA,NA,NA,0
768,6,177,NA,NA,NA,0
769,6,177,NA,NA,NA,0
770,6,177,NA,NA,NA,0
771,6,177,NA,NA,NA,0
772,6,177,NA,NA,NA,0
773,4,178,NA,NA,NA,0
774,4,178,NA,NA,NA,0
775,4,178,NA,NA,NA,0
776,4,178,NA,NA,NA,0
777,5,179,NA,NA,NA,0
778,5,179,NA,NA,NA,0
779,5,179,NA,NA,NA,0
780,5,179,NA,NA,NA,0
781,5,179,NA,NA,NA,0
782,3,180,NA,NA,NA,0
783,3,180,NA,NA,NA,0
784,3,180,NA,NA,NA,0
785,6,181,NA,NA,NA,0
786,6,181,NA,NA,NA,0
787,6,181,NA,NA,NA,0
788,6,181,NA,NA,NA,0
789,6,181,NA,NA,NA,0
790,6,181,NA,NA,NA,0
791,4,182,NA,NA,NA,0
792,4,182,NA,NA,NA,0
793,4,182,NA,NA,NA,0
794,4,182,NA,NA,NA,0
795,6,183,NA,NA,NA,0
796,6,183,NA,NA,NA,0
797,6,183,NA,NA,NA,0
798,6,183,NA,NA,NA,0
799,6,183,NA,NA,NA,0
800,6,183,NA,NA,NA,0
801,4,184,"E",112,3,2
802,4,184,"H",134,1,0
803,4,184,"H",134,1,0
804,4,184,NA,NA,NA,0
805,5,185,NA,NA,NA,0
806,5,185,"H",351,1,0
807,5,185,"H",NA,NA,0
808,5,185,"H",336,2,1
809,5,185,"E",320,4,2
810,3,186,NA,NA,NA,0
811,3,186,"E",232,2,0
812,3,186,NA,NA,NA,0
813,4,187,NA,NA,NA,0
814,4,187,NA,NA,NA,0
815,4,187,NA,NA,NA,0
816,4,187,NA,NA,NA,0
817,3,188,NA,NA,NA,0
818,3,188,NA,NA,NA,0
819,3,188,NA,NA,NA,0
820,5,189,NA,NA,NA,0
821,5,189,NA,NA,NA,0
822,5,189,NA,NA,NA,0
823,5,189,NA,NA,NA,0
824,5,189,NA,NA,NA,0
825,4,190,NA,NA,NA,0
826,4,190,NA,NA,NA,0
827,4,190,NA,NA,NA,0
828,4,190,NA,NA,NA,0
829,4,191,NA,NA,NA,0
830,4,191,NA,NA,NA,0
831,4,191,NA,NA,NA,0
832,4,191,NA,NA,NA,0
833,3,192,NA,NA,NA,0
834,3,192,NA,NA,NA,0
835,3,192,NA,NA,NA,0
836,6,193,NA,NA,NA,0
837,6,193,NA,NA,NA,0
838,6,193,NA,NA,NA,0
839,6,193,NA,NA,NA,0
840,6,193,NA,NA,NA,0
841,6,193,NA,NA,NA,0
842,4,194,NA,NA,NA,0
843,4,194,NA,NA,NA,0
844,4,194,NA,NA,NA,0
845,4,194,NA,NA,NA,0
846,3,195,NA,NA,NA,0
847,3,195,NA,NA,NA,0
848,3,195,NA,NA,NA,0
849,4,196,NA,NA,NA,0
850,4,196,NA,NA,NA,0
851,4,196,NA,NA,NA,0
852,4,196,NA,NA,NA,0
853,5,197,"H",108,2,1
854,5,197,"E",46,4,1
855,5,197,"H",132,1,0
856,5,197,"H",76,3,1
857,5,197,NA,NA,NA,0
858,3,198,NA,NA,NA,0
859,3,198,NA,NA,NA,0
860,3,198,NA,NA,NA,0
861,4,199,NA,NA,NA,0
862,4,199,NA,NA,NA,0
863,4,199,NA,NA,NA,0
864,4,199,NA,NA,NA,0
865,5,200,NA,NA,NA,0
866,5,200,NA,NA,NA,0
867,5,200,NA,NA,NA,0
868,5,200,NA,NA,NA,0
869,5,200,NA,NA,NA,0
870,6,201,NA,NA,NA,0
871,6,201,NA,NA,NA,0
872,6,201,NA,NA,NA,0
873,6,201,NA,NA,NA,0
874,6,201,NA,NA,NA,0
875,6,201,NA,NA,NA,0
876,5,202,NA,NA,NA,0
877,5,202,NA,NA,NA,0
878,5,202,NA,NA,NA,0
879,5,202,NA,NA,NA,0
880,5,202,NA,NA,NA,0
881,6,203,NA,NA,NA,0
882,6,203,NA,NA,NA,0
883,6,203,NA,NA,NA,0
884,6,203,NA,NA,NA,0
885,6,203,NA,NA,NA,0
886,6,203,NA,NA,NA,0
887,4,204,NA,NA,NA,0
888,4,204,NA,NA,NA,0
889,4,204,NA,NA,NA,0
890,4,204,NA,NA,NA,0
891,6,205,NA,NA,NA,0
892,6,205,NA,NA,NA,0
893,6,205,NA,NA,NA,0
894,6,205,NA,NA,NA,0
895,6,205,NA,NA,NA,0
896,6,205,NA,NA,NA,0
897,4,206,NA,NA,NA,0
898,4,206,NA,NA,NA,0
899,4,206,NA,NA,NA,0
900,4,206,NA,NA,NA,0
901,6,207,NA,NA,NA,0
902,6,207,NA,NA,NA,0
903,6,207,NA,NA,NA,0
904,6,207,NA,NA,NA,0
905,6,207,NA,NA,NA,0
906,6,207,NA,NA,NA,0
907,6,208,"E",141,5,2
908,6,208,"H",172,3,0
909,6,208,NA,NA,NA,0
910,6,208,NA,NA,NA,0
911,6,208,NA,NA,NA,0
912,6,208,"H",171,3,0
913,4,209,NA,NA,NA,0
914,4,209,NA,NA,NA,0
915,4,209,NA,NA,NA,0
916,4,209,NA,NA,NA,0
917,4,210,NA,NA,NA,0
918,4,210,NA,NA,NA,0
919,4,210,NA,NA,NA,0
920,4,210,NA,NA,NA,0
921,5,211,NA,NA,NA,0
922,5,211,NA,NA,NA,0
923,5,211,NA,NA,NA,0
924,5,211,NA,NA,NA,0
925,5,211,NA,NA,NA,0
926,4,212,NA,NA,NA,0
927,4,212,NA,NA,NA,0
928,4,212,NA,NA,NA,0
929,4,212,NA,NA,NA,0
930,4,213,NA,NA,NA,0
931,4,213,NA,NA,NA,0
932,4,213,NA,NA,NA,0
933,4,213,NA,NA,NA,0
934,3,214,NA,NA,NA,0
935,3,214,NA,NA,NA,0
936,3,214,NA,NA,NA,0
937,5,215,NA,NA,NA,0
938,5,215,NA,NA,NA,0
939,5,215,"E",345,4,1
940,5,215,"E",NA,NA,0
941,5,215,"H",NA,NA,0
942,5,216,NA,NA,NA,0
943,5,216,NA,NA,NA,0
944,5,216,NA,NA,NA,0
945,5,216,NA,NA,NA,0
946,5,216,NA,NA,NA,0
947,4,217,NA,NA,NA,0
948,4,217,NA,NA,NA,0
949,4,217,NA,NA,NA,0
950,4,217,NA,NA,NA,0
951,6,218,NA,NA,NA,0
952,6,218,NA,NA,NA,0
953,6,218,NA,NA,NA,0
954,6,218,NA,NA,NA,0
955,6,218,NA,NA,NA,0
956,6,218,NA,NA,NA,0
957,6,219,NA,NA,NA,0
958,6,219,NA,NA,NA,0
959,6,219,NA,NA,NA,0
960,6,219,NA,NA,NA,0
961,6,219,NA,NA,NA,0
962,6,219,NA,NA,NA,0
963,3,220,NA,NA,NA,0
964,3,220,NA,NA,NA,0
965,3,220,NA,NA,NA,0
966,3,221,NA,NA,NA,0
967,3,221,NA,NA,NA,0
968,3,221,NA,NA,NA,0
969,6,222,NA,NA,NA,0
970,6,222,NA,NA,NA,0
971,6,222,NA,NA,NA,0
972,6,222,NA,NA,NA,0
973,6,222,NA,NA,NA,0
974,6,222,NA,NA,NA,0
975,5,223,NA,NA,NA,0
976,5,223,NA,NA,NA,0
977,5,223,NA,NA,NA,0
978,5,223,NA,NA,NA,0
979,5,223,NA,NA,NA,0
980,5,224,NA,NA,NA,0
981,5,224,NA,NA,NA,0
982,5,224,NA,NA,NA,0
983,5,224,NA,NA,NA,0
984,5,224,NA,NA,NA,0
985,3,225,NA,NA,NA,0
986,3,225,NA,NA,NA,0
987,3,225,NA,NA,NA,0
988,3,226,NA,NA,NA,0
989,3,226,NA,NA,NA,0
990,3,226,NA,NA,NA,0
991,3,227,NA,NA,NA,0
992,3,227,NA,NA,NA,0
993,3,227,NA,NA,NA,0
994,4,228,NA,NA,NA,0
995,4,228,NA,NA,NA,0
996,4,228,NA,NA,NA,0
997,4,228,NA,NA,NA,0
998,3,229,NA,NA,NA,0
999,3,229,NA,NA,NA,0
1000,3,229,NA,NA,NA,0
