"ID","SIZE","HH","TYPE","TIME","S_NUM","I_NUM"
1,3,1,"0",NA,NA,0
2,3,1,NA,NA,NA,0
3,3,1,NA,NA,NA,0
4,5,2,NA,NA,NA,0
5,5,2,NA,NA,NA,0
6,5,2,NA,NA,NA,0
7,5,2,NA,NA,NA,0
8,5,2,NA,NA,NA,0
9,4,3,NA,NA,NA,0
10,4,3,NA,NA,NA,0
11,4,3,NA,NA,NA,0
12,4,3,NA,NA,NA,0
13,4,4,NA,NA,NA,0
14,4,4,NA,NA,NA,0
15,4,4,NA,NA,NA,0
16,4,4,NA,NA,NA,0
17,5,5,"E",46,4,0
18,5,5,NA,NA,NA,0
19,5,5,NA,NA,NA,0
20,5,5,NA,NA,NA,0
21,5,5,NA,NA,NA,0
22,3,6,NA,NA,NA,0
23,3,6,NA,NA,NA,0
24,3,6,NA,NA,NA,0
25,4,7,NA,NA,NA,0
26,4,7,NA,NA,NA,0
27,4,7,NA,NA,NA,0
28,4,7,NA,NA,NA,0
29,4,8,NA,NA,NA,0
30,4,8,NA,NA,NA,0
31,4,8,NA,NA,NA,0
32,4,8,NA,NA,NA,0
33,4,9,NA,NA,NA,0
34,4,9,NA,NA,NA,0
35,4,9,NA,NA,NA,0
36,4,9,NA,NA,NA,0
37,5,10,NA,NA,NA,0
38,5,10,NA,NA,NA,0
39,5,10,NA,NA,NA,0
40,5,10,NA,NA,NA,0
41,5,10,NA,NA,NA,0
42,3,11,NA,NA,NA,0
43,3,11,NA,NA,NA,0
44,3,11,NA,NA,NA,0
45,5,12,NA,NA,NA,0
46,5,12,NA,NA,NA,0
47,5,12,NA,NA,NA,0
48,5,12,NA,NA,NA,0
49,5,12,NA,NA,NA,0
50,3,13,"H",171,1,0
51,3,13,"E",145,2,1
52,3,13,NA,NA,NA,0
53,6,14,NA,NA,NA,0
54,6,14,NA,NA,NA,0
55,6,14,NA,NA,NA,0
56,6,14,NA,NA,NA,0
57,6,14,NA,NA,NA,0
58,6,14,NA,NA,NA,0
59,3,15,NA,NA,NA,0
60,3,15,NA,NA,NA,0
61,3,15,NA,NA,NA,0
62,4,16,NA,NA,NA,0
63,4,16,NA,NA,NA,0
64,4,16,NA,NA,NA,0
65,4,16,NA,NA,NA,0
66,5,17,NA,NA,NA,0
67,5,17,NA,NA,NA,0
68,5,17,NA,NA,NA,0
69,5,17,NA,NA,NA,0
70,5,17,NA,NA,NA,0
71,4,18,NA,NA,NA,0
72,4,18,NA,NA,NA,0
73,4,18,NA,NA,NA,0
74,4,18,NA,NA,NA,0
75,5,19,NA,NA,NA,0
76,5,19,NA,NA,NA,0
77,5,19,NA,NA,NA,0
78,5,19,NA,NA,NA,0
79,5,19,NA,NA,NA,0
80,5,20,NA,NA,NA,0
81,5,20,NA,NA,NA,0
82,5,20,NA,NA,NA,0
83,5,20,NA,NA,NA,0
84,5,20,NA,NA,NA,0
85,3,21,"E",NA,NA,0
86,3,21,NA,NA,NA,0
87,3,21,NA,NA,NA,0
88,5,22,NA,NA,NA,0
89,5,22,NA,NA,NA,0
90,5,22,NA,NA,NA,0
91,5,22,NA,NA,NA,0
92,5,22,NA,NA,NA,0
93,3,23,NA,NA,NA,0
94,3,23,NA,NA,NA,0
95,3,23,"E",88,2,0
96,5,24,NA,NA,NA,0
97,5,24,NA,NA,NA,0
98,5,24,NA,NA,NA,0
99,5,24,NA,NA,NA,0
100,5,24,"E",296,4,0
101,4,25,NA,NA,NA,0
102,4,25,NA,NA,NA,0
103,4,25,NA,NA,NA,0
104,4,25,NA,NA,NA,0
105,4,26,NA,NA,NA,0
106,4,26,NA,NA,NA,0
107,4,26,NA,NA,NA,0
108,4,26,NA,NA,NA,0
109,3,27,NA,NA,NA,0
110,3,27,NA,NA,NA,0
111,3,27,NA,NA,NA,0
112,3,28,NA,NA,NA,0
113,3,28,NA,NA,NA,0
114,3,28,NA,NA,NA,0
115,3,29,NA,NA,NA,0
116,3,29,NA,NA,NA,0
117,3,29,NA,NA,NA,0
118,5,30,NA,NA,NA,0
119,5,30,NA,NA,NA,0
120,5,30,NA,NA,NA,0
121,5,30,NA,NA,NA,0
122,5,30,NA,NA,NA,0
123,3,31,NA,NA,NA,0
124,3,31,NA,NA,NA,0
125,3,31,NA,NA,NA,0
126,6,32,NA,NA,NA,0
127,6,32,NA,NA,NA,0
128,6,32,NA,NA,NA,0
129,6,32,NA,NA,NA,0
130,6,32,NA,NA,NA,0
131,6,32,NA,NA,NA,0
132,5,33,NA,NA,NA,0
133,5,33,NA,NA,NA,0
134,5,33,NA,NA,NA,0
135,5,33,NA,NA,NA,0
136,5,33,NA,NA,NA,0
137,5,34,NA,NA,NA,0
138,5,34,NA,NA,NA,0
139,5,34,NA,NA,NA,0
140,5,34,NA,NA,NA,0
141,5,34,NA,NA,NA,0
142,6,35,NA,NA,NA,0
143,6,35,NA,NA,NA,0
144,6,35,NA,NA,NA,0
145,6,35,NA,NA,NA,0
146,6,35,NA,NA,NA,0
147,6,35,NA,NA,NA,0
148,3,36,NA,NA,NA,0
149,3,36,NA,NA,NA,0
150,3,36,NA,NA,NA,0
151,6,37,NA,NA,NA,0
152,6,37,NA,NA,NA,0
153,6,37,NA,NA,NA,0
154,6,37,NA,NA,NA,0
155,6,37,NA,NA,NA,0
156,6,37,NA,NA,NA,0
157,4,38,NA,NA,NA,0
158,4,38,NA,NA,NA,0
159,4,38,NA,NA,NA,0
160,4,38,NA,NA,NA,0
161,5,39,NA,NA,NA,0
162,5,39,NA,NA,NA,0
163,5,39,NA,NA,NA,0
164,5,39,NA,NA,NA,0
165,5,39,NA,NA,NA,0
166,4,40,NA,NA,NA,0
167,4,40,NA,NA,NA,0
168,4,40,NA,NA,NA,0
169,4,40,NA,NA,NA,0
170,6,41,NA,NA,NA,0
171,6,41,NA,NA,NA,0
172,6,41,NA,NA,NA,0
173,6,41,NA,NA,NA,0
174,6,41,NA,NA,NA,0
175,6,41,NA,NA,NA,0
176,4,42,NA,NA,NA,0
177,4,42,NA,NA,NA,0
178,4,42,NA,NA,NA,0
179,4,42,NA,NA,NA,0
180,6,43,"H",283,3,1
181,6,43,"E",213,5,1
182,6,43,NA,NA,NA,0
183,6,43,"H",311,2,0
184,6,43,NA,NA,NA,0
185,6,43,"H",247,4,1
186,3,44,NA,NA,NA,0
187,3,44,NA,NA,NA,0
188,3,44,NA,NA,NA,0
189,5,45,NA,NA,NA,0
190,5,45,NA,NA,NA,0
191,5,45,NA,NA,NA,0
192,5,45,NA,NA,NA,0
193,5,45,NA,NA,NA,0
194,6,46,NA,NA,NA,0
195,6,46,NA,NA,NA,0
196,6,46,NA,NA,NA,0
197,6,46,NA,NA,NA,0
198,6,46,NA,NA,NA,0
199,6,46,NA,NA,NA,0
200,3,47,NA,NA,NA,0
201,3,47,NA,NA,NA,0
202,3,47,NA,NA,NA,0
203,5,48,NA,NA,NA,0
204,5,48,NA,NA,NA,0
205,5,48,NA,NA,NA,0
206,5,48,NA,NA,NA,0
207,5,48,NA,NA,NA,0
208,3,49,NA,NA,NA,0
209,3,49,"H",104,1,0
210,3,49,"E",78,2,1
211,5,50,NA,NA,NA,0
212,5,50,NA,NA,NA,0
213,5,50,NA,NA,NA,0
214,5,50,NA,NA,NA,0
215,5,50,NA,NA,NA,0
216,4,51,"H",145,2,0
217,4,51,NA,NA,NA,0
218,4,51,NA,NA,NA,0
219,4,51,"E",120,3,1
220,6,52,NA,NA,NA,0
221,6,52,NA,NA,NA,0
222,6,52,NA,NA,NA,0
223,6,52,NA,NA,NA,0
224,6,52,NA,NA,NA,0
225,6,52,NA,NA,NA,0
226,5,53,NA,NA,NA,0
227,5,53,NA,NA,NA,0
228,5,53,NA,NA,NA,0
229,5,53,NA,NA,NA,0
230,5,53,NA,NA,NA,0
231,4,54,NA,NA,NA,0
232,4,54,"H",339,1,0
233,4,54,"H",357,1,0
234,4,54,"E",317,3,2
235,5,55,NA,NA,NA,0
236,5,55,NA,NA,NA,0
237,5,55,NA,NA,NA,0
238,5,55,NA,NA,NA,0
239,5,55,NA,NA,NA,0
240,4,56,NA,NA,NA,0
241,4,56,NA,NA,NA,0
242,4,56,NA,NA,NA,0
243,4,56,NA,NA,NA,0
244,5,57,NA,NA,NA,0
245,5,57,NA,NA,NA,0
246,5,57,NA,NA,NA,0
247,5,57,NA,NA,NA,0
248,5,57,NA,NA,NA,0
249,3,58,NA,NA,NA,0
250,3,58,NA,NA,NA,0
251,3,58,NA,NA,NA,0
252,4,59,NA,NA,NA,0
253,4,59,NA,NA,NA,0
254,4,59,NA,NA,NA,0
255,4,59,NA,NA,NA,0
256,5,60,NA,NA,NA,0
257,5,60,NA,NA,NA,0
258,5,60,NA,NA,NA,0
259,5,60,"E",85,4,0
260,5,60,NA,NA,NA,0
261,4,61,NA,NA,NA,0
262,4,61,NA,NA,NA,0
263,4,61,NA,NA,NA,0
264,4,61,NA,NA,NA,0
265,5,62,NA,NA,NA,0
266,5,62,NA,NA,NA,0
267,5,62,NA,NA,NA,0
268,5,62,NA,NA,NA,0
269,5,62,NA,NA,NA,0
270,3,63,NA,NA,NA,0
271,3,63,NA,NA,NA,0
272,3,63,NA,NA,NA,0
273,4,64,NA,NA,NA,0
274,4,64,NA,NA,NA,0
275,4,64,NA,NA,NA,0
276,4,64,NA,NA,NA,0
277,6,65,NA,NA,NA,0
278,6,65,NA,NA,NA,0
279,6,65,NA,NA,NA,0
280,6,65,NA,NA,NA,0
281,6,65,NA,NA,NA,0
282,6,65,NA,NA,NA,0
283,5,66,NA,NA,NA,0
284,5,66,NA,NA,NA,0
285,5,66,NA,NA,NA,0
286,5,66,NA,NA,NA,0
287,5,66,NA,NA,NA,0
288,6,67,NA,NA,NA,0
289,6,67,NA,NA,NA,0
290,6,67,NA,NA,NA,0
291,6,67,NA,NA,NA,0
292,6,67,NA,NA,NA,0
293,6,67,NA,NA,NA,0
294,4,68,NA,NA,NA,0
295,4,68,NA,NA,NA,0
296,4,68,NA,NA,NA,0
297,4,68,NA,NA,NA,0
298,5,69,NA,NA,NA,0
299,5,69,NA,NA,NA,0
300,5,69,NA,NA,NA,0
301,5,69,NA,NA,NA,0
302,5,69,NA,NA,NA,0
303,4,70,NA,NA,NA,0
304,4,70,NA,NA,NA,0
305,4,70,NA,NA,NA,0
306,4,70,NA,NA,NA,0
307,4,71,NA,NA,NA,0
308,4,71,NA,NA,NA,0
309,4,71,NA,NA,NA,0
310,4,71,NA,NA,NA,0
311,6,72,"H",277,1,0
312,6,72,"H",242,3,1
313,6,72,NA,NA,NA,0
314,6,72,"H",280,1,0
315,6,72,"H",248,2,1
316,6,72,"E",194,5,2
317,3,73,NA,NA,NA,0
318,3,73,NA,NA,NA,0
319,3,73,NA,NA,NA,0
320,5,74,NA,NA,NA,0
321,5,74,NA,NA,NA,0
322,5,74,NA,NA,NA,0
323,5,74,NA,NA,NA,0
324,5,74,NA,NA,NA,0
325,4,75,NA,NA,NA,0
326,4,75,NA,NA,NA,0
327,4,75,NA,NA,NA,0
328,4,75,NA,NA,NA,0
329,4,76,NA,NA,NA,0
330,4,76,NA,NA,NA,0
331,4,76,NA,NA,NA,0
332,4,76,NA,NA,NA,0
333,5,77,NA,NA,NA,0
334,5,77,NA,NA,NA,0
335,5,77,NA,NA,NA,0
336,5,77,NA,NA,NA,0
337,5,77,NA,NA,NA,0
338,6,78,NA,NA,NA,0
339,6,78,NA,NA,NA,0
340,6,78,NA,NA,NA,0
341,6,78,NA,NA,NA,0
342,6,78,NA,NA,NA,0
343,6,78,NA,NA,NA,0
344,4,79,NA,NA,NA,0
345,4,79,NA,NA,NA,0
346,4,79,NA,NA,NA,0
347,4,79,NA,NA,NA,0
348,5,80,NA,NA,NA,0
349,5,80,NA,NA,NA,0
350,5,80,NA,NA,NA,0
351,5,80,NA,NA,NA,0
352,5,80,NA,NA,NA,0
353,3,81,NA,NA,NA,0
354,3,81,NA,NA,NA,0
355,3,81,NA,NA,NA,0
356,6,82,NA,NA,NA,0
357,6,82,NA,NA,NA,0
358,6,82,"E",NA,NA,0
359,6,82,NA,NA,NA,0
360,6,82,NA,NA,NA,0
361,6,82,NA,NA,NA,0
362,3,83,NA,NA,NA,0
363,3,83,NA,NA,NA,0
364,3,83,NA,NA,NA,0
365,4,84,NA,NA,NA,0
366,4,84,NA,NA,NA,0
367,4,84,NA,NA,NA,0
368,4,84,NA,NA,NA,0
369,3,85,NA,NA,NA,0
370,3,85,NA,NA,NA,0
371,3,85,NA,NA,NA,0
372,5,86,NA,NA,NA,0
373,5,86,NA,NA,NA,0
374,5,86,NA,NA,NA,0
375,5,86,NA,NA,NA,0
376,5,86,NA,NA,NA,0
377,4,87,NA,NA,NA,0
378,4,87,NA,NA,NA,0
379,4,87,NA,NA,NA,0
380,4,87,NA,NA,NA,0
381,3,88,NA,NA,NA,0
382,3,88,NA,NA,NA,0
383,3,88,NA,NA,NA,0
384,4,89,NA,NA,NA,0
385,4,89,"E",354,3,0
386,4,89,NA,NA,NA,0
387,4,89,NA,NA,NA,0
388,5,90,NA,NA,NA,0
389,5,90,NA,NA,NA,0
390,5,90,NA,NA,NA,0
391,5,90,NA,NA,NA,0
392,5,90,NA,NA,NA,0
393,6,91,NA,NA,NA,0
394,6,91,NA,NA,NA,0
395,6,91,NA,NA,NA,0
396,6,91,NA,NA,NA,0
397,6,91,NA,NA,NA,0
398,6,91,NA,NA,NA,0
399,6,92,NA,NA,NA,0
400,6,92,NA,NA,NA,0
401,6,92,NA,NA,NA,0
402,6,92,NA,NA,NA,0
403,6,92,NA,NA,NA,0
404,6,92,NA,NA,NA,0
405,6,93,NA,NA,NA,0
406,6,93,NA,NA,NA,0
407,6,93,NA,NA,NA,0
408,6,93,NA,NA,NA,0
409,6,93,NA,NA,NA,0
410,6,93,NA,NA,NA,0
411,5,94,NA,NA,NA,0
412,5,94,NA,NA,NA,0
413,5,94,NA,NA,NA,0
414,5,94,NA,NA,NA,0
415,5,94,NA,NA,NA,0
416,6,95,NA,NA,NA,0
417,6,95,NA,NA,NA,0
418,6,95,NA,NA,NA,0
419,6,95,NA,NA,NA,0
420,6,95,NA,NA,NA,0
421,6,95,NA,NA,NA,0
422,6,96,NA,NA,NA,0
423,6,96,NA,NA,NA,0
424,6,96,NA,NA,NA,0
425,6,96,NA,NA,NA,0
426,6,96,NA,NA,NA,0
427,6,96,NA,NA,NA,0
428,5,97,"E",346,4,1
429,5,97,NA,NA,NA,0
430,5,97,NA,NA,NA,0
431,5,97,NA,NA,NA,0
432,5,97,"H",NA,NA,0
433,4,98,NA,NA,NA,0
434,4,98,NA,NA,NA,0
435,4,98,NA,NA,NA,0
436,4,98,NA,NA,NA,0
437,3,99,NA,NA,NA,0
438,3,99,NA,NA,NA,0
439,3,99,NA,NA,NA,0
440,4,100,NA,NA,NA,0
441,4,100,NA,NA,NA,0
442,4,100,NA,NA,NA,0
443,4,100,NA,NA,NA,0
444,3,101,NA,NA,NA,0
445,3,101,NA,NA,NA,0
446,3,101,NA,NA,NA,0
447,3,102,NA,NA,NA,0
448,3,102,NA,NA,NA,0
449,3,102,NA,NA,NA,0
450,3,103,NA,NA,NA,0
451,3,103,NA,NA,NA,0
452,3,103,NA,NA,NA,0
453,5,104,NA,NA,NA,0
454,5,104,NA,NA,NA,0
455,5,104,NA,NA,NA,0
456,5,104,NA,NA,NA,0
457,5,104,NA,NA,NA,0
458,4,105,NA,NA,NA,0
459,4,105,NA,NA,NA,0
460,4,105,NA,NA,NA,0
461,4,105,NA,NA,NA,0
462,5,106,NA,NA,NA,0
463,5,106,NA,NA,NA,0
464,5,106,NA,NA,NA,0
465,5,106,NA,NA,NA,0
466,5,106,NA,NA,NA,0
467,4,107,NA,NA,NA,0
468,4,107,NA,NA,NA,0
469,4,107,NA,NA,NA,0
470,4,107,"E",80,3,0
471,4,108,NA,NA,NA,0
472,4,108,NA,NA,NA,0
473,4,108,NA,NA,NA,0
474,4,108,NA,NA,NA,0
475,6,109,NA,NA,NA,0
476,6,109,NA,NA,NA,0
477,6,109,NA,NA,NA,0
478,6,109,NA,NA,NA,0
479,6,109,"C",181,5,0
480,6,109,NA,NA,NA,0
481,5,110,NA,NA,NA,0
482,5,110,NA,NA,NA,0
483,5,110,NA,NA,NA,0
484,5,110,NA,NA,NA,0
485,5,110,NA,NA,NA,0
486,4,111,NA,NA,NA,0
487,4,111,NA,NA,NA,0
488,4,111,NA,NA,NA,0
489,4,111,NA,NA,NA,0
490,6,112,NA,NA,NA,0
491,6,112,NA,NA,NA,0
492,6,112,NA,NA,NA,0
493,6,112,NA,NA,NA,0
494,6,112,NA,NA,NA,0
495,6,112,NA,NA,NA,0
496,3,113,NA,NA,NA,0
497,3,113,NA,NA,NA,0
498,3,113,NA,NA,NA,0
499,4,114,NA,NA,NA,0
500,4,114,NA,NA,NA,0
501,4,114,NA,NA,NA,0
502,4,114,NA,NA,NA,0
503,5,115,"E",308,4,0
504,5,115,NA,NA,NA,0
505,5,115,NA,NA,NA,0
506,5,115,NA,NA,NA,0
507,5,115,NA,NA,NA,0
508,4,116,NA,NA,NA,0
509,4,116,NA,NA,NA,0
510,4,116,NA,NA,NA,0
511,4,116,NA,NA,NA,0
512,3,117,NA,NA,NA,0
513,3,117,NA,NA,NA,0
514,3,117,NA,NA,NA,0
515,4,118,NA,NA,NA,0
516,4,118,"H",NA,NA,0
517,4,118,"E",NA,NA,0
518,4,118,"E",344,3,1
519,5,119,NA,NA,NA,0
520,5,119,NA,NA,NA,0
521,5,119,NA,NA,NA,0
522,5,119,NA,NA,NA,0
523,5,119,NA,NA,NA,0
524,5,120,NA,NA,NA,0
525,5,120,NA,NA,NA,0
526,5,120,NA,NA,NA,0
527,5,120,NA,NA,NA,0
528,5,120,NA,NA,NA,0
529,4,121,NA,NA,NA,0
530,4,121,NA,NA,NA,0
531,4,121,NA,NA,NA,0
532,4,121,NA,NA,NA,0
533,4,122,NA,NA,NA,0
534,4,122,NA,NA,NA,0
535,4,122,NA,NA,NA,0
536,4,122,NA,NA,NA,0
537,6,123,NA,NA,NA,0
538,6,123,NA,NA,NA,0
539,6,123,NA,NA,NA,0
540,6,123,NA,NA,NA,0
541,6,123,NA,NA,NA,0
542,6,123,NA,NA,NA,0
543,6,124,NA,NA,NA,0
544,6,124,NA,NA,NA,0
545,6,124,NA,NA,NA,0
546,6,124,NA,NA,NA,0
547,6,124,NA,NA,NA,0
548,6,124,NA,NA,NA,0
549,6,125,NA,NA,NA,0
550,6,125,NA,NA,NA,0
551,6,125,NA,NA,NA,0
552,6,125,NA,NA,NA,0
553,6,125,NA,NA,NA,0
554,6,125,NA,NA,NA,0
555,4,126,NA,NA,NA,0
556,4,126,NA,NA,NA,0
557,4,126,NA,NA,NA,0
558,4,126,NA,NA,NA,0
559,3,127,"E",113,2,1
560,3,127,NA,NA,NA,0
561,3,127,"H",132,1,0
562,4,128,NA,NA,NA,0
563,4,128,NA,NA,NA,0
564,4,128,NA,NA,NA,0
565,4,128,NA,NA,NA,0
566,6,129,NA,NA,NA,0
567,6,129,NA,NA,NA,0
568,6,129,NA,NA,NA,0
569,6,129,NA,NA,NA,0
570,6,129,NA,NA,NA,0
571,6,129,NA,NA,NA,0
572,5,130,NA,NA,NA,0
573,5,130,NA,NA,NA,0
574,5,130,NA,NA,NA,0
575,5,130,NA,NA,NA,0
576,5,130,NA,NA,NA,0
577,5,131,NA,NA,NA,0
578,5,131,NA,NA,NA,0
579,5,131,NA,NA,NA,0
580,5,131,NA,NA,NA,0
581,5,131,NA,NA,NA,0
582,3,132,NA,NA,NA,0
583,3,132,NA,NA,NA,0
584,3,132,NA,NA,NA,0
585,5,133,NA,NA,NA,0
586,5,133,NA,NA,NA,0
587,5,133,NA,NA,NA,0
588,5,133,NA,NA,NA,0
589,5,133,NA,NA,NA,0
590,6,134,NA,NA,NA,0
591,6,134,NA,NA,NA,0
592,6,134,NA,NA,NA,0
593,6,134,NA,NA,NA,0
594,6,134,NA,NA,NA,0
595,6,134,NA,NA,NA,0
596,5,135,NA,NA,NA,0
597,5,135,NA,NA,NA,0
598,5,135,NA,NA,NA,0
599,5,135,NA,NA,NA,0
600,5,135,NA,NA,NA,0
601,3,136,NA,NA,NA,0
602,3,136,NA,NA,NA,0
603,3,136,NA,NA,NA,0
604,4,137,NA,NA,NA,0
605,4,137,NA,NA,NA,0
606,4,137,NA,NA,NA,0
607,4,137,NA,NA,NA,0
608,5,138,NA,NA,NA,0
609,5,138,"H",NA,NA,0
610,5,138,"C",312,4,1
611,5,138,NA,NA,NA,0
612,5,138,NA,NA,NA,0
613,4,139,NA,NA,NA,0
614,4,139,NA,NA,NA,0
615,4,139,NA,NA,NA,0
616,4,139,NA,NA,NA,0
617,4,140,NA,NA,NA,0
618,4,140,NA,NA,NA,0
619,4,140,NA,NA,NA,0
620,4,140,NA,NA,NA,0
621,5,141,NA,NA,NA,0
622,5,141,NA,NA,NA,0
623,5,141,NA,NA,NA,0
624,5,141,NA,NA,NA,0
625,5,141,NA,NA,NA,0
626,4,142,NA,NA,NA,0
627,4,142,NA,NA,NA,0
628,4,142,NA,NA,NA,0
629,4,142,NA,NA,NA,0
630,5,143,NA,NA,NA,0
631,5,143,NA,NA,NA,0
632,5,143,NA,NA,NA,0
633,5,143,NA,NA,NA,0
634,5,143,NA,NA,NA,0
635,6,144,NA,NA,NA,0
636,6,144,NA,NA,NA,0
637,6,144,NA,NA,NA,0
638,6,144,NA,NA,NA,0
639,6,144,NA,NA,NA,0
640,6,144,NA,NA,NA,0
641,3,145,NA,NA,NA,0
642,3,145,NA,NA,NA,0
643,3,145,NA,NA,NA,0
644,4,146,NA,NA,NA,0
645,4,146,NA,NA,NA,0
646,4,146,NA,NA,NA,0
647,4,146,NA,NA,NA,0
648,3,147,NA,NA,NA,0
649,3,147,NA,NA,NA,0
650,3,147,NA,NA,NA,0
651,5,148,NA,NA,NA,0
652,5,148,NA,NA,NA,0
653,5,148,NA,NA,NA,0
654,5,148,NA,NA,NA,0
655,5,148,NA,NA,NA,0
656,3,149,NA,NA,NA,0
657,3,149,NA,NA,NA,0
658,3,149,NA,NA,NA,0
659,5,150,NA,NA,NA,0
660,5,150,NA,NA,NA,0
661,5,150,NA,NA,NA,0
662,5,150,NA,NA,NA,0
663,5,150,NA,NA,NA,0
664,3,151,NA,NA,NA,0
665,3,151,NA,NA,NA,0
666,3,151,NA,NA,NA,0
667,6,152,NA,NA,NA,0
668,6,152,NA,NA,NA,0
669,6,152,NA,NA,NA,0
670,6,152,NA,NA,NA,0
671,6,152,NA,NA,NA,0
672,6,152,NA,NA,NA,0
673,5,153,NA,NA,NA,0
674,5,153,NA,NA,NA,0
675,5,153,NA,NA,NA,0
676,5,153,NA,NA,NA,0
677,5,153,NA,NA,NA,0
678,6,154,"H",315,3,1
679,6,154,"E",278,5,2
680,6,154,"H",339,1,1
681,6,154,"H",356,0,0
682,6,154,"H",350,0,0
683,6,154,"H",325,2,1
684,3,155,NA,NA,NA,0
685,3,155,NA,NA,NA,0
686,3,155,NA,NA,NA,0
687,6,156,NA,NA,NA,0
688,6,156,NA,NA,NA,0
689,6,156,NA,NA,NA,0
690,6,156,NA,NA,NA,0
691,6,156,NA,NA,NA,0
692,6,156,NA,NA,NA,0
693,5,157,NA,NA,NA,0
694,5,157,NA,NA,NA,0
695,5,157,NA,NA,NA,0
696,5,157,"E",260,4,0
697,5,157,NA,NA,NA,0
698,4,158,NA,NA,NA,0
699,4,158,NA,NA,NA,0
700,4,158,NA,NA,NA,0
701,4,158,NA,NA,NA,0
702,6,159,NA,NA,NA,0
703,6,159,NA,NA,NA,0
704,6,159,NA,NA,NA,0
705,6,159,NA,NA,NA,0
706,6,159,NA,NA,NA,0
707,6,159,NA,NA,NA,0
708,4,160,NA,NA,NA,0
709,4,160,NA,NA,NA,0
710,4,160,NA,NA,NA,0
711,4,160,NA,NA,NA,0
712,4,161,NA,NA,NA,0
713,4,161,NA,NA,NA,0
714,4,161,NA,NA,NA,0
715,4,161,NA,NA,NA,0
716,4,162,NA,NA,NA,0
717,4,162,NA,NA,NA,0
718,4,162,NA,NA,NA,0
719,4,162,NA,NA,NA,0
720,3,163,NA,NA,NA,0
721,3,163,NA,NA,NA,0
722,3,163,NA,NA,NA,0
723,5,164,NA,NA,NA,0
724,5,164,NA,NA,NA,0
725,5,164,NA,NA,NA,0
726,5,164,NA,NA,NA,0
727,5,164,NA,NA,NA,0
728,3,165,NA,NA,NA,0
729,3,165,NA,NA,NA,0
730,3,165,NA,NA,NA,0
731,5,166,NA,NA,NA,0
732,5,166,NA,NA,NA,0
733,5,166,NA,NA,NA,0
734,5,166,NA,NA,NA,0
735,5,166,NA,NA,NA,0
736,3,167,NA,NA,NA,0
737,3,167,NA,NA,NA,0
738,3,167,NA,NA,NA,0
739,4,168,NA,NA,NA,0
740,4,168,NA,NA,NA,0
741,4,168,NA,NA,NA,0
742,4,168,NA,NA,NA,0
743,4,169,NA,NA,NA,0
744,4,169,NA,NA,NA,0
745,4,169,NA,NA,NA,0
746,4,169,NA,NA,NA,0
747,5,170,NA,NA,NA,0
748,5,170,NA,NA,NA,0
749,5,170,"H",120,2,0
750,5,170,"H",90,3,1
751,5,170,"E",15,4,1
752,3,171,NA,NA,NA,0
753,3,171,NA,NA,NA,0
754,3,171,NA,NA,NA,0
755,4,172,NA,NA,NA,0
756,4,172,NA,NA,NA,0
757,4,172,NA,NA,NA,0
758,4,172,NA,NA,NA,0
759,5,173,NA,NA,NA,0
760,5,173,NA,NA,NA,0
761,5,173,NA,NA,NA,0
762,5,173,NA,NA,NA,0
763,5,173,NA,NA,NA,0
764,3,174,NA,NA,NA,0
765,3,174,NA,NA,NA,0
766,3,174,NA,NA,NA,0
767,3,175,NA,NA,NA,0
768,3,175,NA,NA,NA,0
769,3,175,NA,NA,NA,0
770,4,176,NA,NA,NA,0
771,4,176,NA,NA,NA,0
772,4,176,"E",156,3,0
773,4,176,NA,NA,NA,0
774,3,177,NA,NA,NA,0
775,3,177,NA,NA,NA,0
776,3,177,NA,NA,NA,0
777,5,178,NA,NA,NA,0
778,5,178,"E",NA,NA,0
779,5,178,NA,NA,NA,0
780,5,178,NA,NA,NA,0
781,5,178,NA,NA,NA,0
782,3,179,NA,NA,NA,0
783,3,179,NA,NA,NA,0
784,3,179,NA,NA,NA,0
785,5,180,NA,NA,NA,0
786,5,180,NA,NA,NA,0
787,5,180,NA,NA,NA,0
788,5,180,NA,NA,NA,0
789,5,180,NA,NA,NA,0
790,4,181,NA,NA,NA,0
791,4,181,NA,NA,NA,0
792,4,181,NA,NA,NA,0
793,4,181,NA,NA,NA,0
794,4,182,NA,NA,NA,0
795,4,182,NA,NA,NA,0
796,4,182,NA,NA,NA,0
797,4,182,NA,NA,NA,0
798,3,183,NA,NA,NA,0
799,3,183,NA,NA,NA,0
800,3,183,NA,NA,NA,0
801,5,184,NA,NA,NA,0
802,5,184,NA,NA,NA,0
803,5,184,NA,NA,NA,0
804,5,184,NA,NA,NA,0
805,5,184,NA,NA,NA,0
806,3,185,NA,NA,NA,0
807,3,185,NA,NA,NA,0
808,3,185,NA,NA,NA,0
809,5,186,NA,NA,NA,0
810,5,186,NA,NA,NA,0
811,5,186,NA,NA,NA,0
812,5,186,NA,NA,NA,0
813,5,186,NA,NA,NA,0
814,4,187,NA,NA,NA,0
815,4,187,NA,NA,NA,0
816,4,187,NA,NA,NA,0
817,4,187,NA,NA,NA,0
818,5,188,NA,NA,NA,0
819,5,188,"E",164,4,1
820,5,188,NA,NA,NA,0
821,5,188,"H",207,3,0
822,5,188,NA,NA,NA,0
823,4,189,NA,NA,NA,0
824,4,189,NA,NA,NA,0
825,4,189,NA,NA,NA,0
826,4,189,NA,NA,NA,0
827,3,190,NA,NA,NA,0
828,3,190,NA,NA,NA,0
829,3,190,NA,NA,NA,0
830,5,191,NA,NA,NA,0
831,5,191,NA,NA,NA,0
832,5,191,NA,NA,NA,0
833,5,191,NA,NA,NA,0
834,5,191,NA,NA,NA,0
835,3,192,NA,NA,NA,0
836,3,192,NA,NA,NA,0
837,3,192,NA,NA,NA,0
838,3,193,NA,NA,NA,0
839,3,193,NA,NA,NA,0
840,3,193,NA,NA,NA,0
841,4,194,NA,NA,NA,0
842,4,194,NA,NA,NA,0
843,4,194,NA,NA,NA,0
844,4,194,NA,NA,NA,0
845,3,195,NA,NA,NA,0
846,3,195,NA,NA,NA,0
847,3,195,NA,NA,NA,0
848,4,196,NA,NA,NA,0
849,4,196,"H",218,1,0
850,4,196,"C",161,3,2
851,4,196,"H",190,1,0
852,3,197,NA,NA,NA,0
853,3,197,NA,NA,NA,0
854,3,197,NA,NA,NA,0
855,5,198,NA,NA,NA,0
856,5,198,NA,NA,NA,0
857,5,198,NA,NA,NA,0
858,5,198,NA,NA,NA,0
859,5,198,NA,NA,NA,0
860,5,199,NA,NA,NA,0
861,5,199,NA,NA,NA,0
862,5,199,NA,NA,NA,0
863,5,199,NA,NA,NA,0
864,5,199,NA,NA,NA,0
865,4,200,NA,NA,NA,0
866,4,200,NA,NA,NA,0
867,4,200,NA,NA,NA,0
868,4,200,NA,NA,NA,0
869,5,201,NA,NA,NA,0
870,5,201,NA,NA,NA,0
871,5,201,NA,NA,NA,0
872,5,201,NA,NA,NA,0
873,5,201,NA,NA,NA,0
874,4,202,NA,NA,NA,0
875,4,202,NA,NA,NA,0
876,4,202,NA,NA,NA,0
877,4,202,NA,NA,NA,0
878,3,203,NA,NA,NA,0
879,3,203,NA,NA,NA,0
880,3,203,NA,NA,NA,0
881,3,204,NA,NA,NA,0
882,3,204,NA,NA,NA,0
883,3,204,"E",291,2,0
884,3,205,NA,NA,NA,0
885,3,205,NA,NA,NA,0
886,3,205,NA,NA,NA,0
887,5,206,NA,NA,NA,0
888,5,206,NA,NA,NA,0
889,5,206,NA,NA,NA,0
890,5,206,NA,NA,NA,0
891,5,206,NA,NA,NA,0
892,5,207,NA,NA,NA,0
893,5,207,NA,NA,NA,0
894,5,207,NA,NA,NA,0
895,5,207,NA,NA,NA,0
896,5,207,NA,NA,NA,0
897,6,208,NA,NA,NA,0
898,6,208,NA,NA,NA,0
899,6,208,NA,NA,NA,0
900,6,208,NA,NA,NA,0
901,6,208,NA,NA,NA,0
902,6,208,NA,NA,NA,0
903,5,209,NA,NA,NA,0
904,5,209,NA,NA,NA,0
905,5,209,NA,NA,NA,0
906,5,209,NA,NA,NA,0
907,5,209,NA,NA,NA,0
908,5,210,NA,NA,NA,0
909,5,210,NA,NA,NA,0
910,5,210,NA,NA,NA,0
911,5,210,NA,NA,NA,0
912,5,210,NA,NA,NA,0
913,3,211,NA,NA,NA,0
914,3,211,NA,NA,NA,0
915,3,211,NA,NA,NA,0
916,4,212,NA,NA,NA,0
917,4,212,NA,NA,NA,0
918,4,212,NA,NA,NA,0
919,4,212,NA,NA,NA,0
920,6,213,NA,NA,NA,0
921,6,213,NA,NA,NA,0
922,6,213,NA,NA,NA,0
923,6,213,NA,NA,NA,0
924,6,213,NA,NA,NA,0
925,6,213,NA,NA,NA,0
926,6,214,NA,NA,NA,0
927,6,214,NA,NA,NA,0
928,6,214,NA,NA,NA,0
929,6,214,NA,NA,NA,0
930,6,214,NA,NA,NA,0
931,6,214,NA,NA,NA,0
932,3,215,NA,NA,NA,0
933,3,215,NA,NA,NA,0
934,3,215,NA,NA,NA,0
935,3,216,NA,NA,NA,0
936,3,216,NA,NA,NA,0
937,3,216,NA,NA,NA,0
938,3,217,NA,NA,NA,0
939,3,217,NA,NA,NA,0
940,3,217,NA,NA,NA,0
941,5,218,NA,NA,NA,0
942,5,218,NA,NA,NA,0
943,5,218,NA,NA,NA,0
944,5,218,NA,NA,NA,0
945,5,218,NA,NA,NA,0
946,5,219,NA,NA,NA,0
947,5,219,NA,NA,NA,0
948,5,219,"E",132,4,1
949,5,219,NA,NA,NA,0
950,5,219,"H",180,3,0
951,5,220,NA,NA,NA,0
952,5,220,NA,NA,NA,0
953,5,220,NA,NA,NA,0
954,5,220,NA,NA,NA,0
955,5,220,NA,NA,NA,0
956,3,221,NA,NA,NA,0
957,3,221,NA,NA,NA,0
958,3,221,NA,NA,NA,0
959,5,222,"E",354,4,1
960,5,222,NA,NA,NA,0
961,5,222,NA,NA,NA,0
962,5,222,NA,NA,NA,0
963,5,222,"H",NA,NA,0
964,3,223,NA,NA,NA,0
965,3,223,NA,NA,NA,0
966,3,223,NA,NA,NA,0
967,5,224,NA,NA,NA,0
968,5,224,NA,NA,NA,0
969,5,224,NA,NA,NA,0
970,5,224,NA,NA,NA,0
971,5,224,NA,NA,NA,0
972,4,225,NA,NA,NA,0
973,4,225,NA,NA,NA,0
974,4,225,NA,NA,NA,0
975,4,225,NA,NA,NA,0
976,3,226,NA,NA,NA,0
977,3,226,NA,NA,NA,0
978,3,226,NA,NA,NA,0
979,5,227,NA,NA,NA,0
980,5,227,NA,NA,NA,0
981,5,227,NA,NA,NA,0
982,5,227,NA,NA,NA,0
983,5,227,NA,NA,NA,0
984,4,228,NA,NA,NA,0
985,4,228,NA,NA,NA,0
986,4,228,NA,NA,NA,0
987,4,228,NA,NA,NA,0
988,6,229,NA,NA,NA,0
989,6,229,NA,NA,NA,0
990,6,229,NA,NA,NA,0
991,6,229,NA,NA,NA,0
992,6,229,NA,NA,NA,0
993,6,229,NA,NA,NA,0
994,3,230,NA,NA,NA,0
995,3,230,NA,NA,NA,0
996,3,230,NA,NA,NA,0
997,4,231,NA,NA,NA,0
998,4,231,NA,NA,NA,0
999,4,231,NA,NA,NA,0
1000,4,231,"E",79,3,0
