"ID","SIZE","HH","TYPE","TIME","S_NUM","I_NUM"
1,4,1,"0",NA,NA,0
2,4,1,NA,NA,NA,0
3,4,1,NA,NA,NA,0
4,4,1,NA,NA,NA,0
5,4,2,NA,NA,NA,0
6,4,2,NA,NA,NA,0
7,4,2,"E",164,2,0
8,4,2,"C",128,2,0
9,3,3,NA,NA,NA,0
10,3,3,NA,NA,NA,0
11,3,3,NA,NA,NA,0
12,3,4,NA,NA,NA,0
13,3,4,NA,NA,NA,0
14,3,4,NA,NA,NA,0
15,3,5,NA,NA,NA,0
16,3,5,NA,NA,NA,0
17,3,5,NA,NA,NA,0
18,3,6,NA,NA,NA,0
19,3,6,NA,NA,NA,0
20,3,6,NA,NA,NA,0
21,4,7,"H",93,2,1
22,4,7,"E",179,0,0
23,4,7,"E",75,3,1
24,4,7,"H",117,1,0
25,5,8,NA,NA,NA,0
26,5,8,NA,NA,NA,0
27,5,8,NA,NA,NA,0
28,5,8,NA,NA,NA,0
29,5,8,NA,NA,NA,0
30,4,9,NA,NA,NA,0
31,4,9,NA,NA,NA,0
32,4,9,NA,NA,NA,0
33,4,9,NA,NA,NA,0
34,5,10,NA,NA,NA,0
35,5,10,NA,NA,NA,0
36,5,10,NA,NA,NA,0
37,5,10,NA,NA,NA,0
38,5,10,NA,NA,NA,0
39,4,11,NA,NA,NA,0
40,4,11,NA,NA,NA,0
41,4,11,NA,NA,NA,0
42,4,11,NA,NA,NA,0
43,3,12,NA,NA,NA,0
44,3,12,NA,NA,NA,0
45,3,12,NA,NA,NA,0
46,6,13,NA,NA,NA,0
47,6,13,NA,NA,NA,0
48,6,13,NA,NA,NA,0
49,6,13,NA,NA,NA,0
50,6,13,NA,NA,NA,0
51,6,13,NA,NA,NA,0
52,4,14,NA,NA,NA,0
53,4,14,NA,NA,NA,0
54,4,14,NA,NA,NA,0
55,4,14,NA,NA,NA,0
56,4,15,NA,NA,NA,0
57,4,15,NA,NA,NA,0
58,4,15,NA,NA,NA,0
59,4,15,NA,NA,NA,0
60,5,16,NA,NA,NA,0
61,5,16,NA,NA,NA,0
62,5,16,NA,NA,NA,0
63,5,16,NA,NA,NA,0
64,5,16,NA,NA,NA,0
65,3,17,NA,NA,NA,0
66,3,17,NA,NA,NA,0
67,3,17,NA,NA,NA,0
68,5,18,NA,NA,NA,0
69,5,18,NA,NA,NA,0
70,5,18,NA,NA,NA,0
71,5,18,NA,NA,NA,0
72,5,18,NA,NA,NA,0
73,5,19,NA,NA,NA,0
74,5,19,NA,NA,NA,0
75,5,19,"H",307,3,1
76,5,19,"E",233,4,1
77,5,19,"H",328,2,0
78,4,20,NA,NA,NA,0
79,4,20,"E",203,3,1
80,4,20,"H",233,2,1
81,4,20,"H",267,1,0
82,4,21,NA,NA,NA,0
83,4,21,NA,NA,NA,0
84,4,21,NA,NA,NA,0
85,4,21,NA,NA,NA,0
86,6,22,NA,NA,NA,0
87,6,22,NA,NA,NA,0
88,6,22,NA,NA,NA,0
89,6,22,"E",169,5,0
90,6,22,NA,NA,NA,0
91,6,22,NA,NA,NA,0
92,3,23,NA,NA,NA,0
93,3,23,NA,NA,NA,0
94,3,23,NA,NA,NA,0
95,5,24,NA,NA,NA,0
96,5,24,NA,NA,NA,0
97,5,24,NA,NA,NA,0
98,5,24,NA,NA,NA,0
99,5,24,NA,NA,NA,0
100,4,25,NA,NA,NA,0
101,4,25,NA,NA,NA,0
102,4,25,NA,NA,NA,0
103,4,25,NA,NA,NA,0
104,3,26,NA,NA,NA,0
105,3,26,NA,NA,NA,0
106,3,26,NA,NA,NA,0
107,4,27,NA,NA,NA,0
108,4,27,NA,NA,NA,0
109,4,27,NA,NA,NA,0
110,4,27,NA,NA,NA,0
111,5,28,NA,NA,NA,0
112,5,28,NA,NA,NA,0
113,5,28,NA,NA,NA,0
114,5,28,NA,NA,NA,0
115,5,28,NA,NA,NA,0
116,5,29,NA,NA,NA,0
117,5,29,NA,NA,NA,0
118,5,29,NA,NA,NA,0
119,5,29,NA,NA,NA,0
120,5,29,NA,NA,NA,0
121,6,30,NA,NA,NA,0
122,6,30,NA,NA,NA,0
123,6,30,NA,NA,NA,0
124,6,30,NA,NA,NA,0
125,6,30,NA,NA,NA,0
126,6,30,NA,NA,NA,0
127,3,31,NA,NA,NA,0
128,3,31,NA,NA,NA,0
129,3,31,NA,NA,NA,0
130,5,32,NA,NA,NA,0
131,5,32,NA,NA,NA,0
132,5,32,NA,NA,NA,0
133,5,32,NA,NA,NA,0
134,5,32,NA,NA,NA,0
135,6,33,NA,NA,NA,0
136,6,33,NA,NA,NA,0
137,6,33,NA,NA,NA,0
138,6,33,NA,NA,NA,0
139,6,33,NA,NA,NA,0
140,6,33,NA,NA,NA,0
141,6,34,NA,NA,NA,0
142,6,34,NA,NA,NA,0
143,6,34,NA,NA,NA,0
144,6,34,NA,NA,NA,0
145,6,34,NA,NA,NA,0
146,6,34,NA,NA,NA,0
147,6,35,NA,NA,NA,0
148,6,35,NA,NA,NA,0
149,6,35,NA,NA,NA,0
150,6,35,NA,NA,NA,0
151,6,35,NA,NA,NA,0
152,6,35,NA,NA,NA,0
153,4,36,NA,NA,NA,0
154,4,36,NA,NA,NA,0
155,4,36,NA,NA,NA,0
156,4,36,NA,NA,NA,0
157,6,37,NA,NA,NA,0
158,6,37,NA,NA,NA,0
159,6,37,NA,NA,NA,0
160,6,37,NA,NA,NA,0
161,6,37,NA,NA,NA,0
162,6,37,NA,NA,NA,0
163,5,38,NA,NA,NA,0
164,5,38,NA,NA,NA,0
165,5,38,NA,NA,NA,0
166,5,38,NA,NA,NA,0
167,5,38,NA,NA,NA,0
168,3,39,NA,NA,NA,0
169,3,39,NA,NA,NA,0
170,3,39,NA,NA,NA,0
171,6,40,NA,NA,NA,0
172,6,40,NA,NA,NA,0
173,6,40,NA,NA,NA,0
174,6,40,NA,NA,NA,0
175,6,40,NA,NA,NA,0
176,6,40,NA,NA,NA,0
177,5,41,NA,NA,NA,0
178,5,41,NA,NA,NA,0
179,5,41,NA,NA,NA,0
180,5,41,NA,NA,NA,0
181,5,41,NA,NA,NA,0
182,3,42,NA,NA,NA,0
183,3,42,NA,NA,NA,0
184,3,42,NA,NA,NA,0
185,4,43,NA,NA,NA,0
186,4,43,NA,NA,NA,0
187,4,43,NA,NA,NA,0
188,4,43,NA,NA,NA,0
189,3,44,NA,NA,NA,0
190,3,44,NA,NA,NA,0
191,3,44,NA,NA,NA,0
192,4,45,NA,NA,NA,0
193,4,45,NA,NA,NA,0
194,4,45,NA,NA,NA,0
195,4,45,NA,NA,NA,0
196,4,46,NA,NA,NA,0
197,4,46,NA,NA,NA,0
198,4,46,NA,NA,NA,0
199,4,46,NA,NA,NA,0
200,5,47,NA,NA,NA,0
201,5,47,NA,NA,NA,0
202,5,47,NA,NA,NA,0
203,5,47,NA,NA,NA,0
204,5,47,NA,NA,NA,0
205,5,48,NA,NA,NA,0
206,5,48,NA,NA,NA,0
207,5,48,NA,NA,NA,0
208,5,48,NA,NA,NA,0
209,5,48,NA,NA,NA,0
210,6,49,NA,NA,NA,0
211,6,49,NA,NA,NA,0
212,6,49,NA,NA,NA,0
213,6,49,NA,NA,NA,0
214,6,49,NA,NA,NA,0
215,6,49,NA,NA,NA,0
216,5,50,NA,NA,NA,0
217,5,50,NA,NA,NA,0
218,5,50,NA,NA,NA,0
219,5,50,NA,NA,NA,0
220,5,50,NA,NA,NA,0
221,3,51,NA,NA,NA,0
222,3,51,NA,NA,NA,0
223,3,51,NA,NA,NA,0
224,5,52,"E",193,4,0
225,5,52,NA,NA,NA,0
226,5,52,NA,NA,NA,0
227,5,52,NA,NA,NA,0
228,5,52,NA,NA,NA,0
229,3,53,NA,NA,NA,0
230,3,53,"E",97,2,1
231,3,53,"H",146,1,0
232,3,54,NA,NA,NA,0
233,3,54,NA,NA,NA,0
234,3,54,NA,NA,NA,0
235,5,55,NA,NA,NA,0
236,5,55,NA,NA,NA,0
237,5,55,NA,NA,NA,0
238,5,55,NA,NA,NA,0
239,5,55,NA,NA,NA,0
240,4,56,NA,NA,NA,0
241,4,56,NA,NA,NA,0
242,4,56,NA,NA,NA,0
243,4,56,NA,NA,NA,0
244,6,57,NA,NA,NA,0
245,6,57,NA,NA,NA,0
246,6,57,NA,NA,NA,0
247,6,57,NA,NA,NA,0
248,6,57,NA,NA,NA,0
249,6,57,NA,NA,NA,0
250,4,58,NA,NA,NA,0
251,4,58,NA,NA,NA,0
252,4,58,NA,NA,NA,0
253,4,58,NA,NA,NA,0
254,6,59,NA,NA,NA,0
255,6,59,NA,NA,NA,0
256,6,59,NA,NA,NA,0
257,6,59,NA,NA,NA,0
258,6,59,NA,NA,NA,0
259,6,59,NA,NA,NA,0
260,6,60,NA,NA,NA,0
261,6,60,NA,NA,NA,0
262,6,60,NA,NA,NA,0
263,6,60,NA,NA,NA,0
264,6,60,NA,NA,NA,0
265,6,60,NA,NA,NA,0
266,6,61,NA,NA,NA,0
267,6,61,NA,NA,NA,0
268,6,61,"E",47,5,0
269,6,61,NA,NA,NA,0
270,6,61,NA,NA,NA,0
271,6,61,NA,NA,NA,0
272,5,62,NA,NA,NA,0
273,5,62,NA,NA,NA,0
274,5,62,NA,NA,NA,0
275,5,62,NA,NA,NA,0
276,5,62,NA,NA,NA,0
277,3,63,NA,NA,NA,0
278,3,63,NA,NA,NA,0
279,3,63,NA,NA,NA,0
280,6,64,NA,NA,NA,0
281,6,64,NA,NA,NA,0
282,6,64,NA,NA,NA,0
283,6,64,NA,NA,NA,0
284,6,64,NA,NA,NA,0
285,6,64,NA,NA,NA,0
286,6,65,NA,NA,NA,0
287,6,65,NA,NA,NA,0
288,6,65,NA,NA,NA,0
289,6,65,NA,NA,NA,0
290,6,65,NA,NA,NA,0
291,6,65,NA,NA,NA,0
292,6,66,NA,NA,NA,0
293,6,66,"H",93,4,0
294,6,66,NA,NA,NA,0
295,6,66,"E",221,3,0
296,6,66,NA,NA,NA,0
297,6,66,"E",76,5,1
298,5,67,NA,NA,NA,0
299,5,67,NA,NA,NA,0
300,5,67,NA,NA,NA,0
301,5,67,NA,NA,NA,0
302,5,67,NA,NA,NA,0
303,6,68,NA,NA,NA,0
304,6,68,NA,NA,NA,0
305,6,68,NA,NA,NA,0
306,6,68,NA,NA,NA,0
307,6,68,NA,NA,NA,0
308,6,68,NA,NA,NA,0
309,5,69,NA,NA,NA,0
310,5,69,NA,NA,NA,0
311,5,69,NA,NA,NA,0
312,5,69,NA,NA,NA,0
313,5,69,NA,NA,NA,0
314,3,70,NA,NA,NA,0
315,3,70,NA,NA,NA,0
316,3,70,NA,NA,NA,0
317,5,71,NA,NA,NA,0
318,5,71,NA,NA,NA,0
319,5,71,NA,NA,NA,0
320,5,71,NA,NA,NA,0
321,5,71,NA,NA,NA,0
322,6,72,NA,NA,NA,0
323,6,72,NA,NA,NA,0
324,6,72,NA,NA,NA,0
325,6,72,NA,NA,NA,0
326,6,72,NA,NA,NA,0
327,6,72,NA,NA,NA,0
328,3,73,NA,NA,NA,0
329,3,73,NA,NA,NA,0
330,3,73,NA,NA,NA,0
331,3,74,NA,NA,NA,0
332,3,74,NA,NA,NA,0
333,3,74,NA,NA,NA,0
334,5,75,NA,NA,NA,0
335,5,75,NA,NA,NA,0
336,5,75,NA,NA,NA,0
337,5,75,NA,NA,NA,0
338,5,75,NA,NA,NA,0
339,6,76,NA,NA,NA,0
340,6,76,NA,NA,NA,0
341,6,76,NA,NA,NA,0
342,6,76,NA,NA,NA,0
343,6,76,NA,NA,NA,0
344,6,76,NA,NA,NA,0
345,4,77,NA,NA,NA,0
346,4,77,NA,NA,NA,0
347,4,77,NA,NA,NA,0
348,4,77,NA,NA,NA,0
349,3,78,NA,NA,NA,0
350,3,78,NA,NA,NA,0
351,3,78,NA,NA,NA,0
352,3,79,NA,NA,NA,0
353,3,79,NA,NA,NA,0
354,3,79,NA,NA,NA,0
355,3,80,NA,NA,NA,0
356,3,80,NA,NA,NA,0
357,3,80,NA,NA,NA,0
358,3,81,NA,NA,NA,0
359,3,81,NA,NA,NA,0
360,3,81,NA,NA,NA,0
361,6,82,NA,NA,NA,0
362,6,82,NA,NA,NA,0
363,6,82,NA,NA,NA,0
364,6,82,NA,NA,NA,0
365,6,82,NA,NA,NA,0
366,6,82,NA,NA,NA,0
367,4,83,NA,NA,NA,0
368,4,83,NA,NA,NA,0
369,4,83,NA,NA,NA,0
370,4,83,NA,NA,NA,0
371,4,84,NA,NA,NA,0
372,4,84,NA,NA,NA,0
373,4,84,NA,NA,NA,0
374,4,84,NA,NA,NA,0
375,4,85,NA,NA,NA,0
376,4,85,NA,NA,NA,0
377,4,85,NA,NA,NA,0
378,4,85,NA,NA,NA,0
379,5,86,NA,NA,NA,0
380,5,86,NA,NA,NA,0
381,5,86,NA,NA,NA,0
382,5,86,NA,NA,NA,0
383,5,86,NA,NA,NA,0
384,3,87,NA,NA,NA,0
385,3,87,NA,NA,NA,0
386,3,87,NA,NA,NA,0
387,5,88,NA,NA,NA,0
388,5,88,NA,NA,NA,0
389,5,88,NA,NA,NA,0
390,5,88,NA,NA,NA,0
391,5,88,NA,NA,NA,0
392,3,89,NA,NA,NA,0
393,3,89,NA,NA,NA,0
394,3,89,NA,NA,NA,0
395,5,90,"E",234,4,1
396,5,90,"H",263,3,0
397,5,90,NA,NA,NA,0
398,5,90,NA,NA,NA,0
399,5,90,NA,NA,NA,0
400,5,91,NA,NA,NA,0
401,5,91,NA,NA,NA,0
402,5,91,NA,NA,NA,0
403,5,91,NA,NA,NA,0
404,5,91,NA,NA,NA,0
405,3,92,NA,NA,NA,0
406,3,92,NA,NA,NA,0
407,3,92,NA,NA,NA,0
408,5,93,NA,NA,NA,0
409,5,93,NA,NA,NA,0
410,5,93,NA,NA,NA,0
411,5,93,NA,NA,NA,0
412,5,93,NA,NA,NA,0
413,6,94,NA,NA,NA,0
414,6,94,NA,NA,NA,0
415,6,94,NA,NA,NA,0
416,6,94,NA,NA,NA,0
417,6,94,NA,NA,NA,0
418,6,94,NA,NA,NA,0
419,5,95,NA,NA,NA,0
420,5,95,NA,NA,NA,0
421,5,95,NA,NA,NA,0
422,5,95,NA,NA,NA,0
423,5,95,NA,NA,NA,0
424,4,96,NA,NA,NA,0
425,4,96,NA,NA,NA,0
426,4,96,NA,NA,NA,0
427,4,96,NA,NA,NA,0
428,6,97,NA,NA,NA,0
429,6,97,NA,NA,NA,0
430,6,97,NA,NA,NA,0
431,6,97,NA,NA,NA,0
432,6,97,NA,NA,NA,0
433,6,97,NA,NA,NA,0
434,5,98,NA,NA,NA,0
435,5,98,NA,NA,NA,0
436,5,98,NA,NA,NA,0
437,5,98,NA,NA,NA,0
438,5,98,NA,NA,NA,0
439,5,99,NA,NA,NA,0
440,5,99,NA,NA,NA,0
441,5,99,NA,NA,NA,0
442,5,99,NA,NA,NA,0
443,5,99,NA,NA,NA,0
444,5,100,NA,NA,NA,0
445,5,100,NA,NA,NA,0
446,5,100,NA,NA,NA,0
447,5,100,NA,NA,NA,0
448,5,100,NA,NA,NA,0
449,4,101,NA,NA,NA,0
450,4,101,NA,NA,NA,0
451,4,101,NA,NA,NA,0
452,4,101,NA,NA,NA,0
453,6,102,NA,NA,NA,0
454,6,102,NA,NA,NA,0
455,6,102,NA,NA,NA,0
456,6,102,NA,NA,NA,0
457,6,102,NA,NA,NA,0
458,6,102,NA,NA,NA,0
459,3,103,NA,NA,NA,0
460,3,103,NA,NA,NA,0
461,3,103,NA,NA,NA,0
462,5,104,NA,NA,NA,0
463,5,104,NA,NA,NA,0
464,5,104,NA,NA,NA,0
465,5,104,NA,NA,NA,0
466,5,104,NA,NA,NA,0
467,5,105,NA,NA,NA,0
468,5,105,NA,NA,NA,0
469,5,105,NA,NA,NA,0
470,5,105,NA,NA,NA,0
471,5,105,NA,NA,NA,0
472,3,106,NA,NA,NA,0
473,3,106,NA,NA,NA,0
474,3,106,NA,NA,NA,0
475,4,107,NA,NA,NA,0
476,4,107,NA,NA,NA,0
477,4,107,NA,NA,NA,0
478,4,107,NA,NA,NA,0
479,5,108,NA,NA,NA,0
480,5,108,NA,NA,NA,0
481,5,108,NA,NA,NA,0
482,5,108,NA,NA,NA,0
483,5,108,NA,NA,NA,0
484,4,109,NA,NA,NA,0
485,4,109,NA,NA,NA,0
486,4,109,NA,NA,NA,0
487,4,109,NA,NA,NA,0
488,6,110,NA,NA,NA,0
489,6,110,NA,NA,NA,0
490,6,110,NA,NA,NA,0
491,6,110,NA,NA,NA,0
492,6,110,"E",177,5,0
493,6,110,NA,NA,NA,0
494,3,111,NA,NA,NA,0
495,3,111,NA,NA,NA,0
496,3,111,NA,NA,NA,0
497,4,112,NA,NA,NA,0
498,4,112,NA,NA,NA,0
499,4,112,NA,NA,NA,0
500,4,112,NA,NA,NA,0
501,3,113,NA,NA,NA,0
502,3,113,NA,NA,NA,0
503,3,113,NA,NA,NA,0
504,6,114,NA,NA,NA,0
505,6,114,NA,NA,NA,0
506,6,114,NA,NA,NA,0
507,6,114,NA,NA,NA,0
508,6,114,NA,NA,NA,0
509,6,114,NA,NA,NA,0
510,6,115,NA,NA,NA,0
511,6,115,"E",330,5,1
512,6,115,NA,NA,NA,0
513,6,115,NA,NA,NA,0
514,6,115,"H",365,4,0
515,6,115,NA,NA,NA,0
516,3,116,NA,NA,NA,0
517,3,116,NA,NA,NA,0
518,3,116,NA,NA,NA,0
519,6,117,NA,NA,NA,0
520,6,117,"H",329,2,0
521,6,117,"H",328,2,0
522,6,117,"H",291,2,0
523,6,117,NA,NA,NA,0
524,6,117,"E",264,5,3
525,6,118,NA,NA,NA,0
526,6,118,NA,NA,NA,0
527,6,118,NA,NA,NA,0
528,6,118,NA,NA,NA,0
529,6,118,NA,NA,NA,0
530,6,118,NA,NA,NA,0
531,5,119,NA,NA,NA,0
532,5,119,NA,NA,NA,0
533,5,119,NA,NA,NA,0
534,5,119,NA,NA,NA,0
535,5,119,NA,NA,NA,0
536,4,120,NA,NA,NA,0
537,4,120,NA,NA,NA,0
538,4,120,NA,NA,NA,0
539,4,120,NA,NA,NA,0
540,3,121,NA,NA,NA,0
541,3,121,NA,NA,NA,0
542,3,121,NA,NA,NA,0
543,5,122,NA,NA,NA,0
544,5,122,NA,NA,NA,0
545,5,122,NA,NA,NA,0
546,5,122,NA,NA,NA,0
547,5,122,NA,NA,NA,0
548,3,123,NA,NA,NA,0
549,3,123,NA,NA,NA,0
550,3,123,NA,NA,NA,0
551,5,124,"H",201,2,0
552,5,124,"H",160,3,1
553,5,124,"E",136,4,1
554,5,124,NA,NA,NA,0
555,5,124,NA,NA,NA,0
556,4,125,NA,NA,NA,0
557,4,125,NA,NA,NA,0
558,4,125,NA,NA,NA,0
559,4,125,NA,NA,NA,0
560,6,126,NA,NA,NA,0
561,6,126,NA,NA,NA,0
562,6,126,NA,NA,NA,0
563,6,126,NA,NA,NA,0
564,6,126,NA,NA,NA,0
565,6,126,NA,NA,NA,0
566,5,127,NA,NA,NA,0
567,5,127,NA,NA,NA,0
568,5,127,NA,NA,NA,0
569,5,127,NA,NA,NA,0
570,5,127,NA,NA,NA,0
571,3,128,NA,NA,NA,0
572,3,128,NA,NA,NA,0
573,3,128,NA,NA,NA,0
574,5,129,NA,NA,NA,0
575,5,129,NA,NA,NA,0
576,5,129,NA,NA,NA,0
577,5,129,NA,NA,NA,0
578,5,129,NA,NA,NA,0
579,3,130,NA,NA,NA,0
580,3,130,NA,NA,NA,0
581,3,130,NA,NA,NA,0
582,5,131,"E",93,4,1
583,5,131,"H",112,3,0
584,5,131,NA,NA,NA,0
585,5,131,NA,NA,NA,0
586,5,131,NA,NA,NA,0
587,5,132,NA,NA,NA,0
588,5,132,NA,NA,NA,0
589,5,132,NA,NA,NA,0
590,5,132,NA,NA,NA,0
591,5,132,NA,NA,NA,0
592,5,133,NA,NA,NA,0
593,5,133,NA,NA,NA,0
594,5,133,NA,NA,NA,0
595,5,133,NA,NA,NA,0
596,5,133,NA,NA,NA,0
597,4,134,NA,NA,NA,0
598,4,134,NA,NA,NA,0
599,4,134,NA,NA,NA,0
600,4,134,NA,NA,NA,0
601,6,135,NA,NA,NA,0
602,6,135,NA,NA,NA,0
603,6,135,"H",NA,NA,0
604,6,135,NA,NA,NA,0
605,6,135,"E",354,5,1
606,6,135,NA,NA,NA,0
607,4,136,NA,NA,NA,0
608,4,136,NA,NA,NA,0
609,4,136,NA,NA,NA,0
610,4,136,NA,NA,NA,0
611,6,137,NA,NA,NA,0
612,6,137,NA,NA,NA,0
613,6,137,"E",261,5,0
614,6,137,NA,NA,NA,0
615,6,137,NA,NA,NA,0
616,6,137,NA,NA,NA,0
617,3,138,NA,NA,NA,0
618,3,138,NA,NA,NA,0
619,3,138,NA,NA,NA,0
620,5,139,NA,NA,NA,0
621,5,139,NA,NA,NA,0
622,5,139,NA,NA,NA,0
623,5,139,NA,NA,NA,0
624,5,139,NA,NA,NA,0
625,5,140,"C",233,4,0
626,5,140,NA,NA,NA,0
627,5,140,NA,NA,NA,0
628,5,140,NA,NA,NA,0
629,5,140,NA,NA,NA,0
630,5,141,NA,NA,NA,0
631,5,141,NA,NA,NA,0
632,5,141,NA,NA,NA,0
633,5,141,NA,NA,NA,0
634,5,141,NA,NA,NA,0
635,4,142,NA,NA,NA,0
636,4,142,NA,NA,NA,0
637,4,142,NA,NA,NA,0
638,4,142,NA,NA,NA,0
639,6,143,NA,NA,NA,0
640,6,143,NA,NA,NA,0
641,6,143,NA,NA,NA,0
642,6,143,NA,NA,NA,0
643,6,143,NA,NA,NA,0
644,6,143,NA,NA,NA,0
645,5,144,NA,NA,NA,0
646,5,144,"C",82,4,0
647,5,144,NA,NA,NA,0
648,5,144,NA,NA,NA,0
649,5,144,NA,NA,NA,0
650,6,145,NA,NA,NA,0
651,6,145,NA,NA,NA,0
652,6,145,NA,NA,NA,0
653,6,145,NA,NA,NA,0
654,6,145,NA,NA,NA,0
655,6,145,NA,NA,NA,0
656,5,146,NA,NA,NA,0
657,5,146,NA,NA,NA,0
658,5,146,NA,NA,NA,0
659,5,146,NA,NA,NA,0
660,5,146,NA,NA,NA,0
661,3,147,NA,NA,NA,0
662,3,147,NA,NA,NA,0
663,3,147,NA,NA,NA,0
664,3,148,NA,NA,NA,0
665,3,148,NA,NA,NA,0
666,3,148,NA,NA,NA,0
667,5,149,NA,NA,NA,0
668,5,149,NA,NA,NA,0
669,5,149,NA,NA,NA,0
670,5,149,NA,NA,NA,0
671,5,149,NA,NA,NA,0
672,4,150,NA,NA,NA,0
673,4,150,NA,NA,NA,0
674,4,150,NA,NA,NA,0
675,4,150,NA,NA,NA,0
676,3,151,NA,NA,NA,0
677,3,151,NA,NA,NA,0
678,3,151,NA,NA,NA,0
679,6,152,NA,NA,NA,0
680,6,152,NA,NA,NA,0
681,6,152,NA,NA,NA,0
682,6,152,NA,NA,NA,0
683,6,152,NA,NA,NA,0
684,6,152,NA,NA,NA,0
685,5,153,NA,NA,NA,0
686,5,153,NA,NA,NA,0
687,5,153,NA,NA,NA,0
688,5,153,NA,NA,NA,0
689,5,153,NA,NA,NA,0
690,5,154,NA,NA,NA,0
691,5,154,NA,NA,NA,0
692,5,154,NA,NA,NA,0
693,5,154,NA,NA,NA,0
694,5,154,NA,NA,NA,0
695,4,155,NA,NA,NA,0
696,4,155,NA,NA,NA,0
697,4,155,NA,NA,NA,0
698,4,155,NA,NA,NA,0
699,3,156,NA,NA,NA,0
700,3,156,NA,NA,NA,0
701,3,156,NA,NA,NA,0
702,4,157,NA,NA,NA,0
703,4,157,NA,NA,NA,0
704,4,157,NA,NA,NA,0
705,4,157,NA,NA,NA,0
706,3,158,NA,NA,NA,0
707,3,158,NA,NA,NA,0
708,3,158,NA,NA,NA,0
709,5,159,NA,NA,NA,0
710,5,159,NA,NA,NA,0
711,5,159,NA,NA,NA,0
712,5,159,NA,NA,NA,0
713,5,159,NA,NA,NA,0
714,4,160,NA,NA,NA,0
715,4,160,NA,NA,NA,0
716,4,160,NA,NA,NA,0
717,4,160,NA,NA,NA,0
718,5,161,NA,NA,NA,0
719,5,161,NA,NA,NA,0
720,5,161,NA,NA,NA,0
721,5,161,NA,NA,NA,0
722,5,161,NA,NA,NA,0
723,4,162,NA,NA,NA,0
724,4,162,NA,NA,NA,0
725,4,162,NA,NA,NA,0
726,4,162,NA,NA,NA,0
727,3,163,NA,NA,NA,0
728,3,163,NA,NA,NA,0
729,3,163,NA,NA,NA,0
730,4,164,NA,NA,NA,0
731,4,164,NA,NA,NA,0
732,4,164,NA,NA,NA,0
733,4,164,NA,NA,NA,0
734,3,165,NA,NA,NA,0
735,3,165,NA,NA,NA,0
736,3,165,NA,NA,NA,0
737,3,166,NA,NA,NA,0
738,3,166,NA,NA,NA,0
739,3,166,NA,NA,NA,0
740,3,167,NA,NA,NA,0
741,3,167,NA,NA,NA,0
742,3,167,NA,NA,NA,0
743,6,168,NA,NA,NA,0
744,6,168,NA,NA,NA,0
745,6,168,NA,NA,NA,0
746,6,168,NA,NA,NA,0
747,6,168,"E",308,5,0
748,6,168,NA,NA,NA,0
749,6,169,NA,NA,NA,0
750,6,169,NA,NA,NA,0
751,6,169,NA,NA,NA,0
752,6,169,NA,NA,NA,0
753,6,169,NA,NA,NA,0
754,6,169,NA,NA,NA,0
755,4,170,NA,NA,NA,0
756,4,170,NA,NA,NA,0
757,4,170,NA,NA,NA,0
758,4,170,"E",140,3,0
759,3,171,NA,NA,NA,0
760,3,171,NA,NA,NA,0
761,3,171,NA,NA,NA,0
762,5,172,NA,NA,NA,0
763,5,172,NA,NA,NA,0
764,5,172,NA,NA,NA,0
765,5,172,NA,NA,NA,0
766,5,172,NA,NA,NA,0
767,4,173,NA,NA,NA,0
768,4,173,NA,NA,NA,0
769,4,173,NA,NA,NA,0
770,4,173,NA,NA,NA,0
771,4,174,NA,NA,NA,0
772,4,174,NA,NA,NA,0
773,4,174,NA,NA,NA,0
774,4,174,NA,NA,NA,0
775,4,175,NA,NA,NA,0
776,4,175,NA,NA,NA,0
777,4,175,NA,NA,NA,0
778,4,175,NA,NA,NA,0
779,4,176,NA,NA,NA,0
780,4,176,NA,NA,NA,0
781,4,176,NA,NA,NA,0
782,4,176,NA,NA,NA,0
783,4,177,NA,NA,NA,0
784,4,177,NA,NA,NA,0
785,4,177,NA,NA,NA,0
786,4,177,NA,NA,NA,0
787,6,178,NA,NA,NA,0
788,6,178,NA,NA,NA,0
789,6,178,NA,NA,NA,0
790,6,178,NA,NA,NA,0
791,6,178,NA,NA,NA,0
792,6,178,NA,NA,NA,0
793,5,179,NA,NA,NA,0
794,5,179,NA,NA,NA,0
795,5,179,NA,NA,NA,0
796,5,179,NA,NA,NA,0
797,5,179,NA,NA,NA,0
798,6,180,NA,NA,NA,0
799,6,180,NA,NA,NA,0
800,6,180,NA,NA,NA,0
801,6,180,NA,NA,NA,0
802,6,180,NA,NA,NA,0
803,6,180,NA,NA,NA,0
804,3,181,NA,NA,NA,0
805,3,181,NA,NA,NA,0
806,3,181,NA,NA,NA,0
807,3,182,NA,NA,NA,0
808,3,182,NA,NA,NA,0
809,3,182,NA,NA,NA,0
810,5,183,NA,NA,NA,0
811,5,183,NA,NA,NA,0
812,5,183,NA,NA,NA,0
813,5,183,NA,NA,NA,0
814,5,183,NA,NA,NA,0
815,3,184,NA,NA,NA,0
816,3,184,NA,NA,NA,0
817,3,184,NA,NA,NA,0
818,5,185,NA,NA,NA,0
819,5,185,NA,NA,NA,0
820,5,185,NA,NA,NA,0
821,5,185,NA,NA,NA,0
822,5,185,NA,NA,NA,0
823,3,186,NA,NA,NA,0
824,3,186,NA,NA,NA,0
825,3,186,NA,NA,NA,0
826,5,187,"E",308,4,1
827,5,187,"H",324,3,0
828,5,187,NA,NA,NA,0
829,5,187,NA,NA,NA,0
830,5,187,NA,NA,NA,0
831,3,188,NA,NA,NA,0
832,3,188,NA,NA,NA,0
833,3,188,NA,NA,NA,0
834,5,189,NA,NA,NA,0
835,5,189,NA,NA,NA,0
836,5,189,NA,NA,NA,0
837,5,189,NA,NA,NA,0
838,5,189,NA,NA,NA,0
839,3,190,NA,NA,NA,0
840,3,190,NA,NA,NA,0
841,3,190,NA,NA,NA,0
842,3,191,NA,NA,NA,0
843,3,191,NA,NA,NA,0
844,3,191,NA,NA,NA,0
845,3,192,NA,NA,NA,0
846,3,192,NA,NA,NA,0
847,3,192,NA,NA,NA,0
848,3,193,NA,NA,NA,0
849,3,193,NA,NA,NA,0
850,3,193,NA,NA,NA,0
851,5,194,NA,NA,NA,0
852,5,194,NA,NA,NA,0
853,5,194,NA,NA,NA,0
854,5,194,NA,NA,NA,0
855,5,194,NA,NA,NA,0
856,3,195,NA,NA,NA,0
857,3,195,NA,NA,NA,0
858,3,195,NA,NA,NA,0
859,6,196,NA,NA,NA,0
860,6,196,NA,NA,NA,0
861,6,196,NA,NA,NA,0
862,6,196,NA,NA,NA,0
863,6,196,NA,NA,NA,0
864,6,196,NA,NA,NA,0
865,6,197,NA,NA,NA,0
866,6,197,NA,NA,NA,0
867,6,197,NA,NA,NA,0
868,6,197,NA,NA,NA,0
869,6,197,NA,NA,NA,0
870,6,197,NA,NA,NA,0
871,4,198,NA,NA,NA,0
872,4,198,NA,NA,NA,0
873,4,198,NA,NA,NA,0
874,4,198,NA,NA,NA,0
875,3,199,NA,NA,NA,0
876,3,199,NA,NA,NA,0
877,3,199,NA,NA,NA,0
878,6,200,NA,NA,NA,0
879,6,200,NA,NA,NA,0
880,6,200,NA,NA,NA,0
881,6,200,NA,NA,NA,0
882,6,200,NA,NA,NA,0
883,6,200,NA,NA,NA,0
884,6,201,NA,NA,NA,0
885,6,201,NA,NA,NA,0
886,6,201,NA,NA,NA,0
887,6,201,NA,NA,NA,0
888,6,201,NA,NA,NA,0
889,6,201,NA,NA,NA,0
890,6,202,NA,NA,NA,0
891,6,202,NA,NA,NA,0
892,6,202,NA,NA,NA,0
893,6,202,NA,NA,NA,0
894,6,202,NA,NA,NA,0
895,6,202,NA,NA,NA,0
896,6,203,NA,NA,NA,0
897,6,203,NA,NA,NA,0
898,6,203,NA,NA,NA,0
899,6,203,NA,NA,NA,0
900,6,203,NA,NA,NA,0
901,6,203,NA,NA,NA,0
902,6,204,NA,NA,NA,0
903,6,204,NA,NA,NA,0
904,6,204,NA,NA,NA,0
905,6,204,NA,NA,NA,0
906,6,204,NA,NA,NA,0
907,6,204,NA,NA,NA,0
908,6,205,NA,NA,NA,0
909,6,205,NA,NA,NA,0
910,6,205,NA,NA,NA,0
911,6,205,NA,NA,NA,0
912,6,205,NA,NA,NA,0
913,6,205,NA,NA,NA,0
914,5,206,"H",137,1,0
915,5,206,"H",101,2,1
916,5,206,"H",121,1,0
917,5,206,NA,NA,NA,0
918,5,206,"E",84,4,2
919,4,207,NA,NA,NA,0
920,4,207,NA,NA,NA,0
921,4,207,NA,NA,NA,0
922,4,207,NA,NA,NA,0
923,5,208,NA,NA,NA,0
924,5,208,NA,NA,NA,0
925,5,208,NA,NA,NA,0
926,5,208,NA,NA,NA,0
927,5,208,NA,NA,NA,0
928,6,209,NA,NA,NA,0
929,6,209,NA,NA,NA,0
930,6,209,NA,NA,NA,0
931,6,209,NA,NA,NA,0
932,6,209,NA,NA,NA,0
933,6,209,NA,NA,NA,0
934,6,210,NA,NA,NA,0
935,6,210,NA,NA,NA,0
936,6,210,NA,NA,NA,0
937,6,210,NA,NA,NA,0
938,6,210,NA,NA,NA,0
939,6,210,NA,NA,NA,0
940,6,211,NA,NA,NA,0
941,6,211,NA,NA,NA,0
942,6,211,NA,NA,NA,0
943,6,211,NA,NA,NA,0
944,6,211,NA,NA,NA,0
945,6,211,NA,NA,NA,0
946,4,212,NA,NA,NA,0
947,4,212,NA,NA,NA,0
948,4,212,NA,NA,NA,0
949,4,212,NA,NA,NA,0
950,3,213,NA,NA,NA,0
951,3,213,NA,NA,NA,0
952,3,213,NA,NA,NA,0
953,6,214,NA,NA,NA,0
954,6,214,NA,NA,NA,0
955,6,214,NA,NA,NA,0
956,6,214,NA,NA,NA,0
957,6,214,NA,NA,NA,0
958,6,214,NA,NA,NA,0
959,6,215,NA,NA,NA,0
960,6,215,NA,NA,NA,0
961,6,215,NA,NA,NA,0
962,6,215,NA,NA,NA,0
963,6,215,NA,NA,NA,0
964,6,215,NA,NA,NA,0
965,5,216,NA,NA,NA,0
966,5,216,NA,NA,NA,0
967,5,216,NA,NA,NA,0
968,5,216,NA,NA,NA,0
969,5,216,NA,NA,NA,0
970,4,217,NA,NA,NA,0
971,4,217,NA,NA,NA,0
972,4,217,NA,NA,NA,0
973,4,217,NA,NA,NA,0
974,3,218,NA,NA,NA,0
975,3,218,"H",103,1,0
976,3,218,"E",47,2,1
977,4,219,NA,NA,NA,0
978,4,219,NA,NA,NA,0
979,4,219,NA,NA,NA,0
980,4,219,NA,NA,NA,0
981,6,220,NA,NA,NA,0
982,6,220,NA,NA,NA,0
983,6,220,NA,NA,NA,0
984,6,220,NA,NA,NA,0
985,6,220,NA,NA,NA,0
986,6,220,NA,NA,NA,0
987,4,221,NA,NA,NA,0
988,4,221,NA,NA,NA,0
989,4,221,NA,NA,NA,0
990,4,221,NA,NA,NA,0
991,6,222,NA,NA,NA,0
992,6,222,NA,NA,NA,0
993,6,222,NA,NA,NA,0
994,6,222,NA,NA,NA,0
995,6,222,NA,NA,NA,0
996,6,222,NA,NA,NA,0
997,4,223,NA,NA,NA,0
998,4,223,NA,NA,NA,0
999,4,223,NA,NA,NA,0
1000,4,223,NA,NA,NA,0
