"ID","SIZE","HH","TYPE","TIME","S_NUM","I_NUM"
1,5,1,"0",NA,NA,0
2,5,1,NA,NA,NA,0
3,5,1,NA,NA,NA,0
4,5,1,NA,NA,NA,0
5,5,1,NA,NA,NA,0
6,4,2,NA,NA,NA,0
7,4,2,NA,NA,NA,0
8,4,2,NA,NA,NA,0
9,4,2,NA,NA,NA,0
10,4,3,NA,NA,NA,0
11,4,3,NA,NA,NA,0
12,4,3,NA,NA,NA,0
13,4,3,NA,NA,NA,0
14,4,4,"H",109,0,0
15,4,4,"H",76,2,2
16,4,4,"H",124,0,0
17,4,4,"E",38,3,1
18,6,5,NA,NA,NA,0
19,6,5,NA,NA,NA,0
20,6,5,NA,NA,NA,0
21,6,5,NA,NA,NA,0
22,6,5,NA,NA,NA,0
23,6,5,NA,NA,NA,0
24,6,6,NA,NA,NA,0
25,6,6,NA,NA,NA,0
26,6,6,NA,NA,NA,0
27,6,6,NA,NA,NA,0
28,6,6,NA,NA,NA,0
29,6,6,NA,NA,NA,0
30,4,7,NA,NA,NA,0
31,4,7,NA,NA,NA,0
32,4,7,NA,NA,NA,0
33,4,7,NA,NA,NA,0
34,6,8,NA,NA,NA,0
35,6,8,NA,NA,NA,0
36,6,8,NA,NA,NA,0
37,6,8,NA,NA,NA,0
38,6,8,NA,NA,NA,0
39,6,8,NA,NA,NA,0
40,3,9,NA,NA,NA,0
41,3,9,NA,NA,NA,0
42,3,9,NA,NA,NA,0
43,5,10,NA,NA,NA,0
44,5,10,NA,NA,NA,0
45,5,10,NA,NA,NA,0
46,5,10,NA,NA,NA,0
47,5,10,NA,NA,NA,0
48,6,11,NA,NA,NA,0
49,6,11,NA,NA,NA,0
50,6,11,NA,NA,NA,0
51,6,11,NA,NA,NA,0
52,6,11,NA,NA,NA,0
53,6,11,NA,NA,NA,0
54,5,12,NA,NA,NA,0
55,5,12,NA,NA,NA,0
56,5,12,NA,NA,NA,0
57,5,12,NA,NA,NA,0
58,5,12,NA,NA,NA,0
59,3,13,NA,NA,NA,0
60,3,13,NA,NA,NA,0
61,3,13,NA,NA,NA,0
62,5,14,NA,NA,NA,0
63,5,14,NA,NA,NA,0
64,5,14,NA,NA,NA,0
65,5,14,NA,NA,NA,0
66,5,14,NA,NA,NA,0
67,6,15,NA,NA,NA,0
68,6,15,NA,NA,NA,0
69,6,15,NA,NA,NA,0
70,6,15,NA,NA,NA,0
71,6,15,NA,NA,NA,0
72,6,15,NA,NA,NA,0
73,5,16,NA,NA,NA,0
74,5,16,NA,NA,NA,0
75,5,16,NA,NA,NA,0
76,5,16,NA,NA,NA,0
77,5,16,NA,NA,NA,0
78,5,17,NA,NA,NA,0
79,5,17,NA,NA,NA,0
80,5,17,NA,NA,NA,0
81,5,17,NA,NA,NA,0
82,5,17,NA,NA,NA,0
83,6,18,NA,NA,NA,0
84,6,18,NA,NA,NA,0
85,6,18,NA,NA,NA,0
86,6,18,NA,NA,NA,0
87,6,18,NA,NA,NA,0
88,6,18,NA,NA,NA,0
89,5,19,NA,NA,NA,0
90,5,19,NA,NA,NA,0
91,5,19,NA,NA,NA,0
92,5,19,NA,NA,NA,0
93,5,19,NA,NA,NA,0
94,5,20,NA,NA,NA,0
95,5,20,NA,NA,NA,0
96,5,20,NA,NA,NA,0
97,5,20,NA,NA,NA,0
98,5,20,NA,NA,NA,0
99,6,21,NA,NA,NA,0
100,6,21,NA,NA,NA,0
101,6,21,NA,NA,NA,0
102,6,21,NA,NA,NA,0
103,6,21,NA,NA,NA,0
104,6,21,NA,NA,NA,0
105,3,22,NA,NA,NA,0
106,3,22,NA,NA,NA,0
107,3,22,NA,NA,NA,0
108,3,23,NA,NA,NA,0
109,3,23,NA,NA,NA,0
110,3,23,NA,NA,NA,0
111,6,24,NA,NA,NA,0
112,6,24,NA,NA,NA,0
113,6,24,NA,NA,NA,0
114,6,24,NA,NA,NA,0
115,6,24,NA,NA,NA,0
116,6,24,NA,NA,NA,0
117,3,25,NA,NA,NA,0
118,3,25,NA,NA,NA,0
119,3,25,"E",91,2,0
120,3,26,NA,NA,NA,0
121,3,26,NA,NA,NA,0
122,3,26,NA,NA,NA,0
123,6,27,NA,NA,NA,0
124,6,27,NA,NA,NA,0
125,6,27,NA,NA,NA,0
126,6,27,NA,NA,NA,0
127,6,27,NA,NA,NA,0
128,6,27,NA,NA,NA,0
129,4,28,NA,NA,NA,0
130,4,28,NA,NA,NA,0
131,4,28,NA,NA,NA,0
132,4,28,NA,NA,NA,0
133,4,29,NA,NA,NA,0
134,4,29,NA,NA,NA,0
135,4,29,NA,NA,NA,0
136,4,29,NA,NA,NA,0
137,4,30,NA,NA,NA,0
138,4,30,NA,NA,NA,0
139,4,30,NA,NA,NA,0
140,4,30,NA,NA,NA,0
141,5,31,NA,NA,NA,0
142,5,31,NA,NA,NA,0
143,5,31,NA,NA,NA,0
144,5,31,NA,NA,NA,0
145,5,31,NA,NA,NA,0
146,6,32,NA,NA,NA,0
147,6,32,NA,NA,NA,0
148,6,32,NA,NA,NA,0
149,6,32,NA,NA,NA,0
150,6,32,NA,NA,NA,0
151,6,32,NA,NA,NA,0
152,4,33,NA,NA,NA,0
153,4,33,NA,NA,NA,0
154,4,33,NA,NA,NA,0
155,4,33,NA,NA,NA,0
156,6,34,NA,NA,NA,0
157,6,34,NA,NA,NA,0
158,6,34,NA,NA,NA,0
159,6,34,NA,NA,NA,0
160,6,34,NA,NA,NA,0
161,6,34,NA,NA,NA,0
162,6,35,NA,NA,NA,0
163,6,35,NA,NA,NA,0
164,6,35,NA,NA,NA,0
165,6,35,NA,NA,NA,0
166,6,35,NA,NA,NA,0
167,6,35,NA,NA,NA,0
168,5,36,NA,NA,NA,0
169,5,36,NA,NA,NA,0
170,5,36,NA,NA,NA,0
171,5,36,"E",304,4,0
172,5,36,NA,NA,NA,0
173,5,37,NA,NA,NA,0
174,5,37,NA,NA,NA,0
175,5,37,NA,NA,NA,0
176,5,37,NA,NA,NA,0
177,5,37,NA,NA,NA,0
178,6,38,NA,NA,NA,0
179,6,38,"E",NA,NA,0
180,6,38,NA,NA,NA,0
181,6,38,NA,NA,NA,0
182,6,38,NA,NA,NA,0
183,6,38,NA,NA,NA,0
184,6,39,NA,NA,NA,0
185,6,39,NA,NA,NA,0
186,6,39,NA,NA,NA,0
187,6,39,NA,NA,NA,0
188,6,39,NA,NA,NA,0
189,6,39,NA,NA,NA,0
190,4,40,NA,NA,NA,0
191,4,40,NA,NA,NA,0
192,4,40,NA,NA,NA,0
193,4,40,NA,NA,NA,0
194,6,41,NA,NA,NA,0
195,6,41,NA,NA,NA,0
196,6,41,NA,NA,NA,0
197,6,41,NA,NA,NA,0
198,6,41,NA,NA,NA,0
199,6,41,NA,NA,NA,0
200,3,42,NA,NA,NA,0
201,3,42,NA,NA,NA,0
202,3,42,NA,NA,NA,0
203,4,43,NA,NA,NA,0
204,4,43,NA,NA,NA,0
205,4,43,NA,NA,NA,0
206,4,43,NA,NA,NA,0
207,5,44,NA,NA,NA,0
208,5,44,"E",68,4,0
209,5,44,NA,NA,NA,0
210,5,44,NA,NA,NA,0
211,5,44,"E",215,3,0
212,5,45,NA,NA,NA,0
213,5,45,NA,NA,NA,0
214,5,45,NA,NA,NA,0
215,5,45,NA,NA,NA,0
216,5,45,NA,NA,NA,0
217,5,46,NA,NA,NA,0
218,5,46,NA,NA,NA,0
219,5,46,NA,NA,NA,0
220,5,46,NA,NA,NA,0
221,5,46,NA,NA,NA,0
222,6,47,NA,NA,NA,0
223,6,47,NA,NA,NA,0
224,6,47,NA,NA,NA,0
225,6,47,NA,NA,NA,0
226,6,47,NA,NA,NA,0
227,6,47,NA,NA,NA,0
228,5,48,NA,NA,NA,0
229,5,48,NA,NA,NA,0
230,5,48,NA,NA,NA,0
231,5,48,NA,NA,NA,0
232,5,48,"E",68,4,0
233,3,49,NA,NA,NA,0
234,3,49,NA,NA,NA,0
235,3,49,NA,NA,NA,0
236,4,50,NA,NA,NA,0
237,4,50,NA,NA,NA,0
238,4,50,NA,NA,NA,0
239,4,50,NA,NA,NA,0
240,4,51,NA,NA,NA,0
241,4,51,NA,NA,NA,0
242,4,51,NA,NA,NA,0
243,4,51,NA,NA,NA,0
244,5,52,NA,NA,NA,0
245,5,52,NA,NA,NA,0
246,5,52,NA,NA,NA,0
247,5,52,NA,NA,NA,0
248,5,52,NA,NA,NA,0
249,3,53,NA,NA,NA,0
250,3,53,NA,NA,NA,0
251,3,53,NA,NA,NA,0
252,5,54,NA,NA,NA,0
253,5,54,NA,NA,NA,0
254,5,54,NA,NA,NA,0
255,5,54,NA,NA,NA,0
256,5,54,NA,NA,NA,0
257,3,55,NA,NA,NA,0
258,3,55,NA,NA,NA,0
259,3,55,NA,NA,NA,0
260,6,56,NA,NA,NA,0
261,6,56,NA,NA,NA,0
262,6,56,NA,NA,NA,0
263,6,56,NA,NA,NA,0
264,6,56,NA,NA,NA,0
265,6,56,NA,NA,NA,0
266,5,57,NA,NA,NA,0
267,5,57,NA,NA,NA,0
268,5,57,NA,NA,NA,0
269,5,57,NA,NA,NA,0
270,5,57,NA,NA,NA,0
271,5,58,NA,NA,NA,0
272,5,58,NA,NA,NA,0
273,5,58,NA,NA,NA,0
274,5,58,NA,NA,NA,0
275,5,58,NA,NA,NA,0
276,5,59,NA,NA,NA,0
277,5,59,NA,NA,NA,0
278,5,59,NA,NA,NA,0
279,5,59,NA,NA,NA,0
280,5,59,NA,NA,NA,0
281,5,60,NA,NA,NA,0
282,5,60,NA,NA,NA,0
283,5,60,NA,NA,NA,0
284,5,60,NA,NA,NA,0
285,5,60,NA,NA,NA,0
286,4,61,NA,NA,NA,0
287,4,61,NA,NA,NA,0
288,4,61,NA,NA,NA,0
289,4,61,"E",315,3,0
290,5,62,NA,NA,NA,0
291,5,62,NA,NA,NA,0
292,5,62,NA,NA,NA,0
293,5,62,NA,NA,NA,0
294,5,62,NA,NA,NA,0
295,5,63,NA,NA,NA,0
296,5,63,NA,NA,NA,0
297,5,63,NA,NA,NA,0
298,5,63,NA,NA,NA,0
299,5,63,NA,NA,NA,0
300,5,64,NA,NA,NA,0
301,5,64,NA,NA,NA,0
302,5,64,NA,NA,NA,0
303,5,64,NA,NA,NA,0
304,5,64,NA,NA,NA,0
305,6,65,NA,NA,NA,0
306,6,65,NA,NA,NA,0
307,6,65,NA,NA,NA,0
308,6,65,NA,NA,NA,0
309,6,65,NA,NA,NA,0
310,6,65,NA,NA,NA,0
311,6,66,NA,NA,NA,0
312,6,66,NA,NA,NA,0
313,6,66,NA,NA,NA,0
314,6,66,NA,NA,NA,0
315,6,66,NA,NA,NA,0
316,6,66,NA,NA,NA,0
317,5,67,NA,NA,NA,0
318,5,67,NA,NA,NA,0
319,5,67,NA,NA,NA,0
320,5,67,NA,NA,NA,0
321,5,67,NA,NA,NA,0
322,3,68,NA,NA,NA,0
323,3,68,NA,NA,NA,0
324,3,68,NA,NA,NA,0
325,3,69,NA,NA,NA,0
326,3,69,NA,NA,NA,0
327,3,69,NA,NA,NA,0
328,4,70,NA,NA,NA,0
329,4,70,NA,NA,NA,0
330,4,70,NA,NA,NA,0
331,4,70,NA,NA,NA,0
332,4,71,NA,NA,NA,0
333,4,71,NA,NA,NA,0
334,4,71,NA,NA,NA,0
335,4,71,NA,NA,NA,0
336,3,72,NA,NA,NA,0
337,3,72,NA,NA,NA,0
338,3,72,NA,NA,NA,0
339,6,73,NA,NA,NA,0
340,6,73,NA,NA,NA,0
341,6,73,NA,NA,NA,0
342,6,73,NA,NA,NA,0
343,6,73,NA,NA,NA,0
344,6,73,NA,NA,NA,0
345,5,74,NA,NA,NA,0
346,5,74,NA,NA,NA,0
347,5,74,NA,NA,NA,0
348,5,74,NA,NA,NA,0
349,5,74,NA,NA,NA,0
350,5,75,NA,NA,NA,0
351,5,75,NA,NA,NA,0
352,5,75,NA,NA,NA,0
353,5,75,NA,NA,NA,0
354,5,75,NA,NA,NA,0
355,3,76,NA,NA,NA,0
356,3,76,NA,NA,NA,0
357,3,76,NA,NA,NA,0
358,3,77,NA,NA,NA,0
359,3,77,NA,NA,NA,0
360,3,77,NA,NA,NA,0
361,3,78,NA,NA,NA,0
362,3,78,NA,NA,NA,0
363,3,78,NA,NA,NA,0
364,5,79,NA,NA,NA,0
365,5,79,NA,NA,NA,0
366,5,79,NA,NA,NA,0
367,5,79,NA,NA,NA,0
368,5,79,NA,NA,NA,0
369,4,80,NA,NA,NA,0
370,4,80,NA,NA,NA,0
371,4,80,NA,NA,NA,0
372,4,80,NA,NA,NA,0
373,3,81,NA,NA,NA,0
374,3,81,NA,NA,NA,0
375,3,81,NA,NA,NA,0
376,6,82,NA,NA,NA,0
377,6,82,"H",286,2,0
378,6,82,"E",220,5,2
379,6,82,"H",240,3,1
380,6,82,"H",276,2,0
381,6,82,NA,NA,NA,0
382,4,83,NA,NA,NA,0
383,4,83,NA,NA,NA,0
384,4,83,NA,NA,NA,0
385,4,83,NA,NA,NA,0
386,4,84,NA,NA,NA,0
387,4,84,NA,NA,NA,0
388,4,84,NA,NA,NA,0
389,4,84,NA,NA,NA,0
390,3,85,NA,NA,NA,0
391,3,85,NA,NA,NA,0
392,3,85,NA,NA,NA,0
393,4,86,NA,NA,NA,0
394,4,86,NA,NA,NA,0
395,4,86,NA,NA,NA,0
396,4,86,NA,NA,NA,0
397,6,87,"E",109,5,0
398,6,87,NA,NA,NA,0
399,6,87,NA,NA,NA,0
400,6,87,"H",211,3,0
401,6,87,NA,NA,NA,0
402,6,87,"E",180,4,1
403,5,88,NA,NA,NA,0
404,5,88,NA,NA,NA,0
405,5,88,NA,NA,NA,0
406,5,88,NA,NA,NA,0
407,5,88,NA,NA,NA,0
408,6,89,NA,NA,NA,0
409,6,89,NA,NA,NA,0
410,6,89,NA,NA,NA,0
411,6,89,NA,NA,NA,0
412,6,89,NA,NA,NA,0
413,6,89,NA,NA,NA,0
414,5,90,NA,NA,NA,0
415,5,90,NA,NA,NA,0
416,5,90,NA,NA,NA,0
417,5,90,NA,NA,NA,0
418,5,90,NA,NA,NA,0
419,5,91,NA,NA,NA,0
420,5,91,NA,NA,NA,0
421,5,91,NA,NA,NA,0
422,5,91,NA,NA,NA,0
423,5,91,NA,NA,NA,0
424,3,92,NA,NA,NA,0
425,3,92,NA,NA,NA,0
426,3,92,NA,NA,NA,0
427,3,93,NA,NA,NA,0
428,3,93,NA,NA,NA,0
429,3,93,NA,NA,NA,0
430,3,94,NA,NA,NA,0
431,3,94,NA,NA,NA,0
432,3,94,NA,NA,NA,0
433,5,95,NA,NA,NA,0
434,5,95,NA,NA,NA,0
435,5,95,NA,NA,NA,0
436,5,95,NA,NA,NA,0
437,5,95,NA,NA,NA,0
438,5,96,NA,NA,NA,0
439,5,96,NA,NA,NA,0
440,5,96,"E",300,4,1
441,5,96,"H",355,3,0
442,5,96,NA,NA,NA,0
443,4,97,NA,NA,NA,0
444,4,97,NA,NA,NA,0
445,4,97,NA,NA,NA,0
446,4,97,"E",98,3,0
447,3,98,NA,NA,NA,0
448,3,98,NA,NA,NA,0
449,3,98,NA,NA,NA,0
450,6,99,NA,NA,NA,0
451,6,99,NA,NA,NA,0
452,6,99,NA,NA,NA,0
453,6,99,NA,NA,NA,0
454,6,99,NA,NA,NA,0
455,6,99,NA,NA,NA,0
456,4,100,NA,NA,NA,0
457,4,100,NA,NA,NA,0
458,4,100,NA,NA,NA,0
459,4,100,NA,NA,NA,0
460,3,101,NA,NA,NA,0
461,3,101,NA,NA,NA,0
462,3,101,NA,NA,NA,0
463,3,102,NA,NA,NA,0
464,3,102,NA,NA,NA,0
465,3,102,NA,NA,NA,0
466,4,103,NA,NA,NA,0
467,4,103,NA,NA,NA,0
468,4,103,NA,NA,NA,0
469,4,103,NA,NA,NA,0
470,3,104,NA,NA,NA,0
471,3,104,NA,NA,NA,0
472,3,104,NA,NA,NA,0
473,4,105,NA,NA,NA,0
474,4,105,NA,NA,NA,0
475,4,105,NA,NA,NA,0
476,4,105,NA,NA,NA,0
477,3,106,"E",242,2,0
478,3,106,NA,NA,NA,0
479,3,106,NA,NA,NA,0
480,4,107,NA,NA,NA,0
481,4,107,NA,NA,NA,0
482,4,107,NA,NA,NA,0
483,4,107,NA,NA,NA,0
484,4,108,NA,NA,NA,0
485,4,108,NA,NA,NA,0
486,4,108,NA,NA,NA,0
487,4,108,NA,NA,NA,0
488,5,109,NA,NA,NA,0
489,5,109,NA,NA,NA,0
490,5,109,NA,NA,NA,0
491,5,109,NA,NA,NA,0
492,5,109,NA,NA,NA,0
493,6,110,NA,NA,NA,0
494,6,110,"H",NA,NA,0
495,6,110,"H",342,3,1
496,6,110,"H",353,2,0
497,6,110,NA,NA,NA,0
498,6,110,"E",296,5,2
499,4,111,NA,NA,NA,0
500,4,111,NA,NA,NA,0
501,4,111,NA,NA,NA,0
502,4,111,NA,NA,NA,0
503,4,112,NA,NA,NA,0
504,4,112,NA,NA,NA,0
505,4,112,NA,NA,NA,0
506,4,112,NA,NA,NA,0
507,3,113,NA,NA,NA,0
508,3,113,NA,NA,NA,0
509,3,113,NA,NA,NA,0
510,3,114,NA,NA,NA,0
511,3,114,NA,NA,NA,0
512,3,114,NA,NA,NA,0
513,4,115,NA,NA,NA,0
514,4,115,NA,NA,NA,0
515,4,115,NA,NA,NA,0
516,4,115,NA,NA,NA,0
517,4,116,NA,NA,NA,0
518,4,116,NA,NA,NA,0
519,4,116,NA,NA,NA,0
520,4,116,NA,NA,NA,0
521,6,117,NA,NA,NA,0
522,6,117,NA,NA,NA,0
523,6,117,NA,NA,NA,0
524,6,117,NA,NA,NA,0
525,6,117,NA,NA,NA,0
526,6,117,NA,NA,NA,0
527,4,118,NA,NA,NA,0
528,4,118,NA,NA,NA,0
529,4,118,NA,NA,NA,0
530,4,118,NA,NA,NA,0
531,5,119,NA,NA,NA,0
532,5,119,NA,NA,NA,0
533,5,119,NA,NA,NA,0
534,5,119,NA,NA,NA,0
535,5,119,NA,NA,NA,0
536,6,120,NA,NA,NA,0
537,6,120,NA,NA,NA,0
538,6,120,NA,NA,NA,0
539,6,120,NA,NA,NA,0
540,6,120,NA,NA,NA,0
541,6,120,NA,NA,NA,0
542,6,121,NA,NA,NA,0
543,6,121,NA,NA,NA,0
544,6,121,NA,NA,NA,0
545,6,121,NA,NA,NA,0
546,6,121,NA,NA,NA,0
547,6,121,NA,NA,NA,0
548,4,122,NA,NA,NA,0
549,4,122,NA,NA,NA,0
550,4,122,NA,NA,NA,0
551,4,122,NA,NA,NA,0
552,6,123,NA,NA,NA,0
553,6,123,NA,NA,NA,0
554,6,123,NA,NA,NA,0
555,6,123,NA,NA,NA,0
556,6,123,NA,NA,NA,0
557,6,123,NA,NA,NA,0
558,4,124,NA,NA,NA,0
559,4,124,NA,NA,NA,0
560,4,124,NA,NA,NA,0
561,4,124,NA,NA,NA,0
562,4,125,NA,NA,NA,0
563,4,125,NA,NA,NA,0
564,4,125,NA,NA,NA,0
565,4,125,NA,NA,NA,0
566,5,126,NA,NA,NA,0
567,5,126,NA,NA,NA,0
568,5,126,NA,NA,NA,0
569,5,126,NA,NA,NA,0
570,5,126,NA,NA,NA,0
571,3,127,NA,NA,NA,0
572,3,127,NA,NA,NA,0
573,3,127,NA,NA,NA,0
574,6,128,NA,NA,NA,0
575,6,128,NA,NA,NA,0
576,6,128,NA,NA,NA,0
577,6,128,NA,NA,NA,0
578,6,128,NA,NA,NA,0
579,6,128,NA,NA,NA,0
580,3,129,NA,NA,NA,0
581,3,129,NA,NA,NA,0
582,3,129,NA,NA,NA,0
583,5,130,NA,NA,NA,0
584,5,130,NA,NA,NA,0
585,5,130,NA,NA,NA,0
586,5,130,NA,NA,NA,0
587,5,130,NA,NA,NA,0
588,6,131,NA,NA,NA,0
589,6,131,"H",98,2,0
590,6,131,NA,NA,NA,0
591,6,131,"H",60,4,2
592,6,131,"H",105,2,0
593,6,131,"E",33,5,1
594,3,132,NA,NA,NA,0
595,3,132,NA,NA,NA,0
596,3,132,NA,NA,NA,0
597,6,133,"H",234,3,0
598,6,133,"E",140,5,1
599,6,133,NA,NA,NA,0
600,6,133,NA,NA,NA,0
601,6,133,"H",194,4,1
602,6,133,NA,NA,NA,0
603,6,134,NA,NA,NA,0
604,6,134,NA,NA,NA,0
605,6,134,NA,NA,NA,0
606,6,134,NA,NA,NA,0
607,6,134,NA,NA,NA,0
608,6,134,NA,NA,NA,0
609,3,135,"E",261,2,0
610,3,135,NA,NA,NA,0
611,3,135,NA,NA,NA,0
612,6,136,NA,NA,NA,0
613,6,136,NA,NA,NA,0
614,6,136,NA,NA,NA,0
615,6,136,NA,NA,NA,0
616,6,136,NA,NA,NA,0
617,6,136,NA,NA,NA,0
618,5,137,NA,NA,NA,0
619,5,137,NA,NA,NA,0
620,5,137,NA,NA,NA,0
621,5,137,NA,NA,NA,0
622,5,137,NA,NA,NA,0
623,3,138,NA,NA,NA,0
624,3,138,"C",314,2,0
625,3,138,NA,NA,NA,0
626,3,139,NA,NA,NA,0
627,3,139,NA,NA,NA,0
628,3,139,NA,NA,NA,0
629,5,140,NA,NA,NA,0
630,5,140,NA,NA,NA,0
631,5,140,NA,NA,NA,0
632,5,140,NA,NA,NA,0
633,5,140,NA,NA,NA,0
634,6,141,NA,NA,NA,0
635,6,141,NA,NA,NA,0
636,6,141,NA,NA,NA,0
637,6,141,NA,NA,NA,0
638,6,141,NA,NA,NA,0
639,6,141,NA,NA,NA,0
640,3,142,NA,NA,NA,0
641,3,142,NA,NA,NA,0
642,3,142,NA,NA,NA,0
643,3,143,NA,NA,NA,0
644,3,143,NA,NA,NA,0
645,3,143,NA,NA,NA,0
646,6,144,"H",165,1,1
647,6,144,"H",110,4,1
648,6,144,"E",87,5,1
649,6,144,"H",140,3,2
650,6,144,"H",157,1,0
651,6,144,"H",190,0,0
652,6,145,NA,NA,NA,0
653,6,145,NA,NA,NA,0
654,6,145,NA,NA,NA,0
655,6,145,NA,NA,NA,0
656,6,145,NA,NA,NA,0
657,6,145,NA,NA,NA,0
658,4,146,NA,NA,NA,0
659,4,146,NA,NA,NA,0
660,4,146,NA,NA,NA,0
661,4,146,NA,NA,NA,0
662,4,147,NA,NA,NA,0
663,4,147,NA,NA,NA,0
664,4,147,NA,NA,NA,0
665,4,147,NA,NA,NA,0
666,3,148,NA,NA,NA,0
667,3,148,NA,NA,NA,0
668,3,148,NA,NA,NA,0
669,3,149,NA,NA,NA,0
670,3,149,NA,NA,NA,0
671,3,149,NA,NA,NA,0
672,5,150,NA,NA,NA,0
673,5,150,NA,NA,NA,0
674,5,150,NA,NA,NA,0
675,5,150,NA,NA,NA,0
676,5,150,NA,NA,NA,0
677,6,151,NA,NA,NA,0
678,6,151,NA,NA,NA,0
679,6,151,NA,NA,NA,0
680,6,151,NA,NA,NA,0
681,6,151,NA,NA,NA,0
682,6,151,NA,NA,NA,0
683,5,152,NA,NA,NA,0
684,5,152,NA,NA,NA,0
685,5,152,NA,NA,NA,0
686,5,152,NA,NA,NA,0
687,5,152,NA,NA,NA,0
688,4,153,NA,NA,NA,0
689,4,153,NA,NA,NA,0
690,4,153,NA,NA,NA,0
691,4,153,NA,NA,NA,0
692,5,154,NA,NA,NA,0
693,5,154,NA,NA,NA,0
694,5,154,NA,NA,NA,0
695,5,154,NA,NA,NA,0
696,5,154,NA,NA,NA,0
697,3,155,"E",82,2,1
698,3,155,NA,NA,NA,0
699,3,155,"H",133,1,0
700,6,156,NA,NA,NA,0
701,6,156,NA,NA,NA,0
702,6,156,"E",265,5,0
703,6,156,NA,NA,NA,0
704,6,156,NA,NA,NA,0
705,6,156,NA,NA,NA,0
706,3,157,NA,NA,NA,0
707,3,157,NA,NA,NA,0
708,3,157,NA,NA,NA,0
709,6,158,"E",268,5,3
710,6,158,"H",291,2,0
711,6,158,NA,NA,NA,0
712,6,158,NA,NA,NA,0
713,6,158,"H",296,2,0
714,6,158,"H",306,2,0
715,4,159,NA,NA,NA,0
716,4,159,NA,NA,NA,0
717,4,159,NA,NA,NA,0
718,4,159,NA,NA,NA,0
719,5,160,NA,NA,NA,0
720,5,160,NA,NA,NA,0
721,5,160,NA,NA,NA,0
722,5,160,NA,NA,NA,0
723,5,160,NA,NA,NA,0
724,3,161,NA,NA,NA,0
725,3,161,NA,NA,NA,0
726,3,161,NA,NA,NA,0
727,5,162,NA,NA,NA,0
728,5,162,NA,NA,NA,0
729,5,162,NA,NA,NA,0
730,5,162,NA,NA,NA,0
731,5,162,NA,NA,NA,0
732,4,163,NA,NA,NA,0
733,4,163,NA,NA,NA,0
734,4,163,NA,NA,NA,0
735,4,163,NA,NA,NA,0
736,4,164,NA,NA,NA,0
737,4,164,NA,NA,NA,0
738,4,164,NA,NA,NA,0
739,4,164,NA,NA,NA,0
740,3,165,NA,NA,NA,0
741,3,165,NA,NA,NA,0
742,3,165,NA,NA,NA,0
743,5,166,NA,NA,NA,0
744,5,166,NA,NA,NA,0
745,5,166,NA,NA,NA,0
746,5,166,NA,NA,NA,0
747,5,166,NA,NA,NA,0
748,5,167,NA,NA,NA,0
749,5,167,NA,NA,NA,0
750,5,167,NA,NA,NA,0
751,5,167,NA,NA,NA,0
752,5,167,NA,NA,NA,0
753,4,168,NA,NA,NA,0
754,4,168,NA,NA,NA,0
755,4,168,NA,NA,NA,0
756,4,168,NA,NA,NA,0
757,3,169,NA,NA,NA,0
758,3,169,NA,NA,NA,0
759,3,169,NA,NA,NA,0
760,3,170,NA,NA,NA,0
761,3,170,NA,NA,NA,0
762,3,170,NA,NA,NA,0
763,6,171,"E",345,5,2
764,6,171,"H",NA,NA,0
765,6,171,NA,NA,NA,0
766,6,171,"H",NA,NA,0
767,6,171,NA,NA,NA,0
768,6,171,NA,NA,NA,0
769,3,172,NA,NA,NA,0
770,3,172,"H",363,1,0
771,3,172,"E",321,2,1
772,4,173,NA,NA,NA,0
773,4,173,NA,NA,NA,0
774,4,173,NA,NA,NA,0
775,4,173,NA,NA,NA,0
776,5,174,NA,NA,NA,0
777,5,174,NA,NA,NA,0
778,5,174,NA,NA,NA,0
779,5,174,NA,NA,NA,0
780,5,174,NA,NA,NA,0
781,5,175,NA,NA,NA,0
782,5,175,NA,NA,NA,0
783,5,175,NA,NA,NA,0
784,5,175,NA,NA,NA,0
785,5,175,NA,NA,NA,0
786,5,176,NA,NA,NA,0
787,5,176,NA,NA,NA,0
788,5,176,NA,NA,NA,0
789,5,176,NA,NA,NA,0
790,5,176,NA,NA,NA,0
791,3,177,NA,NA,NA,0
792,3,177,NA,NA,NA,0
793,3,177,NA,NA,NA,0
794,5,178,"E",34,4,1
795,5,178,NA,NA,NA,0
796,5,178,NA,NA,NA,0
797,5,178,NA,NA,NA,0
798,5,178,"H",94,3,0
799,4,179,NA,NA,NA,0
800,4,179,NA,NA,NA,0
801,4,179,NA,NA,NA,0
802,4,179,NA,NA,NA,0
803,4,180,NA,NA,NA,0
804,4,180,NA,NA,NA,0
805,4,180,NA,NA,NA,0
806,4,180,NA,NA,NA,0
807,4,181,NA,NA,NA,0
808,4,181,NA,NA,NA,0
809,4,181,NA,NA,NA,0
810,4,181,NA,NA,NA,0
811,6,182,NA,NA,NA,0
812,6,182,NA,NA,NA,0
813,6,182,NA,NA,NA,0
814,6,182,NA,NA,NA,0
815,6,182,NA,NA,NA,0
816,6,182,NA,NA,NA,0
817,4,183,"H",176,2,0
818,4,183,NA,NA,NA,0
819,4,183,"E",145,3,1
820,4,183,NA,NA,NA,0
821,5,184,NA,NA,NA,0
822,5,184,"E",290,4,1
823,5,184,NA,NA,NA,0
824,5,184,"H",339,3,0
825,5,184,NA,NA,NA,0
826,3,185,NA,NA,NA,0
827,3,185,NA,NA,NA,0
828,3,185,NA,NA,NA,0
829,4,186,NA,NA,NA,0
830,4,186,NA,NA,NA,0
831,4,186,NA,NA,NA,0
832,4,186,NA,NA,NA,0
833,4,187,NA,NA,NA,0
834,4,187,NA,NA,NA,0
835,4,187,NA,NA,NA,0
836,4,187,NA,NA,NA,0
837,6,188,NA,NA,NA,0
838,6,188,NA,NA,NA,0
839,6,188,NA,NA,NA,0
840,6,188,NA,NA,NA,0
841,6,188,NA,NA,NA,0
842,6,188,NA,NA,NA,0
843,4,189,NA,NA,NA,0
844,4,189,NA,NA,NA,0
845,4,189,NA,NA,NA,0
846,4,189,NA,NA,NA,0
847,4,190,NA,NA,NA,0
848,4,190,NA,NA,NA,0
849,4,190,NA,NA,NA,0
850,4,190,NA,NA,NA,0
851,6,191,NA,NA,NA,0
852,6,191,NA,NA,NA,0
853,6,191,NA,NA,NA,0
854,6,191,NA,NA,NA,0
855,6,191,NA,NA,NA,0
856,6,191,NA,NA,NA,0
857,3,192,NA,NA,NA,0
858,3,192,NA,NA,NA,0
859,3,192,NA,NA,NA,0
860,3,193,NA,NA,NA,0
861,3,193,NA,NA,NA,0
862,3,193,NA,NA,NA,0
863,4,194,NA,NA,NA,0
864,4,194,NA,NA,NA,0
865,4,194,NA,NA,NA,0
866,4,194,NA,NA,NA,0
867,3,195,NA,NA,NA,0
868,3,195,NA,NA,NA,0
869,3,195,NA,NA,NA,0
870,4,196,NA,NA,NA,0
871,4,196,NA,NA,NA,0
872,4,196,NA,NA,NA,0
873,4,196,NA,NA,NA,0
874,5,197,NA,NA,NA,0
875,5,197,NA,NA,NA,0
876,5,197,NA,NA,NA,0
877,5,197,NA,NA,NA,0
878,5,197,NA,NA,NA,0
879,3,198,NA,NA,NA,0
880,3,198,NA,NA,NA,0
881,3,198,NA,NA,NA,0
882,5,199,NA,NA,NA,0
883,5,199,NA,NA,NA,0
884,5,199,NA,NA,NA,0
885,5,199,NA,NA,NA,0
886,5,199,NA,NA,NA,0
887,4,200,"H",NA,NA,0
888,4,200,NA,NA,NA,0
889,4,200,"E",334,3,1
890,4,200,NA,NA,NA,0
891,6,201,NA,NA,NA,0
892,6,201,NA,NA,NA,0
893,6,201,NA,NA,NA,0
894,6,201,NA,NA,NA,0
895,6,201,NA,NA,NA,0
896,6,201,NA,NA,NA,0
897,3,202,NA,NA,NA,0
898,3,202,NA,NA,NA,0
899,3,202,NA,NA,NA,0
900,3,203,NA,NA,NA,0
901,3,203,NA,NA,NA,0
902,3,203,NA,NA,NA,0
903,4,204,NA,NA,NA,0
904,4,204,NA,NA,NA,0
905,4,204,NA,NA,NA,0
906,4,204,NA,NA,NA,0
907,6,205,NA,NA,NA,0
908,6,205,NA,NA,NA,0
909,6,205,NA,NA,NA,0
910,6,205,NA,NA,NA,0
911,6,205,NA,NA,NA,0
912,6,205,NA,NA,NA,0
913,3,206,NA,NA,NA,0
914,3,206,NA,NA,NA,0
915,3,206,NA,NA,NA,0
916,5,207,NA,NA,NA,0
917,5,207,NA,NA,NA,0
918,5,207,NA,NA,NA,0
919,5,207,NA,NA,NA,0
920,5,207,NA,NA,NA,0
921,6,208,NA,NA,NA,0
922,6,208,NA,NA,NA,0
923,6,208,NA,NA,NA,0
924,6,208,NA,NA,NA,0
925,6,208,NA,NA,NA,0
926,6,208,NA,NA,NA,0
927,6,209,NA,NA,NA,0
928,6,209,NA,NA,NA,0
929,6,209,NA,NA,NA,0
930,6,209,"E",363,5,0
931,6,209,NA,NA,NA,0
932,6,209,NA,NA,NA,0
933,5,210,NA,NA,NA,0
934,5,210,NA,NA,NA,0
935,5,210,NA,NA,NA,0
936,5,210,NA,NA,NA,0
937,5,210,NA,NA,NA,0
938,4,211,NA,NA,NA,0
939,4,211,NA,NA,NA,0
940,4,211,NA,NA,NA,0
941,4,211,NA,NA,NA,0
942,5,212,NA,NA,NA,0
943,5,212,NA,NA,NA,0
944,5,212,NA,NA,NA,0
945,5,212,NA,NA,NA,0
946,5,212,NA,NA,NA,0
947,6,213,NA,NA,NA,0
948,6,213,NA,NA,NA,0
949,6,213,NA,NA,NA,0
950,6,213,NA,NA,NA,0
951,6,213,NA,NA,NA,0
952,6,213,NA,NA,NA,0
953,3,214,NA,NA,NA,0
954,3,214,NA,NA,NA,0
955,3,214,NA,NA,NA,0
956,3,215,NA,NA,NA,0
957,3,215,NA,NA,NA,0
958,3,215,NA,NA,NA,0
959,3,216,NA,NA,NA,0
960,3,216,NA,NA,NA,0
961,3,216,NA,NA,NA,0
962,6,217,NA,NA,NA,0
963,6,217,NA,NA,NA,0
964,6,217,NA,NA,NA,0
965,6,217,NA,NA,NA,0
966,6,217,NA,NA,NA,0
967,6,217,NA,NA,NA,0
968,4,218,NA,NA,NA,0
969,4,218,NA,NA,NA,0
970,4,218,NA,NA,NA,0
971,4,218,NA,NA,NA,0
972,6,219,NA,NA,NA,0
973,6,219,"E",74,5,0
974,6,219,NA,NA,NA,0
975,6,219,NA,NA,NA,0
976,6,219,NA,NA,NA,0
977,6,219,NA,NA,NA,0
978,3,220,NA,NA,NA,0
979,3,220,NA,NA,NA,0
980,3,220,NA,NA,NA,0
981,6,221,NA,NA,NA,0
982,6,221,NA,NA,NA,0
983,6,221,NA,NA,NA,0
984,6,221,NA,NA,NA,0
985,6,221,NA,NA,NA,0
986,6,221,NA,NA,NA,0
987,5,222,NA,NA,NA,0
988,5,222,NA,NA,NA,0
989,5,222,NA,NA,NA,0
990,5,222,NA,NA,NA,0
991,5,222,NA,NA,NA,0
992,3,223,NA,NA,NA,0
993,3,223,NA,NA,NA,0
994,3,223,NA,NA,NA,0
995,3,224,NA,NA,NA,0
996,3,224,NA,NA,NA,0
997,3,224,NA,NA,NA,0
998,3,225,NA,NA,NA,0
999,3,225,NA,NA,NA,0
1000,3,225,NA,NA,NA,0
