"ID","SIZE","HH","TYPE","TIME","S_NUM","I_NUM"
1,3,1,"0",NA,NA,0
2,3,1,NA,NA,NA,0
3,3,1,NA,NA,NA,0
4,5,2,NA,NA,NA,0
5,5,2,NA,NA,NA,0
6,5,2,NA,NA,NA,0
7,5,2,NA,NA,NA,0
8,5,2,NA,NA,NA,0
9,4,3,NA,NA,NA,0
10,4,3,NA,NA,NA,0
11,4,3,NA,NA,NA,0
12,4,3,NA,NA,NA,0
13,4,4,NA,NA,NA,0
14,4,4,NA,NA,NA,0
15,4,4,NA,NA,NA,0
16,4,4,NA,NA,NA,0
17,5,5,NA,NA,NA,0
18,5,5,NA,NA,NA,0
19,5,5,NA,NA,NA,0
20,5,5,NA,NA,NA,0
21,5,5,NA,NA,NA,0
22,5,6,NA,NA,NA,0
23,5,6,NA,NA,NA,0
24,5,6,NA,NA,NA,0
25,5,6,NA,NA,NA,0
26,5,6,NA,NA,NA,0
27,6,7,NA,NA,NA,0
28,6,7,NA,NA,NA,0
29,6,7,NA,NA,NA,0
30,6,7,NA,NA,NA,0
31,6,7,NA,NA,NA,0
32,6,7,NA,NA,NA,0
33,6,8,NA,NA,NA,0
34,6,8,NA,NA,NA,0
35,6,8,NA,NA,NA,0
36,6,8,NA,NA,NA,0
37,6,8,NA,NA,NA,0
38,6,8,NA,NA,NA,0
39,3,9,NA,NA,NA,0
40,3,9,NA,NA,NA,0
41,3,9,NA,NA,NA,0
42,6,10,NA,NA,NA,0
43,6,10,NA,NA,NA,0
44,6,10,NA,NA,NA,0
45,6,10,NA,NA,NA,0
46,6,10,NA,NA,NA,0
47,6,10,NA,NA,NA,0
48,5,11,NA,NA,NA,0
49,5,11,NA,NA,NA,0
50,5,11,NA,NA,NA,0
51,5,11,NA,NA,NA,0
52,5,11,NA,NA,NA,0
53,4,12,NA,NA,NA,0
54,4,12,NA,NA,NA,0
55,4,12,NA,NA,NA,0
56,4,12,"E",340,3,0
57,6,13,NA,NA,NA,0
58,6,13,NA,NA,NA,0
59,6,13,NA,NA,NA,0
60,6,13,NA,NA,NA,0
61,6,13,NA,NA,NA,0
62,6,13,NA,NA,NA,0
63,6,14,NA,NA,NA,0
64,6,14,NA,NA,NA,0
65,6,14,NA,NA,NA,0
66,6,14,NA,NA,NA,0
67,6,14,NA,NA,NA,0
68,6,14,NA,NA,NA,0
69,4,15,"H",247,2,1
70,4,15,NA,NA,NA,0
71,4,15,"E",203,3,1
72,4,15,"H",317,1,0
73,6,16,NA,NA,NA,0
74,6,16,NA,NA,NA,0
75,6,16,NA,NA,NA,0
76,6,16,NA,NA,NA,0
77,6,16,NA,NA,NA,0
78,6,16,NA,NA,NA,0
79,6,17,NA,NA,NA,0
80,6,17,NA,NA,NA,0
81,6,17,NA,NA,NA,0
82,6,17,NA,NA,NA,0
83,6,17,NA,NA,NA,0
84,6,17,NA,NA,NA,0
85,5,18,NA,NA,NA,0
86,5,18,NA,NA,NA,0
87,5,18,NA,NA,NA,0
88,5,18,NA,NA,NA,0
89,5,18,NA,NA,NA,0
90,6,19,NA,NA,NA,0
91,6,19,NA,NA,NA,0
92,6,19,NA,NA,NA,0
93,6,19,NA,NA,NA,0
94,6,19,NA,NA,NA,0
95,6,19,NA,NA,NA,0
96,5,20,NA,NA,NA,0
97,5,20,NA,NA,NA,0
98,5,20,NA,NA,NA,0
99,5,20,NA,NA,NA,0
100,5,20,NA,NA,NA,0
101,3,21,NA,NA,NA,0
102,3,21,NA,NA,NA,0
103,3,21,NA,NA,NA,0
104,4,22,"E",128,3,1
105,4,22,NA,NA,NA,0
106,4,22,"H",168,2,1
107,4,22,"H",216,1,0
108,6,23,NA,NA,NA,0
109,6,23,NA,NA,NA,0
110,6,23,"E",67,5,0
111,6,23,NA,NA,NA,0
112,6,23,NA,NA,NA,0
113,6,23,NA,NA,NA,0
114,5,24,NA,NA,NA,0
115,5,24,NA,NA,NA,0
116,5,24,NA,NA,NA,0
117,5,24,NA,NA,NA,0
118,5,24,NA,NA,NA,0
119,3,25,NA,NA,NA,0
120,3,25,NA,NA,NA,0
121,3,25,NA,NA,NA,0
122,5,26,NA,NA,NA,0
123,5,26,NA,NA,NA,0
124,5,26,NA,NA,NA,0
125,5,26,NA,NA,NA,0
126,5,26,NA,NA,NA,0
127,4,27,NA,NA,NA,0
128,4,27,NA,NA,NA,0
129,4,27,NA,NA,NA,0
130,4,27,NA,NA,NA,0
131,4,28,NA,NA,NA,0
132,4,28,NA,NA,NA,0
133,4,28,NA,NA,NA,0
134,4,28,NA,NA,NA,0
135,6,29,NA,NA,NA,0
136,6,29,NA,NA,NA,0
137,6,29,NA,NA,NA,0
138,6,29,NA,NA,NA,0
139,6,29,NA,NA,NA,0
140,6,29,NA,NA,NA,0
141,6,30,NA,NA,NA,0
142,6,30,NA,NA,NA,0
143,6,30,NA,NA,NA,0
144,6,30,NA,NA,NA,0
145,6,30,NA,NA,NA,0
146,6,30,NA,NA,NA,0
147,4,31,NA,NA,NA,0
148,4,31,NA,NA,NA,0
149,4,31,NA,NA,NA,0
150,4,31,NA,NA,NA,0
151,3,32,NA,NA,NA,0
152,3,32,NA,NA,NA,0
153,3,32,NA,NA,NA,0
154,4,33,NA,NA,NA,0
155,4,33,NA,NA,NA,0
156,4,33,NA,NA,NA,0
157,4,33,NA,NA,NA,0
158,6,34,NA,NA,NA,0
159,6,34,NA,NA,NA,0
160,6,34,NA,NA,NA,0
161,6,34,NA,NA,NA,0
162,6,34,NA,NA,NA,0
163,6,34,NA,NA,NA,0
164,5,35,NA,NA,NA,0
165,5,35,NA,NA,NA,0
166,5,35,NA,NA,NA,0
167,5,35,NA,NA,NA,0
168,5,35,NA,NA,NA,0
169,4,36,NA,NA,NA,0
170,4,36,NA,NA,NA,0
171,4,36,NA,NA,NA,0
172,4,36,NA,NA,NA,0
173,3,37,NA,NA,NA,0
174,3,37,NA,NA,NA,0
175,3,37,NA,NA,NA,0
176,6,38,NA,NA,NA,0
177,6,38,NA,NA,NA,0
178,6,38,NA,NA,NA,0
179,6,38,NA,NA,NA,0
180,6,38,NA,NA,NA,0
181,6,38,NA,NA,NA,0
182,4,39,NA,NA,NA,0
183,4,39,NA,NA,NA,0
184,4,39,NA,NA,NA,0
185,4,39,NA,NA,NA,0
186,5,40,NA,NA,NA,0
187,5,40,NA,NA,NA,0
188,5,40,NA,NA,NA,0
189,5,40,NA,NA,NA,0
190,5,40,NA,NA,NA,0
191,3,41,NA,NA,NA,0
192,3,41,NA,NA,NA,0
193,3,41,NA,NA,NA,0
194,5,42,NA,NA,NA,0
195,5,42,NA,NA,NA,0
196,5,42,NA,NA,NA,0
197,5,42,NA,NA,NA,0
198,5,42,NA,NA,NA,0
199,6,43,NA,NA,NA,0
200,6,43,NA,NA,NA,0
201,6,43,NA,NA,NA,0
202,6,43,NA,NA,NA,0
203,6,43,NA,NA,NA,0
204,6,43,NA,NA,NA,0
205,5,44,NA,NA,NA,0
206,5,44,NA,NA,NA,0
207,5,44,NA,NA,NA,0
208,5,44,NA,NA,NA,0
209,5,44,NA,NA,NA,0
210,3,45,NA,NA,NA,0
211,3,45,NA,NA,NA,0
212,3,45,NA,NA,NA,0
213,5,46,NA,NA,NA,0
214,5,46,NA,NA,NA,0
215,5,46,NA,NA,NA,0
216,5,46,NA,NA,NA,0
217,5,46,NA,NA,NA,0
218,4,47,NA,NA,NA,0
219,4,47,NA,NA,NA,0
220,4,47,"E",199,3,1
221,4,47,"H",223,2,0
222,5,48,NA,NA,NA,0
223,5,48,NA,NA,NA,0
224,5,48,NA,NA,NA,0
225,5,48,NA,NA,NA,0
226,5,48,NA,NA,NA,0
227,5,49,NA,NA,NA,0
228,5,49,NA,NA,NA,0
229,5,49,NA,NA,NA,0
230,5,49,NA,NA,NA,0
231,5,49,NA,NA,NA,0
232,3,50,NA,NA,NA,0
233,3,50,NA,NA,NA,0
234,3,50,NA,NA,NA,0
235,4,51,"H",105,0,0
236,4,51,"H",97,1,1
237,4,51,"H",117,0,0
238,4,51,"E",73,3,2
239,6,52,NA,NA,NA,0
240,6,52,NA,NA,NA,0
241,6,52,NA,NA,NA,0
242,6,52,NA,NA,NA,0
243,6,52,NA,NA,NA,0
244,6,52,NA,NA,NA,0
245,3,53,NA,NA,NA,0
246,3,53,NA,NA,NA,0
247,3,53,NA,NA,NA,0
248,6,54,NA,NA,NA,0
249,6,54,NA,NA,NA,0
250,6,54,NA,NA,NA,0
251,6,54,NA,NA,NA,0
252,6,54,NA,NA,NA,0
253,6,54,NA,NA,NA,0
254,4,55,NA,NA,NA,0
255,4,55,"H",97,2,0
256,4,55,"E",68,3,1
257,4,55,NA,NA,NA,0
258,3,56,NA,NA,NA,0
259,3,56,NA,NA,NA,0
260,3,56,NA,NA,NA,0
261,4,57,NA,NA,NA,0
262,4,57,NA,NA,NA,0
263,4,57,NA,NA,NA,0
264,4,57,NA,NA,NA,0
265,6,58,NA,NA,NA,0
266,6,58,NA,NA,NA,0
267,6,58,NA,NA,NA,0
268,6,58,NA,NA,NA,0
269,6,58,NA,NA,NA,0
270,6,58,NA,NA,NA,0
271,4,59,NA,NA,NA,0
272,4,59,NA,NA,NA,0
273,4,59,NA,NA,NA,0
274,4,59,NA,NA,NA,0
275,3,60,NA,NA,NA,0
276,3,60,NA,NA,NA,0
277,3,60,NA,NA,NA,0
278,6,61,NA,NA,NA,0
279,6,61,NA,NA,NA,0
280,6,61,NA,NA,NA,0
281,6,61,NA,NA,NA,0
282,6,61,NA,NA,NA,0
283,6,61,NA,NA,NA,0
284,3,62,NA,NA,NA,0
285,3,62,NA,NA,NA,0
286,3,62,NA,NA,NA,0
287,4,63,"E",75,3,0
288,4,63,NA,NA,NA,0
289,4,63,NA,NA,NA,0
290,4,63,NA,NA,NA,0
291,5,64,NA,NA,NA,0
292,5,64,NA,NA,NA,0
293,5,64,NA,NA,NA,0
294,5,64,NA,NA,NA,0
295,5,64,NA,NA,NA,0
296,3,65,NA,NA,NA,0
297,3,65,NA,NA,NA,0
298,3,65,NA,NA,NA,0
299,4,66,NA,NA,NA,0
300,4,66,NA,NA,NA,0
301,4,66,NA,NA,NA,0
302,4,66,NA,NA,NA,0
303,3,67,NA,NA,NA,0
304,3,67,NA,NA,NA,0
305,3,67,NA,NA,NA,0
306,5,68,NA,NA,NA,0
307,5,68,NA,NA,NA,0
308,5,68,NA,NA,NA,0
309,5,68,NA,NA,NA,0
310,5,68,NA,NA,NA,0
311,6,69,NA,NA,NA,0
312,6,69,NA,NA,NA,0
313,6,69,NA,NA,NA,0
314,6,69,NA,NA,NA,0
315,6,69,NA,NA,NA,0
316,6,69,NA,NA,NA,0
317,3,70,NA,NA,NA,0
318,3,70,NA,NA,NA,0
319,3,70,NA,NA,NA,0
320,3,71,NA,NA,NA,0
321,3,71,NA,NA,NA,0
322,3,71,NA,NA,NA,0
323,5,72,NA,NA,NA,0
324,5,72,NA,NA,NA,0
325,5,72,NA,NA,NA,0
326,5,72,NA,NA,NA,0
327,5,72,NA,NA,NA,0
328,3,73,NA,NA,NA,0
329,3,73,NA,NA,NA,0
330,3,73,NA,NA,NA,0
331,5,74,NA,NA,NA,0
332,5,74,NA,NA,NA,0
333,5,74,NA,NA,NA,0
334,5,74,NA,NA,NA,0
335,5,74,NA,NA,NA,0
336,5,75,NA,NA,NA,0
337,5,75,NA,NA,NA,0
338,5,75,NA,NA,NA,0
339,5,75,NA,NA,NA,0
340,5,75,NA,NA,NA,0
341,5,76,NA,NA,NA,0
342,5,76,NA,NA,NA,0
343,5,76,NA,NA,NA,0
344,5,76,NA,NA,NA,0
345,5,76,NA,NA,NA,0
346,3,77,NA,NA,NA,0
347,3,77,NA,NA,NA,0
348,3,77,NA,NA,NA,0
349,6,78,NA,NA,NA,0
350,6,78,NA,NA,NA,0
351,6,78,NA,NA,NA,0
352,6,78,NA,NA,NA,0
353,6,78,NA,NA,NA,0
354,6,78,NA,NA,NA,0
355,5,79,NA,NA,NA,0
356,5,79,NA,NA,NA,0
357,5,79,NA,NA,NA,0
358,5,79,NA,NA,NA,0
359,5,79,NA,NA,NA,0
360,6,80,NA,NA,NA,0
361,6,80,NA,NA,NA,0
362,6,80,NA,NA,NA,0
363,6,80,NA,NA,NA,0
364,6,80,NA,NA,NA,0
365,6,80,NA,NA,NA,0
366,6,81,NA,NA,NA,0
367,6,81,NA,NA,NA,0
368,6,81,NA,NA,NA,0
369,6,81,NA,NA,NA,0
370,6,81,NA,NA,NA,0
371,6,81,NA,NA,NA,0
372,3,82,NA,NA,NA,0
373,3,82,NA,NA,NA,0
374,3,82,NA,NA,NA,0
375,6,83,NA,NA,NA,0
376,6,83,NA,NA,NA,0
377,6,83,NA,NA,NA,0
378,6,83,NA,NA,NA,0
379,6,83,NA,NA,NA,0
380,6,83,NA,NA,NA,0
381,3,84,NA,NA,NA,0
382,3,84,NA,NA,NA,0
383,3,84,NA,NA,NA,0
384,4,85,NA,NA,NA,0
385,4,85,NA,NA,NA,0
386,4,85,NA,NA,NA,0
387,4,85,NA,NA,NA,0
388,3,86,NA,NA,NA,0
389,3,86,NA,NA,NA,0
390,3,86,NA,NA,NA,0
391,4,87,NA,NA,NA,0
392,4,87,NA,NA,NA,0
393,4,87,NA,NA,NA,0
394,4,87,NA,NA,NA,0
395,3,88,NA,NA,NA,0
396,3,88,NA,NA,NA,0
397,3,88,NA,NA,NA,0
398,6,89,NA,NA,NA,0
399,6,89,NA,NA,NA,0
400,6,89,NA,NA,NA,0
401,6,89,NA,NA,NA,0
402,6,89,NA,NA,NA,0
403,6,89,NA,NA,NA,0
404,6,90,NA,NA,NA,0
405,6,90,NA,NA,NA,0
406,6,90,NA,NA,NA,0
407,6,90,NA,NA,NA,0
408,6,90,NA,NA,NA,0
409,6,90,NA,NA,NA,0
410,3,91,NA,NA,NA,0
411,3,91,NA,NA,NA,0
412,3,91,"E",224,2,0
413,6,92,NA,NA,NA,0
414,6,92,NA,NA,NA,0
415,6,92,"H",NA,NA,0
416,6,92,NA,NA,NA,0
417,6,92,"E",362,5,1
418,6,92,NA,NA,NA,0
419,6,93,NA,NA,NA,0
420,6,93,NA,NA,NA,0
421,6,93,NA,NA,NA,0
422,6,93,NA,NA,NA,0
423,6,93,NA,NA,NA,0
424,6,93,NA,NA,NA,0
425,6,94,NA,NA,NA,0
426,6,94,NA,NA,NA,0
427,6,94,NA,NA,NA,0
428,6,94,NA,NA,NA,0
429,6,94,NA,NA,NA,0
430,6,94,NA,NA,NA,0
431,3,95,NA,NA,NA,0
432,3,95,NA,NA,NA,0
433,3,95,NA,NA,NA,0
434,6,96,NA,NA,NA,0
435,6,96,"E",319,5,0
436,6,96,NA,NA,NA,0
437,6,96,NA,NA,NA,0
438,6,96,NA,NA,NA,0
439,6,96,NA,NA,NA,0
440,6,97,NA,NA,NA,0
441,6,97,NA,NA,NA,0
442,6,97,NA,NA,NA,0
443,6,97,NA,NA,NA,0
444,6,97,NA,NA,NA,0
445,6,97,NA,NA,NA,0
446,4,98,NA,NA,NA,0
447,4,98,NA,NA,NA,0
448,4,98,NA,NA,NA,0
449,4,98,NA,NA,NA,0
450,6,99,NA,NA,NA,0
451,6,99,NA,NA,NA,0
452,6,99,NA,NA,NA,0
453,6,99,NA,NA,NA,0
454,6,99,NA,NA,NA,0
455,6,99,NA,NA,NA,0
456,3,100,NA,NA,NA,0
457,3,100,NA,NA,NA,0
458,3,100,NA,NA,NA,0
459,3,101,NA,NA,NA,0
460,3,101,NA,NA,NA,0
461,3,101,NA,NA,NA,0
462,5,102,NA,NA,NA,0
463,5,102,NA,NA,NA,0
464,5,102,NA,NA,NA,0
465,5,102,NA,NA,NA,0
466,5,102,NA,NA,NA,0
467,6,103,NA,NA,NA,0
468,6,103,NA,NA,NA,0
469,6,103,NA,NA,NA,0
470,6,103,NA,NA,NA,0
471,6,103,NA,NA,NA,0
472,6,103,NA,NA,NA,0
473,4,104,NA,NA,NA,0
474,4,104,NA,NA,NA,0
475,4,104,NA,NA,NA,0
476,4,104,NA,NA,NA,0
477,5,105,NA,NA,NA,0
478,5,105,NA,NA,NA,0
479,5,105,NA,NA,NA,0
480,5,105,NA,NA,NA,0
481,5,105,NA,NA,NA,0
482,6,106,NA,NA,NA,0
483,6,106,NA,NA,NA,0
484,6,106,NA,NA,NA,0
485,6,106,NA,NA,NA,0
486,6,106,NA,NA,NA,0
487,6,106,NA,NA,NA,0
488,4,107,NA,NA,NA,0
489,4,107,NA,NA,NA,0
490,4,107,NA,NA,NA,0
491,4,107,NA,NA,NA,0
492,4,108,NA,NA,NA,0
493,4,108,NA,NA,NA,0
494,4,108,NA,NA,NA,0
495,4,108,NA,NA,NA,0
496,5,109,NA,NA,NA,0
497,5,109,NA,NA,NA,0
498,5,109,NA,NA,NA,0
499,5,109,NA,NA,NA,0
500,5,109,NA,NA,NA,0
501,6,110,NA,NA,NA,0
502,6,110,NA,NA,NA,0
503,6,110,NA,NA,NA,0
504,6,110,NA,NA,NA,0
505,6,110,NA,NA,NA,0
506,6,110,NA,NA,NA,0
507,6,111,NA,NA,NA,0
508,6,111,NA,NA,NA,0
509,6,111,NA,NA,NA,0
510,6,111,NA,NA,NA,0
511,6,111,NA,NA,NA,0
512,6,111,NA,NA,NA,0
513,5,112,NA,NA,NA,0
514,5,112,NA,NA,NA,0
515,5,112,NA,NA,NA,0
516,5,112,NA,NA,NA,0
517,5,112,NA,NA,NA,0
518,3,113,NA,NA,NA,0
519,3,113,NA,NA,NA,0
520,3,113,NA,NA,NA,0
521,3,114,NA,NA,NA,0
522,3,114,NA,NA,NA,0
523,3,114,NA,NA,NA,0
524,4,115,NA,NA,NA,0
525,4,115,NA,NA,NA,0
526,4,115,NA,NA,NA,0
527,4,115,NA,NA,NA,0
528,6,116,NA,NA,NA,0
529,6,116,NA,NA,NA,0
530,6,116,NA,NA,NA,0
531,6,116,NA,NA,NA,0
532,6,116,NA,NA,NA,0
533,6,116,NA,NA,NA,0
534,6,117,NA,NA,NA,0
535,6,117,NA,NA,NA,0
536,6,117,NA,NA,NA,0
537,6,117,NA,NA,NA,0
538,6,117,NA,NA,NA,0
539,6,117,NA,NA,NA,0
540,6,118,NA,NA,NA,0
541,6,118,NA,NA,NA,0
542,6,118,NA,NA,NA,0
543,6,118,NA,NA,NA,0
544,6,118,NA,NA,NA,0
545,6,118,NA,NA,NA,0
546,3,119,"E",294,2,1
547,3,119,"H",310,1,1
548,3,119,"H",349,0,0
549,5,120,NA,NA,NA,0
550,5,120,NA,NA,NA,0
551,5,120,NA,NA,NA,0
552,5,120,NA,NA,NA,0
553,5,120,NA,NA,NA,0
554,6,121,NA,NA,NA,0
555,6,121,NA,NA,NA,0
556,6,121,NA,NA,NA,0
557,6,121,NA,NA,NA,0
558,6,121,NA,NA,NA,0
559,6,121,NA,NA,NA,0
560,5,122,NA,NA,NA,0
561,5,122,NA,NA,NA,0
562,5,122,NA,NA,NA,0
563,5,122,NA,NA,NA,0
564,5,122,NA,NA,NA,0
565,3,123,NA,NA,NA,0
566,3,123,NA,NA,NA,0
567,3,123,NA,NA,NA,0
568,4,124,NA,NA,NA,0
569,4,124,NA,NA,NA,0
570,4,124,NA,NA,NA,0
571,4,124,NA,NA,NA,0
572,3,125,NA,NA,NA,0
573,3,125,NA,NA,NA,0
574,3,125,NA,NA,NA,0
575,4,126,NA,NA,NA,0
576,4,126,NA,NA,NA,0
577,4,126,NA,NA,NA,0
578,4,126,NA,NA,NA,0
579,6,127,NA,NA,NA,0
580,6,127,NA,NA,NA,0
581,6,127,NA,NA,NA,0
582,6,127,NA,NA,NA,0
583,6,127,NA,NA,NA,0
584,6,127,NA,NA,NA,0
585,5,128,NA,NA,NA,0
586,5,128,NA,NA,NA,0
587,5,128,NA,NA,NA,0
588,5,128,NA,NA,NA,0
589,5,128,NA,NA,NA,0
590,5,129,NA,NA,NA,0
591,5,129,NA,NA,NA,0
592,5,129,NA,NA,NA,0
593,5,129,NA,NA,NA,0
594,5,129,NA,NA,NA,0
595,5,130,NA,NA,NA,0
596,5,130,NA,NA,NA,0
597,5,130,NA,NA,NA,0
598,5,130,NA,NA,NA,0
599,5,130,NA,NA,NA,0
600,5,131,NA,NA,NA,0
601,5,131,NA,NA,NA,0
602,5,131,NA,NA,NA,0
603,5,131,NA,NA,NA,0
604,5,131,NA,NA,NA,0
605,4,132,NA,NA,NA,0
606,4,132,NA,NA,NA,0
607,4,132,NA,NA,NA,0
608,4,132,NA,NA,NA,0
609,3,133,NA,NA,NA,0
610,3,133,NA,NA,NA,0
611,3,133,NA,NA,NA,0
612,5,134,NA,NA,NA,0
613,5,134,NA,NA,NA,0
614,5,134,NA,NA,NA,0
615,5,134,NA,NA,NA,0
616,5,134,NA,NA,NA,0
617,3,135,NA,NA,NA,0
618,3,135,NA,NA,NA,0
619,3,135,NA,NA,NA,0
620,6,136,NA,NA,NA,0
621,6,136,NA,NA,NA,0
622,6,136,NA,NA,NA,0
623,6,136,NA,NA,NA,0
624,6,136,NA,NA,NA,0
625,6,136,NA,NA,NA,0
626,4,137,NA,NA,NA,0
627,4,137,NA,NA,NA,0
628,4,137,NA,NA,NA,0
629,4,137,NA,NA,NA,0
630,5,138,NA,NA,NA,0
631,5,138,NA,NA,NA,0
632,5,138,NA,NA,NA,0
633,5,138,NA,NA,NA,0
634,5,138,NA,NA,NA,0
635,6,139,NA,NA,NA,0
636,6,139,NA,NA,NA,0
637,6,139,NA,NA,NA,0
638,6,139,NA,NA,NA,0
639,6,139,NA,NA,NA,0
640,6,139,NA,NA,NA,0
641,6,140,NA,NA,NA,0
642,6,140,NA,NA,NA,0
643,6,140,NA,NA,NA,0
644,6,140,NA,NA,NA,0
645,6,140,NA,NA,NA,0
646,6,140,NA,NA,NA,0
647,3,141,NA,NA,NA,0
648,3,141,NA,NA,NA,0
649,3,141,NA,NA,NA,0
650,5,142,NA,NA,NA,0
651,5,142,NA,NA,NA,0
652,5,142,NA,NA,NA,0
653,5,142,NA,NA,NA,0
654,5,142,NA,NA,NA,0
655,3,143,NA,NA,NA,0
656,3,143,NA,NA,NA,0
657,3,143,NA,NA,NA,0
658,4,144,NA,NA,NA,0
659,4,144,NA,NA,NA,0
660,4,144,NA,NA,NA,0
661,4,144,NA,NA,NA,0
662,5,145,NA,NA,NA,0
663,5,145,NA,NA,NA,0
664,5,145,NA,NA,NA,0
665,5,145,NA,NA,NA,0
666,5,145,NA,NA,NA,0
667,5,146,NA,NA,NA,0
668,5,146,NA,NA,NA,0
669,5,146,NA,NA,NA,0
670,5,146,NA,NA,NA,0
671,5,146,NA,NA,NA,0
672,6,147,NA,NA,NA,0
673,6,147,NA,NA,NA,0
674,6,147,NA,NA,NA,0
675,6,147,"E",165,5,0
676,6,147,NA,NA,NA,0
677,6,147,NA,NA,NA,0
678,5,148,NA,NA,NA,0
679,5,148,NA,NA,NA,0
680,5,148,NA,NA,NA,0
681,5,148,NA,NA,NA,0
682,5,148,NA,NA,NA,0
683,6,149,NA,NA,NA,0
684,6,149,NA,NA,NA,0
685,6,149,NA,NA,NA,0
686,6,149,NA,NA,NA,0
687,6,149,NA,NA,NA,0
688,6,149,NA,NA,NA,0
689,4,150,NA,NA,NA,0
690,4,150,NA,NA,NA,0
691,4,150,NA,NA,NA,0
692,4,150,NA,NA,NA,0
693,5,151,NA,NA,NA,0
694,5,151,NA,NA,NA,0
695,5,151,NA,NA,NA,0
696,5,151,NA,NA,NA,0
697,5,151,NA,NA,NA,0
698,5,152,NA,NA,NA,0
699,5,152,NA,NA,NA,0
700,5,152,NA,NA,NA,0
701,5,152,NA,NA,NA,0
702,5,152,NA,NA,NA,0
703,4,153,NA,NA,NA,0
704,4,153,NA,NA,NA,0
705,4,153,NA,NA,NA,0
706,4,153,NA,NA,NA,0
707,4,154,NA,NA,NA,0
708,4,154,NA,NA,NA,0
709,4,154,NA,NA,NA,0
710,4,154,NA,NA,NA,0
711,4,155,NA,NA,NA,0
712,4,155,NA,NA,NA,0
713,4,155,NA,NA,NA,0
714,4,155,NA,NA,NA,0
715,3,156,NA,NA,NA,0
716,3,156,NA,NA,NA,0
717,3,156,NA,NA,NA,0
718,5,157,NA,NA,NA,0
719,5,157,"E",301,4,2
720,5,157,"H",357,2,0
721,5,157,"H",339,2,0
722,5,157,NA,NA,NA,0
723,4,158,NA,NA,NA,0
724,4,158,NA,NA,NA,0
725,4,158,NA,NA,NA,0
726,4,158,NA,NA,NA,0
727,5,159,NA,NA,NA,0
728,5,159,NA,NA,NA,0
729,5,159,NA,NA,NA,0
730,5,159,NA,NA,NA,0
731,5,159,NA,NA,NA,0
732,4,160,NA,NA,NA,0
733,4,160,NA,NA,NA,0
734,4,160,NA,NA,NA,0
735,4,160,NA,NA,NA,0
736,5,161,NA,NA,NA,0
737,5,161,NA,NA,NA,0
738,5,161,NA,NA,NA,0
739,5,161,NA,NA,NA,0
740,5,161,NA,NA,NA,0
741,6,162,NA,NA,NA,0
742,6,162,NA,NA,NA,0
743,6,162,NA,NA,NA,0
744,6,162,NA,NA,NA,0
745,6,162,NA,NA,NA,0
746,6,162,NA,NA,NA,0
747,6,163,NA,NA,NA,0
748,6,163,NA,NA,NA,0
749,6,163,NA,NA,NA,0
750,6,163,NA,NA,NA,0
751,6,163,"E",287,5,0
752,6,163,NA,NA,NA,0
753,5,164,NA,NA,NA,0
754,5,164,NA,NA,NA,0
755,5,164,NA,NA,NA,0
756,5,164,NA,NA,NA,0
757,5,164,NA,NA,NA,0
758,6,165,NA,NA,NA,0
759,6,165,NA,NA,NA,0
760,6,165,NA,NA,NA,0
761,6,165,NA,NA,NA,0
762,6,165,NA,NA,NA,0
763,6,165,NA,NA,NA,0
764,5,166,NA,NA,NA,0
765,5,166,NA,NA,NA,0
766,5,166,NA,NA,NA,0
767,5,166,NA,NA,NA,0
768,5,166,NA,NA,NA,0
769,6,167,NA,NA,NA,0
770,6,167,NA,NA,NA,0
771,6,167,NA,NA,NA,0
772,6,167,NA,NA,NA,0
773,6,167,NA,NA,NA,0
774,6,167,NA,NA,NA,0
775,5,168,"E",48,4,1
776,5,168,NA,NA,NA,0
777,5,168,"H",90,2,0
778,5,168,"H",73,3,1
779,5,168,NA,NA,NA,0
780,3,169,NA,NA,NA,0
781,3,169,NA,NA,NA,0
782,3,169,NA,NA,NA,0
783,5,170,NA,NA,NA,0
784,5,170,NA,NA,NA,0
785,5,170,NA,NA,NA,0
786,5,170,NA,NA,NA,0
787,5,170,NA,NA,NA,0
788,3,171,NA,NA,NA,0
789,3,171,NA,NA,NA,0
790,3,171,NA,NA,NA,0
791,6,172,NA,NA,NA,0
792,6,172,NA,NA,NA,0
793,6,172,NA,NA,NA,0
794,6,172,NA,NA,NA,0
795,6,172,NA,NA,NA,0
796,6,172,NA,NA,NA,0
797,4,173,NA,NA,NA,0
798,4,173,"E",352,3,0
799,4,173,NA,NA,NA,0
800,4,173,NA,NA,NA,0
801,3,174,NA,NA,NA,0
802,3,174,NA,NA,NA,0
803,3,174,NA,NA,NA,0
804,6,175,NA,NA,NA,0
805,6,175,NA,NA,NA,0
806,6,175,NA,NA,NA,0
807,6,175,NA,NA,NA,0
808,6,175,NA,NA,NA,0
809,6,175,NA,NA,NA,0
810,6,176,NA,NA,NA,0
811,6,176,NA,NA,NA,0
812,6,176,NA,NA,NA,0
813,6,176,NA,NA,NA,0
814,6,176,NA,NA,NA,0
815,6,176,NA,NA,NA,0
816,4,177,NA,NA,NA,0
817,4,177,NA,NA,NA,0
818,4,177,NA,NA,NA,0
819,4,177,NA,NA,NA,0
820,6,178,"H",162,2,0
821,6,178,"H",134,3,1
822,6,178,NA,NA,NA,0
823,6,178,"E",89,5,2
824,6,178,NA,NA,NA,0
825,6,178,"H",127,3,0
826,4,179,NA,NA,NA,0
827,4,179,NA,NA,NA,0
828,4,179,NA,NA,NA,0
829,4,179,NA,NA,NA,0
830,3,180,NA,NA,NA,0
831,3,180,NA,NA,NA,0
832,3,180,NA,NA,NA,0
833,4,181,NA,NA,NA,0
834,4,181,NA,NA,NA,0
835,4,181,NA,NA,NA,0
836,4,181,NA,NA,NA,0
837,4,182,NA,NA,NA,0
838,4,182,NA,NA,NA,0
839,4,182,NA,NA,NA,0
840,4,182,NA,NA,NA,0
841,5,183,NA,NA,NA,0
842,5,183,NA,NA,NA,0
843,5,183,NA,NA,NA,0
844,5,183,NA,NA,NA,0
845,5,183,NA,NA,NA,0
846,4,184,NA,NA,NA,0
847,4,184,NA,NA,NA,0
848,4,184,NA,NA,NA,0
849,4,184,NA,NA,NA,0
850,5,185,NA,NA,NA,0
851,5,185,NA,NA,NA,0
852,5,185,NA,NA,NA,0
853,5,185,NA,NA,NA,0
854,5,185,NA,NA,NA,0
855,5,186,NA,NA,NA,0
856,5,186,NA,NA,NA,0
857,5,186,NA,NA,NA,0
858,5,186,NA,NA,NA,0
859,5,186,NA,NA,NA,0
860,3,187,NA,NA,NA,0
861,3,187,NA,NA,NA,0
862,3,187,NA,NA,NA,0
863,3,188,NA,NA,NA,0
864,3,188,NA,NA,NA,0
865,3,188,NA,NA,NA,0
866,5,189,NA,NA,NA,0
867,5,189,NA,NA,NA,0
868,5,189,NA,NA,NA,0
869,5,189,NA,NA,NA,0
870,5,189,NA,NA,NA,0
871,6,190,NA,NA,NA,0
872,6,190,NA,NA,NA,0
873,6,190,NA,NA,NA,0
874,6,190,NA,NA,NA,0
875,6,190,NA,NA,NA,0
876,6,190,NA,NA,NA,0
877,4,191,NA,NA,NA,0
878,4,191,NA,NA,NA,0
879,4,191,NA,NA,NA,0
880,4,191,NA,NA,NA,0
881,3,192,NA,NA,NA,0
882,3,192,NA,NA,NA,0
883,3,192,NA,NA,NA,0
884,5,193,NA,NA,NA,0
885,5,193,NA,NA,NA,0
886,5,193,NA,NA,NA,0
887,5,193,NA,NA,NA,0
888,5,193,NA,NA,NA,0
889,4,194,NA,NA,NA,0
890,4,194,NA,NA,NA,0
891,4,194,NA,NA,NA,0
892,4,194,NA,NA,NA,0
893,6,195,NA,NA,NA,0
894,6,195,NA,NA,NA,0
895,6,195,NA,NA,NA,0
896,6,195,NA,NA,NA,0
897,6,195,NA,NA,NA,0
898,6,195,NA,NA,NA,0
899,5,196,NA,NA,NA,0
900,5,196,NA,NA,NA,0
901,5,196,NA,NA,NA,0
902,5,196,NA,NA,NA,0
903,5,196,NA,NA,NA,0
904,4,197,"E",162,3,2
905,4,197,"H",208,1,1
906,4,197,"H",186,1,0
907,4,197,"H",266,0,0
908,4,198,NA,NA,NA,0
909,4,198,NA,NA,NA,0
910,4,198,NA,NA,NA,0
911,4,198,NA,NA,NA,0
912,4,199,NA,NA,NA,0
913,4,199,NA,NA,NA,0
914,4,199,NA,NA,NA,0
915,4,199,NA,NA,NA,0
916,5,200,NA,NA,NA,0
917,5,200,NA,NA,NA,0
918,5,200,NA,NA,NA,0
919,5,200,NA,NA,NA,0
920,5,200,NA,NA,NA,0
921,5,201,NA,NA,NA,0
922,5,201,NA,NA,NA,0
923,5,201,NA,NA,NA,0
924,5,201,NA,NA,NA,0
925,5,201,NA,NA,NA,0
926,5,202,NA,NA,NA,0
927,5,202,NA,NA,NA,0
928,5,202,NA,NA,NA,0
929,5,202,NA,NA,NA,0
930,5,202,NA,NA,NA,0
931,3,203,NA,NA,NA,0
932,3,203,NA,NA,NA,0
933,3,203,NA,NA,NA,0
934,3,204,NA,NA,NA,0
935,3,204,NA,NA,NA,0
936,3,204,NA,NA,NA,0
937,6,205,NA,NA,NA,0
938,6,205,NA,NA,NA,0
939,6,205,NA,NA,NA,0
940,6,205,NA,NA,NA,0
941,6,205,NA,NA,NA,0
942,6,205,NA,NA,NA,0
943,3,206,NA,NA,NA,0
944,3,206,NA,NA,NA,0
945,3,206,NA,NA,NA,0
946,3,207,"H",194,1,0
947,3,207,NA,NA,NA,0
948,3,207,"E",155,2,1
949,3,208,NA,NA,NA,0
950,3,208,NA,NA,NA,0
951,3,208,NA,NA,NA,0
952,3,209,NA,NA,NA,0
953,3,209,NA,NA,NA,0
954,3,209,NA,NA,NA,0
955,6,210,NA,NA,NA,0
956,6,210,NA,NA,NA,0
957,6,210,NA,NA,NA,0
958,6,210,NA,NA,NA,0
959,6,210,NA,NA,NA,0
960,6,210,NA,NA,NA,0
961,6,211,NA,NA,NA,0
962,6,211,NA,NA,NA,0
963,6,211,NA,NA,NA,0
964,6,211,NA,NA,NA,0
965,6,211,NA,NA,NA,0
966,6,211,NA,NA,NA,0
967,4,212,NA,NA,NA,0
968,4,212,NA,NA,NA,0
969,4,212,NA,NA,NA,0
970,4,212,NA,NA,NA,0
971,3,213,NA,NA,NA,0
972,3,213,NA,NA,NA,0
973,3,213,NA,NA,NA,0
974,4,214,NA,NA,NA,0
975,4,214,"E",243,3,0
976,4,214,NA,NA,NA,0
977,4,214,NA,NA,NA,0
978,4,215,NA,NA,NA,0
979,4,215,NA,NA,NA,0
980,4,215,NA,NA,NA,0
981,4,215,NA,NA,NA,0
982,4,216,NA,NA,NA,0
983,4,216,NA,NA,NA,0
984,4,216,NA,NA,NA,0
985,4,216,NA,NA,NA,0
986,4,217,NA,NA,NA,0
987,4,217,NA,NA,NA,0
988,4,217,NA,NA,NA,0
989,4,217,NA,NA,NA,0
990,6,218,NA,NA,NA,0
991,6,218,NA,NA,NA,0
992,6,218,NA,NA,NA,0
993,6,218,NA,NA,NA,0
994,6,218,NA,NA,NA,0
995,6,218,NA,NA,NA,0
996,5,219,NA,NA,NA,0
997,5,219,NA,NA,NA,0
998,5,219,NA,NA,NA,0
999,5,219,NA,NA,NA,0
1000,5,219,NA,NA,NA,0
