"ID","SIZE","HH","TYPE","TIME","S_NUM","I_NUM"
1,3,1,"0",NA,NA,0
2,3,1,NA,NA,NA,0
3,3,1,NA,NA,NA,0
4,5,2,NA,NA,NA,0
5,5,2,NA,NA,NA,0
6,5,2,NA,NA,NA,0
7,5,2,NA,NA,NA,0
8,5,2,NA,NA,NA,0
9,5,3,NA,NA,NA,0
10,5,3,NA,NA,NA,0
11,5,3,NA,NA,NA,0
12,5,3,NA,NA,NA,0
13,5,3,NA,NA,NA,0
14,5,4,NA,NA,NA,0
15,5,4,NA,NA,NA,0
16,5,4,NA,NA,NA,0
17,5,4,NA,NA,NA,0
18,5,4,NA,NA,NA,0
19,4,5,NA,NA,NA,0
20,4,5,NA,NA,NA,0
21,4,5,NA,NA,NA,0
22,4,5,NA,NA,NA,0
23,6,6,NA,NA,NA,0
24,6,6,NA,NA,NA,0
25,6,6,NA,NA,NA,0
26,6,6,NA,NA,NA,0
27,6,6,NA,NA,NA,0
28,6,6,NA,NA,NA,0
29,3,7,NA,NA,NA,0
30,3,7,NA,NA,NA,0
31,3,7,NA,NA,NA,0
32,6,8,NA,NA,NA,0
33,6,8,"E",76,5,0
34,6,8,NA,NA,NA,0
35,6,8,NA,NA,NA,0
36,6,8,NA,NA,NA,0
37,6,8,NA,NA,NA,0
38,3,9,NA,NA,NA,0
39,3,9,NA,NA,NA,0
40,3,9,NA,NA,NA,0
41,4,10,NA,NA,NA,0
42,4,10,NA,NA,NA,0
43,4,10,NA,NA,NA,0
44,4,10,NA,NA,NA,0
45,3,11,NA,NA,NA,0
46,3,11,NA,NA,NA,0
47,3,11,NA,NA,NA,0
48,4,12,NA,NA,NA,0
49,4,12,NA,NA,NA,0
50,4,12,NA,NA,NA,0
51,4,12,NA,NA,NA,0
52,6,13,NA,NA,NA,0
53,6,13,NA,NA,NA,0
54,6,13,NA,NA,NA,0
55,6,13,NA,NA,NA,0
56,6,13,NA,NA,NA,0
57,6,13,NA,NA,NA,0
58,5,14,NA,NA,NA,0
59,5,14,NA,NA,NA,0
60,5,14,NA,NA,NA,0
61,5,14,NA,NA,NA,0
62,5,14,"E",319,4,0
63,4,15,"E",149,3,0
64,4,15,NA,NA,NA,0
65,4,15,NA,NA,NA,0
66,4,15,NA,NA,NA,0
67,4,16,NA,NA,NA,0
68,4,16,NA,NA,NA,0
69,4,16,NA,NA,NA,0
70,4,16,NA,NA,NA,0
71,6,17,NA,NA,NA,0
72,6,17,NA,NA,NA,0
73,6,17,NA,NA,NA,0
74,6,17,NA,NA,NA,0
75,6,17,NA,NA,NA,0
76,6,17,NA,NA,NA,0
77,6,18,NA,NA,NA,0
78,6,18,NA,NA,NA,0
79,6,18,NA,NA,NA,0
80,6,18,NA,NA,NA,0
81,6,18,NA,NA,NA,0
82,6,18,NA,NA,NA,0
83,4,19,NA,NA,NA,0
84,4,19,NA,NA,NA,0
85,4,19,NA,NA,NA,0
86,4,19,NA,NA,NA,0
87,3,20,NA,NA,NA,0
88,3,20,NA,NA,NA,0
89,3,20,"C",NA,NA,0
90,4,21,NA,NA,NA,0
91,4,21,NA,NA,NA,0
92,4,21,NA,NA,NA,0
93,4,21,NA,NA,NA,0
94,5,22,NA,NA,NA,0
95,5,22,NA,NA,NA,0
96,5,22,NA,NA,NA,0
97,5,22,NA,NA,NA,0
98,5,22,NA,NA,NA,0
99,3,23,NA,NA,NA,0
100,3,23,NA,NA,NA,0
101,3,23,NA,NA,NA,0
102,5,24,"E",81,4,1
103,5,24,NA,NA,NA,0
104,5,24,"H",128,3,0
105,5,24,NA,NA,NA,0
106,5,24,NA,NA,NA,0
107,3,25,NA,NA,NA,0
108,3,25,NA,NA,NA,0
109,3,25,NA,NA,NA,0
110,3,26,NA,NA,NA,0
111,3,26,NA,NA,NA,0
112,3,26,NA,NA,NA,0
113,5,27,NA,NA,NA,0
114,5,27,NA,NA,NA,0
115,5,27,NA,NA,NA,0
116,5,27,NA,NA,NA,0
117,5,27,NA,NA,NA,0
118,6,28,"E",NA,NA,0
119,6,28,NA,NA,NA,0
120,6,28,NA,NA,NA,0
121,6,28,NA,NA,NA,0
122,6,28,NA,NA,NA,0
123,6,28,NA,NA,NA,0
124,3,29,NA,NA,NA,0
125,3,29,NA,NA,NA,0
126,3,29,NA,NA,NA,0
127,3,30,"E",275,2,0
128,3,30,NA,NA,NA,0
129,3,30,NA,NA,NA,0
130,3,31,NA,NA,NA,0
131,3,31,NA,NA,NA,0
132,3,31,NA,NA,NA,0
133,6,32,NA,NA,NA,0
134,6,32,NA,NA,NA,0
135,6,32,NA,NA,NA,0
136,6,32,NA,NA,NA,0
137,6,32,NA,NA,NA,0
138,6,32,NA,NA,NA,0
139,5,33,NA,NA,NA,0
140,5,33,NA,NA,NA,0
141,5,33,NA,NA,NA,0
142,5,33,NA,NA,NA,0
143,5,33,NA,NA,NA,0
144,4,34,NA,NA,NA,0
145,4,34,NA,NA,NA,0
146,4,34,NA,NA,NA,0
147,4,34,NA,NA,NA,0
148,6,35,NA,NA,NA,0
149,6,35,NA,NA,NA,0
150,6,35,NA,NA,NA,0
151,6,35,NA,NA,NA,0
152,6,35,NA,NA,NA,0
153,6,35,NA,NA,NA,0
154,3,36,NA,NA,NA,0
155,3,36,NA,NA,NA,0
156,3,36,NA,NA,NA,0
157,3,37,NA,NA,NA,0
158,3,37,NA,NA,NA,0
159,3,37,NA,NA,NA,0
160,3,38,NA,NA,NA,0
161,3,38,NA,NA,NA,0
162,3,38,NA,NA,NA,0
163,6,39,NA,NA,NA,0
164,6,39,NA,NA,NA,0
165,6,39,NA,NA,NA,0
166,6,39,NA,NA,NA,0
167,6,39,NA,NA,NA,0
168,6,39,NA,NA,NA,0
169,4,40,NA,NA,NA,0
170,4,40,NA,NA,NA,0
171,4,40,NA,NA,NA,0
172,4,40,NA,NA,NA,0
173,4,41,NA,NA,NA,0
174,4,41,NA,NA,NA,0
175,4,41,NA,NA,NA,0
176,4,41,NA,NA,NA,0
177,6,42,NA,NA,NA,0
178,6,42,NA,NA,NA,0
179,6,42,NA,NA,NA,0
180,6,42,NA,NA,NA,0
181,6,42,NA,NA,NA,0
182,6,42,NA,NA,NA,0
183,6,43,NA,NA,NA,0
184,6,43,NA,NA,NA,0
185,6,43,NA,NA,NA,0
186,6,43,NA,NA,NA,0
187,6,43,NA,NA,NA,0
188,6,43,NA,NA,NA,0
189,3,44,NA,NA,NA,0
190,3,44,NA,NA,NA,0
191,3,44,NA,NA,NA,0
192,4,45,NA,NA,NA,0
193,4,45,NA,NA,NA,0
194,4,45,NA,NA,NA,0
195,4,45,NA,NA,NA,0
196,3,46,NA,NA,NA,0
197,3,46,NA,NA,NA,0
198,3,46,"E",167,2,0
199,5,47,NA,NA,NA,0
200,5,47,NA,NA,NA,0
201,5,47,NA,NA,NA,0
202,5,47,NA,NA,NA,0
203,5,47,"E",140,4,0
204,6,48,NA,NA,NA,0
205,6,48,NA,NA,NA,0
206,6,48,NA,NA,NA,0
207,6,48,NA,NA,NA,0
208,6,48,NA,NA,NA,0
209,6,48,NA,NA,NA,0
210,4,49,NA,NA,NA,0
211,4,49,NA,NA,NA,0
212,4,49,NA,NA,NA,0
213,4,49,NA,NA,NA,0
214,4,50,NA,NA,NA,0
215,4,50,NA,NA,NA,0
216,4,50,NA,NA,NA,0
217,4,50,NA,NA,NA,0
218,5,51,NA,NA,NA,0
219,5,51,NA,NA,NA,0
220,5,51,NA,NA,NA,0
221,5,51,NA,NA,NA,0
222,5,51,NA,NA,NA,0
223,5,52,NA,NA,NA,0
224,5,52,NA,NA,NA,0
225,5,52,NA,NA,NA,0
226,5,52,NA,NA,NA,0
227,5,52,NA,NA,NA,0
228,5,53,NA,NA,NA,0
229,5,53,NA,NA,NA,0
230,5,53,NA,NA,NA,0
231,5,53,NA,NA,NA,0
232,5,53,NA,NA,NA,0
233,5,54,NA,NA,NA,0
234,5,54,NA,NA,NA,0
235,5,54,NA,NA,NA,0
236,5,54,NA,NA,NA,0
237,5,54,NA,NA,NA,0
238,5,55,NA,NA,NA,0
239,5,55,NA,NA,NA,0
240,5,55,NA,NA,NA,0
241,5,55,NA,NA,NA,0
242,5,55,NA,NA,NA,0
243,3,56,NA,NA,NA,0
244,3,56,NA,NA,NA,0
245,3,56,NA,NA,NA,0
246,5,57,NA,NA,NA,0
247,5,57,NA,NA,NA,0
248,5,57,NA,NA,NA,0
249,5,57,NA,NA,NA,0
250,5,57,NA,NA,NA,0
251,6,58,NA,NA,NA,0
252,6,58,NA,NA,NA,0
253,6,58,NA,NA,NA,0
254,6,58,NA,NA,NA,0
255,6,58,NA,NA,NA,0
256,6,58,NA,NA,NA,0
257,3,59,NA,NA,NA,0
258,3,59,NA,NA,NA,0
259,3,59,NA,NA,NA,0
260,3,60,NA,NA,NA,0
261,3,60,NA,NA,NA,0
262,3,60,NA,NA,NA,0
263,6,61,NA,NA,NA,0
264,6,61,NA,NA,NA,0
265,6,61,NA,NA,NA,0
266,6,61,NA,NA,NA,0
267,6,61,NA,NA,NA,0
268,6,61,NA,NA,NA,0
269,6,62,NA,NA,NA,0
270,6,62,NA,NA,NA,0
271,6,62,NA,NA,NA,0
272,6,62,NA,NA,NA,0
273,6,62,NA,NA,NA,0
274,6,62,NA,NA,NA,0
275,5,63,NA,NA,NA,0
276,5,63,NA,NA,NA,0
277,5,63,NA,NA,NA,0
278,5,63,NA,NA,NA,0
279,5,63,NA,NA,NA,0
280,5,64,NA,NA,NA,0
281,5,64,NA,NA,NA,0
282,5,64,NA,NA,NA,0
283,5,64,NA,NA,NA,0
284,5,64,NA,NA,NA,0
285,3,65,NA,NA,NA,0
286,3,65,NA,NA,NA,0
287,3,65,NA,NA,NA,0
288,5,66,NA,NA,NA,0
289,5,66,"E",42,4,0
290,5,66,NA,NA,NA,0
291,5,66,NA,NA,NA,0
292,5,66,NA,NA,NA,0
293,4,67,NA,NA,NA,0
294,4,67,NA,NA,NA,0
295,4,67,NA,NA,NA,0
296,4,67,NA,NA,NA,0
297,5,68,NA,NA,NA,0
298,5,68,NA,NA,NA,0
299,5,68,"E",101,4,0
300,5,68,NA,NA,NA,0
301,5,68,NA,NA,NA,0
302,6,69,NA,NA,NA,0
303,6,69,NA,NA,NA,0
304,6,69,NA,NA,NA,0
305,6,69,NA,NA,NA,0
306,6,69,NA,NA,NA,0
307,6,69,NA,NA,NA,0
308,6,70,NA,NA,NA,0
309,6,70,NA,NA,NA,0
310,6,70,NA,NA,NA,0
311,6,70,NA,NA,NA,0
312,6,70,NA,NA,NA,0
313,6,70,NA,NA,NA,0
314,6,71,"E",178,5,1
315,6,71,NA,NA,NA,0
316,6,71,"H",229,4,0
317,6,71,NA,NA,NA,0
318,6,71,NA,NA,NA,0
319,6,71,NA,NA,NA,0
320,4,72,NA,NA,NA,0
321,4,72,NA,NA,NA,0
322,4,72,NA,NA,NA,0
323,4,72,NA,NA,NA,0
324,3,73,NA,NA,NA,0
325,3,73,NA,NA,NA,0
326,3,73,NA,NA,NA,0
327,4,74,NA,NA,NA,0
328,4,74,NA,NA,NA,0
329,4,74,NA,NA,NA,0
330,4,74,NA,NA,NA,0
331,3,75,NA,NA,NA,0
332,3,75,NA,NA,NA,0
333,3,75,NA,NA,NA,0
334,5,76,NA,NA,NA,0
335,5,76,"H",261,3,0
336,5,76,NA,NA,NA,0
337,5,76,NA,NA,NA,0
338,5,76,"E",210,4,1
339,4,77,NA,NA,NA,0
340,4,77,NA,NA,NA,0
341,4,77,NA,NA,NA,0
342,4,77,NA,NA,NA,0
343,3,78,NA,NA,NA,0
344,3,78,NA,NA,NA,0
345,3,78,NA,NA,NA,0
346,5,79,NA,NA,NA,0
347,5,79,NA,NA,NA,0
348,5,79,NA,NA,NA,0
349,5,79,NA,NA,NA,0
350,5,79,NA,NA,NA,0
351,3,80,NA,NA,NA,0
352,3,80,NA,NA,NA,0
353,3,80,NA,NA,NA,0
354,6,81,NA,NA,NA,0
355,6,81,NA,NA,NA,0
356,6,81,NA,NA,NA,0
357,6,81,NA,NA,NA,0
358,6,81,NA,NA,NA,0
359,6,81,NA,NA,NA,0
360,6,82,NA,NA,NA,0
361,6,82,NA,NA,NA,0
362,6,82,NA,NA,NA,0
363,6,82,NA,NA,NA,0
364,6,82,NA,NA,NA,0
365,6,82,NA,NA,NA,0
366,3,83,NA,NA,NA,0
367,3,83,NA,NA,NA,0
368,3,83,NA,NA,NA,0
369,5,84,NA,NA,NA,0
370,5,84,NA,NA,NA,0
371,5,84,NA,NA,NA,0
372,5,84,NA,NA,NA,0
373,5,84,NA,NA,NA,0
374,6,85,NA,NA,NA,0
375,6,85,NA,NA,NA,0
376,6,85,NA,NA,NA,0
377,6,85,NA,NA,NA,0
378,6,85,NA,NA,NA,0
379,6,85,NA,NA,NA,0
380,5,86,NA,NA,NA,0
381,5,86,NA,NA,NA,0
382,5,86,NA,NA,NA,0
383,5,86,NA,NA,NA,0
384,5,86,NA,NA,NA,0
385,5,87,NA,NA,NA,0
386,5,87,NA,NA,NA,0
387,5,87,NA,NA,NA,0
388,5,87,NA,NA,NA,0
389,5,87,NA,NA,NA,0
390,5,88,NA,NA,NA,0
391,5,88,NA,NA,NA,0
392,5,88,NA,NA,NA,0
393,5,88,NA,NA,NA,0
394,5,88,NA,NA,NA,0
395,4,89,NA,NA,NA,0
396,4,89,NA,NA,NA,0
397,4,89,NA,NA,NA,0
398,4,89,NA,NA,NA,0
399,3,90,NA,NA,NA,0
400,3,90,NA,NA,NA,0
401,3,90,NA,NA,NA,0
402,5,91,NA,NA,NA,0
403,5,91,NA,NA,NA,0
404,5,91,NA,NA,NA,0
405,5,91,NA,NA,NA,0
406,5,91,NA,NA,NA,0
407,3,92,NA,NA,NA,0
408,3,92,NA,NA,NA,0
409,3,92,NA,NA,NA,0
410,6,93,NA,NA,NA,0
411,6,93,NA,NA,NA,0
412,6,93,NA,NA,NA,0
413,6,93,NA,NA,NA,0
414,6,93,NA,NA,NA,0
415,6,93,NA,NA,NA,0
416,6,94,"E",NA,NA,0
417,6,94,NA,NA,NA,0
418,6,94,NA,NA,NA,0
419,6,94,NA,NA,NA,0
420,6,94,NA,NA,NA,0
421,6,94,NA,NA,NA,0
422,4,95,NA,NA,NA,0
423,4,95,NA,NA,NA,0
424,4,95,NA,NA,NA,0
425,4,95,NA,NA,NA,0
426,6,96,NA,NA,NA,0
427,6,96,NA,NA,NA,0
428,6,96,NA,NA,NA,0
429,6,96,NA,NA,NA,0
430,6,96,NA,NA,NA,0
431,6,96,NA,NA,NA,0
432,4,97,NA,NA,NA,0
433,4,97,NA,NA,NA,0
434,4,97,NA,NA,NA,0
435,4,97,NA,NA,NA,0
436,3,98,NA,NA,NA,0
437,3,98,NA,NA,NA,0
438,3,98,NA,NA,NA,0
439,5,99,NA,NA,NA,0
440,5,99,NA,NA,NA,0
441,5,99,NA,NA,NA,0
442,5,99,NA,NA,NA,0
443,5,99,NA,NA,NA,0
444,4,100,NA,NA,NA,0
445,4,100,NA,NA,NA,0
446,4,100,NA,NA,NA,0
447,4,100,NA,NA,NA,0
448,5,101,NA,NA,NA,0
449,5,101,NA,NA,NA,0
450,5,101,NA,NA,NA,0
451,5,101,NA,NA,NA,0
452,5,101,NA,NA,NA,0
453,3,102,NA,NA,NA,0
454,3,102,NA,NA,NA,0
455,3,102,NA,NA,NA,0
456,6,103,NA,NA,NA,0
457,6,103,NA,NA,NA,0
458,6,103,NA,NA,NA,0
459,6,103,NA,NA,NA,0
460,6,103,NA,NA,NA,0
461,6,103,NA,NA,NA,0
462,4,104,NA,NA,NA,0
463,4,104,NA,NA,NA,0
464,4,104,NA,NA,NA,0
465,4,104,NA,NA,NA,0
466,5,105,NA,NA,NA,0
467,5,105,NA,NA,NA,0
468,5,105,NA,NA,NA,0
469,5,105,NA,NA,NA,0
470,5,105,NA,NA,NA,0
471,5,106,NA,NA,NA,0
472,5,106,NA,NA,NA,0
473,5,106,NA,NA,NA,0
474,5,106,NA,NA,NA,0
475,5,106,NA,NA,NA,0
476,5,107,NA,NA,NA,0
477,5,107,NA,NA,NA,0
478,5,107,NA,NA,NA,0
479,5,107,NA,NA,NA,0
480,5,107,NA,NA,NA,0
481,4,108,NA,NA,NA,0
482,4,108,NA,NA,NA,0
483,4,108,NA,NA,NA,0
484,4,108,NA,NA,NA,0
485,6,109,NA,NA,NA,0
486,6,109,NA,NA,NA,0
487,6,109,NA,NA,NA,0
488,6,109,NA,NA,NA,0
489,6,109,NA,NA,NA,0
490,6,109,NA,NA,NA,0
491,5,110,NA,NA,NA,0
492,5,110,NA,NA,NA,0
493,5,110,NA,NA,NA,0
494,5,110,NA,NA,NA,0
495,5,110,NA,NA,NA,0
496,3,111,NA,NA,NA,0
497,3,111,NA,NA,NA,0
498,3,111,NA,NA,NA,0
499,3,112,NA,NA,NA,0
500,3,112,NA,NA,NA,0
501,3,112,NA,NA,NA,0
502,6,113,"H",270,1,0
503,6,113,"H",170,4,2
504,6,113,NA,NA,NA,0
505,6,113,"H",234,2,1
506,6,113,"E",134,5,1
507,6,113,"H",191,2,0
508,3,114,NA,NA,NA,0
509,3,114,NA,NA,NA,0
510,3,114,NA,NA,NA,0
511,4,115,NA,NA,NA,0
512,4,115,NA,NA,NA,0
513,4,115,NA,NA,NA,0
514,4,115,NA,NA,NA,0
515,5,116,NA,NA,NA,0
516,5,116,NA,NA,NA,0
517,5,116,NA,NA,NA,0
518,5,116,NA,NA,NA,0
519,5,116,NA,NA,NA,0
520,3,117,NA,NA,NA,0
521,3,117,NA,NA,NA,0
522,3,117,NA,NA,NA,0
523,4,118,NA,NA,NA,0
524,4,118,NA,NA,NA,0
525,4,118,NA,NA,NA,0
526,4,118,NA,NA,NA,0
527,3,119,NA,NA,NA,0
528,3,119,NA,NA,NA,0
529,3,119,NA,NA,NA,0
530,6,120,NA,NA,NA,0
531,6,120,NA,NA,NA,0
532,6,120,NA,NA,NA,0
533,6,120,NA,NA,NA,0
534,6,120,NA,NA,NA,0
535,6,120,NA,NA,NA,0
536,3,121,NA,NA,NA,0
537,3,121,NA,NA,NA,0
538,3,121,NA,NA,NA,0
539,6,122,"C",331,5,1
540,6,122,NA,NA,NA,0
541,6,122,"H",NA,NA,0
542,6,122,NA,NA,NA,0
543,6,122,NA,NA,NA,0
544,6,122,NA,NA,NA,0
545,4,123,NA,NA,NA,0
546,4,123,NA,NA,NA,0
547,4,123,NA,NA,NA,0
548,4,123,NA,NA,NA,0
549,6,124,NA,NA,NA,0
550,6,124,NA,NA,NA,0
551,6,124,NA,NA,NA,0
552,6,124,NA,NA,NA,0
553,6,124,NA,NA,NA,0
554,6,124,NA,NA,NA,0
555,3,125,NA,NA,NA,0
556,3,125,NA,NA,NA,0
557,3,125,NA,NA,NA,0
558,6,126,NA,NA,NA,0
559,6,126,NA,NA,NA,0
560,6,126,NA,NA,NA,0
561,6,126,NA,NA,NA,0
562,6,126,NA,NA,NA,0
563,6,126,NA,NA,NA,0
564,3,127,"E",263,2,0
565,3,127,NA,NA,NA,0
566,3,127,NA,NA,NA,0
567,5,128,NA,NA,NA,0
568,5,128,NA,NA,NA,0
569,5,128,NA,NA,NA,0
570,5,128,NA,NA,NA,0
571,5,128,NA,NA,NA,0
572,6,129,NA,NA,NA,0
573,6,129,NA,NA,NA,0
574,6,129,NA,NA,NA,0
575,6,129,NA,NA,NA,0
576,6,129,NA,NA,NA,0
577,6,129,NA,NA,NA,0
578,6,130,NA,NA,NA,0
579,6,130,NA,NA,NA,0
580,6,130,NA,NA,NA,0
581,6,130,NA,NA,NA,0
582,6,130,NA,NA,NA,0
583,6,130,NA,NA,NA,0
584,4,131,NA,NA,NA,0
585,4,131,NA,NA,NA,0
586,4,131,NA,NA,NA,0
587,4,131,NA,NA,NA,0
588,6,132,NA,NA,NA,0
589,6,132,NA,NA,NA,0
590,6,132,NA,NA,NA,0
591,6,132,NA,NA,NA,0
592,6,132,NA,NA,NA,0
593,6,132,NA,NA,NA,0
594,6,133,NA,NA,NA,0
595,6,133,NA,NA,NA,0
596,6,133,NA,NA,NA,0
597,6,133,NA,NA,NA,0
598,6,133,NA,NA,NA,0
599,6,133,NA,NA,NA,0
600,5,134,NA,NA,NA,0
601,5,134,NA,NA,NA,0
602,5,134,NA,NA,NA,0
603,5,134,NA,NA,NA,0
604,5,134,NA,NA,NA,0
605,5,135,NA,NA,NA,0
606,5,135,NA,NA,NA,0
607,5,135,NA,NA,NA,0
608,5,135,NA,NA,NA,0
609,5,135,NA,NA,NA,0
610,6,136,NA,NA,NA,0
611,6,136,NA,NA,NA,0
612,6,136,NA,NA,NA,0
613,6,136,NA,NA,NA,0
614,6,136,NA,NA,NA,0
615,6,136,NA,NA,NA,0
616,6,137,NA,NA,NA,0
617,6,137,NA,NA,NA,0
618,6,137,NA,NA,NA,0
619,6,137,NA,NA,NA,0
620,6,137,NA,NA,NA,0
621,6,137,NA,NA,NA,0
622,5,138,NA,NA,NA,0
623,5,138,NA,NA,NA,0
624,5,138,NA,NA,NA,0
625,5,138,NA,NA,NA,0
626,5,138,NA,NA,NA,0
627,3,139,NA,NA,NA,0
628,3,139,NA,NA,NA,0
629,3,139,NA,NA,NA,0
630,6,140,NA,NA,NA,0
631,6,140,NA,NA,NA,0
632,6,140,NA,NA,NA,0
633,6,140,NA,NA,NA,0
634,6,140,NA,NA,NA,0
635,6,140,NA,NA,NA,0
636,5,141,NA,NA,NA,0
637,5,141,NA,NA,NA,0
638,5,141,NA,NA,NA,0
639,5,141,NA,NA,NA,0
640,5,141,NA,NA,NA,0
641,4,142,NA,NA,NA,0
642,4,142,NA,NA,NA,0
643,4,142,NA,NA,NA,0
644,4,142,NA,NA,NA,0
645,5,143,NA,NA,NA,0
646,5,143,NA,NA,NA,0
647,5,143,NA,NA,NA,0
648,5,143,NA,NA,NA,0
649,5,143,NA,NA,NA,0
650,3,144,NA,NA,NA,0
651,3,144,NA,NA,NA,0
652,3,144,NA,NA,NA,0
653,3,145,NA,NA,NA,0
654,3,145,NA,NA,NA,0
655,3,145,NA,NA,NA,0
656,5,146,NA,NA,NA,0
657,5,146,NA,NA,NA,0
658,5,146,"E",305,4,0
659,5,146,NA,NA,NA,0
660,5,146,NA,NA,NA,0
661,6,147,NA,NA,NA,0
662,6,147,NA,NA,NA,0
663,6,147,"H",NA,NA,0
664,6,147,NA,NA,NA,0
665,6,147,"E",343,5,1
666,6,147,NA,NA,NA,0
667,4,148,NA,NA,NA,0
668,4,148,NA,NA,NA,0
669,4,148,NA,NA,NA,0
670,4,148,NA,NA,NA,0
671,4,149,NA,NA,NA,0
672,4,149,NA,NA,NA,0
673,4,149,NA,NA,NA,0
674,4,149,NA,NA,NA,0
675,5,150,NA,NA,NA,0
676,5,150,NA,NA,NA,0
677,5,150,NA,NA,NA,0
678,5,150,NA,NA,NA,0
679,5,150,NA,NA,NA,0
680,6,151,NA,NA,NA,0
681,6,151,NA,NA,NA,0
682,6,151,NA,NA,NA,0
683,6,151,NA,NA,NA,0
684,6,151,NA,NA,NA,0
685,6,151,NA,NA,NA,0
686,5,152,NA,NA,NA,0
687,5,152,NA,NA,NA,0
688,5,152,NA,NA,NA,0
689,5,152,NA,NA,NA,0
690,5,152,NA,NA,NA,0
691,5,153,NA,NA,NA,0
692,5,153,NA,NA,NA,0
693,5,153,NA,NA,NA,0
694,5,153,NA,NA,NA,0
695,5,153,"E",NA,NA,0
696,6,154,NA,NA,NA,0
697,6,154,NA,NA,NA,0
698,6,154,NA,NA,NA,0
699,6,154,NA,NA,NA,0
700,6,154,NA,NA,NA,0
701,6,154,NA,NA,NA,0
702,4,155,NA,NA,NA,0
703,4,155,NA,NA,NA,0
704,4,155,NA,NA,NA,0
705,4,155,NA,NA,NA,0
706,4,156,NA,NA,NA,0
707,4,156,NA,NA,NA,0
708,4,156,NA,NA,NA,0
709,4,156,NA,NA,NA,0
710,4,157,"E",274,3,1
711,4,157,NA,NA,NA,0
712,4,157,NA,NA,NA,0
713,4,157,"H",335,2,0
714,4,158,"E",112,3,0
715,4,158,NA,NA,NA,0
716,4,158,NA,NA,NA,0
717,4,158,NA,NA,NA,0
718,4,159,NA,NA,NA,0
719,4,159,NA,NA,NA,0
720,4,159,NA,NA,NA,0
721,4,159,NA,NA,NA,0
722,6,160,NA,NA,NA,0
723,6,160,NA,NA,NA,0
724,6,160,NA,NA,NA,0
725,6,160,"H",215,4,0
726,6,160,"E",172,5,1
727,6,160,NA,NA,NA,0
728,6,161,"H",103,4,1
729,6,161,"H",124,3,1
730,6,161,NA,NA,NA,0
731,6,161,"H",187,2,1
732,6,161,"H",252,1,0
733,6,161,"E",82,5,1
734,3,162,NA,NA,NA,0
735,3,162,NA,NA,NA,0
736,3,162,NA,NA,NA,0
737,3,163,NA,NA,NA,0
738,3,163,NA,NA,NA,0
739,3,163,NA,NA,NA,0
740,3,164,NA,NA,NA,0
741,3,164,NA,NA,NA,0
742,3,164,NA,NA,NA,0
743,6,165,NA,NA,NA,0
744,6,165,NA,NA,NA,0
745,6,165,NA,NA,NA,0
746,6,165,NA,NA,NA,0
747,6,165,NA,NA,NA,0
748,6,165,NA,NA,NA,0
749,3,166,NA,NA,NA,0
750,3,166,NA,NA,NA,0
751,3,166,NA,NA,NA,0
752,3,167,NA,NA,NA,0
753,3,167,NA,NA,NA,0
754,3,167,NA,NA,NA,0
755,6,168,"H",363,3,0
756,6,168,"C",336,5,2
757,6,168,NA,NA,NA,0
758,6,168,NA,NA,NA,0
759,6,168,"H",NA,NA,0
760,6,168,NA,NA,NA,0
761,6,169,"H",237,4,1
762,6,169,"H",318,1,0
763,6,169,"H",293,2,1
764,6,169,"H",270,3,1
765,6,169,NA,NA,NA,0
766,6,169,"E",206,5,1
767,6,170,NA,NA,NA,0
768,6,170,NA,NA,NA,0
769,6,170,NA,NA,NA,0
770,6,170,NA,NA,NA,0
771,6,170,NA,NA,NA,0
772,6,170,NA,NA,NA,0
773,5,171,"E",235,4,0
774,5,171,NA,NA,NA,0
775,5,171,NA,NA,NA,0
776,5,171,NA,NA,NA,0
777,5,171,NA,NA,NA,0
778,6,172,NA,NA,NA,0
779,6,172,NA,NA,NA,0
780,6,172,NA,NA,NA,0
781,6,172,NA,NA,NA,0
782,6,172,NA,NA,NA,0
783,6,172,NA,NA,NA,0
784,6,173,NA,NA,NA,0
785,6,173,NA,NA,NA,0
786,6,173,NA,NA,NA,0
787,6,173,NA,NA,NA,0
788,6,173,NA,NA,NA,0
789,6,173,NA,NA,NA,0
790,4,174,NA,NA,NA,0
791,4,174,NA,NA,NA,0
792,4,174,NA,NA,NA,0
793,4,174,NA,NA,NA,0
794,4,175,NA,NA,NA,0
795,4,175,NA,NA,NA,0
796,4,175,NA,NA,NA,0
797,4,175,NA,NA,NA,0
798,5,176,NA,NA,NA,0
799,5,176,NA,NA,NA,0
800,5,176,NA,NA,NA,0
801,5,176,NA,NA,NA,0
802,5,176,NA,NA,NA,0
803,6,177,NA,NA,NA,0
804,6,177,NA,NA,NA,0
805,6,177,NA,NA,NA,0
806,6,177,NA,NA,NA,0
807,6,177,NA,NA,NA,0
808,6,177,"E",289,5,0
809,3,178,NA,NA,NA,0
810,3,178,NA,NA,NA,0
811,3,178,NA,NA,NA,0
812,6,179,NA,NA,NA,0
813,6,179,NA,NA,NA,0
814,6,179,NA,NA,NA,0
815,6,179,NA,NA,NA,0
816,6,179,NA,NA,NA,0
817,6,179,NA,NA,NA,0
818,4,180,NA,NA,NA,0
819,4,180,NA,NA,NA,0
820,4,180,NA,NA,NA,0
821,4,180,NA,NA,NA,0
822,6,181,NA,NA,NA,0
823,6,181,NA,NA,NA,0
824,6,181,NA,NA,NA,0
825,6,181,NA,NA,NA,0
826,6,181,NA,NA,NA,0
827,6,181,NA,NA,NA,0
828,3,182,NA,NA,NA,0
829,3,182,NA,NA,NA,0
830,3,182,NA,NA,NA,0
831,5,183,NA,NA,NA,0
832,5,183,NA,NA,NA,0
833,5,183,NA,NA,NA,0
834,5,183,NA,NA,NA,0
835,5,183,NA,NA,NA,0
836,6,184,NA,NA,NA,0
837,6,184,NA,NA,NA,0
838,6,184,NA,NA,NA,0
839,6,184,NA,NA,NA,0
840,6,184,NA,NA,NA,0
841,6,184,NA,NA,NA,0
842,4,185,NA,NA,NA,0
843,4,185,"E",185,3,0
844,4,185,NA,NA,NA,0
845,4,185,NA,NA,NA,0
846,3,186,"E",303,2,0
847,3,186,NA,NA,NA,0
848,3,186,NA,NA,NA,0
849,4,187,NA,NA,NA,0
850,4,187,NA,NA,NA,0
851,4,187,"H",317,2,0
852,4,187,"E",297,3,1
853,5,188,"H",101,3,0
854,5,188,NA,NA,NA,0
855,5,188,"E",76,4,1
856,5,188,NA,NA,NA,0
857,5,188,NA,NA,NA,0
858,3,189,NA,NA,NA,0
859,3,189,NA,NA,NA,0
860,3,189,NA,NA,NA,0
861,4,190,NA,NA,NA,0
862,4,190,NA,NA,NA,0
863,4,190,NA,NA,NA,0
864,4,190,NA,NA,NA,0
865,6,191,NA,NA,NA,0
866,6,191,NA,NA,NA,0
867,6,191,NA,NA,NA,0
868,6,191,NA,NA,NA,0
869,6,191,NA,NA,NA,0
870,6,191,NA,NA,NA,0
871,3,192,NA,NA,NA,0
872,3,192,"C",351,2,0
873,3,192,NA,NA,NA,0
874,4,193,NA,NA,NA,0
875,4,193,NA,NA,NA,0
876,4,193,NA,NA,NA,0
877,4,193,NA,NA,NA,0
878,5,194,NA,NA,NA,0
879,5,194,NA,NA,NA,0
880,5,194,NA,NA,NA,0
881,5,194,NA,NA,NA,0
882,5,194,NA,NA,NA,0
883,5,195,NA,NA,NA,0
884,5,195,NA,NA,NA,0
885,5,195,NA,NA,NA,0
886,5,195,NA,NA,NA,0
887,5,195,NA,NA,NA,0
888,3,196,NA,NA,NA,0
889,3,196,NA,NA,NA,0
890,3,196,NA,NA,NA,0
891,3,197,NA,NA,NA,0
892,3,197,NA,NA,NA,0
893,3,197,NA,NA,NA,0
894,3,198,NA,NA,NA,0
895,3,198,NA,NA,NA,0
896,3,198,NA,NA,NA,0
897,5,199,NA,NA,NA,0
898,5,199,NA,NA,NA,0
899,5,199,NA,NA,NA,0
900,5,199,NA,NA,NA,0
901,5,199,NA,NA,NA,0
902,3,200,NA,NA,NA,0
903,3,200,NA,NA,NA,0
904,3,200,NA,NA,NA,0
905,5,201,NA,NA,NA,0
906,5,201,NA,NA,NA,0
907,5,201,NA,NA,NA,0
908,5,201,NA,NA,NA,0
909,5,201,NA,NA,NA,0
910,4,202,NA,NA,NA,0
911,4,202,NA,NA,NA,0
912,4,202,NA,NA,NA,0
913,4,202,NA,NA,NA,0
914,5,203,NA,NA,NA,0
915,5,203,NA,NA,NA,0
916,5,203,NA,NA,NA,0
917,5,203,NA,NA,NA,0
918,5,203,NA,NA,NA,0
919,4,204,NA,NA,NA,0
920,4,204,NA,NA,NA,0
921,4,204,NA,NA,NA,0
922,4,204,NA,NA,NA,0
923,3,205,"E",195,2,0
924,3,205,NA,NA,NA,0
925,3,205,NA,NA,NA,0
926,4,206,NA,NA,NA,0
927,4,206,NA,NA,NA,0
928,4,206,NA,NA,NA,0
929,4,206,NA,NA,NA,0
930,4,207,NA,NA,NA,0
931,4,207,NA,NA,NA,0
932,4,207,NA,NA,NA,0
933,4,207,NA,NA,NA,0
934,6,208,"H",135,2,0
935,6,208,"E",100,5,2
936,6,208,"H",116,3,1
937,6,208,NA,NA,NA,0
938,6,208,"H",134,2,0
939,6,208,NA,NA,NA,0
940,3,209,NA,NA,NA,0
941,3,209,NA,NA,NA,0
942,3,209,NA,NA,NA,0
943,4,210,NA,NA,NA,0
944,4,210,NA,NA,NA,0
945,4,210,NA,NA,NA,0
946,4,210,NA,NA,NA,0
947,6,211,NA,NA,NA,0
948,6,211,NA,NA,NA,0
949,6,211,NA,NA,NA,0
950,6,211,NA,NA,NA,0
951,6,211,NA,NA,NA,0
952,6,211,NA,NA,NA,0
953,5,212,NA,NA,NA,0
954,5,212,NA,NA,NA,0
955,5,212,NA,NA,NA,0
956,5,212,NA,NA,NA,0
957,5,212,NA,NA,NA,0
958,3,213,NA,NA,NA,0
959,3,213,NA,NA,NA,0
960,3,213,NA,NA,NA,0
961,4,214,NA,NA,NA,0
962,4,214,NA,NA,NA,0
963,4,214,NA,NA,NA,0
964,4,214,NA,NA,NA,0
965,4,215,NA,NA,NA,0
966,4,215,NA,NA,NA,0
967,4,215,NA,NA,NA,0
968,4,215,NA,NA,NA,0
969,3,216,NA,NA,NA,0
970,3,216,NA,NA,NA,0
971,3,216,NA,NA,NA,0
972,3,217,NA,NA,NA,0
973,3,217,NA,NA,NA,0
974,3,217,NA,NA,NA,0
975,4,218,NA,NA,NA,0
976,4,218,NA,NA,NA,0
977,4,218,NA,NA,NA,0
978,4,218,NA,NA,NA,0
979,5,219,NA,NA,NA,0
980,5,219,NA,NA,NA,0
981,5,219,NA,NA,NA,0
982,5,219,NA,NA,NA,0
983,5,219,NA,NA,NA,0
984,5,220,NA,NA,NA,0
985,5,220,NA,NA,NA,0
986,5,220,NA,NA,NA,0
987,5,220,NA,NA,NA,0
988,5,220,NA,NA,NA,0
989,3,221,NA,NA,NA,0
990,3,221,NA,NA,NA,0
991,3,221,NA,NA,NA,0
992,4,222,NA,NA,NA,0
993,4,222,NA,NA,NA,0
994,4,222,NA,NA,NA,0
995,4,222,NA,NA,NA,0
996,5,223,NA,NA,NA,0
997,5,223,NA,NA,NA,0
998,5,223,NA,NA,NA,0
999,5,223,NA,NA,NA,0
1000,5,223,NA,NA,NA,0
