"ID","SIZE","HH","TYPE","TIME","S_NUM","I_NUM"
1,3,1,"0",NA,NA,0
2,3,1,NA,NA,NA,0
3,3,1,NA,NA,NA,0
4,3,2,NA,NA,NA,0
5,3,2,NA,NA,NA,0
6,3,2,NA,NA,NA,0
7,6,3,NA,NA,NA,0
8,6,3,NA,NA,NA,0
9,6,3,NA,NA,NA,0
10,6,3,NA,NA,NA,0
11,6,3,NA,NA,NA,0
12,6,3,NA,NA,NA,0
13,6,4,NA,NA,NA,0
14,6,4,NA,NA,NA,0
15,6,4,NA,NA,NA,0
16,6,4,NA,NA,NA,0
17,6,4,NA,NA,NA,0
18,6,4,NA,NA,NA,0
19,6,5,NA,NA,NA,0
20,6,5,NA,NA,NA,0
21,6,5,NA,NA,NA,0
22,6,5,NA,NA,NA,0
23,6,5,NA,NA,NA,0
24,6,5,NA,NA,NA,0
25,4,6,NA,NA,NA,0
26,4,6,NA,NA,NA,0
27,4,6,NA,NA,NA,0
28,4,6,NA,NA,NA,0
29,5,7,NA,NA,NA,0
30,5,7,NA,NA,NA,0
31,5,7,NA,NA,NA,0
32,5,7,NA,NA,NA,0
33,5,7,NA,NA,NA,0
34,5,8,NA,NA,NA,0
35,5,8,NA,NA,NA,0
36,5,8,NA,NA,NA,0
37,5,8,NA,NA,NA,0
38,5,8,NA,NA,NA,0
39,4,9,NA,NA,NA,0
40,4,9,NA,NA,NA,0
41,4,9,NA,NA,NA,0
42,4,9,NA,NA,NA,0
43,3,10,NA,NA,NA,0
44,3,10,NA,NA,NA,0
45,3,10,NA,NA,NA,0
46,6,11,NA,NA,NA,0
47,6,11,NA,NA,NA,0
48,6,11,NA,NA,NA,0
49,6,11,NA,NA,NA,0
50,6,11,NA,NA,NA,0
51,6,11,NA,NA,NA,0
52,3,12,NA,NA,NA,0
53,3,12,NA,NA,NA,0
54,3,12,NA,NA,NA,0
55,3,13,NA,NA,NA,0
56,3,13,NA,NA,NA,0
57,3,13,NA,NA,NA,0
58,6,14,NA,NA,NA,0
59,6,14,NA,NA,NA,0
60,6,14,NA,NA,NA,0
61,6,14,NA,NA,NA,0
62,6,14,NA,NA,NA,0
63,6,14,NA,NA,NA,0
64,6,15,NA,NA,NA,0
65,6,15,NA,NA,NA,0
66,6,15,NA,NA,NA,0
67,6,15,NA,NA,NA,0
68,6,15,NA,NA,NA,0
69,6,15,NA,NA,NA,0
70,4,16,NA,NA,NA,0
71,4,16,NA,NA,NA,0
72,4,16,NA,NA,NA,0
73,4,16,NA,NA,NA,0
74,5,17,NA,NA,NA,0
75,5,17,NA,NA,NA,0
76,5,17,NA,NA,NA,0
77,5,17,NA,NA,NA,0
78,5,17,NA,NA,NA,0
79,5,18,NA,NA,NA,0
80,5,18,NA,NA,NA,0
81,5,18,NA,NA,NA,0
82,5,18,NA,NA,NA,0
83,5,18,NA,NA,NA,0
84,3,19,NA,NA,NA,0
85,3,19,NA,NA,NA,0
86,3,19,NA,NA,NA,0
87,4,20,NA,NA,NA,0
88,4,20,NA,NA,NA,0
89,4,20,NA,NA,NA,0
90,4,20,NA,NA,NA,0
91,4,21,NA,NA,NA,0
92,4,21,NA,NA,NA,0
93,4,21,NA,NA,NA,0
94,4,21,NA,NA,NA,0
95,6,22,NA,NA,NA,0
96,6,22,NA,NA,NA,0
97,6,22,NA,NA,NA,0
98,6,22,NA,NA,NA,0
99,6,22,NA,NA,NA,0
100,6,22,NA,NA,NA,0
101,5,23,"H",243,2,0
102,5,23,"H",205,2,0
103,5,23,NA,NA,NA,0
104,5,23,NA,NA,NA,0
105,5,23,"C",171,4,2
106,3,24,NA,NA,NA,0
107,3,24,NA,NA,NA,0
108,3,24,NA,NA,NA,0
109,6,25,"C",254,4,1
110,6,25,"H",275,3,0
111,6,25,NA,NA,NA,0
112,6,25,"H",325,2,0
113,6,25,NA,NA,NA,0
114,6,25,"E",303,3,1
115,6,26,NA,NA,NA,0
116,6,26,NA,NA,NA,0
117,6,26,NA,NA,NA,0
118,6,26,NA,NA,NA,0
119,6,26,NA,NA,NA,0
120,6,26,NA,NA,NA,0
121,5,27,NA,NA,NA,0
122,5,27,NA,NA,NA,0
123,5,27,NA,NA,NA,0
124,5,27,NA,NA,NA,0
125,5,27,NA,NA,NA,0
126,3,28,NA,NA,NA,0
127,3,28,NA,NA,NA,0
128,3,28,NA,NA,NA,0
129,3,29,NA,NA,NA,0
130,3,29,NA,NA,NA,0
131,3,29,NA,NA,NA,0
132,6,30,NA,NA,NA,0
133,6,30,"H",NA,NA,0
134,6,30,"E",245,5,1
135,6,30,NA,NA,NA,0
136,6,30,"H",312,4,1
137,6,30,NA,NA,NA,0
138,4,31,NA,NA,NA,0
139,4,31,NA,NA,NA,0
140,4,31,NA,NA,NA,0
141,4,31,NA,NA,NA,0
142,6,32,NA,NA,NA,0
143,6,32,NA,NA,NA,0
144,6,32,NA,NA,NA,0
145,6,32,NA,NA,NA,0
146,6,32,NA,NA,NA,0
147,6,32,NA,NA,NA,0
148,6,33,NA,NA,NA,0
149,6,33,NA,NA,NA,0
150,6,33,NA,NA,NA,0
151,6,33,NA,NA,NA,0
152,6,33,NA,NA,NA,0
153,6,33,NA,NA,NA,0
154,5,34,NA,NA,NA,0
155,5,34,NA,NA,NA,0
156,5,34,NA,NA,NA,0
157,5,34,NA,NA,NA,0
158,5,34,NA,NA,NA,0
159,5,35,NA,NA,NA,0
160,5,35,NA,NA,NA,0
161,5,35,NA,NA,NA,0
162,5,35,NA,NA,NA,0
163,5,35,NA,NA,NA,0
164,3,36,NA,NA,NA,0
165,3,36,NA,NA,NA,0
166,3,36,NA,NA,NA,0
167,5,37,NA,NA,NA,0
168,5,37,NA,NA,NA,0
169,5,37,NA,NA,NA,0
170,5,37,NA,NA,NA,0
171,5,37,NA,NA,NA,0
172,4,38,NA,NA,NA,0
173,4,38,NA,NA,NA,0
174,4,38,"H",225,2,0
175,4,38,"E",203,3,1
176,4,39,NA,NA,NA,0
177,4,39,NA,NA,NA,0
178,4,39,NA,NA,NA,0
179,4,39,NA,NA,NA,0
180,5,40,NA,NA,NA,0
181,5,40,NA,NA,NA,0
182,5,40,NA,NA,NA,0
183,5,40,NA,NA,NA,0
184,5,40,NA,NA,NA,0
185,4,41,NA,NA,NA,0
186,4,41,NA,NA,NA,0
187,4,41,NA,NA,NA,0
188,4,41,NA,NA,NA,0
189,5,42,NA,NA,NA,0
190,5,42,NA,NA,NA,0
191,5,42,NA,NA,NA,0
192,5,42,NA,NA,NA,0
193,5,42,NA,NA,NA,0
194,3,43,NA,NA,NA,0
195,3,43,NA,NA,NA,0
196,3,43,NA,NA,NA,0
197,6,44,NA,NA,NA,0
198,6,44,NA,NA,NA,0
199,6,44,NA,NA,NA,0
200,6,44,NA,NA,NA,0
201,6,44,NA,NA,NA,0
202,6,44,NA,NA,NA,0
203,3,45,NA,NA,NA,0
204,3,45,NA,NA,NA,0
205,3,45,NA,NA,NA,0
206,5,46,NA,NA,NA,0
207,5,46,NA,NA,NA,0
208,5,46,NA,NA,NA,0
209,5,46,NA,NA,NA,0
210,5,46,NA,NA,NA,0
211,3,47,NA,NA,NA,0
212,3,47,NA,NA,NA,0
213,3,47,NA,NA,NA,0
214,3,48,NA,NA,NA,0
215,3,48,NA,NA,NA,0
216,3,48,NA,NA,NA,0
217,5,49,NA,NA,NA,0
218,5,49,NA,NA,NA,0
219,5,49,NA,NA,NA,0
220,5,49,NA,NA,NA,0
221,5,49,"E",237,4,0
222,3,50,NA,NA,NA,0
223,3,50,NA,NA,NA,0
224,3,50,NA,NA,NA,0
225,3,51,NA,NA,NA,0
226,3,51,NA,NA,NA,0
227,3,51,NA,NA,NA,0
228,6,52,NA,NA,NA,0
229,6,52,NA,NA,NA,0
230,6,52,NA,NA,NA,0
231,6,52,NA,NA,NA,0
232,6,52,NA,NA,NA,0
233,6,52,NA,NA,NA,0
234,3,53,NA,NA,NA,0
235,3,53,NA,NA,NA,0
236,3,53,NA,NA,NA,0
237,4,54,NA,NA,NA,0
238,4,54,NA,NA,NA,0
239,4,54,NA,NA,NA,0
240,4,54,NA,NA,NA,0
241,6,55,NA,NA,NA,0
242,6,55,NA,NA,NA,0
243,6,55,NA,NA,NA,0
244,6,55,NA,NA,NA,0
245,6,55,NA,NA,NA,0
246,6,55,NA,NA,NA,0
247,4,56,NA,NA,NA,0
248,4,56,NA,NA,NA,0
249,4,56,NA,NA,NA,0
250,4,56,NA,NA,NA,0
251,6,57,"E",258,5,1
252,6,57,"H",313,4,1
253,6,57,NA,NA,NA,0
254,6,57,"H",NA,NA,0
255,6,57,"H",361,3,2
256,6,57,"H",NA,NA,0
257,3,58,NA,NA,NA,0
258,3,58,NA,NA,NA,0
259,3,58,NA,NA,NA,0
260,5,59,NA,NA,NA,0
261,5,59,NA,NA,NA,0
262,5,59,NA,NA,NA,0
263,5,59,NA,NA,NA,0
264,5,59,NA,NA,NA,0
265,5,60,NA,NA,NA,0
266,5,60,NA,NA,NA,0
267,5,60,NA,NA,NA,0
268,5,60,NA,NA,NA,0
269,5,60,NA,NA,NA,0
270,3,61,NA,NA,NA,0
271,3,61,NA,NA,NA,0
272,3,61,"E",171,2,0
273,3,62,NA,NA,NA,0
274,3,62,NA,NA,NA,0
275,3,62,NA,NA,NA,0
276,6,63,"E",356,5,2
277,6,63,"H",NA,NA,0
278,6,63,NA,NA,NA,0
279,6,63,NA,NA,NA,0
280,6,63,NA,NA,NA,0
281,6,63,"H",NA,NA,0
282,3,64,NA,NA,NA,0
283,3,64,NA,NA,NA,0
284,3,64,"E",114,2,0
285,3,65,NA,NA,NA,0
286,3,65,NA,NA,NA,0
287,3,65,NA,NA,NA,0
288,6,66,NA,NA,NA,0
289,6,66,NA,NA,NA,0
290,6,66,NA,NA,NA,0
291,6,66,NA,NA,NA,0
292,6,66,NA,NA,NA,0
293,6,66,NA,NA,NA,0
294,6,67,NA,NA,NA,0
295,6,67,NA,NA,NA,0
296,6,67,NA,NA,NA,0
297,6,67,NA,NA,NA,0
298,6,67,NA,NA,NA,0
299,6,67,NA,NA,NA,0
300,5,68,NA,NA,NA,0
301,5,68,NA,NA,NA,0
302,5,68,NA,NA,NA,0
303,5,68,NA,NA,NA,0
304,5,68,NA,NA,NA,0
305,3,69,NA,NA,NA,0
306,3,69,NA,NA,NA,0
307,3,69,NA,NA,NA,0
308,4,70,NA,NA,NA,0
309,4,70,NA,NA,NA,0
310,4,70,NA,NA,NA,0
311,4,70,NA,NA,NA,0
312,6,71,NA,NA,NA,0
313,6,71,NA,NA,NA,0
314,6,71,NA,NA,NA,0
315,6,71,NA,NA,NA,0
316,6,71,NA,NA,NA,0
317,6,71,NA,NA,NA,0
318,3,72,NA,NA,NA,0
319,3,72,NA,NA,NA,0
320,3,72,NA,NA,NA,0
321,3,73,NA,NA,NA,0
322,3,73,NA,NA,NA,0
323,3,73,NA,NA,NA,0
324,4,74,"E",202,3,0
325,4,74,NA,NA,NA,0
326,4,74,NA,NA,NA,0
327,4,74,NA,NA,NA,0
328,5,75,NA,NA,NA,0
329,5,75,NA,NA,NA,0
330,5,75,NA,NA,NA,0
331,5,75,NA,NA,NA,0
332,5,75,NA,NA,NA,0
333,4,76,NA,NA,NA,0
334,4,76,NA,NA,NA,0
335,4,76,NA,NA,NA,0
336,4,76,NA,NA,NA,0
337,3,77,NA,NA,NA,0
338,3,77,NA,NA,NA,0
339,3,77,NA,NA,NA,0
340,4,78,NA,NA,NA,0
341,4,78,NA,NA,NA,0
342,4,78,NA,NA,NA,0
343,4,78,NA,NA,NA,0
344,6,79,NA,NA,NA,0
345,6,79,NA,NA,NA,0
346,6,79,NA,NA,NA,0
347,6,79,NA,NA,NA,0
348,6,79,"C",NA,NA,0
349,6,79,NA,NA,NA,0
350,4,80,NA,NA,NA,0
351,4,80,NA,NA,NA,0
352,4,80,NA,NA,NA,0
353,4,80,NA,NA,NA,0
354,6,81,NA,NA,NA,0
355,6,81,NA,NA,NA,0
356,6,81,NA,NA,NA,0
357,6,81,NA,NA,NA,0
358,6,81,NA,NA,NA,0
359,6,81,NA,NA,NA,0
360,5,82,NA,NA,NA,0
361,5,82,NA,NA,NA,0
362,5,82,NA,NA,NA,0
363,5,82,NA,NA,NA,0
364,5,82,NA,NA,NA,0
365,6,83,NA,NA,NA,0
366,6,83,NA,NA,NA,0
367,6,83,NA,NA,NA,0
368,6,83,NA,NA,NA,0
369,6,83,NA,NA,NA,0
370,6,83,NA,NA,NA,0
371,3,84,NA,NA,NA,0
372,3,84,NA,NA,NA,0
373,3,84,NA,NA,NA,0
374,4,85,NA,NA,NA,0
375,4,85,NA,NA,NA,0
376,4,85,NA,NA,NA,0
377,4,85,NA,NA,NA,0
378,3,86,NA,NA,NA,0
379,3,86,NA,NA,NA,0
380,3,86,NA,NA,NA,0
381,6,87,NA,NA,NA,0
382,6,87,NA,NA,NA,0
383,6,87,NA,NA,NA,0
384,6,87,NA,NA,NA,0
385,6,87,NA,NA,NA,0
386,6,87,NA,NA,NA,0
387,3,88,NA,NA,NA,0
388,3,88,NA,NA,NA,0
389,3,88,NA,NA,NA,0
390,4,89,NA,NA,NA,0
391,4,89,NA,NA,NA,0
392,4,89,NA,NA,NA,0
393,4,89,NA,NA,NA,0
394,3,90,NA,NA,NA,0
395,3,90,NA,NA,NA,0
396,3,90,NA,NA,NA,0
397,4,91,NA,NA,NA,0
398,4,91,NA,NA,NA,0
399,4,91,NA,NA,NA,0
400,4,91,NA,NA,NA,0
401,3,92,"E",144,2,0
402,3,92,NA,NA,NA,0
403,3,92,NA,NA,NA,0
404,6,93,NA,NA,NA,0
405,6,93,NA,NA,NA,0
406,6,93,NA,NA,NA,0
407,6,93,NA,NA,NA,0
408,6,93,NA,NA,NA,0
409,6,93,NA,NA,NA,0
410,6,94,NA,NA,NA,0
411,6,94,NA,NA,NA,0
412,6,94,NA,NA,NA,0
413,6,94,NA,NA,NA,0
414,6,94,NA,NA,NA,0
415,6,94,NA,NA,NA,0
416,5,95,"E",76,4,1
417,5,95,"H",105,3,2
418,5,95,NA,NA,NA,0
419,5,95,"H",132,1,0
420,5,95,"H",143,1,0
421,3,96,"H",300,1,0
422,3,96,NA,NA,NA,0
423,3,96,"E",276,2,1
424,5,97,NA,NA,NA,0
425,5,97,NA,NA,NA,0
426,5,97,NA,NA,NA,0
427,5,97,NA,NA,NA,0
428,5,97,NA,NA,NA,0
429,4,98,"E",43,3,0
430,4,98,NA,NA,NA,0
431,4,98,NA,NA,NA,0
432,4,98,NA,NA,NA,0
433,6,99,NA,NA,NA,0
434,6,99,NA,NA,NA,0
435,6,99,NA,NA,NA,0
436,6,99,NA,NA,NA,0
437,6,99,NA,NA,NA,0
438,6,99,NA,NA,NA,0
439,5,100,NA,NA,NA,0
440,5,100,NA,NA,NA,0
441,5,100,NA,NA,NA,0
442,5,100,NA,NA,NA,0
443,5,100,NA,NA,NA,0
444,5,101,NA,NA,NA,0
445,5,101,NA,NA,NA,0
446,5,101,NA,NA,NA,0
447,5,101,NA,NA,NA,0
448,5,101,NA,NA,NA,0
449,3,102,NA,NA,NA,0
450,3,102,NA,NA,NA,0
451,3,102,NA,NA,NA,0
452,3,103,NA,NA,NA,0
453,3,103,NA,NA,NA,0
454,3,103,NA,NA,NA,0
455,4,104,NA,NA,NA,0
456,4,104,"H",76,2,0
457,4,104,"E",32,3,1
458,4,104,NA,NA,NA,0
459,6,105,NA,NA,NA,0
460,6,105,NA,NA,NA,0
461,6,105,NA,NA,NA,0
462,6,105,NA,NA,NA,0
463,6,105,NA,NA,NA,0
464,6,105,NA,NA,NA,0
465,6,106,NA,NA,NA,0
466,6,106,NA,NA,NA,0
467,6,106,NA,NA,NA,0
468,6,106,NA,NA,NA,0
469,6,106,NA,NA,NA,0
470,6,106,NA,NA,NA,0
471,3,107,NA,NA,NA,0
472,3,107,NA,NA,NA,0
473,3,107,NA,NA,NA,0
474,3,108,NA,NA,NA,0
475,3,108,NA,NA,NA,0
476,3,108,NA,NA,NA,0
477,6,109,NA,NA,NA,0
478,6,109,NA,NA,NA,0
479,6,109,NA,NA,NA,0
480,6,109,NA,NA,NA,0
481,6,109,NA,NA,NA,0
482,6,109,NA,NA,NA,0
483,6,110,NA,NA,NA,0
484,6,110,NA,NA,NA,0
485,6,110,NA,NA,NA,0
486,6,110,NA,NA,NA,0
487,6,110,NA,NA,NA,0
488,6,110,NA,NA,NA,0
489,6,111,NA,NA,NA,0
490,6,111,NA,NA,NA,0
491,6,111,NA,NA,NA,0
492,6,111,NA,NA,NA,0
493,6,111,NA,NA,NA,0
494,6,111,NA,NA,NA,0
495,5,112,NA,NA,NA,0
496,5,112,NA,NA,NA,0
497,5,112,NA,NA,NA,0
498,5,112,NA,NA,NA,0
499,5,112,NA,NA,NA,0
500,6,113,NA,NA,NA,0
501,6,113,NA,NA,NA,0
502,6,113,NA,NA,NA,0
503,6,113,NA,NA,NA,0
504,6,113,NA,NA,NA,0
505,6,113,NA,NA,NA,0
506,6,114,NA,NA,NA,0
507,6,114,NA,NA,NA,0
508,6,114,NA,NA,NA,0
509,6,114,NA,NA,NA,0
510,6,114,NA,NA,NA,0
511,6,114,NA,NA,NA,0
512,4,115,NA,NA,NA,0
513,4,115,NA,NA,NA,0
514,4,115,NA,NA,NA,0
515,4,115,NA,NA,NA,0
516,5,116,NA,NA,NA,0
517,5,116,NA,NA,NA,0
518,5,116,NA,NA,NA,0
519,5,116,NA,NA,NA,0
520,5,116,NA,NA,NA,0
521,5,117,NA,NA,NA,0
522,5,117,NA,NA,NA,0
523,5,117,NA,NA,NA,0
524,5,117,NA,NA,NA,0
525,5,117,NA,NA,NA,0
526,4,118,NA,NA,NA,0
527,4,118,NA,NA,NA,0
528,4,118,NA,NA,NA,0
529,4,118,NA,NA,NA,0
530,5,119,NA,NA,NA,0
531,5,119,NA,NA,NA,0
532,5,119,NA,NA,NA,0
533,5,119,NA,NA,NA,0
534,5,119,NA,NA,NA,0
535,4,120,NA,NA,NA,0
536,4,120,NA,NA,NA,0
537,4,120,NA,NA,NA,0
538,4,120,NA,NA,NA,0
539,4,121,NA,NA,NA,0
540,4,121,NA,NA,NA,0
541,4,121,NA,NA,NA,0
542,4,121,NA,NA,NA,0
543,4,122,NA,NA,NA,0
544,4,122,NA,NA,NA,0
545,4,122,NA,NA,NA,0
546,4,122,NA,NA,NA,0
547,6,123,NA,NA,NA,0
548,6,123,NA,NA,NA,0
549,6,123,NA,NA,NA,0
550,6,123,NA,NA,NA,0
551,6,123,NA,NA,NA,0
552,6,123,NA,NA,NA,0
553,4,124,NA,NA,NA,0
554,4,124,NA,NA,NA,0
555,4,124,NA,NA,NA,0
556,4,124,"E",102,3,0
557,4,125,NA,NA,NA,0
558,4,125,NA,NA,NA,0
559,4,125,NA,NA,NA,0
560,4,125,NA,NA,NA,0
561,5,126,NA,NA,NA,0
562,5,126,NA,NA,NA,0
563,5,126,NA,NA,NA,0
564,5,126,NA,NA,NA,0
565,5,126,NA,NA,NA,0
566,6,127,NA,NA,NA,0
567,6,127,NA,NA,NA,0
568,6,127,"H",NA,NA,0
569,6,127,"H",NA,NA,0
570,6,127,NA,NA,NA,0
571,6,127,"E",342,5,2
572,3,128,NA,NA,NA,0
573,3,128,NA,NA,NA,0
574,3,128,NA,NA,NA,0
575,3,129,NA,NA,NA,0
576,3,129,NA,NA,NA,0
577,3,129,NA,NA,NA,0
578,3,130,NA,NA,NA,0
579,3,130,NA,NA,NA,0
580,3,130,NA,NA,NA,0
581,6,131,NA,NA,NA,0
582,6,131,NA,NA,NA,0
583,6,131,NA,NA,NA,0
584,6,131,NA,NA,NA,0
585,6,131,NA,NA,NA,0
586,6,131,NA,NA,NA,0
587,5,132,NA,NA,NA,0
588,5,132,NA,NA,NA,0
589,5,132,NA,NA,NA,0
590,5,132,NA,NA,NA,0
591,5,132,NA,NA,NA,0
592,5,133,NA,NA,NA,0
593,5,133,NA,NA,NA,0
594,5,133,NA,NA,NA,0
595,5,133,NA,NA,NA,0
596,5,133,NA,NA,NA,0
597,6,134,NA,NA,NA,0
598,6,134,NA,NA,NA,0
599,6,134,NA,NA,NA,0
600,6,134,NA,NA,NA,0
601,6,134,NA,NA,NA,0
602,6,134,NA,NA,NA,0
603,6,135,NA,NA,NA,0
604,6,135,NA,NA,NA,0
605,6,135,NA,NA,NA,0
606,6,135,NA,NA,NA,0
607,6,135,NA,NA,NA,0
608,6,135,NA,NA,NA,0
609,3,136,NA,NA,NA,0
610,3,136,NA,NA,NA,0
611,3,136,NA,NA,NA,0
612,4,137,NA,NA,NA,0
613,4,137,NA,NA,NA,0
614,4,137,NA,NA,NA,0
615,4,137,NA,NA,NA,0
616,4,138,NA,NA,NA,0
617,4,138,NA,NA,NA,0
618,4,138,NA,NA,NA,0
619,4,138,NA,NA,NA,0
620,6,139,NA,NA,NA,0
621,6,139,NA,NA,NA,0
622,6,139,NA,NA,NA,0
623,6,139,"E",35,5,1
624,6,139,NA,NA,NA,0
625,6,139,"H",93,4,0
626,3,140,NA,NA,NA,0
627,3,140,NA,NA,NA,0
628,3,140,NA,NA,NA,0
629,3,141,NA,NA,NA,0
630,3,141,NA,NA,NA,0
631,3,141,NA,NA,NA,0
632,6,142,"H",329,4,1
633,6,142,NA,NA,NA,0
634,6,142,NA,NA,NA,0
635,6,142,NA,NA,NA,0
636,6,142,"E",293,5,1
637,6,142,"H",NA,NA,0
638,3,143,NA,NA,NA,0
639,3,143,NA,NA,NA,0
640,3,143,NA,NA,NA,0
641,4,144,NA,NA,NA,0
642,4,144,NA,NA,NA,0
643,4,144,NA,NA,NA,0
644,4,144,NA,NA,NA,0
645,6,145,NA,NA,NA,0
646,6,145,NA,NA,NA,0
647,6,145,NA,NA,NA,0
648,6,145,NA,NA,NA,0
649,6,145,NA,NA,NA,0
650,6,145,NA,NA,NA,0
651,5,146,NA,NA,NA,0
652,5,146,NA,NA,NA,0
653,5,146,NA,NA,NA,0
654,5,146,NA,NA,NA,0
655,5,146,NA,NA,NA,0
656,5,147,NA,NA,NA,0
657,5,147,NA,NA,NA,0
658,5,147,NA,NA,NA,0
659,5,147,NA,NA,NA,0
660,5,147,NA,NA,NA,0
661,3,148,NA,NA,NA,0
662,3,148,NA,NA,NA,0
663,3,148,NA,NA,NA,0
664,6,149,NA,NA,NA,0
665,6,149,NA,NA,NA,0
666,6,149,NA,NA,NA,0
667,6,149,NA,NA,NA,0
668,6,149,NA,NA,NA,0
669,6,149,NA,NA,NA,0
670,5,150,NA,NA,NA,0
671,5,150,NA,NA,NA,0
672,5,150,NA,NA,NA,0
673,5,150,NA,NA,NA,0
674,5,150,NA,NA,NA,0
675,4,151,NA,NA,NA,0
676,4,151,NA,NA,NA,0
677,4,151,NA,NA,NA,0
678,4,151,NA,NA,NA,0
679,6,152,NA,NA,NA,0
680,6,152,NA,NA,NA,0
681,6,152,NA,NA,NA,0
682,6,152,NA,NA,NA,0
683,6,152,NA,NA,NA,0
684,6,152,NA,NA,NA,0
685,5,153,NA,NA,NA,0
686,5,153,NA,NA,NA,0
687,5,153,NA,NA,NA,0
688,5,153,NA,NA,NA,0
689,5,153,NA,NA,NA,0
690,4,154,NA,NA,NA,0
691,4,154,NA,NA,NA,0
692,4,154,NA,NA,NA,0
693,4,154,NA,NA,NA,0
694,4,155,"H",NA,NA,0
695,4,155,NA,NA,NA,0
696,4,155,NA,NA,NA,0
697,4,155,"E",352,3,1
698,3,156,NA,NA,NA,0
699,3,156,NA,NA,NA,0
700,3,156,NA,NA,NA,0
701,5,157,NA,NA,NA,0
702,5,157,NA,NA,NA,0
703,5,157,NA,NA,NA,0
704,5,157,NA,NA,NA,0
705,5,157,NA,NA,NA,0
706,4,158,NA,NA,NA,0
707,4,158,NA,NA,NA,0
708,4,158,NA,NA,NA,0
709,4,158,NA,NA,NA,0
710,6,159,NA,NA,NA,0
711,6,159,NA,NA,NA,0
712,6,159,NA,NA,NA,0
713,6,159,NA,NA,NA,0
714,6,159,NA,NA,NA,0
715,6,159,NA,NA,NA,0
716,4,160,NA,NA,NA,0
717,4,160,NA,NA,NA,0
718,4,160,NA,NA,NA,0
719,4,160,NA,NA,NA,0
720,6,161,NA,NA,NA,0
721,6,161,"E",347,5,1
722,6,161,NA,NA,NA,0
723,6,161,NA,NA,NA,0
724,6,161,NA,NA,NA,0
725,6,161,"H",NA,NA,0
726,3,162,NA,NA,NA,0
727,3,162,NA,NA,NA,0
728,3,162,NA,NA,NA,0
729,6,163,NA,NA,NA,0
730,6,163,NA,NA,NA,0
731,6,163,NA,NA,NA,0
732,6,163,NA,NA,NA,0
733,6,163,NA,NA,NA,0
734,6,163,NA,NA,NA,0
735,4,164,NA,NA,NA,0
736,4,164,NA,NA,NA,0
737,4,164,NA,NA,NA,0
738,4,164,NA,NA,NA,0
739,5,165,NA,NA,NA,0
740,5,165,NA,NA,NA,0
741,5,165,NA,NA,NA,0
742,5,165,NA,NA,NA,0
743,5,165,NA,NA,NA,0
744,3,166,NA,NA,NA,0
745,3,166,NA,NA,NA,0
746,3,166,NA,NA,NA,0
747,4,167,NA,NA,NA,0
748,4,167,NA,NA,NA,0
749,4,167,NA,NA,NA,0
750,4,167,NA,NA,NA,0
751,5,168,NA,NA,NA,0
752,5,168,NA,NA,NA,0
753,5,168,NA,NA,NA,0
754,5,168,NA,NA,NA,0
755,5,168,NA,NA,NA,0
756,4,169,NA,NA,NA,0
757,4,169,NA,NA,NA,0
758,4,169,NA,NA,NA,0
759,4,169,NA,NA,NA,0
760,3,170,NA,NA,NA,0
761,3,170,NA,NA,NA,0
762,3,170,NA,NA,NA,0
763,4,171,NA,NA,NA,0
764,4,171,NA,NA,NA,0
765,4,171,NA,NA,NA,0
766,4,171,NA,NA,NA,0
767,6,172,NA,NA,NA,0
768,6,172,NA,NA,NA,0
769,6,172,NA,NA,NA,0
770,6,172,NA,NA,NA,0
771,6,172,NA,NA,NA,0
772,6,172,NA,NA,NA,0
773,5,173,NA,NA,NA,0
774,5,173,NA,NA,NA,0
775,5,173,NA,NA,NA,0
776,5,173,NA,NA,NA,0
777,5,173,NA,NA,NA,0
778,3,174,NA,NA,NA,0
779,3,174,NA,NA,NA,0
780,3,174,NA,NA,NA,0
781,5,175,NA,NA,NA,0
782,5,175,NA,NA,NA,0
783,5,175,NA,NA,NA,0
784,5,175,NA,NA,NA,0
785,5,175,NA,NA,NA,0
786,6,176,NA,NA,NA,0
787,6,176,NA,NA,NA,0
788,6,176,NA,NA,NA,0
789,6,176,NA,NA,NA,0
790,6,176,NA,NA,NA,0
791,6,176,NA,NA,NA,0
792,6,177,NA,NA,NA,0
793,6,177,NA,NA,NA,0
794,6,177,NA,NA,NA,0
795,6,177,NA,NA,NA,0
796,6,177,NA,NA,NA,0
797,6,177,NA,NA,NA,0
798,4,178,NA,NA,NA,0
799,4,178,NA,NA,NA,0
800,4,178,NA,NA,NA,0
801,4,178,NA,NA,NA,0
802,6,179,NA,NA,NA,0
803,6,179,NA,NA,NA,0
804,6,179,NA,NA,NA,0
805,6,179,NA,NA,NA,0
806,6,179,NA,NA,NA,0
807,6,179,NA,NA,NA,0
808,6,180,NA,NA,NA,0
809,6,180,NA,NA,NA,0
810,6,180,NA,NA,NA,0
811,6,180,NA,NA,NA,0
812,6,180,NA,NA,NA,0
813,6,180,NA,NA,NA,0
814,6,181,NA,NA,NA,0
815,6,181,NA,NA,NA,0
816,6,181,NA,NA,NA,0
817,6,181,NA,NA,NA,0
818,6,181,NA,NA,NA,0
819,6,181,NA,NA,NA,0
820,5,182,NA,NA,NA,0
821,5,182,NA,NA,NA,0
822,5,182,NA,NA,NA,0
823,5,182,NA,NA,NA,0
824,5,182,NA,NA,NA,0
825,6,183,NA,NA,NA,0
826,6,183,NA,NA,NA,0
827,6,183,NA,NA,NA,0
828,6,183,NA,NA,NA,0
829,6,183,NA,NA,NA,0
830,6,183,NA,NA,NA,0
831,5,184,"H",246,2,1
832,5,184,"H",285,1,0
833,5,184,"H",242,2,0
834,5,184,"E",211,4,2
835,5,184,NA,NA,NA,0
836,5,185,"E",38,4,0
837,5,185,NA,NA,NA,0
838,5,185,NA,NA,NA,0
839,5,185,NA,NA,NA,0
840,5,185,NA,NA,NA,0
841,5,186,NA,NA,NA,0
842,5,186,NA,NA,NA,0
843,5,186,NA,NA,NA,0
844,5,186,NA,NA,NA,0
845,5,186,NA,NA,NA,0
846,4,187,NA,NA,NA,0
847,4,187,"E",248,3,0
848,4,187,NA,NA,NA,0
849,4,187,NA,NA,NA,0
850,6,188,NA,NA,NA,0
851,6,188,NA,NA,NA,0
852,6,188,NA,NA,NA,0
853,6,188,NA,NA,NA,0
854,6,188,NA,NA,NA,0
855,6,188,NA,NA,NA,0
856,6,189,NA,NA,NA,0
857,6,189,NA,NA,NA,0
858,6,189,NA,NA,NA,0
859,6,189,NA,NA,NA,0
860,6,189,NA,NA,NA,0
861,6,189,NA,NA,NA,0
862,6,190,"E",205,5,0
863,6,190,NA,NA,NA,0
864,6,190,NA,NA,NA,0
865,6,190,NA,NA,NA,0
866,6,190,NA,NA,NA,0
867,6,190,NA,NA,NA,0
868,6,191,NA,NA,NA,0
869,6,191,NA,NA,NA,0
870,6,191,NA,NA,NA,0
871,6,191,NA,NA,NA,0
872,6,191,NA,NA,NA,0
873,6,191,NA,NA,NA,0
874,6,192,NA,NA,NA,0
875,6,192,NA,NA,NA,0
876,6,192,NA,NA,NA,0
877,6,192,NA,NA,NA,0
878,6,192,NA,NA,NA,0
879,6,192,NA,NA,NA,0
880,3,193,NA,NA,NA,0
881,3,193,"E",314,2,0
882,3,193,NA,NA,NA,0
883,5,194,NA,NA,NA,0
884,5,194,NA,NA,NA,0
885,5,194,NA,NA,NA,0
886,5,194,NA,NA,NA,0
887,5,194,NA,NA,NA,0
888,5,195,NA,NA,NA,0
889,5,195,NA,NA,NA,0
890,5,195,NA,NA,NA,0
891,5,195,NA,NA,NA,0
892,5,195,NA,NA,NA,0
893,3,196,NA,NA,NA,0
894,3,196,NA,NA,NA,0
895,3,196,NA,NA,NA,0
896,4,197,NA,NA,NA,0
897,4,197,NA,NA,NA,0
898,4,197,NA,NA,NA,0
899,4,197,NA,NA,NA,0
900,5,198,NA,NA,NA,0
901,5,198,NA,NA,NA,0
902,5,198,NA,NA,NA,0
903,5,198,NA,NA,NA,0
904,5,198,NA,NA,NA,0
905,3,199,NA,NA,NA,0
906,3,199,NA,NA,NA,0
907,3,199,NA,NA,NA,0
908,5,200,NA,NA,NA,0
909,5,200,NA,NA,NA,0
910,5,200,NA,NA,NA,0
911,5,200,NA,NA,NA,0
912,5,200,NA,NA,NA,0
913,6,201,NA,NA,NA,0
914,6,201,NA,NA,NA,0
915,6,201,NA,NA,NA,0
916,6,201,NA,NA,NA,0
917,6,201,NA,NA,NA,0
918,6,201,NA,NA,NA,0
919,6,202,NA,NA,NA,0
920,6,202,NA,NA,NA,0
921,6,202,NA,NA,NA,0
922,6,202,NA,NA,NA,0
923,6,202,"E",353,5,0
924,6,202,NA,NA,NA,0
925,4,203,"E",183,3,1
926,4,203,"H",244,1,1
927,4,203,"H",278,0,0
928,4,203,"H",215,2,1
929,6,204,NA,NA,NA,0
930,6,204,NA,NA,NA,0
931,6,204,NA,NA,NA,0
932,6,204,NA,NA,NA,0
933,6,204,NA,NA,NA,0
934,6,204,NA,NA,NA,0
935,6,205,"E",250,5,0
936,6,205,NA,NA,NA,0
937,6,205,NA,NA,NA,0
938,6,205,NA,NA,NA,0
939,6,205,NA,NA,NA,0
940,6,205,NA,NA,NA,0
941,5,206,NA,NA,NA,0
942,5,206,NA,NA,NA,0
943,5,206,NA,NA,NA,0
944,5,206,NA,NA,NA,0
945,5,206,NA,NA,NA,0
946,4,207,NA,NA,NA,0
947,4,207,NA,NA,NA,0
948,4,207,NA,NA,NA,0
949,4,207,NA,NA,NA,0
950,4,208,NA,NA,NA,0
951,4,208,NA,NA,NA,0
952,4,208,NA,NA,NA,0
953,4,208,NA,NA,NA,0
954,5,209,NA,NA,NA,0
955,5,209,NA,NA,NA,0
956,5,209,NA,NA,NA,0
957,5,209,NA,NA,NA,0
958,5,209,NA,NA,NA,0
959,6,210,"H",285,1,0
960,6,210,"H",217,3,1
961,6,210,"H",234,2,0
962,6,210,"H",259,2,1
963,6,210,NA,NA,NA,0
964,6,210,"E",186,5,2
965,5,211,NA,NA,NA,0
966,5,211,NA,NA,NA,0
967,5,211,NA,NA,NA,0
968,5,211,NA,NA,NA,0
969,5,211,NA,NA,NA,0
970,3,212,NA,NA,NA,0
971,3,212,NA,NA,NA,0
972,3,212,NA,NA,NA,0
973,6,213,NA,NA,NA,0
974,6,213,NA,NA,NA,0
975,6,213,NA,NA,NA,0
976,6,213,NA,NA,NA,0
977,6,213,NA,NA,NA,0
978,6,213,NA,NA,NA,0
979,4,214,NA,NA,NA,0
980,4,214,NA,NA,NA,0
981,4,214,NA,NA,NA,0
982,4,214,NA,NA,NA,0
983,4,215,NA,NA,NA,0
984,4,215,NA,NA,NA,0
985,4,215,NA,NA,NA,0
986,4,215,NA,NA,NA,0
987,5,216,NA,NA,NA,0
988,5,216,NA,NA,NA,0
989,5,216,NA,NA,NA,0
990,5,216,NA,NA,NA,0
991,5,216,NA,NA,NA,0
992,5,217,NA,NA,NA,0
993,5,217,NA,NA,NA,0
994,5,217,NA,NA,NA,0
995,5,217,NA,NA,NA,0
996,5,217,NA,NA,NA,0
997,4,218,NA,NA,NA,0
998,4,218,NA,NA,NA,0
999,4,218,NA,NA,NA,0
1000,4,218,NA,NA,NA,0
