"ID","SIZE","HH","TYPE","TIME","S_NUM","I_NUM"
1,5,1,"0",29,4,0
2,5,1,NA,NA,NA,0
3,5,1,NA,NA,NA,0
4,5,1,"C",283,3,0
5,5,1,NA,NA,NA,0
6,5,2,NA,NA,NA,0
7,5,2,NA,NA,NA,0
8,5,2,NA,NA,NA,0
9,5,2,"C",NA,NA,0
10,5,2,NA,NA,NA,0
11,3,3,"C",NA,2,1
12,3,3,"H",NA,NA,0
13,3,3,"H",357,1,1
14,6,4,NA,NA,NA,0
15,6,4,NA,NA,NA,0
16,6,4,NA,NA,NA,0
17,6,4,NA,NA,NA,0
18,6,4,NA,NA,NA,0
19,6,4,NA,NA,NA,0
20,3,5,NA,NA,NA,0
21,3,5,NA,NA,NA,0
22,3,5,"C",242,2,0
23,6,6,"H",NA,2,1
24,6,6,"C",NA,4,2
25,6,6,"H",274,1,0
26,6,6,"H",NA,1,0
27,6,6,"C",NA,4,0
28,6,6,NA,NA,NA,0
29,4,7,NA,NA,NA,0
30,4,7,NA,NA,NA,0
31,4,7,NA,NA,NA,0
32,4,7,NA,NA,NA,0
33,6,8,NA,NA,NA,0
34,6,8,"C",234,5,2
35,6,8,"H",281,2,1
36,6,8,"H",NA,1,0
37,6,8,"H",NA,2,0
38,6,8,"H",256,3,1
39,5,9,NA,NA,NA,0
40,5,9,NA,NA,NA,0
41,5,9,"C",372,4,0
42,5,9,NA,NA,NA,0
43,5,9,NA,NA,NA,0
44,5,10,NA,NA,NA,0
45,5,10,NA,NA,NA,0
46,5,10,NA,NA,NA,0
47,5,10,NA,NA,NA,0
48,5,10,NA,NA,NA,0
49,6,11,NA,NA,NA,0
50,6,11,NA,NA,NA,0
51,6,11,NA,NA,NA,0
52,6,11,NA,NA,NA,0
53,6,11,NA,NA,NA,0
54,6,11,NA,NA,NA,0
55,6,12,"H",NA,NA,0
56,6,12,NA,NA,NA,0
57,6,12,"C",368,3,1
58,6,12,"C",NA,5,1
59,6,12,NA,NA,NA,0
60,6,12,"H",NA,3,0
61,3,13,NA,NA,NA,0
62,3,13,NA,NA,NA,0
63,3,13,NA,NA,NA,0
64,3,14,NA,NA,NA,0
65,3,14,"C",NA,2,0
66,3,14,NA,NA,NA,0
67,3,15,"C",NA,2,0
68,3,15,NA,NA,NA,0
69,3,15,"C",NA,NA,0
70,6,16,NA,NA,NA,0
71,6,16,NA,NA,NA,0
72,6,16,"C",NA,NA,0
73,6,16,NA,NA,NA,0
74,6,16,NA,NA,NA,0
75,6,16,NA,NA,NA,0
76,6,17,"H",NA,NA,0
77,6,17,"H",283,2,0
78,6,17,"H",NA,1,1
79,6,17,"C",NA,5,2
80,6,17,"H",257,3,1
81,6,17,"H",NA,2,1
82,4,18,"C",NA,NA,0
83,4,18,"C",286,3,0
84,4,18,"C",NA,2,0
85,4,18,"C",NA,0,0
86,3,19,"C",341,1,0
87,3,19,"C",284,2,0
88,3,19,NA,NA,NA,0
89,6,20,NA,NA,NA,0
90,6,20,NA,NA,NA,0
91,6,20,NA,NA,NA,0
92,6,20,NA,NA,NA,0
93,6,20,NA,NA,NA,0
94,6,20,NA,NA,NA,0
95,5,21,NA,NA,NA,0
96,5,21,NA,NA,NA,0
97,5,21,NA,NA,NA,0
98,5,21,NA,NA,NA,0
99,5,21,NA,NA,NA,0
100,3,22,"H",239,0,0
101,3,22,"H",NA,1,1
102,3,22,"C",181,2,1
103,4,23,"C",303,2,0
104,4,23,"C",NA,1,0
105,4,23,"C",236,3,0
106,4,23,NA,NA,NA,0
107,5,24,NA,NA,NA,0
108,5,24,NA,NA,NA,0
109,5,24,"C",NA,4,0
110,5,24,NA,NA,NA,0
111,5,24,NA,NA,NA,0
112,6,25,NA,NA,NA,0
113,6,25,NA,NA,NA,0
114,6,25,NA,NA,NA,0
115,6,25,NA,NA,NA,0
116,6,25,NA,NA,NA,0
117,6,25,NA,NA,NA,0
118,5,26,"H",NA,0,0
119,5,26,"H",NA,2,2
120,5,26,"H",NA,0,0
121,5,26,"H",356,0,0
122,5,26,"C",NA,4,2
123,3,27,NA,NA,NA,0
124,3,27,"C",NA,2,0
125,3,27,NA,NA,NA,0
126,6,28,"C",282,5,1
127,6,28,NA,NA,NA,0
128,6,28,"C",NA,3,1
129,6,28,"H",NA,NA,0
130,6,28,"H",351,2,1
131,6,28,"H",NA,2,0
132,3,29,"C",NA,2,1
133,3,29,"H",NA,1,1
134,3,29,"H",NA,NA,0
135,3,30,"C",NA,1,0
136,3,30,"C",335,1,0
137,3,30,NA,NA,NA,0
138,6,31,"C",NA,NA,0
139,6,31,NA,NA,NA,0
140,6,31,NA,NA,NA,0
141,6,31,NA,NA,NA,0
142,6,31,NA,NA,NA,0
143,6,31,NA,NA,NA,0
144,3,32,NA,NA,NA,0
145,3,32,NA,NA,NA,0
146,3,32,NA,NA,NA,0
147,3,33,"H",231,0,0
148,3,33,"H",NA,0,0
149,3,33,"C",NA,2,2
150,4,34,NA,NA,NA,0
151,4,34,NA,NA,NA,0
152,4,34,NA,NA,NA,0
153,4,34,NA,NA,NA,0
154,6,35,"C",332,5,2
155,6,35,"H",NA,3,0
156,6,35,NA,NA,NA,0
157,6,35,"H",NA,NA,0
158,6,35,NA,NA,NA,0
159,6,35,NA,NA,NA,0
160,6,36,"H",255,4,2
161,6,36,"H",NA,1,0
162,6,36,"H",313,2,1
163,6,36,"C",224,5,1
164,6,36,NA,NA,NA,0
165,6,36,"H",NA,2,0
166,4,37,"H",299,2,0
167,4,37,"C",NA,3,1
168,4,37,NA,NA,NA,0
169,4,37,NA,NA,NA,0
170,5,38,NA,NA,NA,0
171,5,38,NA,NA,NA,0
172,5,38,NA,NA,NA,0
173,5,38,NA,NA,NA,0
174,5,38,NA,NA,NA,0
175,3,39,NA,NA,NA,0
176,3,39,"C",NA,NA,0
177,3,39,NA,NA,NA,0
178,4,40,"H",NA,NA,0
179,4,40,"H",363,0,0
180,4,40,"C",324,3,0
181,4,40,"C",347,2,2
182,5,41,NA,NA,NA,0
183,5,41,NA,NA,NA,0
184,5,41,NA,NA,NA,0
185,5,41,NA,NA,NA,0
186,5,41,NA,NA,NA,0
187,3,42,NA,NA,NA,0
188,3,42,NA,NA,NA,0
189,3,42,NA,NA,NA,0
190,5,43,"C",350,4,2
191,5,43,"C",NA,NA,0
192,5,43,"H",NA,NA,0
193,5,43,"H",NA,NA,0
194,5,43,NA,NA,NA,0
195,5,44,"C",290,1,0
196,5,44,"C",267,1,0
197,5,44,"C",NA,3,1
198,5,44,"H",NA,1,0
199,5,44,NA,NA,NA,0
200,6,45,NA,NA,NA,0
201,6,45,"H",289,3,0
202,6,45,"H",NA,2,1
203,6,45,"C",255,5,2
204,6,45,"H",NA,1,0
205,6,45,"H",293,3,1
206,4,46,NA,NA,NA,0
207,4,46,NA,NA,NA,0
208,4,46,NA,NA,NA,0
209,4,46,"C",NA,3,0
210,5,47,"C",NA,NA,0
211,5,47,NA,NA,NA,0
212,5,47,NA,NA,NA,0
213,5,47,NA,NA,NA,0
214,5,47,NA,NA,NA,0
215,4,48,"H",NA,1,0
216,4,48,"H",340,1,0
217,4,48,"C",NA,3,2
218,4,48,NA,NA,NA,0
219,4,49,"C",NA,3,0
220,4,49,NA,NA,NA,0
221,4,49,NA,NA,NA,0
222,4,49,NA,NA,NA,0
223,6,50,"H",NA,1,1
224,6,50,"H",NA,1,0
225,6,50,"H",349,0,0
226,6,50,"C",166,5,0
227,6,50,"C",NA,4,0
228,6,50,"C",NA,3,2
229,5,51,"C",314,4,0
230,5,51,"C",NA,3,0
231,5,51,NA,NA,NA,0
232,5,51,NA,NA,NA,0
233,5,51,NA,NA,NA,0
234,5,52,NA,NA,NA,0
235,5,52,NA,NA,NA,0
236,5,52,NA,NA,NA,0
237,5,52,NA,NA,NA,0
238,5,52,NA,NA,NA,0
239,5,53,"C",NA,4,0
240,5,53,NA,NA,NA,0
241,5,53,NA,NA,NA,0
242,5,53,NA,NA,NA,0
243,5,53,NA,NA,NA,0
244,6,54,"C",NA,NA,0
245,6,54,"C",NA,NA,0
246,6,54,NA,NA,NA,0
247,6,54,NA,NA,NA,0
248,6,54,NA,NA,NA,0
249,6,54,NA,NA,NA,0
250,6,55,NA,NA,NA,0
251,6,55,NA,NA,NA,0
252,6,55,NA,NA,NA,0
253,6,55,NA,NA,NA,0
254,6,55,NA,NA,NA,0
255,6,55,NA,NA,NA,0
256,6,56,NA,NA,NA,0
257,6,56,NA,NA,NA,0
258,6,56,"C",NA,4,1
259,6,56,NA,NA,NA,0
260,6,56,"H",NA,3,0
261,6,56,"C",262,5,0
262,4,57,NA,NA,NA,0
263,4,57,NA,NA,NA,0
264,4,57,NA,NA,NA,0
265,4,57,NA,NA,NA,0
266,4,58,NA,NA,NA,0
267,4,58,NA,NA,NA,0
268,4,58,NA,NA,NA,0
269,4,58,NA,NA,NA,0
270,3,59,NA,NA,NA,0
271,3,59,NA,NA,NA,0
272,3,59,"C",NA,2,0
273,5,60,NA,NA,NA,0
274,5,60,"C",NA,NA,0
275,5,60,NA,NA,NA,0
276,5,60,NA,NA,NA,0
277,5,60,NA,NA,NA,0
278,6,61,"H",220,2,1
279,6,61,"H",NA,1,1
280,6,61,"H",229,1,0
281,6,61,"H",269,0,0
282,6,61,"C",NA,5,3
283,6,61,"H",NA,0,0
284,4,62,"H",NA,NA,0
285,4,62,"H",NA,NA,0
286,4,62,"C",NA,3,2
287,4,62,NA,NA,NA,0
288,5,63,NA,NA,NA,0
289,5,63,NA,NA,NA,0
290,5,63,NA,NA,NA,0
291,5,63,NA,NA,NA,0
292,5,63,NA,NA,NA,0
293,4,64,NA,NA,NA,0
294,4,64,NA,NA,NA,0
295,4,64,"C",290,3,0
296,4,64,NA,NA,NA,0
297,4,65,NA,NA,NA,0
298,4,65,NA,NA,NA,0
299,4,65,NA,NA,NA,0
300,4,65,NA,NA,NA,0
301,3,66,"C",174,2,1
302,3,66,NA,NA,NA,0
303,3,66,"H",230,1,0
304,5,67,"H",NA,NA,0
305,5,67,"C",175,4,0
306,5,67,"H",349,0,0
307,5,67,"H",NA,0,0
308,5,67,"C",337,3,3
309,4,68,"C",220,3,1
310,4,68,NA,NA,NA,0
311,4,68,NA,NA,NA,0
312,4,68,"H",234,2,0
313,6,69,NA,NA,NA,0
314,6,69,NA,NA,NA,0
315,6,69,NA,NA,NA,0
316,6,69,NA,NA,NA,0
317,6,69,NA,NA,NA,0
318,6,69,NA,NA,NA,0
319,4,70,NA,NA,NA,0
320,4,70,NA,NA,NA,0
321,4,70,NA,NA,NA,0
322,4,70,NA,NA,NA,0
323,3,71,"H",358,1,0
324,3,71,"C",337,2,1
325,3,71,NA,NA,NA,0
326,3,72,NA,NA,NA,0
327,3,72,NA,NA,NA,0
328,3,72,NA,NA,NA,0
329,6,73,NA,NA,NA,0
330,6,73,NA,NA,NA,0
331,6,73,NA,NA,NA,0
332,6,73,NA,NA,NA,0
333,6,73,NA,NA,NA,0
334,6,73,NA,NA,NA,0
335,5,74,NA,NA,NA,0
336,5,74,NA,NA,NA,0
337,5,74,NA,NA,NA,0
338,5,74,NA,NA,NA,0
339,5,74,NA,NA,NA,0
340,6,75,"H",NA,1,0
341,6,75,"H",NA,3,2
342,6,75,"C",NA,5,2
343,6,75,"H",NA,3,0
344,6,75,"H",NA,1,0
345,6,75,NA,NA,NA,0
346,3,76,NA,NA,NA,0
347,3,76,NA,NA,NA,0
348,3,76,NA,NA,NA,0
349,4,77,"H",NA,NA,0
350,4,77,NA,NA,NA,0
351,4,77,NA,NA,NA,0
352,4,77,"C",NA,3,1
353,5,78,"H",NA,0,0
354,5,78,"H",NA,1,1
355,5,78,"H",278,0,0
356,5,78,"H",NA,2,1
357,5,78,"C",185,4,2
358,4,79,"C",NA,NA,0
359,4,79,NA,NA,NA,0
360,4,79,"C",315,3,1
361,4,79,"H",NA,2,0
362,3,80,NA,NA,NA,0
363,3,80,NA,NA,NA,0
364,3,80,NA,NA,NA,0
365,5,81,"H",NA,NA,0
366,5,81,"H",338,0,0
367,5,81,"C",NA,NA,0
368,5,81,"H",335,2,1
369,5,81,"C",NA,4,2
370,5,82,NA,NA,NA,0
371,5,82,"C",345,4,1
372,5,82,NA,NA,NA,0
373,5,82,NA,NA,NA,0
374,5,82,"H",NA,NA,0
375,4,83,NA,NA,NA,0
376,4,83,NA,NA,NA,0
377,4,83,NA,NA,NA,0
378,4,83,"C",NA,NA,0
379,3,84,NA,NA,NA,0
380,3,84,NA,NA,NA,0
381,3,84,NA,NA,NA,0
382,4,85,"C",NA,0,0
383,4,85,"C",NA,3,1
384,4,85,"C",358,0,0
385,4,85,"H",NA,2,0
386,4,86,NA,NA,NA,0
387,4,86,NA,NA,NA,0
388,4,86,NA,NA,NA,0
389,4,86,NA,NA,NA,0
390,5,87,NA,NA,NA,0
391,5,87,"H",NA,3,0
392,5,87,NA,NA,NA,0
393,5,87,NA,NA,NA,0
394,5,87,"C",NA,4,1
395,4,88,NA,NA,NA,0
396,4,88,"H",NA,NA,0
397,4,88,"C",294,3,0
398,4,88,"C",362,2,1
399,5,89,NA,NA,NA,0
400,5,89,NA,NA,NA,0
401,5,89,NA,NA,NA,0
402,5,89,NA,NA,NA,0
403,5,89,NA,NA,NA,0
404,3,90,NA,NA,NA,0
405,3,90,NA,NA,NA,0
406,3,90,NA,NA,NA,0
407,5,91,"H",337,2,0
408,5,91,NA,NA,NA,0
409,5,91,NA,NA,NA,0
410,5,91,"C",NA,3,1
411,5,91,"C",NA,NA,0
412,4,92,NA,NA,NA,0
413,4,92,NA,NA,NA,0
414,4,92,NA,NA,NA,0
415,4,92,NA,NA,NA,0
416,5,93,"C",NA,4,0
417,5,93,NA,NA,NA,0
418,5,93,NA,NA,NA,0
419,5,93,NA,NA,NA,0
420,5,93,NA,NA,NA,0
421,6,94,NA,NA,NA,0
422,6,94,NA,NA,NA,0
423,6,94,NA,NA,NA,0
424,6,94,NA,NA,NA,0
425,6,94,NA,NA,NA,0
426,6,94,NA,NA,NA,0
427,6,95,NA,NA,NA,0
428,6,95,NA,NA,NA,0
429,6,95,NA,NA,NA,0
430,6,95,NA,NA,NA,0
431,6,95,NA,NA,NA,0
432,6,95,"C",NA,NA,0
433,6,96,"C",NA,5,2
434,6,96,NA,NA,NA,0
435,6,96,NA,NA,NA,0
436,6,96,"H",204,3,0
437,6,96,"H",200,3,0
438,6,96,NA,NA,NA,0
439,4,97,NA,NA,NA,0
440,4,97,NA,NA,NA,0
441,4,97,NA,NA,NA,0
442,4,97,NA,NA,NA,0
443,6,98,NA,NA,NA,0
444,6,98,NA,NA,NA,0
445,6,98,NA,NA,NA,0
446,6,98,NA,NA,NA,0
447,6,98,NA,NA,NA,0
448,6,98,NA,NA,NA,0
449,6,99,NA,NA,NA,0
450,6,99,NA,NA,NA,0
451,6,99,NA,NA,NA,0
452,6,99,NA,NA,NA,0
453,6,99,NA,NA,NA,0
454,6,99,NA,NA,NA,0
455,4,100,NA,NA,NA,0
456,4,100,"C",NA,3,0
457,4,100,NA,NA,NA,0
458,4,100,NA,NA,NA,0
459,5,101,"C",127,4,1
460,5,101,NA,NA,NA,0
461,5,101,"H",NA,3,0
462,5,101,NA,NA,NA,0
463,5,101,NA,NA,NA,0
464,5,102,NA,NA,NA,0
465,5,102,NA,NA,NA,0
466,5,102,"H",NA,2,0
467,5,102,"C",NA,3,1
468,5,102,"C",302,3,0
469,3,103,NA,NA,NA,0
470,3,103,NA,NA,NA,0
471,3,103,NA,NA,NA,0
472,4,104,"H",252,2,1
473,4,104,"H",295,1,0
474,4,104,"C",NA,3,1
475,4,104,NA,NA,NA,0
476,5,105,"H",353,2,0
477,5,105,NA,NA,NA,0
478,5,105,NA,NA,NA,0
479,5,105,"H",NA,NA,0
480,5,105,"C",NA,4,2
481,3,106,NA,NA,NA,0
482,3,106,NA,NA,NA,0
483,3,106,NA,NA,NA,0
484,6,107,"H",NA,2,2
485,6,107,"H",NA,3,1
486,6,107,"C",246,5,1
487,6,107,"H",278,4,1
488,6,107,"H",NA,NA,0
489,6,107,"H",NA,NA,0
490,5,108,"H",NA,NA,0
491,5,108,"C",NA,4,1
492,5,108,"H",NA,3,2
493,5,108,"H",NA,1,1
494,5,108,"H",NA,1,0
495,3,109,NA,NA,NA,0
496,3,109,"C",NA,2,1
497,3,109,"H",NA,NA,0
498,3,110,"C",NA,NA,0
499,3,110,NA,NA,NA,0
500,3,110,NA,NA,NA,0
501,4,111,NA,NA,NA,0
502,4,111,"C",NA,3,0
503,4,111,NA,NA,NA,0
504,4,111,NA,NA,NA,0
505,5,112,NA,NA,NA,0
506,5,112,NA,NA,NA,0
507,5,112,NA,NA,NA,0
508,5,112,"C",NA,NA,0
509,5,112,"C",270,4,0
510,3,113,NA,NA,NA,0
511,3,113,NA,NA,NA,0
512,3,113,NA,NA,NA,0
513,3,114,"C",NA,2,2
514,3,114,"H",NA,0,0
515,3,114,"H",252,0,0
516,4,115,NA,NA,NA,0
517,4,115,NA,NA,NA,0
518,4,115,NA,NA,NA,0
519,4,115,NA,NA,NA,0
520,4,116,NA,NA,NA,0
521,4,116,"H",NA,NA,0
522,4,116,"H",327,2,1
523,4,116,"C",305,3,1
524,5,117,NA,NA,NA,0
525,5,117,"C",361,4,1
526,5,117,"H",NA,NA,0
527,5,117,NA,NA,NA,0
528,5,117,NA,NA,NA,0
529,3,118,NA,NA,NA,0
530,3,118,NA,NA,NA,0
531,3,118,NA,NA,NA,0
532,6,119,"C",NA,5,1
533,6,119,NA,NA,NA,0
534,6,119,NA,NA,NA,0
535,6,119,NA,NA,NA,0
536,6,119,NA,NA,NA,0
537,6,119,"H",NA,NA,0
538,3,120,NA,NA,NA,0
539,3,120,NA,NA,NA,0
540,3,120,NA,NA,NA,0
541,3,121,NA,NA,NA,0
542,3,121,NA,NA,NA,0
543,3,121,"C",NA,2,0
544,4,122,NA,NA,NA,0
545,4,122,NA,NA,NA,0
546,4,122,NA,NA,NA,0
547,4,122,"C",NA,NA,0
548,3,123,NA,NA,NA,0
549,3,123,"H",358,1,0
550,3,123,"C",335,2,1
551,3,124,NA,NA,NA,0
552,3,124,NA,NA,NA,0
553,3,124,NA,NA,NA,0
554,5,125,"H",NA,3,1
555,5,125,"C",NA,4,1
556,5,125,"H",NA,2,0
557,5,125,NA,NA,NA,0
558,5,125,NA,NA,NA,0
559,6,126,NA,NA,NA,0
560,6,126,NA,NA,NA,0
561,6,126,NA,NA,NA,0
562,6,126,"H",NA,4,0
563,6,126,"C",NA,5,1
564,6,126,NA,NA,NA,0
565,3,127,"C",NA,2,0
566,3,127,NA,NA,NA,0
567,3,127,NA,NA,NA,0
568,3,128,"H",158,1,0
569,3,128,"C",146,2,1
570,3,128,NA,NA,NA,0
571,5,129,"C",NA,3,0
572,5,129,NA,NA,NA,0
573,5,129,"H",NA,NA,0
574,5,129,"H",NA,NA,0
575,5,129,"C",360,3,2
576,6,130,"C",285,1,0
577,6,130,NA,NA,NA,0
578,6,130,"H",240,2,0
579,6,130,"H",265,2,1
580,6,130,"C",NA,5,2
581,6,130,"H",NA,1,0
582,4,131,NA,NA,NA,0
583,4,131,NA,NA,NA,0
584,4,131,NA,NA,NA,0
585,4,131,NA,NA,NA,0
586,5,132,NA,NA,NA,0
587,5,132,NA,NA,NA,0
588,5,132,NA,NA,NA,0
589,5,132,NA,NA,NA,0
590,5,132,NA,NA,NA,0
591,5,133,"C",NA,4,0
592,5,133,NA,NA,NA,0
593,5,133,NA,NA,NA,0
594,5,133,NA,NA,NA,0
595,5,133,NA,NA,NA,0
596,6,134,NA,NA,NA,0
597,6,134,NA,NA,NA,0
598,6,134,NA,NA,NA,0
599,6,134,"H",NA,4,0
600,6,134,NA,NA,NA,0
601,6,134,"C",NA,5,1
602,3,135,NA,NA,NA,0
603,3,135,"C",353,2,0
604,3,135,NA,NA,NA,0
605,5,136,NA,NA,NA,0
606,5,136,NA,NA,NA,0
607,5,136,"C",NA,NA,0
608,5,136,NA,NA,NA,0
609,5,136,"C",NA,NA,0
610,3,137,NA,NA,NA,0
611,3,137,NA,NA,NA,0
612,3,137,"C",NA,2,0
613,4,138,"C",NA,NA,0
614,4,138,NA,NA,NA,0
615,4,138,NA,NA,NA,0
616,4,138,"C",NA,3,0
617,4,139,NA,NA,NA,0
618,4,139,NA,NA,NA,0
619,4,139,NA,NA,NA,0
620,4,139,NA,NA,NA,0
621,6,140,NA,NA,NA,0
622,6,140,NA,NA,NA,0
623,6,140,"H",NA,3,0
624,6,140,"C",292,5,2
625,6,140,NA,NA,NA,0
626,6,140,"H",312,3,0
627,4,141,NA,NA,NA,0
628,4,141,"C",NA,NA,0
629,4,141,NA,NA,NA,0
630,4,141,NA,NA,NA,0
631,6,142,NA,NA,NA,0
632,6,142,NA,NA,NA,0
633,6,142,NA,NA,NA,0
634,6,142,NA,NA,NA,0
635,6,142,NA,NA,NA,0
636,6,142,NA,NA,NA,0
637,5,143,NA,NA,NA,0
638,5,143,NA,NA,NA,0
639,5,143,NA,NA,NA,0
640,5,143,NA,NA,NA,0
641,5,143,NA,NA,NA,0
642,6,144,NA,NA,NA,0
643,6,144,NA,NA,NA,0
644,6,144,NA,NA,NA,0
645,6,144,NA,NA,NA,0
646,6,144,NA,NA,NA,0
647,6,144,NA,NA,NA,0
648,3,145,NA,NA,NA,0
649,3,145,"C",362,2,1
650,3,145,"H",NA,NA,0
651,3,146,"C",NA,0,0
652,3,146,"H",359,0,0
653,3,146,"C",284,2,1
654,5,147,NA,NA,NA,0
655,5,147,NA,NA,NA,0
656,5,147,NA,NA,NA,0
657,5,147,NA,NA,NA,0
658,5,147,NA,NA,NA,0
659,4,148,NA,NA,NA,0
660,4,148,"C",NA,2,1
661,4,148,"H",NA,NA,0
662,4,148,"C",NA,NA,0
663,4,149,"H",NA,NA,0
664,4,149,"C",349,3,2
665,4,149,"H",NA,NA,0
666,4,149,NA,NA,NA,0
667,6,150,NA,NA,NA,0
668,6,150,NA,NA,NA,0
669,6,150,NA,NA,NA,0
670,6,150,NA,NA,NA,0
671,6,150,NA,NA,NA,0
672,6,150,NA,NA,NA,0
673,5,151,NA,NA,NA,0
674,5,151,"C",NA,4,0
675,5,151,NA,NA,NA,0
676,5,151,NA,NA,NA,0
677,5,151,NA,NA,NA,0
678,4,152,"H",NA,0,0
679,4,152,"C",NA,2,1
680,4,152,"C",NA,0,0
681,4,152,"C",NA,0,0
682,3,153,"C",287,2,0
683,3,153,NA,NA,NA,0
684,3,153,NA,NA,NA,0
685,6,154,NA,NA,NA,0
686,6,154,NA,NA,NA,0
687,6,154,"C",NA,5,1
688,6,154,NA,NA,NA,0
689,6,154,NA,NA,NA,0
690,6,154,"H",NA,NA,0
691,6,155,NA,NA,NA,0
692,6,155,NA,NA,NA,0
693,6,155,NA,NA,NA,0
694,6,155,NA,NA,NA,0
695,6,155,NA,NA,NA,0
696,6,155,"C",NA,NA,0
697,4,156,NA,NA,NA,0
698,4,156,NA,NA,NA,0
699,4,156,NA,NA,NA,0
700,4,156,NA,NA,NA,0
701,6,157,NA,NA,NA,0
702,6,157,NA,NA,NA,0
703,6,157,NA,NA,NA,0
704,6,157,NA,NA,NA,0
705,6,157,NA,NA,NA,0
706,6,157,NA,NA,NA,0
707,5,158,"C",NA,4,2
708,5,158,"H",349,2,1
709,5,158,"H",NA,NA,0
710,5,158,"H",NA,NA,0
711,5,158,NA,NA,NA,0
712,5,159,NA,NA,NA,0
713,5,159,"C",290,3,0
714,5,159,NA,NA,NA,0
715,5,159,"C",NA,3,1
716,5,159,"H",NA,2,0
717,6,160,NA,NA,NA,0
718,6,160,"C",321,3,1
719,6,160,"H",NA,NA,0
720,6,160,"H",340,2,1
721,6,160,"C",299,4,1
722,6,160,"H",NA,3,0
723,4,161,"C",NA,2,0
724,4,161,NA,NA,NA,0
725,4,161,NA,NA,NA,0
726,4,161,"C",NA,2,0
727,4,162,"C",316,3,2
728,4,162,"C",NA,NA,0
729,4,162,"H",NA,1,0
730,4,162,"H",367,0,0
731,3,163,NA,NA,NA,0
732,3,163,"C",NA,2,0
733,3,163,NA,NA,NA,0
734,5,164,"H",NA,2,0
735,5,164,"C",NA,4,1
736,5,164,NA,NA,NA,0
737,5,164,"H",274,3,1
738,5,164,"C",355,1,0
739,4,165,"C",NA,3,2
740,4,165,"H",160,1,0
741,4,165,"H",NA,1,0
742,4,165,NA,NA,NA,0
743,6,166,"H",NA,NA,0
744,6,166,"C",NA,5,2
745,6,166,"H",334,3,2
746,6,166,"H",360,1,0
747,6,166,NA,NA,NA,0
748,6,166,"H",335,3,0
749,5,167,NA,NA,NA,0
750,5,167,NA,NA,NA,0
751,5,167,NA,NA,NA,0
752,5,167,NA,NA,NA,0
753,5,167,NA,NA,NA,0
754,6,168,NA,NA,NA,0
755,6,168,NA,NA,NA,0
756,6,168,NA,NA,NA,0
757,6,168,NA,NA,NA,0
758,6,168,NA,NA,NA,0
759,6,168,NA,NA,NA,0
760,3,169,NA,NA,NA,0
761,3,169,NA,NA,NA,0
762,3,169,NA,NA,NA,0
763,6,170,"C",NA,NA,0
764,6,170,"H",NA,NA,0
765,6,170,NA,NA,NA,0
766,6,170,"C",NA,NA,0
767,6,170,"C",350,3,1
768,6,170,NA,NA,NA,0
769,3,171,NA,NA,NA,0
770,3,171,NA,NA,NA,0
771,3,171,"C",343,2,0
772,4,172,"H",155,2,0
773,4,172,NA,NA,NA,0
774,4,172,"C",NA,3,1
775,4,172,NA,NA,NA,0
776,5,173,NA,NA,NA,0
777,5,173,NA,NA,NA,0
778,5,173,"C",146,4,0
779,5,173,"C",216,3,0
780,5,173,NA,NA,NA,0
781,6,174,NA,NA,NA,0
782,6,174,"H",NA,3,0
783,6,174,NA,NA,NA,0
784,6,174,"C",NA,5,1
785,6,174,"H",262,4,1
786,6,174,NA,NA,NA,0
787,6,175,NA,NA,NA,0
788,6,175,"C",NA,NA,0
789,6,175,"C",NA,NA,0
790,6,175,NA,NA,NA,0
791,6,175,"C",NA,5,0
792,6,175,NA,NA,NA,0
793,6,176,"H",NA,NA,0
794,6,176,NA,NA,NA,0
795,6,176,"C",NA,5,1
796,6,176,"H",NA,NA,0
797,6,176,NA,NA,NA,0
798,6,176,"H",NA,4,2
799,5,177,NA,NA,NA,0
800,5,177,NA,NA,NA,0
801,5,177,NA,NA,NA,0
802,5,177,NA,NA,NA,0
803,5,177,NA,NA,NA,0
804,3,178,NA,NA,NA,0
805,3,178,NA,NA,NA,0
806,3,178,NA,NA,NA,0
807,4,179,"C",328,0,0
808,4,179,"H",NA,0,0
809,4,179,"C",200,3,0
810,4,179,"C",NA,1,1
811,5,180,"H",NA,2,0
812,5,180,NA,NA,NA,0
813,5,180,"C",NA,4,2
814,5,180,"C",NA,NA,0
815,5,180,"H",NA,2,0
816,4,181,NA,NA,NA,0
817,4,181,NA,NA,NA,0
818,4,181,"C",NA,NA,0
819,4,181,NA,NA,NA,0
820,3,182,NA,NA,NA,0
821,3,182,NA,NA,NA,0
822,3,182,"C",NA,NA,0
823,5,183,NA,NA,NA,0
824,5,183,NA,NA,NA,0
825,5,183,NA,NA,NA,0
826,5,183,NA,NA,NA,0
827,5,183,NA,NA,NA,0
828,5,184,NA,NA,NA,0
829,5,184,NA,NA,NA,0
830,5,184,NA,NA,NA,0
831,5,184,NA,NA,NA,0
832,5,184,NA,NA,NA,0
833,6,185,NA,NA,NA,0
834,6,185,NA,NA,NA,0
835,6,185,"C",NA,NA,0
836,6,185,"C",210,5,0
837,6,185,NA,NA,NA,0
838,6,185,NA,NA,NA,0
839,6,186,"H",294,3,0
840,6,186,NA,NA,NA,0
841,6,186,"C",265,5,2
842,6,186,NA,NA,NA,0
843,6,186,NA,NA,NA,0
844,6,186,"H",302,3,0
845,3,187,"C",NA,2,1
846,3,187,"H",NA,NA,0
847,3,187,NA,NA,NA,0
848,5,188,"H",NA,NA,0
849,5,188,"H",NA,NA,0
850,5,188,NA,NA,NA,0
851,5,188,NA,NA,NA,0
852,5,188,"C",359,4,2
853,3,189,NA,NA,NA,0
854,3,189,"C",NA,2,0
855,3,189,NA,NA,NA,0
856,4,190,"C",NA,NA,0
857,4,190,NA,NA,NA,0
858,4,190,NA,NA,NA,0
859,4,190,NA,NA,NA,0
860,3,191,NA,NA,NA,0
861,3,191,NA,NA,NA,0
862,3,191,NA,NA,NA,0
863,5,192,NA,NA,NA,0
864,5,192,NA,NA,NA,0
865,5,192,NA,NA,NA,0
866,5,192,NA,NA,NA,0
867,5,192,NA,NA,NA,0
868,4,193,NA,NA,NA,0
869,4,193,NA,NA,NA,0
870,4,193,"H",NA,NA,0
871,4,193,"C",NA,3,1
872,4,194,"H",NA,NA,0
873,4,194,NA,NA,NA,0
874,4,194,NA,NA,NA,0
875,4,194,"C",NA,3,1
876,5,195,"C",336,4,0
877,5,195,NA,NA,NA,0
878,5,195,NA,NA,NA,0
879,5,195,NA,NA,NA,0
880,5,195,NA,NA,NA,0
881,4,196,NA,NA,NA,0
882,4,196,NA,NA,NA,0
883,4,196,NA,NA,NA,0
884,4,196,NA,NA,NA,0
885,6,197,"C",NA,5,0
886,6,197,NA,NA,NA,0
887,6,197,NA,NA,NA,0
888,6,197,NA,NA,NA,0
889,6,197,NA,NA,NA,0
890,6,197,NA,NA,NA,0
891,4,198,"C",NA,2,0
892,4,198,NA,NA,NA,0
893,4,198,"C",NA,NA,0
894,4,198,NA,NA,NA,0
895,5,199,NA,NA,NA,0
896,5,199,NA,NA,NA,0
897,5,199,NA,NA,NA,0
898,5,199,"C",313,3,0
899,5,199,"C",314,3,0
900,5,200,NA,NA,NA,0
901,5,200,NA,NA,NA,0
902,5,200,"H",NA,NA,0
903,5,200,"C",333,4,1
904,5,200,"C",NA,NA,0
905,3,201,NA,NA,NA,0
906,3,201,NA,NA,NA,0
907,3,201,NA,NA,NA,0
908,5,202,"C",NA,4,1
909,5,202,"H",220,1,0
910,5,202,"H",229,1,0
911,5,202,NA,NA,NA,0
912,5,202,"H",201,3,2
913,3,203,"C",NA,2,0
914,3,203,"C",NA,NA,0
915,3,203,NA,NA,NA,0
916,5,204,"C",NA,4,1
917,5,204,"C",NA,2,0
918,5,204,NA,NA,NA,0
919,5,204,"H",170,3,0
920,5,204,NA,NA,NA,0
921,4,205,NA,NA,NA,0
922,4,205,NA,NA,NA,0
923,4,205,NA,NA,NA,0
924,4,205,NA,NA,NA,0
925,6,206,"H",169,3,1
926,6,206,NA,NA,NA,0
927,6,206,"C",NA,5,2
928,6,206,"H",177,2,0
929,6,206,"H",NA,1,0
930,6,206,"H",206,2,1
931,5,207,NA,NA,NA,0
932,5,207,"C",341,4,0
933,5,207,NA,NA,NA,0
934,5,207,NA,NA,NA,0
935,5,207,NA,NA,NA,0
936,3,208,NA,NA,NA,0
937,3,208,NA,NA,NA,0
938,3,208,NA,NA,NA,0
939,3,209,NA,NA,NA,0
940,3,209,NA,NA,NA,0
941,3,209,NA,NA,NA,0
942,4,210,NA,NA,NA,0
943,4,210,NA,NA,NA,0
944,4,210,NA,NA,NA,0
945,4,210,NA,NA,NA,0
946,3,211,"C",NA,NA,0
947,3,211,NA,NA,NA,0
948,3,211,NA,NA,NA,0
949,6,212,NA,NA,NA,0
950,6,212,"C",NA,NA,0
951,6,212,"C",NA,NA,0
952,6,212,NA,NA,NA,0
953,6,212,NA,NA,NA,0
954,6,212,NA,NA,NA,0
955,3,213,"C",NA,NA,0
956,3,213,"C",NA,NA,0
957,3,213,NA,NA,NA,0
958,3,214,"C",NA,2,1
959,3,214,"H",90,1,0
960,3,214,NA,NA,NA,0
961,4,215,"H",147,0,0
962,4,215,"H",NA,0,0
963,4,215,"H",NA,0,0
964,4,215,"C",NA,3,3
965,3,216,"C",NA,2,1
966,3,216,"H",NA,NA,0
967,3,216,NA,NA,NA,0
968,3,217,NA,NA,NA,0
969,3,217,NA,NA,NA,0
970,3,217,"C",NA,2,0
971,6,218,"C",NA,NA,0
972,6,218,NA,NA,NA,0
973,6,218,NA,NA,NA,0
974,6,218,NA,NA,NA,0
975,6,218,NA,NA,NA,0
976,6,218,NA,NA,NA,0
977,5,219,NA,NA,NA,0
978,5,219,"C",329,4,1
979,5,219,"H",NA,3,0
980,5,219,NA,NA,NA,0
981,5,219,NA,NA,NA,0
982,3,220,NA,NA,NA,0
983,3,220,NA,NA,NA,0
984,3,220,NA,NA,NA,0
985,3,221,NA,NA,NA,0
986,3,221,NA,NA,NA,0
987,3,221,NA,NA,NA,0
988,6,222,NA,NA,NA,0
989,6,222,NA,NA,NA,0
990,6,222,NA,NA,NA,0
991,6,222,NA,NA,NA,0
992,6,222,NA,NA,NA,0
993,6,222,NA,NA,NA,0
994,4,223,NA,NA,NA,0
995,4,223,NA,NA,NA,0
996,4,223,NA,NA,NA,0
997,4,223,NA,NA,NA,0
998,3,224,NA,NA,NA,0
999,3,224,NA,NA,NA,0
1000,3,224,NA,NA,NA,0
