"ID","SIZE","HH","TYPE","TIME","S_NUM","I_NUM"
1,3,1,"0",NA,2,1
2,3,1,"C",NA,0,0
3,3,1,"H",75,1,0
4,5,2,NA,NA,NA,0
5,5,2,"C",124,4,0
6,5,2,NA,NA,NA,0
7,5,2,NA,NA,NA,0
8,5,2,NA,NA,NA,0
9,4,3,NA,NA,NA,0
10,4,3,NA,NA,NA,0
11,4,3,NA,NA,NA,0
12,4,3,NA,NA,NA,0
13,3,4,NA,NA,NA,0
14,3,4,"H",320,1,0
15,3,4,"C",NA,2,1
16,5,5,"H",191,1,0
17,5,5,"H",NA,1,1
18,5,5,"H",NA,0,0
19,5,5,"H",229,0,0
20,5,5,"C",171,4,3
21,6,6,"C",NA,4,2
22,6,6,"H",NA,2,2
23,6,6,"H",NA,NA,0
24,6,6,"H",NA,NA,0
25,6,6,"C",NA,NA,0
26,6,6,"H",NA,NA,0
27,4,7,"C",NA,3,0
28,4,7,NA,NA,NA,0
29,4,7,"C",NA,NA,0
30,4,7,NA,NA,NA,0
31,3,8,"C",NA,1,0
32,3,8,NA,NA,NA,0
33,3,8,"C",NA,2,0
34,4,9,"C",NA,NA,0
35,4,9,NA,NA,NA,0
36,4,9,NA,NA,NA,0
37,4,9,"C",NA,NA,0
38,6,10,"H",NA,NA,0
39,6,10,NA,NA,NA,0
40,6,10,"H",NA,NA,0
41,6,10,"C",359,4,3
42,6,10,"C",NA,1,0
43,6,10,"H",NA,NA,0
44,4,11,NA,NA,NA,0
45,4,11,NA,NA,NA,0
46,4,11,NA,NA,NA,0
47,4,11,NA,NA,NA,0
48,5,12,NA,NA,NA,0
49,5,12,NA,NA,NA,0
50,5,12,NA,NA,NA,0
51,5,12,"C",NA,NA,0
52,5,12,"C",NA,NA,0
53,4,13,"H",127,1,0
54,4,13,"C",NA,NA,0
55,4,13,"H",131,1,0
56,4,13,"C",102,3,2
57,5,14,NA,NA,NA,0
58,5,14,NA,NA,NA,0
59,5,14,NA,NA,NA,0
60,5,14,NA,NA,NA,0
61,5,14,NA,NA,NA,0
62,4,15,NA,NA,NA,0
63,4,15,NA,NA,NA,0
64,4,15,NA,NA,NA,0
65,4,15,NA,NA,NA,0
66,6,16,"H",342,2,2
67,6,16,"H",NA,2,0
68,6,16,"C",NA,4,2
69,6,16,"H",NA,NA,0
70,6,16,"H",NA,NA,0
71,6,16,"C",NA,3,0
72,3,17,NA,NA,NA,0
73,3,17,NA,NA,NA,0
74,3,17,NA,NA,NA,0
75,5,18,"H",179,2,0
76,5,18,"C",155,4,2
77,5,18,NA,NA,NA,0
78,5,18,NA,NA,NA,0
79,5,18,"H",NA,2,0
80,3,19,NA,NA,NA,0
81,3,19,"C",NA,2,0
82,3,19,NA,NA,NA,0
83,5,20,NA,NA,NA,0
84,5,20,NA,NA,NA,0
85,5,20,"C",NA,NA,0
86,5,20,NA,NA,NA,0
87,5,20,NA,NA,NA,0
88,6,21,NA,NA,NA,0
89,6,21,"C",NA,5,2
90,6,21,NA,NA,NA,0
91,6,21,"H",NA,NA,0
92,6,21,"H",NA,NA,0
93,6,21,NA,NA,NA,0
94,3,22,NA,NA,NA,0
95,3,22,"H",NA,1,0
96,3,22,"C",NA,2,1
97,6,23,NA,NA,NA,0
98,6,23,NA,NA,NA,0
99,6,23,NA,NA,NA,0
100,6,23,NA,NA,NA,0
101,6,23,NA,NA,NA,0
102,6,23,NA,NA,NA,0
103,6,24,"C",234,5,0
104,6,24,NA,NA,NA,0
105,6,24,"C",NA,NA,0
106,6,24,NA,NA,NA,0
107,6,24,NA,NA,NA,0
108,6,24,NA,NA,NA,0
109,3,25,NA,NA,NA,0
110,3,25,NA,NA,NA,0
111,3,25,NA,NA,NA,0
112,5,26,"C",NA,1,0
113,5,26,"H",NA,2,0
114,5,26,"H",210,2,0
115,5,26,NA,NA,NA,0
116,5,26,"C",NA,4,2
117,4,27,NA,NA,NA,0
118,4,27,NA,NA,NA,0
119,4,27,NA,NA,NA,0
120,4,27,NA,NA,NA,0
121,6,28,NA,NA,NA,0
122,6,28,NA,NA,NA,0
123,6,28,"C",NA,NA,0
124,6,28,NA,NA,NA,0
125,6,28,NA,NA,NA,0
126,6,28,NA,NA,NA,0
127,3,29,NA,NA,NA,0
128,3,29,NA,NA,NA,0
129,3,29,NA,NA,NA,0
130,4,30,NA,NA,NA,0
131,4,30,"C",NA,3,0
132,4,30,NA,NA,NA,0
133,4,30,NA,NA,NA,0
134,3,31,NA,NA,NA,0
135,3,31,NA,NA,NA,0
136,3,31,NA,NA,NA,0
137,4,32,NA,NA,NA,0
138,4,32,"C",NA,NA,0
139,4,32,NA,NA,NA,0
140,4,32,NA,NA,NA,0
141,3,33,NA,NA,NA,0
142,3,33,NA,NA,NA,0
143,3,33,NA,NA,NA,0
144,6,34,NA,NA,NA,0
145,6,34,"C",NA,NA,0
146,6,34,NA,NA,NA,0
147,6,34,NA,NA,NA,0
148,6,34,NA,NA,NA,0
149,6,34,NA,NA,NA,0
150,3,35,"H",NA,1,0
151,3,35,"C",244,2,1
152,3,35,NA,NA,NA,0
153,3,36,"C",NA,NA,0
154,3,36,NA,NA,NA,0
155,3,36,NA,NA,NA,0
156,5,37,NA,NA,NA,0
157,5,37,NA,NA,NA,0
158,5,37,NA,NA,NA,0
159,5,37,NA,NA,NA,0
160,5,37,NA,NA,NA,0
161,5,38,NA,NA,NA,0
162,5,38,"C",NA,4,0
163,5,38,NA,NA,NA,0
164,5,38,"C",NA,2,0
165,5,38,"C",NA,3,0
166,4,39,NA,NA,NA,0
167,4,39,"C",NA,1,0
168,4,39,"C",NA,3,1
169,4,39,"H",241,2,0
170,5,40,NA,NA,NA,0
171,5,40,NA,NA,NA,0
172,5,40,"C",NA,NA,0
173,5,40,NA,NA,NA,0
174,5,40,NA,NA,NA,0
175,5,41,NA,NA,NA,0
176,5,41,NA,NA,NA,0
177,5,41,NA,NA,NA,0
178,5,41,NA,NA,NA,0
179,5,41,NA,NA,NA,0
180,3,42,"H",NA,0,0
181,3,42,"C",NA,2,2
182,3,42,"H",323,0,0
183,5,43,"C",330,4,1
184,5,43,"H",361,3,0
185,5,43,NA,NA,NA,0
186,5,43,NA,NA,NA,0
187,5,43,NA,NA,NA,0
188,5,44,NA,NA,NA,0
189,5,44,NA,NA,NA,0
190,5,44,"C",NA,NA,0
191,5,44,"H",NA,NA,0
192,5,44,"C",NA,3,1
193,6,45,"H",289,1,1
194,6,45,"C",230,5,1
195,6,45,"H",308,0,0
196,6,45,"H",282,3,2
197,6,45,"H",319,0,0
198,6,45,"H",255,4,1
199,4,46,NA,NA,NA,0
200,4,46,"C",98,3,0
201,4,46,NA,NA,NA,0
202,4,46,NA,NA,NA,0
203,3,47,"H",NA,NA,0
204,3,47,"C",NA,2,1
205,3,47,"H",NA,1,1
206,4,48,"H",367,2,0
207,4,48,"C",NA,3,1
208,4,48,"C",NA,NA,0
209,4,48,NA,NA,NA,0
210,4,49,"C",366,1,0
211,4,49,NA,NA,NA,0
212,4,49,"C",NA,NA,0
213,4,49,"C",NA,NA,0
214,3,50,NA,NA,NA,0
215,3,50,"C",141,2,0
216,3,50,"C",369,1,0
217,5,51,NA,NA,NA,0
218,5,51,NA,NA,NA,0
219,5,51,NA,NA,NA,0
220,5,51,NA,NA,NA,0
221,5,51,NA,NA,NA,0
222,5,52,"C",NA,1,1
223,5,52,"C",NA,4,2
224,5,52,"H",249,1,0
225,5,52,"H",NA,0,0
226,5,52,"H",NA,1,0
227,6,53,NA,NA,NA,0
228,6,53,NA,NA,NA,0
229,6,53,"C",NA,NA,0
230,6,53,NA,NA,NA,0
231,6,53,NA,NA,NA,0
232,6,53,NA,NA,NA,0
233,6,54,NA,NA,NA,0
234,6,54,NA,NA,NA,0
235,6,54,NA,NA,NA,0
236,6,54,NA,NA,NA,0
237,6,54,NA,NA,NA,0
238,6,54,NA,NA,NA,0
239,6,55,NA,NA,NA,0
240,6,55,"C",NA,5,1
241,6,55,NA,NA,NA,0
242,6,55,NA,NA,NA,0
243,6,55,NA,NA,NA,0
244,6,55,"H",NA,4,0
245,6,56,"H",285,3,1
246,6,56,"H",314,2,1
247,6,56,"H",NA,0,0
248,6,56,"C",NA,5,2
249,6,56,"H",NA,1,1
250,6,56,"H",NA,0,0
251,5,57,NA,NA,NA,0
252,5,57,NA,NA,NA,0
253,5,57,NA,NA,NA,0
254,5,57,NA,NA,NA,0
255,5,57,NA,NA,NA,0
256,4,58,NA,NA,NA,0
257,4,58,"C",345,3,1
258,4,58,"C",NA,NA,0
259,4,58,"H",NA,NA,0
260,6,59,"H",NA,NA,0
261,6,59,"H",NA,1,0
262,6,59,"C",342,5,4
263,6,59,"H",NA,NA,0
264,6,59,"H",366,1,0
265,6,59,NA,NA,NA,0
266,4,60,NA,NA,NA,0
267,4,60,NA,NA,NA,0
268,4,60,"C",NA,NA,0
269,4,60,NA,NA,NA,0
270,6,61,NA,NA,NA,0
271,6,61,NA,NA,NA,0
272,6,61,NA,NA,NA,0
273,6,61,NA,NA,NA,0
274,6,61,NA,NA,NA,0
275,6,61,NA,NA,NA,0
276,6,62,NA,NA,NA,0
277,6,62,NA,NA,NA,0
278,6,62,NA,NA,NA,0
279,6,62,NA,NA,NA,0
280,6,62,NA,NA,NA,0
281,6,62,NA,NA,NA,0
282,4,63,NA,NA,NA,0
283,4,63,NA,NA,NA,0
284,4,63,NA,NA,NA,0
285,4,63,"C",NA,3,0
286,4,64,"C",NA,3,2
287,4,64,"H",99,1,0
288,4,64,NA,NA,NA,0
289,4,64,"H",100,1,0
290,5,65,"H",270,2,0
291,5,65,NA,NA,NA,0
292,5,65,"C",NA,4,1
293,5,65,NA,NA,NA,0
294,5,65,"H",NA,3,1
295,4,66,NA,NA,NA,0
296,4,66,"C",365,3,0
297,4,66,NA,NA,NA,0
298,4,66,NA,NA,NA,0
299,6,67,NA,NA,NA,0
300,6,67,NA,NA,NA,0
301,6,67,NA,NA,NA,0
302,6,67,"C",NA,NA,0
303,6,67,NA,NA,NA,0
304,6,67,NA,NA,NA,0
305,6,68,NA,NA,NA,0
306,6,68,"C",NA,5,0
307,6,68,NA,NA,NA,0
308,6,68,NA,NA,NA,0
309,6,68,NA,NA,NA,0
310,6,68,NA,NA,NA,0
311,6,69,NA,NA,NA,0
312,6,69,NA,NA,NA,0
313,6,69,"C",346,4,1
314,6,69,"H",NA,NA,0
315,6,69,NA,NA,NA,0
316,6,69,"C",NA,NA,0
317,4,70,"C",NA,3,1
318,4,70,"H",351,0,0
319,4,70,"H",NA,2,2
320,4,70,"H",NA,0,0
321,3,71,NA,NA,NA,0
322,3,71,NA,NA,NA,0
323,3,71,NA,NA,NA,0
324,3,72,NA,NA,NA,0
325,3,72,NA,NA,NA,0
326,3,72,NA,NA,NA,0
327,6,73,"H",371,0,0
328,6,73,"C",NA,5,3
329,6,73,"H",NA,1,0
330,6,73,"H",NA,1,0
331,6,73,"H",271,2,1
332,6,73,"H",NA,1,1
333,3,74,NA,NA,NA,0
334,3,74,"C",NA,NA,0
335,3,74,NA,NA,NA,0
336,4,75,NA,NA,NA,0
337,4,75,NA,NA,NA,0
338,4,75,NA,NA,NA,0
339,4,75,NA,NA,NA,0
340,6,76,NA,NA,NA,0
341,6,76,"C",NA,4,1
342,6,76,"H",NA,NA,0
343,6,76,NA,NA,NA,0
344,6,76,"C",NA,NA,0
345,6,76,NA,NA,NA,0
346,3,77,"C",145,2,0
347,3,77,"C",329,1,0
348,3,77,NA,NA,NA,0
349,5,78,NA,NA,NA,0
350,5,78,"C",NA,NA,0
351,5,78,NA,NA,NA,0
352,5,78,NA,NA,NA,0
353,5,78,NA,NA,NA,0
354,6,79,"H",NA,0,0
355,6,79,"H",266,3,0
356,6,79,"C",NA,5,2
357,6,79,"H",NA,3,2
358,6,79,"H",NA,1,1
359,6,79,"H",NA,1,0
360,4,80,NA,NA,NA,0
361,4,80,"H",NA,NA,0
362,4,80,"C",NA,3,1
363,4,80,"H",369,2,1
364,6,81,NA,NA,NA,0
365,6,81,NA,NA,NA,0
366,6,81,NA,NA,NA,0
367,6,81,NA,NA,NA,0
368,6,81,NA,NA,NA,0
369,6,81,NA,NA,NA,0
370,6,82,NA,NA,NA,0
371,6,82,NA,NA,NA,0
372,6,82,NA,NA,NA,0
373,6,82,NA,NA,NA,0
374,6,82,NA,NA,NA,0
375,6,82,NA,NA,NA,0
376,6,83,"C",NA,NA,0
377,6,83,NA,NA,NA,0
378,6,83,NA,NA,NA,0
379,6,83,NA,NA,NA,0
380,6,83,NA,NA,NA,0
381,6,83,NA,NA,NA,0
382,5,84,NA,NA,NA,0
383,5,84,NA,NA,NA,0
384,5,84,"C",NA,NA,0
385,5,84,"C",NA,NA,0
386,5,84,NA,NA,NA,0
387,3,85,"C",304,2,0
388,3,85,"C",352,1,0
389,3,85,NA,NA,NA,0
390,4,86,NA,NA,NA,0
391,4,86,"C",NA,NA,0
392,4,86,NA,NA,NA,0
393,4,86,NA,NA,NA,0
394,4,87,NA,NA,NA,0
395,4,87,NA,NA,NA,0
396,4,87,"C",NA,NA,0
397,4,87,NA,NA,NA,0
398,5,88,"H",365,2,1
399,5,88,NA,NA,NA,0
400,5,88,"H",NA,NA,0
401,5,88,"C",NA,4,2
402,5,88,"H",NA,2,0
403,3,89,NA,NA,NA,0
404,3,89,"C",NA,2,0
405,3,89,NA,NA,NA,0
406,6,90,"C",342,5,2
407,6,90,NA,NA,NA,0
408,6,90,"H",368,3,0
409,6,90,"H",NA,NA,0
410,6,90,NA,NA,NA,0
411,6,90,NA,NA,NA,0
412,6,91,"H",321,1,1
413,6,91,"H",328,0,0
414,6,91,"H",293,2,1
415,6,91,"H",297,3,1
416,6,91,"C",NA,5,2
417,6,91,"H",339,0,0
418,6,92,NA,NA,NA,0
419,6,92,NA,NA,NA,0
420,6,92,"C",NA,5,0
421,6,92,NA,NA,NA,0
422,6,92,NA,NA,NA,0
423,6,92,NA,NA,NA,0
424,6,93,NA,NA,NA,0
425,6,93,NA,NA,NA,0
426,6,93,NA,NA,NA,0
427,6,93,NA,NA,NA,0
428,6,93,NA,NA,NA,0
429,6,93,NA,NA,NA,0
430,6,94,NA,NA,NA,0
431,6,94,NA,NA,NA,0
432,6,94,NA,NA,NA,0
433,6,94,NA,NA,NA,0
434,6,94,NA,NA,NA,0
435,6,94,NA,NA,NA,0
436,5,95,"H",NA,1,0
437,5,95,"C",309,3,1
438,5,95,"C",NA,3,0
439,5,95,NA,NA,NA,0
440,5,95,"H",NA,2,1
441,6,96,"H",142,4,1
442,6,96,"C",NA,5,1
443,6,96,"H",249,0,0
444,6,96,"H",177,3,2
445,6,96,"H",204,1,0
446,6,96,"H",NA,1,1
447,5,97,NA,NA,NA,0
448,5,97,NA,NA,NA,0
449,5,97,"C",NA,NA,0
450,5,97,NA,NA,NA,0
451,5,97,"C",NA,3,0
452,3,98,"C",NA,1,0
453,3,98,NA,NA,NA,0
454,3,98,"C",NA,1,0
455,3,99,NA,NA,NA,0
456,3,99,NA,NA,NA,0
457,3,99,NA,NA,NA,0
458,6,100,"H",NA,NA,0
459,6,100,NA,NA,NA,0
460,6,100,"H",NA,NA,0
461,6,100,"H",NA,NA,0
462,6,100,"H",NA,4,3
463,6,100,"C",314,5,1
464,6,101,"C",357,5,1
465,6,101,NA,NA,NA,0
466,6,101,NA,NA,NA,0
467,6,101,NA,NA,NA,0
468,6,101,"H",NA,NA,0
469,6,101,NA,NA,NA,0
470,6,102,NA,NA,NA,0
471,6,102,NA,NA,NA,0
472,6,102,NA,NA,NA,0
473,6,102,NA,NA,NA,0
474,6,102,NA,NA,NA,0
475,6,102,NA,NA,NA,0
476,3,103,NA,NA,NA,0
477,3,103,NA,NA,NA,0
478,3,103,NA,NA,NA,0
479,4,104,NA,NA,NA,0
480,4,104,NA,NA,NA,0
481,4,104,NA,NA,NA,0
482,4,104,NA,NA,NA,0
483,6,105,NA,NA,NA,0
484,6,105,NA,NA,NA,0
485,6,105,NA,NA,NA,0
486,6,105,NA,NA,NA,0
487,6,105,NA,NA,NA,0
488,6,105,NA,NA,NA,0
489,6,106,NA,NA,NA,0
490,6,106,NA,NA,NA,0
491,6,106,NA,NA,NA,0
492,6,106,NA,NA,NA,0
493,6,106,NA,NA,NA,0
494,6,106,NA,NA,NA,0
495,3,107,NA,NA,NA,0
496,3,107,NA,NA,NA,0
497,3,107,"C",NA,2,0
498,5,108,"C",250,4,2
499,5,108,NA,NA,NA,0
500,5,108,"H",NA,1,0
501,5,108,"H",NA,2,1
502,5,108,"H",NA,2,0
503,5,109,NA,NA,NA,0
504,5,109,NA,NA,NA,0
505,5,109,"C",226,4,0
506,5,109,NA,NA,NA,0
507,5,109,NA,NA,NA,0
508,4,110,"C",252,3,0
509,4,110,NA,NA,NA,0
510,4,110,NA,NA,NA,0
511,4,110,NA,NA,NA,0
512,3,111,NA,NA,NA,0
513,3,111,NA,NA,NA,0
514,3,111,NA,NA,NA,0
515,6,112,"H",NA,3,1
516,6,112,"C",NA,5,1
517,6,112,"H",NA,4,1
518,6,112,NA,NA,NA,0
519,6,112,NA,NA,NA,0
520,6,112,"H",304,2,0
521,6,113,"C",NA,5,2
522,6,113,"H",306,2,0
523,6,113,NA,NA,NA,0
524,6,113,"C",NA,1,0
525,6,113,"H",NA,1,0
526,6,113,"H",317,2,1
527,3,114,NA,NA,NA,0
528,3,114,NA,NA,NA,0
529,3,114,"C",269,2,0
530,3,115,NA,NA,NA,0
531,3,115,"C",NA,2,0
532,3,115,NA,NA,NA,0
533,5,116,NA,NA,NA,0
534,5,116,NA,NA,NA,0
535,5,116,NA,NA,NA,0
536,5,116,NA,NA,NA,0
537,5,116,NA,NA,NA,0
538,6,117,NA,NA,NA,0
539,6,117,NA,NA,NA,0
540,6,117,"C",333,5,1
541,6,117,NA,NA,NA,0
542,6,117,NA,NA,NA,0
543,6,117,"H",NA,NA,0
544,6,118,NA,NA,NA,0
545,6,118,"C",NA,NA,0
546,6,118,NA,NA,NA,0
547,6,118,NA,NA,NA,0
548,6,118,NA,NA,NA,0
549,6,118,NA,NA,NA,0
550,3,119,NA,NA,NA,0
551,3,119,NA,NA,NA,0
552,3,119,NA,NA,NA,0
553,3,120,"C",NA,NA,0
554,3,120,NA,NA,NA,0
555,3,120,NA,NA,NA,0
556,6,121,NA,NA,NA,0
557,6,121,NA,NA,NA,0
558,6,121,NA,NA,NA,0
559,6,121,NA,NA,NA,0
560,6,121,"C",368,5,0
561,6,121,NA,NA,NA,0
562,4,122,NA,NA,NA,0
563,4,122,"C",NA,NA,0
564,4,122,NA,NA,NA,0
565,4,122,NA,NA,NA,0
566,4,123,NA,NA,NA,0
567,4,123,NA,NA,NA,0
568,4,123,NA,NA,NA,0
569,4,123,NA,NA,NA,0
570,5,124,"H",367,2,0
571,5,124,NA,NA,NA,0
572,5,124,"H",338,3,1
573,5,124,"C",NA,4,1
574,5,124,NA,NA,NA,0
575,6,125,NA,NA,NA,0
576,6,125,"H",NA,2,1
577,6,125,"H",NA,NA,0
578,6,125,"C",346,4,2
579,6,125,"H",NA,1,0
580,6,125,"C",350,2,0
581,6,126,"C",NA,NA,0
582,6,126,NA,NA,NA,0
583,6,126,"C",NA,NA,0
584,6,126,NA,NA,NA,0
585,6,126,NA,NA,NA,0
586,6,126,NA,NA,NA,0
587,4,127,NA,NA,NA,0
588,4,127,NA,NA,NA,0
589,4,127,NA,NA,NA,0
590,4,127,"C",NA,3,0
591,6,128,NA,NA,NA,0
592,6,128,"C",349,5,3
593,6,128,"H",NA,2,0
594,6,128,"H",NA,NA,0
595,6,128,NA,NA,NA,0
596,6,128,"H",NA,NA,0
597,4,129,NA,NA,NA,0
598,4,129,NA,NA,NA,0
599,4,129,NA,NA,NA,0
600,4,129,NA,NA,NA,0
601,5,130,NA,NA,NA,0
602,5,130,NA,NA,NA,0
603,5,130,"C",NA,NA,0
604,5,130,NA,NA,NA,0
605,5,130,NA,NA,NA,0
606,4,131,"H",NA,2,0
607,4,131,"C",NA,3,1
608,4,131,NA,NA,NA,0
609,4,131,NA,NA,NA,0
610,3,132,NA,NA,NA,0
611,3,132,NA,NA,NA,0
612,3,132,NA,NA,NA,0
613,6,133,"H",NA,4,2
614,6,133,"H",274,1,0
615,6,133,"C",NA,5,1
616,6,133,"H",257,1,0
617,6,133,NA,NA,NA,0
618,6,133,"H",NA,2,1
619,3,134,NA,NA,NA,0
620,3,134,NA,NA,NA,0
621,3,134,NA,NA,NA,0
622,6,135,"H",NA,1,1
623,6,135,"H",335,1,0
624,6,135,"H",NA,2,1
625,6,135,"H",293,4,2
626,6,135,"H",363,0,0
627,6,135,"C",249,5,1
628,5,136,"H",304,2,0
629,5,136,NA,NA,NA,0
630,5,136,NA,NA,NA,0
631,5,136,"H",252,3,1
632,5,136,"C",211,4,1
633,3,137,NA,NA,NA,0
634,3,137,NA,NA,NA,0
635,3,137,NA,NA,NA,0
636,5,138,"C",214,4,0
637,5,138,NA,NA,NA,0
638,5,138,NA,NA,NA,0
639,5,138,NA,NA,NA,0
640,5,138,"C",NA,3,0
641,6,139,NA,NA,NA,0
642,6,139,NA,NA,NA,0
643,6,139,NA,NA,NA,0
644,6,139,NA,NA,NA,0
645,6,139,NA,NA,NA,0
646,6,139,NA,NA,NA,0
647,4,140,NA,NA,NA,0
648,4,140,NA,NA,NA,0
649,4,140,NA,NA,NA,0
650,4,140,NA,NA,NA,0
651,3,141,NA,NA,NA,0
652,3,141,NA,NA,NA,0
653,3,141,NA,NA,NA,0
654,4,142,"H",NA,NA,0
655,4,142,NA,NA,NA,0
656,4,142,"H",NA,NA,0
657,4,142,"C",357,3,2
658,3,143,NA,NA,NA,0
659,3,143,NA,NA,NA,0
660,3,143,NA,NA,NA,0
661,6,144,NA,NA,NA,0
662,6,144,NA,NA,NA,0
663,6,144,NA,NA,NA,0
664,6,144,NA,NA,NA,0
665,6,144,"C",287,5,0
666,6,144,NA,NA,NA,0
667,3,145,NA,NA,NA,0
668,3,145,"C",NA,1,0
669,3,145,"C",NA,1,0
670,4,146,NA,NA,NA,0
671,4,146,NA,NA,NA,0
672,4,146,NA,NA,NA,0
673,4,146,NA,NA,NA,0
674,6,147,NA,NA,NA,0
675,6,147,NA,NA,NA,0
676,6,147,NA,NA,NA,0
677,6,147,NA,NA,NA,0
678,6,147,NA,NA,NA,0
679,6,147,NA,NA,NA,0
680,6,148,"H",NA,0,0
681,6,148,"H",316,1,1
682,6,148,"C",NA,5,2
683,6,148,"H",334,0,0
684,6,148,"H",NA,3,2
685,6,148,"H",NA,NA,0
686,3,149,NA,NA,NA,0
687,3,149,"C",354,2,0
688,3,149,NA,NA,NA,0
689,3,150,NA,NA,NA,0
690,3,150,NA,NA,NA,0
691,3,150,NA,NA,NA,0
692,3,151,NA,NA,NA,0
693,3,151,NA,NA,NA,0
694,3,151,NA,NA,NA,0
695,3,152,"C",199,2,0
696,3,152,"C",NA,NA,0
697,3,152,NA,NA,NA,0
698,3,153,"C",NA,NA,0
699,3,153,NA,NA,NA,0
700,3,153,NA,NA,NA,0
701,6,154,NA,NA,NA,0
702,6,154,NA,NA,NA,0
703,6,154,NA,NA,NA,0
704,6,154,NA,NA,NA,0
705,6,154,NA,NA,NA,0
706,6,154,NA,NA,NA,0
707,6,155,NA,NA,NA,0
708,6,155,"H",NA,2,1
709,6,155,"H",NA,NA,0
710,6,155,"C",328,5,3
711,6,155,"H",NA,1,0
712,6,155,"H",NA,NA,0
713,5,156,NA,NA,NA,0
714,5,156,NA,NA,NA,0
715,5,156,NA,NA,NA,0
716,5,156,NA,NA,NA,0
717,5,156,NA,NA,NA,0
718,5,157,"C",NA,3,0
719,5,157,"H",339,1,0
720,5,157,"C",308,3,2
721,5,157,NA,NA,NA,0
722,5,157,"H",NA,1,0
723,3,158,NA,NA,NA,0
724,3,158,NA,NA,NA,0
725,3,158,NA,NA,NA,0
726,5,159,NA,NA,NA,0
727,5,159,NA,NA,NA,0
728,5,159,NA,NA,NA,0
729,5,159,NA,NA,NA,0
730,5,159,NA,NA,NA,0
731,4,160,NA,NA,NA,0
732,4,160,NA,NA,NA,0
733,4,160,NA,NA,NA,0
734,4,160,NA,NA,NA,0
735,4,161,NA,NA,NA,0
736,4,161,"C",283,2,0
737,4,161,"C",NA,3,0
738,4,161,NA,NA,NA,0
739,5,162,"C",NA,4,1
740,5,162,NA,NA,NA,0
741,5,162,"H",NA,3,0
742,5,162,NA,NA,NA,0
743,5,162,NA,NA,NA,0
744,3,163,"H",370,0,0
745,3,163,"C",NA,2,2
746,3,163,"H",NA,NA,0
747,5,164,"H",NA,1,0
748,5,164,NA,NA,NA,0
749,5,164,"H",NA,1,0
750,5,164,"H",348,1,0
751,5,164,"C",NA,4,3
752,4,165,NA,NA,NA,0
753,4,165,NA,NA,NA,0
754,4,165,NA,NA,NA,0
755,4,165,NA,NA,NA,0
756,3,166,NA,NA,NA,0
757,3,166,NA,NA,NA,0
758,3,166,NA,NA,NA,0
759,4,167,NA,NA,NA,0
760,4,167,"H",NA,NA,0
761,4,167,"C",NA,3,1
762,4,167,"C",NA,NA,0
763,6,168,NA,NA,NA,0
764,6,168,NA,NA,NA,0
765,6,168,NA,NA,NA,0
766,6,168,"C",NA,NA,0
767,6,168,"C",366,5,0
768,6,168,NA,NA,NA,0
769,5,169,NA,NA,NA,0
770,5,169,NA,NA,NA,0
771,5,169,"C",162,4,0
772,5,169,NA,NA,NA,0
773,5,169,NA,NA,NA,0
774,6,170,NA,NA,NA,0
775,6,170,NA,NA,NA,0
776,6,170,NA,NA,NA,0
777,6,170,NA,NA,NA,0
778,6,170,NA,NA,NA,0
779,6,170,NA,NA,NA,0
780,6,171,"C",341,4,0
781,6,171,NA,NA,NA,0
782,6,171,"C",295,5,0
783,6,171,NA,NA,NA,0
784,6,171,NA,NA,NA,0
785,6,171,NA,NA,NA,0
786,5,172,"C",356,2,0
787,5,172,NA,NA,NA,0
788,5,172,"H",328,3,0
789,5,172,NA,NA,NA,0
790,5,172,"C",293,4,1
791,4,173,"C",NA,3,1
792,4,173,NA,NA,NA,0
793,4,173,NA,NA,NA,0
794,4,173,"H",NA,2,0
795,6,174,"H",NA,1,0
796,6,174,"C",168,5,1
797,6,174,"C",NA,2,1
798,6,174,"H",197,4,1
799,6,174,NA,NA,NA,0
800,6,174,"H",270,3,0
801,5,175,NA,NA,NA,0
802,5,175,NA,NA,NA,0
803,5,175,NA,NA,NA,0
804,5,175,NA,NA,NA,0
805,5,175,NA,NA,NA,0
806,3,176,NA,NA,NA,0
807,3,176,NA,NA,NA,0
808,3,176,NA,NA,NA,0
809,6,177,"H",NA,3,1
810,6,177,"C",303,5,2
811,6,177,NA,NA,NA,0
812,6,177,"H",NA,NA,0
813,6,177,"H",350,3,0
814,6,177,"C",NA,NA,0
815,3,178,NA,NA,NA,0
816,3,178,"C",NA,2,0
817,3,178,NA,NA,NA,0
818,5,179,NA,NA,NA,0
819,5,179,NA,NA,NA,0
820,5,179,NA,NA,NA,0
821,5,179,NA,NA,NA,0
822,5,179,NA,NA,NA,0
823,3,180,NA,NA,NA,0
824,3,180,"H",NA,NA,0
825,3,180,"C",NA,2,1
826,5,181,NA,NA,NA,0
827,5,181,NA,NA,NA,0
828,5,181,NA,NA,NA,0
829,5,181,NA,NA,NA,0
830,5,181,NA,NA,NA,0
831,6,182,NA,NA,NA,0
832,6,182,"H",359,2,0
833,6,182,"C",NA,5,2
834,6,182,"H",341,2,0
835,6,182,NA,NA,NA,0
836,6,182,"H",NA,3,1
837,4,183,NA,NA,NA,0
838,4,183,NA,NA,NA,0
839,4,183,NA,NA,NA,0
840,4,183,NA,NA,NA,0
841,5,184,"C",NA,4,1
842,5,184,NA,NA,NA,0
843,5,184,"H",NA,1,0
844,5,184,"H",229,1,0
845,5,184,"H",205,3,2
846,3,185,NA,NA,NA,0
847,3,185,NA,NA,NA,0
848,3,185,NA,NA,NA,0
849,4,186,NA,NA,NA,0
850,4,186,"C",NA,3,0
851,4,186,NA,NA,NA,0
852,4,186,NA,NA,NA,0
853,5,187,"H",NA,2,1
854,5,187,"H",329,1,0
855,5,187,"C",271,4,2
856,5,187,NA,NA,NA,0
857,5,187,"H",NA,2,0
858,3,188,NA,NA,NA,0
859,3,188,"C",234,2,0
860,3,188,NA,NA,NA,0
861,6,189,NA,NA,NA,0
862,6,189,NA,NA,NA,0
863,6,189,NA,NA,NA,0
864,6,189,NA,NA,NA,0
865,6,189,NA,NA,NA,0
866,6,189,NA,NA,NA,0
867,4,190,"H",NA,1,1
868,4,190,"H",324,0,0
869,4,190,"C",269,3,2
870,4,190,"H",300,0,0
871,5,191,"C",NA,0,0
872,5,191,"H",314,1,1
873,5,191,"C",NA,4,2
874,5,191,"H",NA,2,0
875,5,191,"H",NA,0,0
876,5,192,NA,NA,NA,0
877,5,192,NA,NA,NA,0
878,5,192,"C",NA,NA,0
879,5,192,NA,NA,NA,0
880,5,192,NA,NA,NA,0
881,5,193,"H",NA,NA,0
882,5,193,NA,NA,NA,0
883,5,193,NA,NA,NA,0
884,5,193,"C",NA,NA,0
885,5,193,"C",NA,4,1
886,6,194,"C",233,5,2
887,6,194,"H",NA,3,0
888,6,194,"H",275,3,0
889,6,194,NA,NA,NA,0
890,6,194,NA,NA,NA,0
891,6,194,NA,NA,NA,0
892,5,195,NA,NA,NA,0
893,5,195,NA,NA,NA,0
894,5,195,NA,NA,NA,0
895,5,195,"C",NA,NA,0
896,5,195,NA,NA,NA,0
897,5,196,NA,NA,NA,0
898,5,196,"C",NA,4,1
899,5,196,"H",NA,NA,0
900,5,196,NA,NA,NA,0
901,5,196,"H",NA,3,1
902,3,197,NA,NA,NA,0
903,3,197,NA,NA,NA,0
904,3,197,NA,NA,NA,0
905,3,198,NA,NA,NA,0
906,3,198,NA,NA,NA,0
907,3,198,NA,NA,NA,0
908,5,199,NA,NA,NA,0
909,5,199,NA,NA,NA,0
910,5,199,NA,NA,NA,0
911,5,199,NA,NA,NA,0
912,5,199,NA,NA,NA,0
913,6,200,NA,NA,NA,0
914,6,200,NA,NA,NA,0
915,6,200,"C",NA,NA,0
916,6,200,"C",NA,NA,0
917,6,200,NA,NA,NA,0
918,6,200,NA,NA,NA,0
919,5,201,NA,NA,NA,0
920,5,201,NA,NA,NA,0
921,5,201,NA,NA,NA,0
922,5,201,"C",NA,4,0
923,5,201,NA,NA,NA,0
924,3,202,"H",NA,0,0
925,3,202,"C",306,2,2
926,3,202,"H",335,0,0
927,6,203,NA,NA,NA,0
928,6,203,NA,NA,NA,0
929,6,203,"C",NA,NA,0
930,6,203,NA,NA,NA,0
931,6,203,NA,NA,NA,0
932,6,203,NA,NA,NA,0
933,3,204,NA,NA,NA,0
934,3,204,NA,NA,NA,0
935,3,204,NA,NA,NA,0
936,4,205,"C",NA,NA,0
937,4,205,NA,NA,NA,0
938,4,205,NA,NA,NA,0
939,4,205,NA,NA,NA,0
940,3,206,"C",NA,2,0
941,3,206,NA,NA,NA,0
942,3,206,"C",313,1,0
943,5,207,"C",269,4,2
944,5,207,"H",NA,2,1
945,5,207,"H",301,1,0
946,5,207,NA,NA,NA,0
947,5,207,"H",305,1,0
948,4,208,NA,NA,NA,0
949,4,208,"C",370,3,0
950,4,208,NA,NA,NA,0
951,4,208,NA,NA,NA,0
952,6,209,NA,NA,NA,0
953,6,209,"H",355,2,0
954,6,209,"C",NA,5,2
955,6,209,NA,NA,NA,0
956,6,209,"H",NA,3,0
957,6,209,"H",326,3,1
958,6,210,NA,NA,NA,0
959,6,210,NA,NA,NA,0
960,6,210,NA,NA,NA,0
961,6,210,NA,NA,NA,0
962,6,210,NA,NA,NA,0
963,6,210,NA,NA,NA,0
964,3,211,NA,NA,NA,0
965,3,211,"H",338,1,0
966,3,211,"C",NA,2,1
967,4,212,NA,NA,NA,0
968,4,212,"C",249,3,1
969,4,212,NA,NA,NA,0
970,4,212,"H",271,2,0
971,6,213,NA,NA,NA,0
972,6,213,NA,NA,NA,0
973,6,213,NA,NA,NA,0
974,6,213,"C",NA,NA,0
975,6,213,"C",NA,NA,0
976,6,213,NA,NA,NA,0
977,4,214,"H",NA,NA,0
978,4,214,NA,NA,NA,0
979,4,214,"C",NA,2,1
980,4,214,"C",NA,3,0
981,4,215,NA,NA,NA,0
982,4,215,NA,NA,NA,0
983,4,215,NA,NA,NA,0
984,4,215,NA,NA,NA,0
985,6,216,"H",NA,NA,0
986,6,216,"H",358,2,2
987,6,216,"H",NA,3,1
988,6,216,"H",NA,NA,0
989,6,216,"C",269,5,1
990,6,216,"H",NA,4,1
991,5,217,"C",314,4,0
992,5,217,NA,NA,NA,0
993,5,217,NA,NA,NA,0
994,5,217,NA,NA,NA,0
995,5,217,NA,NA,NA,0
996,5,218,NA,NA,NA,0
997,5,218,NA,NA,NA,0
998,5,218,NA,NA,NA,0
999,5,218,NA,NA,NA,0
1000,5,218,NA,NA,NA,0
