"ID","SIZE","HH","TYPE","TIME","S_NUM","I_NUM"
1,5,1,"0",NA,NA,0
2,5,1,"E",341,0,0
3,5,1,"E",286,1,0
4,5,1,"H",110,2,0
5,5,1,"E",78,3,1
6,6,2,"E",61,5,0
7,6,2,NA,NA,NA,0
8,6,2,NA,NA,NA,0
9,6,2,NA,NA,NA,0
10,6,2,NA,NA,NA,0
11,6,2,"E",312,4,0
12,6,3,"H",331,1,0
13,6,3,"E",118,4,0
14,6,3,"E",296,1,0
15,6,3,"E",283,2,1
16,6,3,NA,NA,NA,0
17,6,3,"E",57,5,0
18,5,4,"E",55,4,1
19,5,4,"H",85,3,0
20,5,4,NA,NA,NA,0
21,5,4,NA,NA,NA,0
22,5,4,NA,NA,NA,0
23,5,5,NA,NA,NA,0
24,5,5,NA,NA,NA,0
25,5,5,NA,NA,NA,0
26,5,5,"E",167,3,0
27,5,5,"E",149,4,0
28,5,6,"E",40,4,2
29,5,6,"E",156,1,0
30,5,6,NA,NA,NA,0
31,5,6,"H",53,2,0
32,5,6,"H",61,2,0
33,5,7,NA,NA,NA,0
34,5,7,NA,NA,NA,0
35,5,7,NA,NA,NA,0
36,5,7,NA,NA,NA,0
37,5,7,"E",285,4,0
38,5,8,"H",220,3,0
39,5,8,NA,NA,NA,0
40,5,8,"E",169,4,1
41,5,8,NA,NA,NA,0
42,5,8,NA,NA,NA,0
43,5,9,"E",319,2,0
44,5,9,NA,NA,NA,0
45,5,9,NA,NA,NA,0
46,5,9,"E",227,3,0
47,5,9,"E",76,4,0
48,5,10,"E",252,3,0
49,5,10,NA,NA,NA,0
50,5,10,"E",267,2,0
51,5,10,"E",309,2,0
52,5,10,NA,NA,NA,0
53,5,11,NA,NA,NA,0
54,5,11,"C",209,3,0
55,5,11,"E",281,2,1
56,5,11,"H",310,1,0
57,5,11,"E",35,4,0
58,3,12,"E",297,2,0
59,3,12,NA,NA,NA,0
60,3,12,NA,NA,NA,0
61,5,13,"H",NA,NA,0
62,5,13,NA,NA,NA,0
63,5,13,NA,NA,NA,0
64,5,13,"E",299,4,1
65,5,13,NA,NA,NA,0
66,5,14,"C",313,4,1
67,5,14,NA,NA,NA,0
68,5,14,NA,NA,NA,0
69,5,14,NA,NA,NA,0
70,5,14,"H",343,3,0
71,6,15,NA,NA,NA,0
72,6,15,NA,NA,NA,0
73,6,15,"H",150,4,1
74,6,15,"E",100,5,1
75,6,15,NA,NA,NA,0
76,6,15,"H",174,3,0
77,3,16,NA,NA,NA,0
78,3,16,NA,NA,NA,0
79,3,16,NA,NA,NA,0
80,6,17,NA,NA,NA,0
81,6,17,NA,NA,NA,0
82,6,17,"E",164,5,1
83,6,17,"H",230,3,0
84,6,17,"E",223,3,0
85,6,17,NA,NA,NA,0
86,6,18,NA,NA,NA,0
87,6,18,NA,NA,NA,0
88,6,18,NA,NA,NA,0
89,6,18,NA,NA,NA,0
90,6,18,NA,NA,NA,0
91,6,18,NA,NA,NA,0
92,5,19,NA,NA,NA,0
93,5,19,NA,NA,NA,0
94,5,19,"E",49,4,0
95,5,19,NA,NA,NA,0
96,5,19,NA,NA,NA,0
97,4,20,NA,NA,NA,0
98,4,20,NA,NA,NA,0
99,4,20,NA,NA,NA,0
100,4,20,NA,NA,NA,0
101,5,21,"E",160,4,1
102,5,21,NA,NA,NA,0
103,5,21,"H",207,3,0
104,5,21,"E",335,2,0
105,5,21,NA,NA,NA,0
106,3,22,NA,NA,NA,0
107,3,22,"E",228,2,1
108,3,22,"H",249,1,0
109,6,23,NA,NA,NA,0
110,6,23,NA,NA,NA,0
111,6,23,NA,NA,NA,0
112,6,23,NA,NA,NA,0
113,6,23,"E",104,5,0
114,6,23,NA,NA,NA,0
115,3,24,NA,NA,NA,0
116,3,24,NA,NA,NA,0
117,3,24,NA,NA,NA,0
118,5,25,NA,NA,NA,0
119,5,25,NA,NA,NA,0
120,5,25,"E",305,3,0
121,5,25,NA,NA,NA,0
122,5,25,"E",202,4,0
123,3,26,"E",43,1,0
124,3,26,"E",56,1,0
125,3,26,NA,NA,NA,0
126,4,27,"E",298,3,0
127,4,27,NA,NA,NA,0
128,4,27,NA,NA,NA,0
129,4,27,NA,NA,NA,0
130,5,28,"H",173,3,0
131,5,28,NA,NA,NA,0
132,5,28,"E",146,4,1
133,5,28,NA,NA,NA,0
134,5,28,NA,NA,NA,0
135,4,29,NA,NA,NA,0
136,4,29,NA,NA,NA,0
137,4,29,NA,NA,NA,0
138,4,29,NA,NA,NA,0
139,3,30,"E",270,1,0
140,3,30,"E",262,1,0
141,3,30,NA,NA,NA,0
142,6,31,NA,NA,NA,0
143,6,31,NA,NA,NA,0
144,6,31,"E",345,5,0
145,6,31,NA,NA,NA,0
146,6,31,"E",NA,NA,0
147,6,31,NA,NA,NA,0
148,4,32,NA,NA,NA,0
149,4,32,NA,NA,NA,0
150,4,32,NA,NA,NA,0
151,4,32,NA,NA,NA,0
152,3,33,NA,NA,NA,0
153,3,33,NA,NA,NA,0
154,3,33,NA,NA,NA,0
155,3,34,NA,NA,NA,0
156,3,34,"E",305,2,0
157,3,34,NA,NA,NA,0
158,3,35,NA,NA,NA,0
159,3,35,NA,NA,NA,0
160,3,35,NA,NA,NA,0
161,4,36,"E",167,2,0
162,4,36,"E",161,2,0
163,4,36,NA,NA,NA,0
164,4,36,NA,NA,NA,0
165,3,37,NA,NA,NA,0
166,3,37,"E",144,2,0
167,3,37,NA,NA,NA,0
168,4,38,NA,NA,NA,0
169,4,38,NA,NA,NA,0
170,4,38,NA,NA,NA,0
171,4,38,NA,NA,NA,0
172,5,39,"E",101,4,0
173,5,39,NA,NA,NA,0
174,5,39,NA,NA,NA,0
175,5,39,NA,NA,NA,0
176,5,39,NA,NA,NA,0
177,4,40,"E",200,1,0
178,4,40,"E",124,3,1
179,4,40,"H",154,2,0
180,4,40,NA,NA,NA,0
181,4,41,NA,NA,NA,0
182,4,41,NA,NA,NA,0
183,4,41,"E",201,3,0
184,4,41,NA,NA,NA,0
185,4,42,NA,NA,NA,0
186,4,42,"E",230,1,0
187,4,42,"E",211,1,0
188,4,42,"E",63,3,0
189,5,43,NA,NA,NA,0
190,5,43,NA,NA,NA,0
191,5,43,NA,NA,NA,0
192,5,43,NA,NA,NA,0
193,5,43,"E",178,4,0
194,6,44,"E",310,5,0
195,6,44,NA,NA,NA,0
196,6,44,NA,NA,NA,0
197,6,44,"E",NA,NA,0
198,6,44,NA,NA,NA,0
199,6,44,NA,NA,NA,0
200,4,45,NA,NA,NA,0
201,4,45,NA,NA,NA,0
202,4,45,"E",114,3,0
203,4,45,NA,NA,NA,0
204,5,46,"H",263,1,0
205,5,46,"E",79,4,0
206,5,46,NA,NA,NA,0
207,5,46,"E",215,3,2
208,5,46,"H",239,1,0
209,6,47,"E",247,5,1
210,6,47,"E",351,3,0
211,6,47,NA,NA,NA,0
212,6,47,NA,NA,NA,0
213,6,47,NA,NA,NA,0
214,6,47,"H",301,4,0
215,4,48,NA,NA,NA,0
216,4,48,NA,NA,NA,0
217,4,48,NA,NA,NA,0
218,4,48,NA,NA,NA,0
219,4,49,"E",227,3,0
220,4,49,NA,NA,NA,0
221,4,49,NA,NA,NA,0
222,4,49,NA,NA,NA,0
223,5,50,NA,NA,NA,0
224,5,50,NA,NA,NA,0
225,5,50,NA,NA,NA,0
226,5,50,NA,NA,NA,0
227,5,50,NA,NA,NA,0
228,3,51,NA,NA,NA,0
229,3,51,NA,NA,NA,0
230,3,51,NA,NA,NA,0
231,4,52,NA,NA,NA,0
232,4,52,NA,NA,NA,0
233,4,52,NA,NA,NA,0
234,4,52,NA,NA,NA,0
235,5,53,NA,NA,NA,0
236,5,53,NA,NA,NA,0
237,5,53,NA,NA,NA,0
238,5,53,NA,NA,NA,0
239,5,53,"E",54,4,0
240,6,54,"E",271,5,1
241,6,54,NA,NA,NA,0
242,6,54,NA,NA,NA,0
243,6,54,"H",330,4,1
244,6,54,"H",353,3,0
245,6,54,NA,NA,NA,0
246,4,55,NA,NA,NA,0
247,4,55,NA,NA,NA,0
248,4,55,NA,NA,NA,0
249,4,55,"E",295,3,0
250,6,56,NA,NA,NA,0
251,6,56,NA,NA,NA,0
252,6,56,NA,NA,NA,0
253,6,56,NA,NA,NA,0
254,6,56,NA,NA,NA,0
255,6,56,NA,NA,NA,0
256,3,57,NA,NA,NA,0
257,3,57,NA,NA,NA,0
258,3,57,NA,NA,NA,0
259,6,58,"H",243,1,1
260,6,58,"H",288,0,0
261,6,58,"E",205,4,2
262,6,58,"H",327,0,0
263,6,58,"H",246,1,0
264,6,58,"E",223,2,1
265,4,59,"H",254,2,0
266,4,59,"E",237,3,1
267,4,59,"E",299,1,0
268,4,59,NA,NA,NA,0
269,3,60,"E",48,2,0
270,3,60,NA,NA,NA,0
271,3,60,NA,NA,NA,0
272,6,61,"H",82,3,0
273,6,61,"E",75,3,0
274,6,61,"E",NA,NA,0
275,6,61,NA,NA,NA,0
276,6,61,NA,NA,NA,0
277,6,61,"E",54,4,1
278,4,62,NA,NA,NA,0
279,4,62,NA,NA,NA,0
280,4,62,NA,NA,NA,0
281,4,62,"E",236,3,0
282,6,63,NA,NA,NA,0
283,6,63,"E",147,4,1
284,6,63,NA,NA,NA,0
285,6,63,NA,NA,NA,0
286,6,63,"H",188,3,0
287,6,63,"E",146,4,0
288,6,64,NA,NA,NA,0
289,6,64,"E",235,4,0
290,6,64,NA,NA,NA,0
291,6,64,NA,NA,NA,0
292,6,64,"E",41,5,0
293,6,64,NA,NA,NA,0
294,6,65,NA,NA,NA,0
295,6,65,NA,NA,NA,0
296,6,65,NA,NA,NA,0
297,6,65,"E",206,5,0
298,6,65,NA,NA,NA,0
299,6,65,NA,NA,NA,0
300,4,66,"H",260,1,0
301,4,66,NA,NA,NA,0
302,4,66,"E",198,3,1
303,4,66,"H",229,2,1
304,3,67,NA,NA,NA,0
305,3,67,NA,NA,NA,0
306,3,67,NA,NA,NA,0
307,3,68,NA,NA,NA,0
308,3,68,NA,NA,NA,0
309,3,68,"C",261,2,0
310,3,69,NA,NA,NA,0
311,3,69,NA,NA,NA,0
312,3,69,NA,NA,NA,0
313,3,70,NA,NA,NA,0
314,3,70,NA,NA,NA,0
315,3,70,"E",132,2,0
316,5,71,NA,NA,NA,0
317,5,71,NA,NA,NA,0
318,5,71,NA,NA,NA,0
319,5,71,"E",254,4,0
320,5,71,NA,NA,NA,0
321,5,72,"E",315,4,0
322,5,72,NA,NA,NA,0
323,5,72,"E",NA,NA,0
324,5,72,NA,NA,NA,0
325,5,72,NA,NA,NA,0
326,6,73,NA,NA,NA,0
327,6,73,"E",24,5,0
328,6,73,"E",NA,NA,0
329,6,73,NA,NA,NA,0
330,6,73,"E",108,4,0
331,6,73,NA,NA,NA,0
332,6,74,NA,NA,NA,0
333,6,74,"E",106,5,2
334,6,74,"H",141,3,0
335,6,74,NA,NA,NA,0
336,6,74,NA,NA,NA,0
337,6,74,"H",148,3,0
338,5,75,NA,NA,NA,0
339,5,75,NA,NA,NA,0
340,5,75,NA,NA,NA,0
341,5,75,NA,NA,NA,0
342,5,75,NA,NA,NA,0
343,3,76,NA,NA,NA,0
344,3,76,"E",216,2,0
345,3,76,"E",328,1,0
346,5,77,"E",56,4,1
347,5,77,NA,NA,NA,0
348,5,77,NA,NA,NA,0
349,5,77,"H",90,3,0
350,5,77,NA,NA,NA,0
351,4,78,NA,NA,NA,0
352,4,78,NA,NA,NA,0
353,4,78,"E",363,3,0
354,4,78,NA,NA,NA,0
355,5,79,NA,NA,NA,0
356,5,79,"E",NA,NA,0
357,5,79,"H",80,3,0
358,5,79,NA,NA,NA,0
359,5,79,"E",41,4,1
360,6,80,NA,NA,NA,0
361,6,80,"H",287,3,0
362,6,80,"H",303,3,0
363,6,80,NA,NA,NA,0
364,6,80,"E",264,5,2
365,6,80,NA,NA,NA,0
366,3,81,"E",NA,NA,0
367,3,81,NA,NA,NA,0
368,3,81,"C",324,1,0
369,3,82,NA,NA,NA,0
370,3,82,"E",317,2,0
371,3,82,NA,NA,NA,0
372,4,83,NA,NA,NA,0
373,4,83,"E",219,1,0
374,4,83,"E",217,1,0
375,4,83,"C",186,3,0
376,4,84,NA,NA,NA,0
377,4,84,NA,NA,NA,0
378,4,84,NA,NA,NA,0
379,4,84,NA,NA,NA,0
380,6,85,NA,NA,NA,0
381,6,85,NA,NA,NA,0
382,6,85,"E",176,5,1
383,6,85,"H",204,4,0
384,6,85,NA,NA,NA,0
385,6,85,NA,NA,NA,0
386,6,86,NA,NA,NA,0
387,6,86,NA,NA,NA,0
388,6,86,NA,NA,NA,0
389,6,86,NA,NA,NA,0
390,6,86,"E",355,4,0
391,6,86,"E",38,5,0
392,5,87,NA,NA,NA,0
393,5,87,NA,NA,NA,0
394,5,87,NA,NA,NA,0
395,5,87,NA,NA,NA,0
396,5,87,NA,NA,NA,0
397,3,88,NA,NA,NA,0
398,3,88,NA,NA,NA,0
399,3,88,NA,NA,NA,0
400,4,89,NA,NA,NA,0
401,4,89,NA,NA,NA,0
402,4,89,"E",94,3,0
403,4,89,NA,NA,NA,0
404,5,90,NA,NA,NA,0
405,5,90,NA,NA,NA,0
406,5,90,NA,NA,NA,0
407,5,90,NA,NA,NA,0
408,5,90,NA,NA,NA,0
409,4,91,NA,NA,NA,0
410,4,91,NA,NA,NA,0
411,4,91,NA,NA,NA,0
412,4,91,"E",195,3,0
413,4,92,NA,NA,NA,0
414,4,92,"E",82,2,0
415,4,92,"E",53,2,0
416,4,92,NA,NA,NA,0
417,5,93,"H",169,2,1
418,5,93,"H",139,3,1
419,5,93,"H",183,1,0
420,5,93,NA,NA,NA,0
421,5,93,"E",104,4,1
422,6,94,NA,NA,NA,0
423,6,94,"E",190,5,2
424,6,94,"H",215,3,0
425,6,94,"H",229,3,0
426,6,94,NA,NA,NA,0
427,6,94,NA,NA,NA,0
428,4,95,NA,NA,NA,0
429,4,95,"E",38,3,0
430,4,95,"E",62,2,0
431,4,95,NA,NA,NA,0
432,4,96,NA,NA,NA,0
433,4,96,"E",153,3,0
434,4,96,NA,NA,NA,0
435,4,96,NA,NA,NA,0
436,6,97,"E",48,5,1
437,6,97,"H",87,4,0
438,6,97,NA,NA,NA,0
439,6,97,NA,NA,NA,0
440,6,97,NA,NA,NA,0
441,6,97,NA,NA,NA,0
442,4,98,NA,NA,NA,0
443,4,98,"E",290,2,0
444,4,98,"E",94,3,0
445,4,98,NA,NA,NA,0
446,4,99,"E",NA,NA,0
447,4,99,NA,NA,NA,0
448,4,99,NA,NA,NA,0
449,4,99,NA,NA,NA,0
450,4,100,"E",301,2,0
451,4,100,NA,NA,NA,0
452,4,100,"E",239,3,0
453,4,100,NA,NA,NA,0
454,3,101,NA,NA,NA,0
455,3,101,"E",296,2,0
456,3,101,NA,NA,NA,0
457,4,102,NA,NA,NA,0
458,4,102,"H",361,2,0
459,4,102,"E",300,3,1
460,4,102,NA,NA,NA,0
461,5,103,NA,NA,NA,0
462,5,103,"E",120,4,0
463,5,103,NA,NA,NA,0
464,5,103,NA,NA,NA,0
465,5,103,NA,NA,NA,0
466,6,104,NA,NA,NA,0
467,6,104,NA,NA,NA,0
468,6,104,NA,NA,NA,0
469,6,104,NA,NA,NA,0
470,6,104,NA,NA,NA,0
471,6,104,NA,NA,NA,0
472,6,105,"E",193,4,0
473,6,105,NA,NA,NA,0
474,6,105,NA,NA,NA,0
475,6,105,"H",246,3,0
476,6,105,"E",206,4,1
477,6,105,NA,NA,NA,0
478,4,106,NA,NA,NA,0
479,4,106,"E",214,3,0
480,4,106,NA,NA,NA,0
481,4,106,NA,NA,NA,0
482,4,107,NA,NA,NA,0
483,4,107,NA,NA,NA,0
484,4,107,NA,NA,NA,0
485,4,107,NA,NA,NA,0
486,5,108,NA,NA,NA,0
487,5,108,NA,NA,NA,0
488,5,108,"E",77,4,1
489,5,108,"H",117,3,0
490,5,108,NA,NA,NA,0
491,5,109,NA,NA,NA,0
492,5,109,NA,NA,NA,0
493,5,109,NA,NA,NA,0
494,5,109,NA,NA,NA,0
495,5,109,NA,NA,NA,0
496,4,110,"H",143,2,0
497,4,110,"C",85,3,1
498,4,110,NA,NA,NA,0
499,4,110,NA,NA,NA,0
500,4,111,"E",342,2,0
501,4,111,NA,NA,NA,0
502,4,111,NA,NA,NA,0
503,4,111,"E",170,3,0
504,5,112,"H",321,2,0
505,5,112,NA,NA,NA,0
506,5,112,"H",312,2,0
507,5,112,NA,NA,NA,0
508,5,112,"E",289,4,2
509,3,113,NA,NA,NA,0
510,3,113,NA,NA,NA,0
511,3,113,NA,NA,NA,0
512,3,114,NA,NA,NA,0
513,3,114,"E",209,1,0
514,3,114,"E",97,2,0
515,3,115,NA,NA,NA,0
516,3,115,"E",223,2,1
517,3,115,"H",258,1,0
518,4,116,"E",117,3,1
519,4,116,"H",152,2,0
520,4,116,NA,NA,NA,0
521,4,116,NA,NA,NA,0
522,4,117,"E",63,3,0
523,4,117,NA,NA,NA,0
524,4,117,NA,NA,NA,0
525,4,117,NA,NA,NA,0
526,4,118,"E",242,2,1
527,4,118,NA,NA,NA,0
528,4,118,"H",258,1,0
529,4,118,"E",235,2,0
530,5,119,"H",343,2,0
531,5,119,"E",319,4,2
532,5,119,NA,NA,NA,0
533,5,119,"H",347,2,0
534,5,119,NA,NA,NA,0
535,3,120,NA,NA,NA,0
536,3,120,NA,NA,NA,0
537,3,120,"E",76,2,0
538,5,121,NA,NA,NA,0
539,5,121,NA,NA,NA,0
540,5,121,NA,NA,NA,0
541,5,121,NA,NA,NA,0
542,5,121,NA,NA,NA,0
543,3,122,NA,NA,NA,0
544,3,122,"E",144,2,0
545,3,122,NA,NA,NA,0
546,4,123,"E",329,3,0
547,4,123,NA,NA,NA,0
548,4,123,NA,NA,NA,0
549,4,123,NA,NA,NA,0
550,5,124,NA,NA,NA,0
551,5,124,NA,NA,NA,0
552,5,124,"H",325,3,0
553,5,124,NA,NA,NA,0
554,5,124,"E",297,4,1
555,4,125,NA,NA,NA,0
556,4,125,NA,NA,NA,0
557,4,125,NA,NA,NA,0
558,4,125,NA,NA,NA,0
559,3,126,NA,NA,NA,0
560,3,126,NA,NA,NA,0
561,3,126,NA,NA,NA,0
562,3,127,NA,NA,NA,0
563,3,127,"E",305,2,0
564,3,127,NA,NA,NA,0
565,6,128,"E",151,5,0
566,6,128,NA,NA,NA,0
567,6,128,NA,NA,NA,0
568,6,128,NA,NA,NA,0
569,6,128,NA,NA,NA,0
570,6,128,NA,NA,NA,0
571,4,129,NA,NA,NA,0
572,4,129,NA,NA,NA,0
573,4,129,"E",175,3,0
574,4,129,NA,NA,NA,0
575,6,130,NA,NA,NA,0
576,6,130,NA,NA,NA,0
577,6,130,"E",153,5,1
578,6,130,"H",198,4,0
579,6,130,NA,NA,NA,0
580,6,130,NA,NA,NA,0
581,3,131,NA,NA,NA,0
582,3,131,NA,NA,NA,0
583,3,131,NA,NA,NA,0
584,6,132,NA,NA,NA,0
585,6,132,"E",326,3,0
586,6,132,NA,NA,NA,0
587,6,132,"E",154,4,0
588,6,132,NA,NA,NA,0
589,6,132,"E",121,5,0
590,4,133,NA,NA,NA,0
591,4,133,NA,NA,NA,0
592,4,133,NA,NA,NA,0
593,4,133,NA,NA,NA,0
594,6,134,NA,NA,NA,0
595,6,134,"E",156,5,0
596,6,134,NA,NA,NA,0
597,6,134,NA,NA,NA,0
598,6,134,NA,NA,NA,0
599,6,134,NA,NA,NA,0
600,3,135,NA,NA,NA,0
601,3,135,NA,NA,NA,0
602,3,135,NA,NA,NA,0
603,4,136,"E",236,2,0
604,4,136,NA,NA,NA,0
605,4,136,"E",237,2,0
606,4,136,NA,NA,NA,0
607,5,137,NA,NA,NA,0
608,5,137,NA,NA,NA,0
609,5,137,NA,NA,NA,0
610,5,137,NA,NA,NA,0
611,5,137,NA,NA,NA,0
612,6,138,"E",17,5,0
613,6,138,NA,NA,NA,0
614,6,138,NA,NA,NA,0
615,6,138,NA,NA,NA,0
616,6,138,NA,NA,NA,0
617,6,138,NA,NA,NA,0
618,5,139,NA,NA,NA,0
619,5,139,NA,NA,NA,0
620,5,139,"E",NA,NA,0
621,5,139,NA,NA,NA,0
622,5,139,"E",354,3,0
623,4,140,NA,NA,NA,0
624,4,140,NA,NA,NA,0
625,4,140,NA,NA,NA,0
626,4,140,"E",77,3,0
627,3,141,"E",47,2,0
628,3,141,NA,NA,NA,0
629,3,141,NA,NA,NA,0
630,6,142,NA,NA,NA,0
631,6,142,"E",43,5,0
632,6,142,"E",242,4,0
633,6,142,"E",324,3,0
634,6,142,NA,NA,NA,0
635,6,142,NA,NA,NA,0
636,4,143,NA,NA,NA,0
637,4,143,NA,NA,NA,0
638,4,143,NA,NA,NA,0
639,4,143,"E",198,3,0
640,3,144,NA,NA,NA,0
641,3,144,"E",315,2,0
642,3,144,NA,NA,NA,0
643,3,145,NA,NA,NA,0
644,3,145,NA,NA,NA,0
645,3,145,NA,NA,NA,0
646,4,146,NA,NA,NA,0
647,4,146,NA,NA,NA,0
648,4,146,NA,NA,NA,0
649,4,146,NA,NA,NA,0
650,5,147,"E",NA,NA,0
651,5,147,NA,NA,NA,0
652,5,147,NA,NA,NA,0
653,5,147,NA,NA,NA,0
654,5,147,NA,NA,NA,0
655,5,148,"E",52,4,1
656,5,148,"H",118,3,0
657,5,148,NA,NA,NA,0
658,5,148,NA,NA,NA,0
659,5,148,NA,NA,NA,0
660,5,149,NA,NA,NA,0
661,5,149,NA,NA,NA,0
662,5,149,NA,NA,NA,0
663,5,149,NA,NA,NA,0
664,5,149,NA,NA,NA,0
665,6,150,NA,NA,NA,0
666,6,150,NA,NA,NA,0
667,6,150,NA,NA,NA,0
668,6,150,NA,NA,NA,0
669,6,150,"E",50,5,0
670,6,150,NA,NA,NA,0
671,5,151,NA,NA,NA,0
672,5,151,NA,NA,NA,0
673,5,151,NA,NA,NA,0
674,5,151,NA,NA,NA,0
675,5,151,NA,NA,NA,0
676,5,152,NA,NA,NA,0
677,5,152,NA,NA,NA,0
678,5,152,NA,NA,NA,0
679,5,152,NA,NA,NA,0
680,5,152,NA,NA,NA,0
681,6,153,NA,NA,NA,0
682,6,153,NA,NA,NA,0
683,6,153,NA,NA,NA,0
684,6,153,NA,NA,NA,0
685,6,153,NA,NA,NA,0
686,6,153,"E",131,5,0
687,3,154,NA,NA,NA,0
688,3,154,"E",60,2,0
689,3,154,NA,NA,NA,0
690,5,155,NA,NA,NA,0
691,5,155,NA,NA,NA,0
692,5,155,NA,NA,NA,0
693,5,155,NA,NA,NA,0
694,5,155,NA,NA,NA,0
695,6,156,NA,NA,NA,0
696,6,156,"E",223,3,0
697,6,156,NA,NA,NA,0
698,6,156,"E",80,4,0
699,6,156,NA,NA,NA,0
700,6,156,"E",104,4,0
701,3,157,NA,NA,NA,0
702,3,157,"E",133,1,0
703,3,157,"E",93,2,0
704,6,158,"E",90,4,0
705,6,158,NA,NA,NA,0
706,6,158,"E",84,4,0
707,6,158,"E",313,2,0
708,6,158,NA,NA,NA,0
709,6,158,"E",257,3,0
710,3,159,NA,NA,NA,0
711,3,159,"E",197,2,0
712,3,159,NA,NA,NA,0
713,4,160,NA,NA,NA,0
714,4,160,NA,NA,NA,0
715,4,160,NA,NA,NA,0
716,4,160,NA,NA,NA,0
717,3,161,NA,NA,NA,0
718,3,161,NA,NA,NA,0
719,3,161,NA,NA,NA,0
720,3,162,"E",61,1,0
721,3,162,NA,NA,NA,0
722,3,162,"E",84,1,0
723,4,163,NA,NA,NA,0
724,4,163,NA,NA,NA,0
725,4,163,NA,NA,NA,0
726,4,163,NA,NA,NA,0
727,4,164,NA,NA,NA,0
728,4,164,NA,NA,NA,0
729,4,164,NA,NA,NA,0
730,4,164,"E",352,3,0
731,3,165,"E",215,2,0
732,3,165,NA,NA,NA,0
733,3,165,NA,NA,NA,0
734,3,166,"E",60,2,0
735,3,166,NA,NA,NA,0
736,3,166,NA,NA,NA,0
737,4,167,"E",235,3,0
738,4,167,NA,NA,NA,0
739,4,167,NA,NA,NA,0
740,4,167,NA,NA,NA,0
741,6,168,NA,NA,NA,0
742,6,168,NA,NA,NA,0
743,6,168,NA,NA,NA,0
744,6,168,NA,NA,NA,0
745,6,168,"E",NA,NA,0
746,6,168,NA,NA,NA,0
747,6,169,NA,NA,NA,0
748,6,169,NA,NA,NA,0
749,6,169,NA,NA,NA,0
750,6,169,NA,NA,NA,0
751,6,169,NA,NA,NA,0
752,6,169,"E",60,5,0
753,6,170,NA,NA,NA,0
754,6,170,NA,NA,NA,0
755,6,170,NA,NA,NA,0
756,6,170,NA,NA,NA,0
757,6,170,NA,NA,NA,0
758,6,170,NA,NA,NA,0
759,5,171,"E",245,2,0
760,5,171,NA,NA,NA,0
761,5,171,NA,NA,NA,0
762,5,171,"E",217,2,0
763,5,171,"E",91,4,0
764,5,172,"E",NA,NA,0
765,5,172,NA,NA,NA,0
766,5,172,NA,NA,NA,0
767,5,172,NA,NA,NA,0
768,5,172,NA,NA,NA,0
769,3,173,"E",286,1,0
770,3,173,NA,NA,NA,0
771,3,173,"E",100,2,0
772,4,174,NA,NA,NA,0
773,4,174,NA,NA,NA,0
774,4,174,"E",206,3,0
775,4,174,NA,NA,NA,0
776,3,175,NA,NA,NA,0
777,3,175,NA,NA,NA,0
778,3,175,NA,NA,NA,0
779,4,176,"E",358,1,0
780,4,176,NA,NA,NA,0
781,4,176,"E",138,2,0
782,4,176,"E",74,3,0
783,6,177,NA,NA,NA,0
784,6,177,NA,NA,NA,0
785,6,177,NA,NA,NA,0
786,6,177,"E",89,5,0
787,6,177,NA,NA,NA,0
788,6,177,NA,NA,NA,0
789,5,178,NA,NA,NA,0
790,5,178,"E",84,4,0
791,5,178,"C",128,3,0
792,5,178,NA,NA,NA,0
793,5,178,NA,NA,NA,0
794,4,179,NA,NA,NA,0
795,4,179,NA,NA,NA,0
796,4,179,NA,NA,NA,0
797,4,179,NA,NA,NA,0
798,3,180,NA,NA,NA,0
799,3,180,NA,NA,NA,0
800,3,180,"E",294,2,0
801,5,181,NA,NA,NA,0
802,5,181,"E",57,4,0
803,5,181,NA,NA,NA,0
804,5,181,NA,NA,NA,0
805,5,181,NA,NA,NA,0
806,4,182,NA,NA,NA,0
807,4,182,"E",59,3,0
808,4,182,NA,NA,NA,0
809,4,182,NA,NA,NA,0
810,4,183,NA,NA,NA,0
811,4,183,NA,NA,NA,0
812,4,183,NA,NA,NA,0
813,4,183,"E",227,3,0
814,6,184,NA,NA,NA,0
815,6,184,NA,NA,NA,0
816,6,184,"E",183,5,0
817,6,184,NA,NA,NA,0
818,6,184,"E",241,3,0
819,6,184,"E",227,3,0
820,5,185,NA,NA,NA,0
821,5,185,NA,NA,NA,0
822,5,185,NA,NA,NA,0
823,5,185,"E",234,4,0
824,5,185,NA,NA,NA,0
825,6,186,NA,NA,NA,0
826,6,186,NA,NA,NA,0
827,6,186,NA,NA,NA,0
828,6,186,NA,NA,NA,0
829,6,186,NA,NA,NA,0
830,6,186,"E",73,5,0
831,3,187,NA,NA,NA,0
832,3,187,NA,NA,NA,0
833,3,187,NA,NA,NA,0
834,6,188,"E",206,3,0
835,6,188,NA,NA,NA,0
836,6,188,NA,NA,NA,0
837,6,188,NA,NA,NA,0
838,6,188,"E",238,3,0
839,6,188,"E",161,5,0
840,6,189,NA,NA,NA,0
841,6,189,NA,NA,NA,0
842,6,189,"E",215,5,1
843,6,189,NA,NA,NA,0
844,6,189,"H",254,4,0
845,6,189,NA,NA,NA,0
846,4,190,NA,NA,NA,0
847,4,190,NA,NA,NA,0
848,4,190,NA,NA,NA,0
849,4,190,NA,NA,NA,0
850,4,191,NA,NA,NA,0
851,4,191,"E",249,3,0
852,4,191,NA,NA,NA,0
853,4,191,"E",NA,NA,0
854,5,192,NA,NA,NA,0
855,5,192,NA,NA,NA,0
856,5,192,NA,NA,NA,0
857,5,192,"E",256,4,0
858,5,192,NA,NA,NA,0
859,3,193,NA,NA,NA,0
860,3,193,NA,NA,NA,0
861,3,193,NA,NA,NA,0
862,5,194,"E",179,4,0
863,5,194,NA,NA,NA,0
864,5,194,NA,NA,NA,0
865,5,194,NA,NA,NA,0
866,5,194,NA,NA,NA,0
867,5,195,"E",314,3,1
868,5,195,NA,NA,NA,0
869,5,195,NA,NA,NA,0
870,5,195,"E",87,4,0
871,5,195,"H",347,2,0
872,5,196,NA,NA,NA,0
873,5,196,"E",204,4,0
874,5,196,NA,NA,NA,0
875,5,196,"E",349,3,0
876,5,196,NA,NA,NA,0
877,6,197,"H",149,4,0
878,6,197,NA,NA,NA,0
879,6,197,NA,NA,NA,0
880,6,197,NA,NA,NA,0
881,6,197,"E",350,3,0
882,6,197,"E",99,5,1
883,3,198,NA,NA,NA,0
884,3,198,NA,NA,NA,0
885,3,198,NA,NA,NA,0
886,4,199,"E",346,1,1
887,4,199,"E",125,3,0
888,4,199,"H",NA,NA,0
889,4,199,"E",NA,NA,0
890,5,200,NA,NA,NA,0
891,5,200,NA,NA,NA,0
892,5,200,NA,NA,NA,0
893,5,200,NA,NA,NA,0
894,5,200,NA,NA,NA,0
895,6,201,NA,NA,NA,0
896,6,201,NA,NA,NA,0
897,6,201,NA,NA,NA,0
898,6,201,NA,NA,NA,0
899,6,201,NA,NA,NA,0
900,6,201,NA,NA,NA,0
901,3,202,NA,NA,NA,0
902,3,202,NA,NA,NA,0
903,3,202,NA,NA,NA,0
904,3,203,NA,NA,NA,0
905,3,203,"E",70,2,0
906,3,203,"E",299,1,0
907,3,204,NA,NA,NA,0
908,3,204,"E",NA,NA,0
909,3,204,NA,NA,NA,0
910,3,205,"E",299,1,0
911,3,205,NA,NA,NA,0
912,3,205,"E",331,1,0
913,6,206,"E",277,1,1
914,6,206,"E",67,4,1
915,6,206,"E",48,4,0
916,6,206,"H",314,0,0
917,6,206,"H",111,2,0
918,6,206,"H",88,3,1
919,3,207,"E",243,1,0
920,3,207,"E",28,2,0
921,3,207,NA,NA,NA,0
922,4,208,NA,NA,NA,0
923,4,208,NA,NA,NA,0
924,4,208,NA,NA,NA,0
925,4,208,NA,NA,NA,0
926,3,209,"E",292,2,0
927,3,209,NA,NA,NA,0
928,3,209,NA,NA,NA,0
929,5,210,NA,NA,NA,0
930,5,210,NA,NA,NA,0
931,5,210,NA,NA,NA,0
932,5,210,NA,NA,NA,0
933,5,210,"E",283,4,0
934,5,211,NA,NA,NA,0
935,5,211,NA,NA,NA,0
936,5,211,NA,NA,NA,0
937,5,211,NA,NA,NA,0
938,5,211,NA,NA,NA,0
939,4,212,NA,NA,NA,0
940,4,212,"H",317,2,0
941,4,212,NA,NA,NA,0
942,4,212,"E",291,3,1
943,4,213,"E",208,3,0
944,4,213,NA,NA,NA,0
945,4,213,NA,NA,NA,0
946,4,213,NA,NA,NA,0
947,3,214,NA,NA,NA,0
948,3,214,NA,NA,NA,0
949,3,214,NA,NA,NA,0
950,5,215,"H",137,2,0
951,5,215,"C",106,4,2
952,5,215,"H",131,2,0
953,5,215,"E",NA,NA,0
954,5,215,NA,NA,NA,0
955,3,216,NA,NA,NA,0
956,3,216,NA,NA,NA,0
957,3,216,NA,NA,NA,0
958,3,217,NA,NA,NA,0
959,3,217,NA,NA,NA,0
960,3,217,NA,NA,NA,0
961,5,218,NA,NA,NA,0
962,5,218,NA,NA,NA,0
963,5,218,NA,NA,NA,0
964,5,218,NA,NA,NA,0
965,5,218,NA,NA,NA,0
966,3,219,NA,NA,NA,0
967,3,219,NA,NA,NA,0
968,3,219,"E",NA,NA,0
969,6,220,NA,NA,NA,0
970,6,220,NA,NA,NA,0
971,6,220,NA,NA,NA,0
972,6,220,NA,NA,NA,0
973,6,220,"H",133,4,0
974,6,220,"C",100,5,1
975,5,221,"E",35,3,0
976,5,221,"E",359,2,0
977,5,221,NA,NA,NA,0
978,5,221,"E",40,3,0
979,5,221,NA,NA,NA,0
980,3,222,NA,NA,NA,0
981,3,222,NA,NA,NA,0
982,3,222,NA,NA,NA,0
983,4,223,NA,NA,NA,0
984,4,223,"H",276,2,0
985,4,223,NA,NA,NA,0
986,4,223,"E",248,3,1
987,5,224,NA,NA,NA,0
988,5,224,"E",186,4,0
989,5,224,NA,NA,NA,0
990,5,224,NA,NA,NA,0
991,5,224,NA,NA,NA,0
992,4,225,NA,NA,NA,0
993,4,225,NA,NA,NA,0
994,4,225,NA,NA,NA,0
995,4,225,NA,NA,NA,0
996,5,226,"E",68,4,0
997,5,226,"H",192,2,0
998,5,226,"E",151,3,1
999,5,226,"E",318,1,0
1000,5,226,NA,NA,NA,0
