"ID","SIZE","HH","TYPE","TIME","S_NUM","I_NUM"
1,5,1,"0",NA,NA,0
2,5,1,NA,NA,NA,0
3,5,1,"E",77,3,0
4,5,1,NA,NA,NA,0
5,5,1,NA,NA,NA,0
6,3,2,"C",290,2,0
7,3,2,NA,NA,NA,0
8,3,2,NA,NA,NA,0
9,6,3,"H",261,3,0
10,6,3,NA,NA,NA,0
11,6,3,"E",240,4,1
12,6,3,NA,NA,NA,0
13,6,3,NA,NA,NA,0
14,6,3,"E",254,3,0
15,4,4,NA,NA,NA,0
16,4,4,NA,NA,NA,0
17,4,4,NA,NA,NA,0
18,4,4,NA,NA,NA,0
19,4,5,"H",134,2,0
20,4,5,NA,NA,NA,0
21,4,5,"E",115,3,1
22,4,5,NA,NA,NA,0
23,3,6,NA,NA,NA,0
24,3,6,NA,NA,NA,0
25,3,6,"E",239,2,0
26,3,7,NA,NA,NA,0
27,3,7,NA,NA,NA,0
28,3,7,NA,NA,NA,0
29,4,8,"E",190,3,0
30,4,8,NA,NA,NA,0
31,4,8,NA,NA,NA,0
32,4,8,"E",361,2,0
33,4,9,NA,NA,NA,0
34,4,9,NA,NA,NA,0
35,4,9,NA,NA,NA,0
36,4,9,NA,NA,NA,0
37,6,10,NA,NA,NA,0
38,6,10,NA,NA,NA,0
39,6,10,NA,NA,NA,0
40,6,10,NA,NA,NA,0
41,6,10,NA,NA,NA,0
42,6,10,NA,NA,NA,0
43,5,11,NA,NA,NA,0
44,5,11,NA,NA,NA,0
45,5,11,NA,NA,NA,0
46,5,11,NA,NA,NA,0
47,5,11,NA,NA,NA,0
48,6,12,"E",274,5,1
49,6,12,NA,NA,NA,0
50,6,12,"H",327,3,0
51,6,12,NA,NA,NA,0
52,6,12,"E",NA,NA,0
53,6,12,NA,NA,NA,0
54,4,13,NA,NA,NA,0
55,4,13,NA,NA,NA,0
56,4,13,"E",NA,NA,0
57,4,13,NA,NA,NA,0
58,5,14,"E",320,3,0
59,5,14,"E",211,4,0
60,5,14,NA,NA,NA,0
61,5,14,"E",NA,NA,0
62,5,14,NA,NA,NA,0
63,5,15,NA,NA,NA,0
64,5,15,"E",NA,NA,0
65,5,15,"E",NA,NA,0
66,5,15,NA,NA,NA,0
67,5,15,"E",317,4,0
68,6,16,NA,NA,NA,0
69,6,16,NA,NA,NA,0
70,6,16,NA,NA,NA,0
71,6,16,NA,NA,NA,0
72,6,16,NA,NA,NA,0
73,6,16,NA,NA,NA,0
74,5,17,"E",154,4,0
75,5,17,NA,NA,NA,0
76,5,17,NA,NA,NA,0
77,5,17,NA,NA,NA,0
78,5,17,NA,NA,NA,0
79,3,18,NA,NA,NA,0
80,3,18,NA,NA,NA,0
81,3,18,NA,NA,NA,0
82,4,19,NA,NA,NA,0
83,4,19,NA,NA,NA,0
84,4,19,NA,NA,NA,0
85,4,19,NA,NA,NA,0
86,3,20,NA,NA,NA,0
87,3,20,"E",235,2,0
88,3,20,NA,NA,NA,0
89,5,21,NA,NA,NA,0
90,5,21,NA,NA,NA,0
91,5,21,NA,NA,NA,0
92,5,21,NA,NA,NA,0
93,5,21,NA,NA,NA,0
94,4,22,NA,NA,NA,0
95,4,22,NA,NA,NA,0
96,4,22,NA,NA,NA,0
97,4,22,NA,NA,NA,0
98,3,23,NA,NA,NA,0
99,3,23,NA,NA,NA,0
100,3,23,"E",NA,NA,0
101,3,24,"E",159,1,0
102,3,24,NA,NA,NA,0
103,3,24,"E",81,2,0
104,6,25,NA,NA,NA,0
105,6,25,"E",82,5,0
106,6,25,"E",334,2,0
107,6,25,"E",214,4,1
108,6,25,NA,NA,NA,0
109,6,25,"H",289,3,0
110,6,26,"E",88,4,2
111,6,26,"H",129,2,0
112,6,26,NA,NA,NA,0
113,6,26,"E",43,4,0
114,6,26,NA,NA,NA,0
115,6,26,"H",114,2,0
116,6,27,NA,NA,NA,0
117,6,27,"E",171,5,1
118,6,27,NA,NA,NA,0
119,6,27,NA,NA,NA,0
120,6,27,"H",197,4,0
121,6,27,NA,NA,NA,0
122,3,28,"E",238,1,0
123,3,28,NA,NA,NA,0
124,3,28,"E",236,1,0
125,4,29,NA,NA,NA,0
126,4,29,NA,NA,NA,0
127,4,29,"H",258,2,0
128,4,29,"E",211,3,1
129,5,30,NA,NA,NA,0
130,5,30,NA,NA,NA,0
131,5,30,NA,NA,NA,0
132,5,30,NA,NA,NA,0
133,5,30,NA,NA,NA,0
134,5,31,NA,NA,NA,0
135,5,31,NA,NA,NA,0
136,5,31,NA,NA,NA,0
137,5,31,NA,NA,NA,0
138,5,31,NA,NA,NA,0
139,3,32,NA,NA,NA,0
140,3,32,"E",NA,NA,0
141,3,32,"E",164,2,0
142,3,33,NA,NA,NA,0
143,3,33,NA,NA,NA,0
144,3,33,NA,NA,NA,0
145,6,34,"E",NA,NA,0
146,6,34,NA,NA,NA,0
147,6,34,NA,NA,NA,0
148,6,34,NA,NA,NA,0
149,6,34,NA,NA,NA,0
150,6,34,NA,NA,NA,0
151,4,35,NA,NA,NA,0
152,4,35,"E",226,2,0
153,4,35,NA,NA,NA,0
154,4,35,"E",103,3,0
155,5,36,NA,NA,NA,0
156,5,36,"C",294,4,0
157,5,36,NA,NA,NA,0
158,5,36,NA,NA,NA,0
159,5,36,NA,NA,NA,0
160,4,37,"E",82,3,0
161,4,37,NA,NA,NA,0
162,4,37,"H",331,1,0
163,4,37,"E",288,2,1
164,4,38,NA,NA,NA,0
165,4,38,NA,NA,NA,0
166,4,38,NA,NA,NA,0
167,4,38,"E",NA,NA,0
168,3,39,"E",133,2,0
169,3,39,NA,NA,NA,0
170,3,39,NA,NA,NA,0
171,4,40,"E",NA,NA,0
172,4,40,NA,NA,NA,0
173,4,40,"E",288,2,0
174,4,40,"E",148,3,0
175,6,41,NA,NA,NA,0
176,6,41,"E",76,5,0
177,6,41,NA,NA,NA,0
178,6,41,"E",272,4,0
179,6,41,NA,NA,NA,0
180,6,41,NA,NA,NA,0
181,6,42,"E",211,5,0
182,6,42,NA,NA,NA,0
183,6,42,NA,NA,NA,0
184,6,42,NA,NA,NA,0
185,6,42,NA,NA,NA,0
186,6,42,NA,NA,NA,0
187,6,43,NA,NA,NA,0
188,6,43,NA,NA,NA,0
189,6,43,"E",68,5,0
190,6,43,NA,NA,NA,0
191,6,43,NA,NA,NA,0
192,6,43,NA,NA,NA,0
193,5,44,"H",194,3,0
194,5,44,"E",181,4,1
195,5,44,NA,NA,NA,0
196,5,44,NA,NA,NA,0
197,5,44,NA,NA,NA,0
198,3,45,NA,NA,NA,0
199,3,45,NA,NA,NA,0
200,3,45,NA,NA,NA,0
201,6,46,NA,NA,NA,0
202,6,46,NA,NA,NA,0
203,6,46,"E",307,4,0
204,6,46,NA,NA,NA,0
205,6,46,"E",42,5,0
206,6,46,NA,NA,NA,0
207,4,47,NA,NA,NA,0
208,4,47,NA,NA,NA,0
209,4,47,"E",149,3,0
210,4,47,NA,NA,NA,0
211,3,48,NA,NA,NA,0
212,3,48,"E",NA,NA,0
213,3,48,NA,NA,NA,0
214,5,49,"E",NA,NA,0
215,5,49,NA,NA,NA,0
216,5,49,NA,NA,NA,0
217,5,49,"E",180,3,0
218,5,49,"E",161,3,0
219,5,50,NA,NA,NA,0
220,5,50,NA,NA,NA,0
221,5,50,NA,NA,NA,0
222,5,50,NA,NA,NA,0
223,5,50,"E",156,4,0
224,4,51,"E",186,2,0
225,4,51,NA,NA,NA,0
226,4,51,NA,NA,NA,0
227,4,51,"E",94,3,0
228,6,52,"H",188,4,0
229,6,52,NA,NA,NA,0
230,6,52,NA,NA,NA,0
231,6,52,NA,NA,NA,0
232,6,52,"E",151,5,1
233,6,52,NA,NA,NA,0
234,6,53,"C",118,5,1
235,6,53,"E",275,3,0
236,6,53,"H",148,4,0
237,6,53,NA,NA,NA,0
238,6,53,NA,NA,NA,0
239,6,53,NA,NA,NA,0
240,3,54,NA,NA,NA,0
241,3,54,NA,NA,NA,0
242,3,54,NA,NA,NA,0
243,6,55,NA,NA,NA,0
244,6,55,NA,NA,NA,0
245,6,55,NA,NA,NA,0
246,6,55,NA,NA,NA,0
247,6,55,NA,NA,NA,0
248,6,55,NA,NA,NA,0
249,3,56,NA,NA,NA,0
250,3,56,NA,NA,NA,0
251,3,56,NA,NA,NA,0
252,4,57,"H",NA,NA,0
253,4,57,"E",362,1,1
254,4,57,"E",NA,NA,0
255,4,57,"E",96,3,0
256,3,58,NA,NA,NA,0
257,3,58,NA,NA,NA,0
258,3,58,NA,NA,NA,0
259,5,59,NA,NA,NA,0
260,5,59,"E",50,4,0
261,5,59,NA,NA,NA,0
262,5,59,NA,NA,NA,0
263,5,59,NA,NA,NA,0
264,6,60,"H",259,3,0
265,6,60,"E",301,2,0
266,6,60,NA,NA,NA,0
267,6,60,NA,NA,NA,0
268,6,60,"E",331,2,0
269,6,60,"E",237,5,1
270,3,61,NA,NA,NA,0
271,3,61,NA,NA,NA,0
272,3,61,"E",275,2,0
273,5,62,"H",224,1,0
274,5,62,"E",193,1,0
275,5,62,"E",176,2,1
276,5,62,"E",145,4,0
277,5,62,NA,NA,NA,0
278,5,63,NA,NA,NA,0
279,5,63,"H",115,3,0
280,5,63,"E",241,2,0
281,5,63,"E",74,4,1
282,5,63,NA,NA,NA,0
283,4,64,"E",142,3,0
284,4,64,NA,NA,NA,0
285,4,64,NA,NA,NA,0
286,4,64,NA,NA,NA,0
287,5,65,NA,NA,NA,0
288,5,65,NA,NA,NA,0
289,5,65,NA,NA,NA,0
290,5,65,NA,NA,NA,0
291,5,65,NA,NA,NA,0
292,5,66,NA,NA,NA,0
293,5,66,"E",248,3,0
294,5,66,NA,NA,NA,0
295,5,66,NA,NA,NA,0
296,5,66,"E",204,4,0
297,4,67,"E",96,2,0
298,4,67,NA,NA,NA,0
299,4,67,"E",56,2,0
300,4,67,"E",197,1,0
301,4,68,"E",NA,NA,0
302,4,68,NA,NA,NA,0
303,4,68,NA,NA,NA,0
304,4,68,NA,NA,NA,0
305,3,69,"E",49,2,0
306,3,69,NA,NA,NA,0
307,3,69,NA,NA,NA,0
308,3,70,NA,NA,NA,0
309,3,70,NA,NA,NA,0
310,3,70,NA,NA,NA,0
311,3,71,NA,NA,NA,0
312,3,71,NA,NA,NA,0
313,3,71,NA,NA,NA,0
314,4,72,"E",292,2,1
315,4,72,"H",NA,NA,0
316,4,72,"E",266,2,0
317,4,72,"H",330,1,1
318,5,73,"E",113,4,0
319,5,73,NA,NA,NA,0
320,5,73,"E",316,3,0
321,5,73,NA,NA,NA,0
322,5,73,NA,NA,NA,0
323,6,74,NA,NA,NA,0
324,6,74,"H",143,3,0
325,6,74,"E",176,2,0
326,6,74,"E",99,4,1
327,6,74,NA,NA,NA,0
328,6,74,"E",54,5,0
329,5,75,NA,NA,NA,0
330,5,75,"E",191,4,1
331,5,75,NA,NA,NA,0
332,5,75,NA,NA,NA,0
333,5,75,"H",240,3,0
334,4,76,NA,NA,NA,0
335,4,76,"E",158,3,0
336,4,76,"E",362,2,0
337,4,76,NA,NA,NA,0
338,5,77,"E",271,3,0
339,5,77,"E",225,3,0
340,5,77,NA,NA,NA,0
341,5,77,NA,NA,NA,0
342,5,77,NA,NA,NA,0
343,4,78,NA,NA,NA,0
344,4,78,NA,NA,NA,0
345,4,78,NA,NA,NA,0
346,4,78,NA,NA,NA,0
347,3,79,NA,NA,NA,0
348,3,79,NA,NA,NA,0
349,3,79,NA,NA,NA,0
350,3,80,NA,NA,NA,0
351,3,80,"E",120,2,0
352,3,80,NA,NA,NA,0
353,4,81,"E",51,3,0
354,4,81,NA,NA,NA,0
355,4,81,"E",219,2,0
356,4,81,"E",336,1,0
357,3,82,"E",194,1,0
358,3,82,"E",143,2,0
359,3,82,NA,NA,NA,0
360,3,83,NA,NA,NA,0
361,3,83,NA,NA,NA,0
362,3,83,"E",315,2,0
363,3,84,"E",201,2,0
364,3,84,NA,NA,NA,0
365,3,84,NA,NA,NA,0
366,3,85,NA,NA,NA,0
367,3,85,NA,NA,NA,0
368,3,85,NA,NA,NA,0
369,6,86,NA,NA,NA,0
370,6,86,NA,NA,NA,0
371,6,86,NA,NA,NA,0
372,6,86,"E",81,5,0
373,6,86,NA,NA,NA,0
374,6,86,NA,NA,NA,0
375,3,87,NA,NA,NA,0
376,3,87,NA,NA,NA,0
377,3,87,NA,NA,NA,0
378,3,88,NA,NA,NA,0
379,3,88,NA,NA,NA,0
380,3,88,NA,NA,NA,0
381,3,89,NA,NA,NA,0
382,3,89,NA,NA,NA,0
383,3,89,"E",282,2,0
384,6,90,"H",NA,NA,0
385,6,90,NA,NA,NA,0
386,6,90,"E",327,5,1
387,6,90,NA,NA,NA,0
388,6,90,NA,NA,NA,0
389,6,90,NA,NA,NA,0
390,6,91,NA,NA,NA,0
391,6,91,NA,NA,NA,0
392,6,91,NA,NA,NA,0
393,6,91,NA,NA,NA,0
394,6,91,NA,NA,NA,0
395,6,91,"E",59,5,0
396,6,92,"E",119,5,1
397,6,92,"H",229,2,1
398,6,92,"H",197,3,1
399,6,92,"H",159,4,1
400,6,92,"H",285,1,0
401,6,92,NA,NA,NA,0
402,5,93,NA,NA,NA,0
403,5,93,NA,NA,NA,0
404,5,93,NA,NA,NA,0
405,5,93,NA,NA,NA,0
406,5,93,"E",256,4,0
407,6,94,NA,NA,NA,0
408,6,94,"H",168,4,0
409,6,94,"E",142,5,1
410,6,94,NA,NA,NA,0
411,6,94,NA,NA,NA,0
412,6,94,NA,NA,NA,0
413,3,95,NA,NA,NA,0
414,3,95,NA,NA,NA,0
415,3,95,"E",100,2,0
416,5,96,NA,NA,NA,0
417,5,96,NA,NA,NA,0
418,5,96,"E",167,4,0
419,5,96,NA,NA,NA,0
420,5,96,NA,NA,NA,0
421,4,97,NA,NA,NA,0
422,4,97,"E",228,2,0
423,4,97,"E",147,3,0
424,4,97,"E",258,1,0
425,3,98,NA,NA,NA,0
426,3,98,NA,NA,NA,0
427,3,98,"E",141,2,0
428,3,99,NA,NA,NA,0
429,3,99,"E",235,2,0
430,3,99,NA,NA,NA,0
431,5,100,NA,NA,NA,0
432,5,100,"E",50,4,0
433,5,100,NA,NA,NA,0
434,5,100,"H",273,2,0
435,5,100,"E",246,3,1
436,4,101,"C",164,3,0
437,4,101,NA,NA,NA,0
438,4,101,"E",237,2,0
439,4,101,NA,NA,NA,0
440,6,102,"E",235,5,0
441,6,102,"E",279,4,0
442,6,102,"E",323,3,2
443,6,102,"H",338,1,0
444,6,102,NA,NA,NA,0
445,6,102,"H",NA,NA,0
446,6,103,"E",NA,NA,0
447,6,103,NA,NA,NA,0
448,6,103,NA,NA,NA,0
449,6,103,NA,NA,NA,0
450,6,103,NA,NA,NA,0
451,6,103,NA,NA,NA,0
452,5,104,"H",85,3,0
453,5,104,NA,NA,NA,0
454,5,104,"C",299,2,0
455,5,104,"E",26,4,1
456,5,104,NA,NA,NA,0
457,6,105,"E",260,3,0
458,6,105,NA,NA,NA,0
459,6,105,"E",56,5,0
460,6,105,"E",308,2,0
461,6,105,"E",186,4,0
462,6,105,NA,NA,NA,0
463,6,106,NA,NA,NA,0
464,6,106,"E",310,4,0
465,6,106,NA,NA,NA,0
466,6,106,"E",333,4,0
467,6,106,NA,NA,NA,0
468,6,106,NA,NA,NA,0
469,3,107,NA,NA,NA,0
470,3,107,NA,NA,NA,0
471,3,107,NA,NA,NA,0
472,5,108,"E",217,4,0
473,5,108,NA,NA,NA,0
474,5,108,NA,NA,NA,0
475,5,108,NA,NA,NA,0
476,5,108,NA,NA,NA,0
477,3,109,NA,NA,NA,0
478,3,109,NA,NA,NA,0
479,3,109,NA,NA,NA,0
480,5,110,NA,NA,NA,0
481,5,110,NA,NA,NA,0
482,5,110,"E",236,4,0
483,5,110,NA,NA,NA,0
484,5,110,NA,NA,NA,0
485,5,111,"E",260,3,0
486,5,111,NA,NA,NA,0
487,5,111,NA,NA,NA,0
488,5,111,"E",359,2,0
489,5,111,"C",79,4,0
490,6,112,"E",52,5,1
491,6,112,NA,NA,NA,0
492,6,112,NA,NA,NA,0
493,6,112,NA,NA,NA,0
494,6,112,"H",81,4,0
495,6,112,NA,NA,NA,0
496,6,113,NA,NA,NA,0
497,6,113,"E",229,4,0
498,6,113,"E",136,5,0
499,6,113,NA,NA,NA,0
500,6,113,"E",NA,NA,0
501,6,113,NA,NA,NA,0
502,3,114,NA,NA,NA,0
503,3,114,NA,NA,NA,0
504,3,114,NA,NA,NA,0
505,4,115,NA,NA,NA,0
506,4,115,NA,NA,NA,0
507,4,115,NA,NA,NA,0
508,4,115,"E",232,3,0
509,4,116,NA,NA,NA,0
510,4,116,NA,NA,NA,0
511,4,116,NA,NA,NA,0
512,4,116,NA,NA,NA,0
513,5,117,"E",250,3,0
514,5,117,NA,NA,NA,0
515,5,117,NA,NA,NA,0
516,5,117,NA,NA,NA,0
517,5,117,"E",140,4,0
518,5,118,NA,NA,NA,0
519,5,118,"H",200,1,0
520,5,118,"H",163,2,1
521,5,118,"E",117,4,1
522,5,118,"H",141,3,1
523,4,119,NA,NA,NA,0
524,4,119,NA,NA,NA,0
525,4,119,NA,NA,NA,0
526,4,119,NA,NA,NA,0
527,6,120,"E",339,4,0
528,6,120,NA,NA,NA,0
529,6,120,NA,NA,NA,0
530,6,120,NA,NA,NA,0
531,6,120,NA,NA,NA,0
532,6,120,"C",227,5,0
533,5,121,"E",341,1,0
534,5,121,"H",327,1,0
535,5,121,"H",308,1,0
536,5,121,NA,NA,NA,0
537,5,121,"E",279,4,2
538,6,122,NA,NA,NA,0
539,6,122,"E",171,5,1
540,6,122,"E",306,3,1
541,6,122,NA,NA,NA,0
542,6,122,"H",198,4,0
543,6,122,"H",344,2,0
544,6,123,NA,NA,NA,0
545,6,123,"H",179,1,0
546,6,123,"H",155,2,1
547,6,123,"E",105,5,1
548,6,123,"E",154,2,0
549,6,123,"H",135,3,1
550,5,124,NA,NA,NA,0
551,5,124,"E",143,4,0
552,5,124,NA,NA,NA,0
553,5,124,"E",213,3,0
554,5,124,NA,NA,NA,0
555,3,125,NA,NA,NA,0
556,3,125,NA,NA,NA,0
557,3,125,NA,NA,NA,0
558,5,126,"E",326,3,0
559,5,126,NA,NA,NA,0
560,5,126,"E",NA,NA,0
561,5,126,NA,NA,NA,0
562,5,126,"E",61,4,0
563,3,127,NA,NA,NA,0
564,3,127,"C",287,2,0
565,3,127,NA,NA,NA,0
566,3,128,NA,NA,NA,0
567,3,128,NA,NA,NA,0
568,3,128,"E",215,2,0
569,3,129,"E",275,2,1
570,3,129,"H",309,1,0
571,3,129,NA,NA,NA,0
572,3,130,NA,NA,NA,0
573,3,130,"E",178,2,0
574,3,130,NA,NA,NA,0
575,3,131,"E",177,2,0
576,3,131,NA,NA,NA,0
577,3,131,NA,NA,NA,0
578,3,132,NA,NA,NA,0
579,3,132,NA,NA,NA,0
580,3,132,NA,NA,NA,0
581,3,133,NA,NA,NA,0
582,3,133,NA,NA,NA,0
583,3,133,NA,NA,NA,0
584,4,134,"E",322,1,0
585,4,134,NA,NA,NA,0
586,4,134,"E",338,1,0
587,4,134,"E",280,3,0
588,6,135,NA,NA,NA,0
589,6,135,NA,NA,NA,0
590,6,135,NA,NA,NA,0
591,6,135,"E",65,5,0
592,6,135,NA,NA,NA,0
593,6,135,NA,NA,NA,0
594,4,136,NA,NA,NA,0
595,4,136,NA,NA,NA,0
596,4,136,NA,NA,NA,0
597,4,136,NA,NA,NA,0
598,6,137,"E",NA,NA,0
599,6,137,NA,NA,NA,0
600,6,137,NA,NA,NA,0
601,6,137,NA,NA,NA,0
602,6,137,NA,NA,NA,0
603,6,137,NA,NA,NA,0
604,3,138,"H",68,1,0
605,3,138,"E",175,0,0
606,3,138,"E",52,2,1
607,5,139,NA,NA,NA,0
608,5,139,"E",42,4,0
609,5,139,NA,NA,NA,0
610,5,139,NA,NA,NA,0
611,5,139,NA,NA,NA,0
612,5,140,NA,NA,NA,0
613,5,140,"E",347,4,0
614,5,140,NA,NA,NA,0
615,5,140,NA,NA,NA,0
616,5,140,NA,NA,NA,0
617,6,141,NA,NA,NA,0
618,6,141,NA,NA,NA,0
619,6,141,"E",204,5,1
620,6,141,NA,NA,NA,0
621,6,141,NA,NA,NA,0
622,6,141,"H",244,4,0
623,5,142,"H",79,2,1
624,5,142,"H",160,0,0
625,5,142,"E",57,4,2
626,5,142,"H",88,1,0
627,5,142,"H",101,1,1
628,6,143,NA,NA,NA,0
629,6,143,NA,NA,NA,0
630,6,143,NA,NA,NA,0
631,6,143,NA,NA,NA,0
632,6,143,"C",97,5,0
633,6,143,NA,NA,NA,0
634,5,144,"H",281,2,0
635,5,144,NA,NA,NA,0
636,5,144,NA,NA,NA,0
637,5,144,"E",218,4,1
638,5,144,"H",258,3,1
639,3,145,NA,NA,NA,0
640,3,145,NA,NA,NA,0
641,3,145,NA,NA,NA,0
642,3,146,NA,NA,NA,0
643,3,146,NA,NA,NA,0
644,3,146,NA,NA,NA,0
645,3,147,NA,NA,NA,0
646,3,147,NA,NA,NA,0
647,3,147,NA,NA,NA,0
648,6,148,"E",111,5,0
649,6,148,NA,NA,NA,0
650,6,148,NA,NA,NA,0
651,6,148,NA,NA,NA,0
652,6,148,NA,NA,NA,0
653,6,148,NA,NA,NA,0
654,6,149,"E",297,5,2
655,6,149,NA,NA,NA,0
656,6,149,"H",315,3,0
657,6,149,NA,NA,NA,0
658,6,149,NA,NA,NA,0
659,6,149,"H",328,3,0
660,6,150,"E",363,5,0
661,6,150,NA,NA,NA,0
662,6,150,NA,NA,NA,0
663,6,150,NA,NA,NA,0
664,6,150,NA,NA,NA,0
665,6,150,NA,NA,NA,0
666,5,151,NA,NA,NA,0
667,5,151,NA,NA,NA,0
668,5,151,NA,NA,NA,0
669,5,151,NA,NA,NA,0
670,5,151,"E",42,4,0
671,5,152,NA,NA,NA,0
672,5,152,NA,NA,NA,0
673,5,152,NA,NA,NA,0
674,5,152,NA,NA,NA,0
675,5,152,NA,NA,NA,0
676,4,153,"H",325,2,0
677,4,153,"E",294,3,1
678,4,153,NA,NA,NA,0
679,4,153,NA,NA,NA,0
680,6,154,NA,NA,NA,0
681,6,154,"H",288,3,0
682,6,154,"E",242,5,1
683,6,154,NA,NA,NA,0
684,6,154,NA,NA,NA,0
685,6,154,"E",282,3,0
686,3,155,"E",348,2,0
687,3,155,NA,NA,NA,0
688,3,155,NA,NA,NA,0
689,6,156,NA,NA,NA,0
690,6,156,NA,NA,NA,0
691,6,156,NA,NA,NA,0
692,6,156,"E",121,5,0
693,6,156,NA,NA,NA,0
694,6,156,NA,NA,NA,0
695,3,157,NA,NA,NA,0
696,3,157,NA,NA,NA,0
697,3,157,NA,NA,NA,0
698,4,158,NA,NA,NA,0
699,4,158,NA,NA,NA,0
700,4,158,"E",292,2,0
701,4,158,"E",120,3,0
702,5,159,NA,NA,NA,0
703,5,159,NA,NA,NA,0
704,5,159,NA,NA,NA,0
705,5,159,NA,NA,NA,0
706,5,159,NA,NA,NA,0
707,4,160,"E",298,3,0
708,4,160,NA,NA,NA,0
709,4,160,NA,NA,NA,0
710,4,160,NA,NA,NA,0
711,5,161,NA,NA,NA,0
712,5,161,"E",79,3,0
713,5,161,"H",129,2,0
714,5,161,NA,NA,NA,0
715,5,161,"C",86,3,1
716,5,162,NA,NA,NA,0
717,5,162,"E",NA,NA,0
718,5,162,NA,NA,NA,0
719,5,162,NA,NA,NA,0
720,5,162,NA,NA,NA,0
721,4,163,NA,NA,NA,0
722,4,163,NA,NA,NA,0
723,4,163,NA,NA,NA,0
724,4,163,NA,NA,NA,0
725,4,164,"E",103,1,1
726,4,164,"H",133,0,0
727,4,164,"H",115,0,0
728,4,164,"E",86,2,1
729,4,165,"H",327,1,0
730,4,165,"E",310,2,1
731,4,165,NA,NA,NA,0
732,4,165,"E",155,3,0
733,4,166,NA,NA,NA,0
734,4,166,"E",306,3,0
735,4,166,NA,NA,NA,0
736,4,166,NA,NA,NA,0
737,3,167,NA,NA,NA,0
738,3,167,NA,NA,NA,0
739,3,167,"E",210,2,0
740,3,168,NA,NA,NA,0
741,3,168,NA,NA,NA,0
742,3,168,NA,NA,NA,0
743,6,169,NA,NA,NA,0
744,6,169,"E",279,4,2
745,6,169,"H",315,2,0
746,6,169,"E",286,2,0
747,6,169,"H",314,2,0
748,6,169,NA,NA,NA,0
749,6,170,"H",324,2,0
750,6,170,"E",300,5,3
751,6,170,NA,NA,NA,0
752,6,170,"H",347,2,0
753,6,170,"H",353,2,0
754,6,170,NA,NA,NA,0
755,4,171,"E",228,3,0
756,4,171,"E",337,2,0
757,4,171,NA,NA,NA,0
758,4,171,NA,NA,NA,0
759,6,172,NA,NA,NA,0
760,6,172,NA,NA,NA,0
761,6,172,NA,NA,NA,0
762,6,172,NA,NA,NA,0
763,6,172,NA,NA,NA,0
764,6,172,"E",146,5,0
765,3,173,NA,NA,NA,0
766,3,173,NA,NA,NA,0
767,3,173,"E",110,2,0
768,5,174,NA,NA,NA,0
769,5,174,NA,NA,NA,0
770,5,174,"C",NA,NA,0
771,5,174,NA,NA,NA,0
772,5,174,NA,NA,NA,0
773,6,175,NA,NA,NA,0
774,6,175,NA,NA,NA,0
775,6,175,"E",71,5,0
776,6,175,"E",256,4,1
777,6,175,"H",303,3,0
778,6,175,NA,NA,NA,0
779,6,176,NA,NA,NA,0
780,6,176,NA,NA,NA,0
781,6,176,NA,NA,NA,0
782,6,176,NA,NA,NA,0
783,6,176,NA,NA,NA,0
784,6,176,"E",339,5,0
785,4,177,"E",326,3,0
786,4,177,NA,NA,NA,0
787,4,177,NA,NA,NA,0
788,4,177,NA,NA,NA,0
789,5,178,NA,NA,NA,0
790,5,178,"E",52,4,0
791,5,178,"E",209,2,0
792,5,178,"E",148,3,0
793,5,178,NA,NA,NA,0
794,5,179,"H",134,3,0
795,5,179,"E",75,4,1
796,5,179,NA,NA,NA,0
797,5,179,NA,NA,NA,0
798,5,179,NA,NA,NA,0
799,4,180,NA,NA,NA,0
800,4,180,NA,NA,NA,0
801,4,180,"E",NA,NA,0
802,4,180,NA,NA,NA,0
803,4,181,NA,NA,NA,0
804,4,181,NA,NA,NA,0
805,4,181,NA,NA,NA,0
806,4,181,NA,NA,NA,0
807,3,182,NA,NA,NA,0
808,3,182,NA,NA,NA,0
809,3,182,"E",316,2,0
810,5,183,NA,NA,NA,0
811,5,183,NA,NA,NA,0
812,5,183,NA,NA,NA,0
813,5,183,"E",124,4,0
814,5,183,NA,NA,NA,0
815,4,184,NA,NA,NA,0
816,4,184,"E",74,3,0
817,4,184,NA,NA,NA,0
818,4,184,"E",237,2,0
819,4,185,"H",303,0,0
820,4,185,"E",81,3,0
821,4,185,"E",207,2,0
822,4,185,"E",269,1,1
823,5,186,NA,NA,NA,0
824,5,186,"E",215,4,0
825,5,186,"E",311,3,0
826,5,186,NA,NA,NA,0
827,5,186,NA,NA,NA,0
828,5,187,NA,NA,NA,0
829,5,187,NA,NA,NA,0
830,5,187,NA,NA,NA,0
831,5,187,NA,NA,NA,0
832,5,187,NA,NA,NA,0
833,4,188,NA,NA,NA,0
834,4,188,NA,NA,NA,0
835,4,188,"E",177,3,0
836,4,188,NA,NA,NA,0
837,4,189,NA,NA,NA,0
838,4,189,NA,NA,NA,0
839,4,189,"E",183,3,0
840,4,189,"E",288,2,0
841,5,190,NA,NA,NA,0
842,5,190,NA,NA,NA,0
843,5,190,NA,NA,NA,0
844,5,190,NA,NA,NA,0
845,5,190,NA,NA,NA,0
846,5,191,NA,NA,NA,0
847,5,191,NA,NA,NA,0
848,5,191,NA,NA,NA,0
849,5,191,NA,NA,NA,0
850,5,191,"E",191,4,0
851,5,192,NA,NA,NA,0
852,5,192,NA,NA,NA,0
853,5,192,NA,NA,NA,0
854,5,192,NA,NA,NA,0
855,5,192,NA,NA,NA,0
856,4,193,NA,NA,NA,0
857,4,193,NA,NA,NA,0
858,4,193,NA,NA,NA,0
859,4,193,NA,NA,NA,0
860,6,194,"E",258,5,1
861,6,194,"H",285,4,1
862,6,194,"E",343,2,0
863,6,194,"H",318,3,0
864,6,194,NA,NA,NA,0
865,6,194,NA,NA,NA,0
866,6,195,NA,NA,NA,0
867,6,195,NA,NA,NA,0
868,6,195,NA,NA,NA,0
869,6,195,"E",151,5,0
870,6,195,NA,NA,NA,0
871,6,195,NA,NA,NA,0
872,6,196,NA,NA,NA,0
873,6,196,NA,NA,NA,0
874,6,196,NA,NA,NA,0
875,6,196,NA,NA,NA,0
876,6,196,NA,NA,NA,0
877,6,196,NA,NA,NA,0
878,6,197,NA,NA,NA,0
879,6,197,NA,NA,NA,0
880,6,197,NA,NA,NA,0
881,6,197,NA,NA,NA,0
882,6,197,NA,NA,NA,0
883,6,197,"E",55,5,0
884,4,198,"E",344,3,0
885,4,198,NA,NA,NA,0
886,4,198,NA,NA,NA,0
887,4,198,NA,NA,NA,0
888,4,199,NA,NA,NA,0
889,4,199,"E",181,3,1
890,4,199,"H",208,2,0
891,4,199,"E",353,1,0
892,4,200,NA,NA,NA,0
893,4,200,NA,NA,NA,0
894,4,200,"H",340,2,0
895,4,200,"C",323,3,1
896,5,201,NA,NA,NA,0
897,5,201,NA,NA,NA,0
898,5,201,NA,NA,NA,0
899,5,201,NA,NA,NA,0
900,5,201,NA,NA,NA,0
901,5,202,"E",135,4,0
902,5,202,NA,NA,NA,0
903,5,202,NA,NA,NA,0
904,5,202,NA,NA,NA,0
905,5,202,NA,NA,NA,0
906,6,203,NA,NA,NA,0
907,6,203,"E",189,5,0
908,6,203,NA,NA,NA,0
909,6,203,NA,NA,NA,0
910,6,203,NA,NA,NA,0
911,6,203,NA,NA,NA,0
912,3,204,NA,NA,NA,0
913,3,204,"E",350,2,1
914,3,204,"H",NA,NA,0
915,4,205,"E",309,3,0
916,4,205,"E",364,2,0
917,4,205,NA,NA,NA,0
918,4,205,NA,NA,NA,0
919,6,206,NA,NA,NA,0
920,6,206,NA,NA,NA,0
921,6,206,"E",129,5,0
922,6,206,NA,NA,NA,0
923,6,206,NA,NA,NA,0
924,6,206,NA,NA,NA,0
925,4,207,NA,NA,NA,0
926,4,207,NA,NA,NA,0
927,4,207,NA,NA,NA,0
928,4,207,NA,NA,NA,0
929,3,208,NA,NA,NA,0
930,3,208,"E",136,2,0
931,3,208,NA,NA,NA,0
932,3,209,NA,NA,NA,0
933,3,209,NA,NA,NA,0
934,3,209,"E",254,2,0
935,3,210,"E",274,1,0
936,3,210,NA,NA,NA,0
937,3,210,"E",41,2,0
938,3,211,NA,NA,NA,0
939,3,211,NA,NA,NA,0
940,3,211,NA,NA,NA,0
941,6,212,NA,NA,NA,0
942,6,212,NA,NA,NA,0
943,6,212,NA,NA,NA,0
944,6,212,NA,NA,NA,0
945,6,212,NA,NA,NA,0
946,6,212,"E",181,5,0
947,3,213,NA,NA,NA,0
948,3,213,NA,NA,NA,0
949,3,213,"E",219,2,0
950,6,214,NA,NA,NA,0
951,6,214,NA,NA,NA,0
952,6,214,"E",35,5,0
953,6,214,"E",NA,NA,0
954,6,214,NA,NA,NA,0
955,6,214,"E",96,4,0
956,4,215,NA,NA,NA,0
957,4,215,NA,NA,NA,0
958,4,215,NA,NA,NA,0
959,4,215,NA,NA,NA,0
960,4,216,NA,NA,NA,0
961,4,216,NA,NA,NA,0
962,4,216,NA,NA,NA,0
963,4,216,NA,NA,NA,0
964,6,217,NA,NA,NA,0
965,6,217,NA,NA,NA,0
966,6,217,NA,NA,NA,0
967,6,217,NA,NA,NA,0
968,6,217,NA,NA,NA,0
969,6,217,NA,NA,NA,0
970,6,218,"E",170,5,2
971,6,218,NA,NA,NA,0
972,6,218,NA,NA,NA,0
973,6,218,"H",204,3,0
974,6,218,"H",220,3,0
975,6,218,NA,NA,NA,0
976,4,219,NA,NA,NA,0
977,4,219,NA,NA,NA,0
978,4,219,NA,NA,NA,0
979,4,219,"E",209,3,0
980,5,220,NA,NA,NA,0
981,5,220,NA,NA,NA,0
982,5,220,NA,NA,NA,0
983,5,220,"E",87,4,0
984,5,220,NA,NA,NA,0
985,6,221,"H",167,3,0
986,6,221,NA,NA,NA,0
987,6,221,"E",146,4,1
988,6,221,NA,NA,NA,0
989,6,221,NA,NA,NA,0
990,6,221,"E",147,4,0
991,4,222,NA,NA,NA,0
992,4,222,NA,NA,NA,0
993,4,222,NA,NA,NA,0
994,4,222,NA,NA,NA,0
995,6,223,"H",202,2,0
996,6,223,"E",163,4,1
997,6,223,"E",168,2,0
998,6,223,"E",187,2,0
999,6,223,"E",NA,NA,0
1000,6,223,NA,NA,NA,0
