"ID","SIZE","HH","TYPE","TIME","S_num","I_num"
1,3,1,"0",39,NA,0
2,3,1,NA,NA,NA,0
3,3,1,NA,NA,NA,0
4,5,2,NA,NA,NA,0
5,5,2,NA,NA,NA,0
6,5,2,NA,NA,NA,0
7,5,2,NA,NA,NA,0
8,5,2,NA,NA,NA,0
9,4,3,NA,NA,NA,0
10,4,3,NA,NA,NA,0
11,4,3,NA,NA,NA,0
12,4,3,"E",312,NA,0
13,3,4,NA,NA,NA,0
14,3,4,NA,NA,NA,0
15,3,4,"E",196,NA,0
16,3,5,NA,NA,NA,0
17,3,5,NA,NA,NA,0
18,3,5,NA,NA,NA,0
19,5,6,NA,NA,NA,0
20,5,6,NA,NA,NA,0
21,5,6,NA,NA,NA,0
22,5,6,NA,NA,NA,0
23,5,6,NA,NA,NA,0
24,4,7,NA,NA,NA,0
25,4,7,NA,NA,NA,0
26,4,7,NA,NA,NA,0
27,4,7,NA,NA,NA,0
28,3,8,NA,NA,NA,0
29,3,8,NA,NA,NA,0
30,3,8,NA,NA,NA,0
31,6,9,NA,NA,NA,0
32,6,9,"E",180,NA,0
33,6,9,NA,NA,NA,0
34,6,9,NA,NA,NA,0
35,6,9,NA,NA,NA,0
36,6,9,NA,NA,NA,0
37,3,10,NA,NA,NA,0
38,3,10,NA,NA,NA,0
39,3,10,NA,NA,NA,0
40,4,11,NA,NA,NA,0
41,4,11,NA,NA,NA,0
42,4,11,NA,NA,NA,0
43,4,11,NA,NA,NA,0
44,5,12,NA,NA,NA,0
45,5,12,NA,NA,NA,0
46,5,12,NA,NA,NA,0
47,5,12,NA,NA,NA,0
48,5,12,NA,NA,NA,0
49,5,13,NA,NA,NA,0
50,5,13,NA,NA,NA,0
51,5,13,"E",196,NA,0
52,5,13,NA,NA,NA,0
53,5,13,NA,NA,NA,0
54,4,14,NA,NA,NA,0
55,4,14,"E",NA,NA,0
56,4,14,NA,NA,NA,0
57,4,14,NA,NA,NA,0
58,5,15,NA,NA,NA,0
59,5,15,NA,NA,NA,0
60,5,15,NA,NA,NA,0
61,5,15,NA,NA,NA,0
62,5,15,NA,NA,NA,0
63,6,16,NA,NA,NA,0
64,6,16,NA,NA,NA,0
65,6,16,NA,NA,NA,0
66,6,16,NA,NA,NA,0
67,6,16,NA,NA,NA,0
68,6,16,NA,NA,NA,0
69,4,17,NA,NA,NA,0
70,4,17,NA,NA,NA,0
71,4,17,NA,NA,NA,0
72,4,17,NA,NA,NA,0
73,4,18,NA,NA,NA,0
74,4,18,NA,NA,NA,0
75,4,18,NA,NA,NA,0
76,4,18,NA,NA,NA,0
77,3,19,NA,NA,NA,0
78,3,19,NA,NA,NA,0
79,3,19,NA,NA,NA,0
80,4,20,NA,NA,NA,0
81,4,20,NA,NA,NA,0
82,4,20,NA,NA,NA,0
83,4,20,NA,NA,NA,0
84,6,21,NA,NA,NA,0
85,6,21,NA,NA,NA,0
86,6,21,NA,NA,NA,0
87,6,21,NA,NA,NA,0
88,6,21,NA,NA,NA,0
89,6,21,NA,NA,NA,0
90,3,22,NA,NA,NA,0
91,3,22,NA,NA,NA,0
92,3,22,NA,NA,NA,0
93,3,23,NA,NA,NA,0
94,3,23,NA,NA,NA,0
95,3,23,NA,NA,NA,0
96,4,24,NA,NA,NA,0
97,4,24,NA,NA,NA,0
98,4,24,NA,NA,NA,0
99,4,24,NA,NA,NA,0
100,3,25,NA,NA,NA,0
101,3,25,NA,NA,NA,0
102,3,25,NA,NA,NA,0
103,6,26,NA,NA,NA,0
104,6,26,NA,NA,NA,0
105,6,26,NA,NA,NA,0
106,6,26,NA,NA,NA,0
107,6,26,NA,NA,NA,0
108,6,26,NA,NA,NA,0
109,6,27,NA,NA,NA,0
110,6,27,NA,NA,NA,0
111,6,27,NA,NA,NA,0
112,6,27,NA,NA,NA,0
113,6,27,NA,NA,NA,0
114,6,27,NA,NA,NA,0
115,5,28,NA,NA,NA,0
116,5,28,NA,NA,NA,0
117,5,28,NA,NA,NA,0
118,5,28,NA,NA,NA,0
119,5,28,NA,NA,NA,0
120,4,29,NA,NA,NA,0
121,4,29,NA,NA,NA,0
122,4,29,NA,NA,NA,0
123,4,29,NA,NA,NA,0
124,6,30,NA,NA,NA,0
125,6,30,NA,NA,NA,0
126,6,30,NA,NA,NA,0
127,6,30,NA,NA,NA,0
128,6,30,NA,NA,NA,0
129,6,30,NA,NA,NA,0
130,6,31,NA,NA,NA,0
131,6,31,NA,NA,NA,0
132,6,31,NA,NA,NA,0
133,6,31,NA,NA,NA,0
134,6,31,NA,NA,NA,0
135,6,31,NA,NA,NA,0
136,4,32,NA,NA,NA,0
137,4,32,"E",NA,NA,0
138,4,32,NA,NA,NA,0
139,4,32,NA,NA,NA,0
140,6,33,NA,NA,NA,0
141,6,33,NA,NA,NA,0
142,6,33,NA,NA,NA,0
143,6,33,NA,NA,NA,0
144,6,33,NA,NA,NA,0
145,6,33,NA,NA,NA,0
146,6,34,NA,NA,NA,0
147,6,34,NA,NA,NA,0
148,6,34,NA,NA,NA,0
149,6,34,NA,NA,NA,0
150,6,34,"E",355,NA,0
151,6,34,NA,NA,NA,0
152,5,35,NA,NA,NA,0
153,5,35,NA,NA,NA,0
154,5,35,NA,NA,NA,0
155,5,35,NA,NA,NA,0
156,5,35,NA,NA,NA,0
157,3,36,NA,NA,NA,0
158,3,36,NA,NA,NA,0
159,3,36,NA,NA,NA,0
160,6,37,NA,NA,NA,0
161,6,37,NA,NA,NA,0
162,6,37,NA,NA,NA,0
163,6,37,NA,NA,NA,0
164,6,37,NA,NA,NA,0
165,6,37,NA,NA,NA,0
166,4,38,NA,NA,NA,0
167,4,38,NA,NA,NA,0
168,4,38,NA,NA,NA,0
169,4,38,NA,NA,NA,0
170,6,39,NA,NA,NA,0
171,6,39,NA,NA,NA,0
172,6,39,NA,NA,NA,0
173,6,39,NA,NA,NA,0
174,6,39,NA,NA,NA,0
175,6,39,NA,NA,NA,0
176,5,40,"E",310,NA,0
177,5,40,NA,NA,NA,0
178,5,40,NA,NA,NA,0
179,5,40,NA,NA,NA,0
180,5,40,NA,NA,NA,0
181,5,41,NA,NA,NA,0
182,5,41,NA,NA,NA,0
183,5,41,NA,NA,NA,0
184,5,41,NA,NA,NA,0
185,5,41,NA,NA,NA,0
186,6,42,NA,NA,NA,0
187,6,42,NA,NA,NA,0
188,6,42,NA,NA,NA,0
189,6,42,NA,NA,NA,0
190,6,42,NA,NA,NA,0
191,6,42,NA,NA,NA,0
192,4,43,NA,NA,NA,0
193,4,43,NA,NA,NA,0
194,4,43,NA,NA,NA,0
195,4,43,NA,NA,NA,0
196,4,44,"E",353,NA,0
197,4,44,NA,NA,NA,0
198,4,44,NA,NA,NA,0
199,4,44,NA,NA,NA,0
200,6,45,NA,NA,NA,0
201,6,45,NA,NA,NA,0
202,6,45,NA,NA,NA,0
203,6,45,NA,NA,NA,0
204,6,45,NA,NA,NA,0
205,6,45,NA,NA,NA,0
206,5,46,NA,NA,NA,0
207,5,46,NA,NA,NA,0
208,5,46,NA,NA,NA,0
209,5,46,NA,NA,NA,0
210,5,46,NA,NA,NA,0
211,6,47,NA,NA,NA,0
212,6,47,NA,NA,NA,0
213,6,47,NA,NA,NA,0
214,6,47,NA,NA,NA,0
215,6,47,NA,NA,NA,0
216,6,47,NA,NA,NA,0
217,3,48,NA,NA,NA,0
218,3,48,NA,NA,NA,0
219,3,48,NA,NA,NA,0
220,5,49,NA,NA,NA,0
221,5,49,NA,NA,NA,0
222,5,49,NA,NA,NA,0
223,5,49,NA,NA,NA,0
224,5,49,NA,NA,NA,0
225,4,50,NA,NA,NA,0
226,4,50,NA,NA,NA,0
227,4,50,"E",217,NA,0
228,4,50,NA,NA,NA,0
229,5,51,NA,NA,NA,0
230,5,51,NA,NA,NA,0
231,5,51,NA,NA,NA,0
232,5,51,NA,NA,NA,0
233,5,51,NA,NA,NA,0
234,5,52,NA,NA,NA,0
235,5,52,NA,NA,NA,0
236,5,52,NA,NA,NA,0
237,5,52,NA,NA,NA,0
238,5,52,NA,NA,NA,0
239,3,53,NA,NA,NA,0
240,3,53,NA,NA,NA,0
241,3,53,NA,NA,NA,0
242,6,54,NA,NA,NA,0
243,6,54,NA,NA,NA,0
244,6,54,NA,NA,NA,0
245,6,54,NA,NA,NA,0
246,6,54,NA,NA,NA,0
247,6,54,NA,NA,NA,0
248,5,55,NA,NA,NA,0
249,5,55,NA,NA,NA,0
250,5,55,NA,NA,NA,0
251,5,55,NA,NA,NA,0
252,5,55,"E",NA,NA,0
253,6,56,NA,NA,NA,0
254,6,56,NA,NA,NA,0
255,6,56,NA,NA,NA,0
256,6,56,NA,NA,NA,0
257,6,56,NA,NA,NA,0
258,6,56,NA,NA,NA,0
259,5,57,NA,NA,NA,0
260,5,57,NA,NA,NA,0
261,5,57,NA,NA,NA,0
262,5,57,NA,NA,NA,0
263,5,57,NA,NA,NA,0
264,6,58,NA,NA,NA,0
265,6,58,NA,NA,NA,0
266,6,58,NA,NA,NA,0
267,6,58,NA,NA,NA,0
268,6,58,NA,NA,NA,0
269,6,58,NA,NA,NA,0
270,3,59,NA,NA,NA,0
271,3,59,NA,NA,NA,0
272,3,59,NA,NA,NA,0
273,6,60,NA,NA,NA,0
274,6,60,NA,NA,NA,0
275,6,60,NA,NA,NA,0
276,6,60,NA,NA,NA,0
277,6,60,NA,NA,NA,0
278,6,60,NA,NA,NA,0
279,6,61,NA,NA,NA,0
280,6,61,NA,NA,NA,0
281,6,61,NA,NA,NA,0
282,6,61,NA,NA,NA,0
283,6,61,NA,NA,NA,0
284,6,61,NA,NA,NA,0
285,3,62,NA,NA,NA,0
286,3,62,"E",217,NA,0
287,3,62,NA,NA,NA,0
288,6,63,NA,NA,NA,0
289,6,63,NA,NA,NA,0
290,6,63,NA,NA,NA,0
291,6,63,NA,NA,NA,0
292,6,63,NA,NA,NA,0
293,6,63,NA,NA,NA,0
294,4,64,NA,NA,NA,0
295,4,64,NA,NA,NA,0
296,4,64,NA,NA,NA,0
297,4,64,NA,NA,NA,0
298,6,65,NA,NA,NA,0
299,6,65,NA,NA,NA,0
300,6,65,NA,NA,NA,0
301,6,65,NA,NA,NA,0
302,6,65,NA,NA,NA,0
303,6,65,NA,NA,NA,0
304,6,66,NA,NA,NA,0
305,6,66,NA,NA,NA,0
306,6,66,"E",58,NA,0
307,6,66,NA,NA,NA,0
308,6,66,NA,NA,NA,0
309,6,66,NA,NA,NA,0
310,3,67,NA,NA,NA,0
311,3,67,NA,NA,NA,0
312,3,67,NA,NA,NA,0
313,5,68,NA,NA,NA,0
314,5,68,NA,NA,NA,0
315,5,68,NA,NA,NA,0
316,5,68,NA,NA,NA,0
317,5,68,NA,NA,NA,0
318,6,69,NA,NA,NA,0
319,6,69,NA,NA,NA,0
320,6,69,NA,NA,NA,0
321,6,69,NA,NA,NA,0
322,6,69,NA,NA,NA,0
323,6,69,NA,NA,NA,0
324,3,70,NA,NA,NA,0
325,3,70,NA,NA,NA,0
326,3,70,NA,NA,NA,0
327,6,71,NA,NA,NA,0
328,6,71,NA,NA,NA,0
329,6,71,NA,NA,NA,0
330,6,71,NA,NA,NA,0
331,6,71,NA,NA,NA,0
332,6,71,NA,NA,NA,0
333,3,72,NA,NA,NA,0
334,3,72,NA,NA,NA,0
335,3,72,NA,NA,NA,0
336,6,73,NA,NA,NA,0
337,6,73,NA,NA,NA,0
338,6,73,NA,NA,NA,0
339,6,73,NA,NA,NA,0
340,6,73,"E",146,NA,0
341,6,73,NA,NA,NA,0
342,5,74,NA,NA,NA,0
343,5,74,NA,NA,NA,0
344,5,74,NA,NA,NA,0
345,5,74,NA,NA,NA,0
346,5,74,"E",239,NA,0
347,4,75,NA,NA,NA,0
348,4,75,NA,NA,NA,0
349,4,75,NA,NA,NA,0
350,4,75,NA,NA,NA,0
351,4,76,NA,NA,NA,0
352,4,76,NA,NA,NA,0
353,4,76,NA,NA,NA,0
354,4,76,NA,NA,NA,0
355,5,77,NA,NA,NA,0
356,5,77,NA,NA,NA,0
357,5,77,NA,NA,NA,0
358,5,77,NA,NA,NA,0
359,5,77,NA,NA,NA,0
360,3,78,NA,NA,NA,0
361,3,78,NA,NA,NA,0
362,3,78,NA,NA,NA,0
363,4,79,NA,NA,NA,0
364,4,79,NA,NA,NA,0
365,4,79,NA,NA,NA,0
366,4,79,NA,NA,NA,0
367,3,80,NA,NA,NA,0
368,3,80,NA,NA,NA,0
369,3,80,NA,NA,NA,0
370,3,81,NA,NA,NA,0
371,3,81,NA,NA,NA,0
372,3,81,NA,NA,NA,0
373,4,82,NA,NA,NA,0
374,4,82,NA,NA,NA,0
375,4,82,NA,NA,NA,0
376,4,82,NA,NA,NA,0
377,3,83,NA,NA,NA,0
378,3,83,NA,NA,NA,0
379,3,83,NA,NA,NA,0
380,4,84,NA,NA,NA,0
381,4,84,NA,NA,NA,0
382,4,84,NA,NA,NA,0
383,4,84,NA,NA,NA,0
384,3,85,NA,NA,NA,0
385,3,85,NA,NA,NA,0
386,3,85,NA,NA,NA,0
387,5,86,NA,NA,NA,0
388,5,86,NA,NA,NA,0
389,5,86,NA,NA,NA,0
390,5,86,NA,NA,NA,0
391,5,86,NA,NA,NA,0
392,4,87,NA,NA,NA,0
393,4,87,NA,NA,NA,0
394,4,87,NA,NA,NA,0
395,4,87,NA,NA,NA,0
396,3,88,NA,NA,NA,0
397,3,88,NA,NA,NA,0
398,3,88,NA,NA,NA,0
399,5,89,NA,NA,NA,0
400,5,89,NA,NA,NA,0
401,5,89,NA,NA,NA,0
402,5,89,NA,NA,NA,0
403,5,89,NA,NA,NA,0
404,4,90,NA,NA,NA,0
405,4,90,NA,NA,NA,0
406,4,90,"E",241,NA,0
407,4,90,NA,NA,NA,0
408,5,91,NA,NA,NA,0
409,5,91,NA,NA,NA,0
410,5,91,NA,NA,NA,0
411,5,91,NA,NA,NA,0
412,5,91,NA,NA,NA,0
413,5,92,NA,NA,NA,0
414,5,92,NA,NA,NA,0
415,5,92,NA,NA,NA,0
416,5,92,NA,NA,NA,0
417,5,92,NA,NA,NA,0
418,5,93,NA,NA,NA,0
419,5,93,NA,NA,NA,0
420,5,93,NA,NA,NA,0
421,5,93,"E",294,NA,0
422,5,93,NA,NA,NA,0
423,5,94,NA,NA,NA,0
424,5,94,NA,NA,NA,0
425,5,94,NA,NA,NA,0
426,5,94,NA,NA,NA,0
427,5,94,NA,NA,NA,0
428,3,95,NA,NA,NA,0
429,3,95,NA,NA,NA,0
430,3,95,NA,NA,NA,0
431,6,96,NA,NA,NA,0
432,6,96,NA,NA,NA,0
433,6,96,NA,NA,NA,0
434,6,96,NA,NA,NA,0
435,6,96,NA,NA,NA,0
436,6,96,NA,NA,NA,0
437,6,97,NA,NA,NA,0
438,6,97,NA,NA,NA,0
439,6,97,NA,NA,NA,0
440,6,97,NA,NA,NA,0
441,6,97,NA,NA,NA,0
442,6,97,NA,NA,NA,0
443,5,98,NA,NA,NA,0
444,5,98,NA,NA,NA,0
445,5,98,NA,NA,NA,0
446,5,98,NA,NA,NA,0
447,5,98,NA,NA,NA,0
448,3,99,NA,NA,NA,0
449,3,99,NA,NA,NA,0
450,3,99,NA,NA,NA,0
451,3,100,"E",152,NA,0
452,3,100,NA,NA,NA,0
453,3,100,NA,NA,NA,0
454,6,101,NA,NA,NA,0
455,6,101,NA,NA,NA,0
456,6,101,NA,NA,NA,0
457,6,101,NA,NA,NA,0
458,6,101,NA,NA,NA,0
459,6,101,NA,NA,NA,0
460,6,102,NA,NA,NA,0
461,6,102,NA,NA,NA,0
462,6,102,NA,NA,NA,0
463,6,102,NA,NA,NA,0
464,6,102,NA,NA,NA,0
465,6,102,NA,NA,NA,0
466,3,103,NA,NA,NA,0
467,3,103,NA,NA,NA,0
468,3,103,NA,NA,NA,0
469,5,104,NA,NA,NA,0
470,5,104,NA,NA,NA,0
471,5,104,NA,NA,NA,0
472,5,104,NA,NA,NA,0
473,5,104,NA,NA,NA,0
474,3,105,"E",NA,NA,0
475,3,105,NA,NA,NA,0
476,3,105,NA,NA,NA,0
477,6,106,NA,NA,NA,0
478,6,106,NA,NA,NA,0
479,6,106,NA,NA,NA,0
480,6,106,NA,NA,NA,0
481,6,106,NA,NA,NA,0
482,6,106,NA,NA,NA,0
483,4,107,NA,NA,NA,0
484,4,107,NA,NA,NA,0
485,4,107,"E",166,NA,0
486,4,107,NA,NA,NA,0
487,4,108,NA,NA,NA,0
488,4,108,NA,NA,NA,0
489,4,108,NA,NA,NA,0
490,4,108,NA,NA,NA,0
491,3,109,NA,NA,NA,0
492,3,109,NA,NA,NA,0
493,3,109,NA,NA,NA,0
494,3,110,NA,NA,NA,0
495,3,110,NA,NA,NA,0
496,3,110,NA,NA,NA,0
497,4,111,NA,NA,NA,0
498,4,111,NA,NA,NA,0
499,4,111,NA,NA,NA,0
500,4,111,NA,NA,NA,0
501,3,112,NA,NA,NA,0
502,3,112,NA,NA,NA,0
503,3,112,NA,NA,NA,0
504,3,113,NA,NA,NA,0
505,3,113,NA,NA,NA,0
506,3,113,NA,NA,NA,0
507,6,114,NA,NA,NA,0
508,6,114,NA,NA,NA,0
509,6,114,NA,NA,NA,0
510,6,114,NA,NA,NA,0
511,6,114,NA,NA,NA,0
512,6,114,NA,NA,NA,0
513,6,115,NA,NA,NA,0
514,6,115,NA,NA,NA,0
515,6,115,NA,NA,NA,0
516,6,115,NA,NA,NA,0
517,6,115,NA,NA,NA,0
518,6,115,NA,NA,NA,0
519,3,116,NA,NA,NA,0
520,3,116,NA,NA,NA,0
521,3,116,NA,NA,NA,0
522,4,117,NA,NA,NA,0
523,4,117,NA,NA,NA,0
524,4,117,"E",255,NA,0
525,4,117,NA,NA,NA,0
526,3,118,NA,NA,NA,0
527,3,118,NA,NA,NA,0
528,3,118,NA,NA,NA,0
529,5,119,"E",207,NA,0
530,5,119,NA,NA,NA,0
531,5,119,NA,NA,NA,0
532,5,119,NA,NA,NA,0
533,5,119,NA,NA,NA,0
534,6,120,NA,NA,NA,0
535,6,120,NA,NA,NA,0
536,6,120,NA,NA,NA,0
537,6,120,NA,NA,NA,0
538,6,120,NA,NA,NA,0
539,6,120,NA,NA,NA,0
540,6,121,NA,NA,NA,0
541,6,121,NA,NA,NA,0
542,6,121,NA,NA,NA,0
543,6,121,NA,NA,NA,0
544,6,121,NA,NA,NA,0
545,6,121,NA,NA,NA,0
546,3,122,NA,NA,NA,0
547,3,122,NA,NA,NA,0
548,3,122,NA,NA,NA,0
549,6,123,NA,NA,NA,0
550,6,123,NA,NA,NA,0
551,6,123,NA,NA,NA,0
552,6,123,NA,NA,NA,0
553,6,123,NA,NA,NA,0
554,6,123,NA,NA,NA,0
555,5,124,NA,NA,NA,0
556,5,124,NA,NA,NA,0
557,5,124,NA,NA,NA,0
558,5,124,NA,NA,NA,0
559,5,124,NA,NA,NA,0
560,3,125,NA,NA,NA,0
561,3,125,NA,NA,NA,0
562,3,125,NA,NA,NA,0
563,5,126,"E",NA,NA,0
564,5,126,NA,NA,NA,0
565,5,126,NA,NA,NA,0
566,5,126,NA,NA,NA,0
567,5,126,NA,NA,NA,0
568,6,127,NA,NA,NA,0
569,6,127,NA,NA,NA,0
570,6,127,NA,NA,NA,0
571,6,127,NA,NA,NA,0
572,6,127,NA,NA,NA,0
573,6,127,NA,NA,NA,0
574,5,128,NA,NA,NA,0
575,5,128,NA,NA,NA,0
576,5,128,NA,NA,NA,0
577,5,128,NA,NA,NA,0
578,5,128,NA,NA,NA,0
579,5,129,NA,NA,NA,0
580,5,129,NA,NA,NA,0
581,5,129,NA,NA,NA,0
582,5,129,NA,NA,NA,0
583,5,129,NA,NA,NA,0
584,5,130,NA,NA,NA,0
585,5,130,"E",NA,NA,0
586,5,130,NA,NA,NA,0
587,5,130,NA,NA,NA,0
588,5,130,"E",NA,NA,0
589,3,131,NA,NA,NA,0
590,3,131,NA,NA,NA,0
591,3,131,NA,NA,NA,0
592,4,132,NA,NA,NA,0
593,4,132,NA,NA,NA,0
594,4,132,NA,NA,NA,0
595,4,132,NA,NA,NA,0
596,4,133,NA,NA,NA,0
597,4,133,NA,NA,NA,0
598,4,133,NA,NA,NA,0
599,4,133,NA,NA,NA,0
600,6,134,NA,NA,NA,0
601,6,134,NA,NA,NA,0
602,6,134,NA,NA,NA,0
603,6,134,NA,NA,NA,0
604,6,134,NA,NA,NA,0
605,6,134,NA,NA,NA,0
606,3,135,NA,NA,NA,0
607,3,135,NA,NA,NA,0
608,3,135,NA,NA,NA,0
609,6,136,NA,NA,NA,0
610,6,136,NA,NA,NA,0
611,6,136,NA,NA,NA,0
612,6,136,"E",230,NA,0
613,6,136,NA,NA,NA,0
614,6,136,NA,NA,NA,0
615,4,137,NA,NA,NA,0
616,4,137,NA,NA,NA,0
617,4,137,NA,NA,NA,0
618,4,137,NA,NA,NA,0
619,6,138,NA,NA,NA,0
620,6,138,NA,NA,NA,0
621,6,138,NA,NA,NA,0
622,6,138,NA,NA,NA,0
623,6,138,NA,NA,NA,0
624,6,138,NA,NA,NA,0
625,5,139,NA,NA,NA,0
626,5,139,NA,NA,NA,0
627,5,139,NA,NA,NA,0
628,5,139,NA,NA,NA,0
629,5,139,NA,NA,NA,0
630,4,140,NA,NA,NA,0
631,4,140,NA,NA,NA,0
632,4,140,NA,NA,NA,0
633,4,140,NA,NA,NA,0
634,6,141,NA,NA,NA,0
635,6,141,"E",274,NA,0
636,6,141,NA,NA,NA,0
637,6,141,NA,NA,NA,0
638,6,141,NA,NA,NA,0
639,6,141,NA,NA,NA,0
640,6,142,NA,NA,NA,0
641,6,142,NA,NA,NA,0
642,6,142,NA,NA,NA,0
643,6,142,NA,NA,NA,0
644,6,142,NA,NA,NA,0
645,6,142,NA,NA,NA,0
646,4,143,NA,NA,NA,0
647,4,143,NA,NA,NA,0
648,4,143,NA,NA,NA,0
649,4,143,NA,NA,NA,0
650,4,144,NA,NA,NA,0
651,4,144,NA,NA,NA,0
652,4,144,NA,NA,NA,0
653,4,144,NA,NA,NA,0
654,5,145,NA,NA,NA,0
655,5,145,NA,NA,NA,0
656,5,145,NA,NA,NA,0
657,5,145,NA,NA,NA,0
658,5,145,NA,NA,NA,0
659,5,146,NA,NA,NA,0
660,5,146,NA,NA,NA,0
661,5,146,NA,NA,NA,0
662,5,146,NA,NA,NA,0
663,5,146,NA,NA,NA,0
664,3,147,NA,NA,NA,0
665,3,147,NA,NA,NA,0
666,3,147,NA,NA,NA,0
667,6,148,NA,NA,NA,0
668,6,148,NA,NA,NA,0
669,6,148,"E",312,NA,0
670,6,148,NA,NA,NA,0
671,6,148,NA,NA,NA,0
672,6,148,NA,NA,NA,0
673,3,149,NA,NA,NA,0
674,3,149,"E",129,NA,0
675,3,149,NA,NA,NA,0
676,3,150,NA,NA,NA,0
677,3,150,NA,NA,NA,0
678,3,150,NA,NA,NA,0
679,5,151,NA,NA,NA,0
680,5,151,"E",179,NA,0
681,5,151,NA,NA,NA,0
682,5,151,NA,NA,NA,0
683,5,151,NA,NA,NA,0
684,5,152,NA,NA,NA,0
685,5,152,NA,NA,NA,0
686,5,152,NA,NA,NA,0
687,5,152,NA,NA,NA,0
688,5,152,NA,NA,NA,0
689,5,153,NA,NA,NA,0
690,5,153,NA,NA,NA,0
691,5,153,NA,NA,NA,0
692,5,153,NA,NA,NA,0
693,5,153,NA,NA,NA,0
694,3,154,NA,NA,NA,0
695,3,154,NA,NA,NA,0
696,3,154,NA,NA,NA,0
697,3,155,NA,NA,NA,0
698,3,155,NA,NA,NA,0
699,3,155,NA,NA,NA,0
700,6,156,NA,NA,NA,0
701,6,156,NA,NA,NA,0
702,6,156,NA,NA,NA,0
703,6,156,"E",265,NA,0
704,6,156,NA,NA,NA,0
705,6,156,NA,NA,NA,0
706,3,157,NA,NA,NA,0
707,3,157,NA,NA,NA,0
708,3,157,NA,NA,NA,0
709,5,158,NA,NA,NA,0
710,5,158,NA,NA,NA,0
711,5,158,NA,NA,NA,0
712,5,158,"E",330,NA,0
713,5,158,NA,NA,NA,0
714,4,159,NA,NA,NA,0
715,4,159,NA,NA,NA,0
716,4,159,NA,NA,NA,0
717,4,159,NA,NA,NA,0
718,3,160,NA,NA,NA,0
719,3,160,NA,NA,NA,0
720,3,160,NA,NA,NA,0
721,5,161,NA,NA,NA,0
722,5,161,NA,NA,NA,0
723,5,161,NA,NA,NA,0
724,5,161,NA,NA,NA,0
725,5,161,NA,NA,NA,0
726,4,162,"E",361,NA,0
727,4,162,NA,NA,NA,0
728,4,162,NA,NA,NA,0
729,4,162,"E",264,NA,0
730,4,163,NA,NA,NA,0
731,4,163,"E",303,NA,0
732,4,163,NA,NA,NA,0
733,4,163,NA,NA,NA,0
734,4,164,NA,NA,NA,0
735,4,164,NA,NA,NA,0
736,4,164,NA,NA,NA,0
737,4,164,NA,NA,NA,0
738,5,165,NA,NA,NA,0
739,5,165,NA,NA,NA,0
740,5,165,NA,NA,NA,0
741,5,165,NA,NA,NA,0
742,5,165,NA,NA,NA,0
743,5,166,NA,NA,NA,0
744,5,166,NA,NA,NA,0
745,5,166,NA,NA,NA,0
746,5,166,NA,NA,NA,0
747,5,166,NA,NA,NA,0
748,4,167,NA,NA,NA,0
749,4,167,NA,NA,NA,0
750,4,167,NA,NA,NA,0
751,4,167,"E",NA,NA,0
752,4,168,NA,NA,NA,0
753,4,168,NA,NA,NA,0
754,4,168,NA,NA,NA,0
755,4,168,NA,NA,NA,0
756,4,169,NA,NA,NA,0
757,4,169,NA,NA,NA,0
758,4,169,NA,NA,NA,0
759,4,169,NA,NA,NA,0
760,3,170,NA,NA,NA,0
761,3,170,NA,NA,NA,0
762,3,170,NA,NA,NA,0
763,3,171,NA,NA,NA,0
764,3,171,NA,NA,NA,0
765,3,171,NA,NA,NA,0
766,3,172,NA,NA,NA,0
767,3,172,NA,NA,NA,0
768,3,172,NA,NA,NA,0
769,3,173,NA,NA,NA,0
770,3,173,NA,NA,NA,0
771,3,173,NA,NA,NA,0
772,5,174,"E",186,NA,0
773,5,174,NA,NA,NA,0
774,5,174,NA,NA,NA,0
775,5,174,NA,NA,NA,0
776,5,174,NA,NA,NA,0
777,5,175,NA,NA,NA,0
778,5,175,NA,NA,NA,0
779,5,175,NA,NA,NA,0
780,5,175,NA,NA,NA,0
781,5,175,NA,NA,NA,0
782,6,176,NA,NA,NA,0
783,6,176,"E",216,NA,0
784,6,176,NA,NA,NA,0
785,6,176,NA,NA,NA,0
786,6,176,"E",108,NA,0
787,6,176,NA,NA,NA,0
788,5,177,NA,NA,NA,0
789,5,177,NA,NA,NA,0
790,5,177,NA,NA,NA,0
791,5,177,NA,NA,NA,0
792,5,177,NA,NA,NA,0
793,6,178,NA,NA,NA,0
794,6,178,NA,NA,NA,0
795,6,178,NA,NA,NA,0
796,6,178,"E",NA,NA,0
797,6,178,NA,NA,NA,0
798,6,178,NA,NA,NA,0
799,6,179,NA,NA,NA,0
800,6,179,NA,NA,NA,0
801,6,179,NA,NA,NA,0
802,6,179,NA,NA,NA,0
803,6,179,"E",273,NA,0
804,6,179,NA,NA,NA,0
805,3,180,NA,NA,NA,0
806,3,180,NA,NA,NA,0
807,3,180,NA,NA,NA,0
808,3,181,NA,NA,NA,0
809,3,181,NA,NA,NA,0
810,3,181,NA,NA,NA,0
811,6,182,NA,NA,NA,0
812,6,182,NA,NA,NA,0
813,6,182,"E",348,NA,0
814,6,182,NA,NA,NA,0
815,6,182,NA,NA,NA,0
816,6,182,NA,NA,NA,0
817,6,183,"E",316,NA,0
818,6,183,NA,NA,NA,0
819,6,183,NA,NA,NA,0
820,6,183,NA,NA,NA,0
821,6,183,NA,NA,NA,0
822,6,183,NA,NA,NA,0
823,4,184,NA,NA,NA,0
824,4,184,NA,NA,NA,0
825,4,184,NA,NA,NA,0
826,4,184,NA,NA,NA,0
827,6,185,NA,NA,NA,0
828,6,185,NA,NA,NA,0
829,6,185,"E",344,NA,0
830,6,185,NA,NA,NA,0
831,6,185,"E",330,NA,0
832,6,185,NA,NA,NA,0
833,4,186,NA,NA,NA,0
834,4,186,NA,NA,NA,0
835,4,186,NA,NA,NA,0
836,4,186,NA,NA,NA,0
837,3,187,NA,NA,NA,0
838,3,187,NA,NA,NA,0
839,3,187,NA,NA,NA,0
840,4,188,NA,NA,NA,0
841,4,188,NA,NA,NA,0
842,4,188,NA,NA,NA,0
843,4,188,NA,NA,NA,0
844,3,189,NA,NA,NA,0
845,3,189,NA,NA,NA,0
846,3,189,NA,NA,NA,0
847,6,190,NA,NA,NA,0
848,6,190,NA,NA,NA,0
849,6,190,"E",298,NA,0
850,6,190,NA,NA,NA,0
851,6,190,NA,NA,NA,0
852,6,190,NA,NA,NA,0
853,3,191,NA,NA,NA,0
854,3,191,NA,NA,NA,0
855,3,191,NA,NA,NA,0
856,3,192,NA,NA,NA,0
857,3,192,NA,NA,NA,0
858,3,192,NA,NA,NA,0
859,4,193,"E",227,NA,0
860,4,193,NA,NA,NA,0
861,4,193,NA,NA,NA,0
862,4,193,NA,NA,NA,0
863,3,194,NA,NA,NA,0
864,3,194,NA,NA,NA,0
865,3,194,NA,NA,NA,0
866,6,195,NA,NA,NA,0
867,6,195,NA,NA,NA,0
868,6,195,NA,NA,NA,0
869,6,195,NA,NA,NA,0
870,6,195,NA,NA,NA,0
871,6,195,NA,NA,NA,0
872,5,196,NA,NA,NA,0
873,5,196,NA,NA,NA,0
874,5,196,NA,NA,NA,0
875,5,196,NA,NA,NA,0
876,5,196,NA,NA,NA,0
877,6,197,NA,NA,NA,0
878,6,197,NA,NA,NA,0
879,6,197,NA,NA,NA,0
880,6,197,NA,NA,NA,0
881,6,197,NA,NA,NA,0
882,6,197,NA,NA,NA,0
883,5,198,NA,NA,NA,0
884,5,198,NA,NA,NA,0
885,5,198,NA,NA,NA,0
886,5,198,NA,NA,NA,0
887,5,198,NA,NA,NA,0
888,5,199,NA,NA,NA,0
889,5,199,NA,NA,NA,0
890,5,199,NA,NA,NA,0
891,5,199,NA,NA,NA,0
892,5,199,NA,NA,NA,0
893,4,200,NA,NA,NA,0
894,4,200,NA,NA,NA,0
895,4,200,NA,NA,NA,0
896,4,200,NA,NA,NA,0
897,6,201,NA,NA,NA,0
898,6,201,NA,NA,NA,0
899,6,201,NA,NA,NA,0
900,6,201,NA,NA,NA,0
901,6,201,NA,NA,NA,0
902,6,201,NA,NA,NA,0
903,3,202,NA,NA,NA,0
904,3,202,"E",354,NA,0
905,3,202,NA,NA,NA,0
906,6,203,NA,NA,NA,0
907,6,203,NA,NA,NA,0
908,6,203,NA,NA,NA,0
909,6,203,NA,NA,NA,0
910,6,203,NA,NA,NA,0
911,6,203,NA,NA,NA,0
912,4,204,NA,NA,NA,0
913,4,204,NA,NA,NA,0
914,4,204,NA,NA,NA,0
915,4,204,NA,NA,NA,0
916,4,205,NA,NA,NA,0
917,4,205,NA,NA,NA,0
918,4,205,NA,NA,NA,0
919,4,205,NA,NA,NA,0
920,5,206,NA,NA,NA,0
921,5,206,NA,NA,NA,0
922,5,206,NA,NA,NA,0
923,5,206,NA,NA,NA,0
924,5,206,NA,NA,NA,0
925,6,207,NA,NA,NA,0
926,6,207,NA,NA,NA,0
927,6,207,NA,NA,NA,0
928,6,207,NA,NA,NA,0
929,6,207,"E",177,NA,0
930,6,207,NA,NA,NA,0
931,3,208,NA,NA,NA,0
932,3,208,NA,NA,NA,0
933,3,208,NA,NA,NA,0
934,3,209,NA,NA,NA,0
935,3,209,NA,NA,NA,0
936,3,209,NA,NA,NA,0
937,4,210,NA,NA,NA,0
938,4,210,NA,NA,NA,0
939,4,210,NA,NA,NA,0
940,4,210,NA,NA,NA,0
941,4,211,NA,NA,NA,0
942,4,211,NA,NA,NA,0
943,4,211,NA,NA,NA,0
944,4,211,NA,NA,NA,0
945,6,212,NA,NA,NA,0
946,6,212,NA,NA,NA,0
947,6,212,NA,NA,NA,0
948,6,212,NA,NA,NA,0
949,6,212,NA,NA,NA,0
950,6,212,NA,NA,NA,0
951,3,213,NA,NA,NA,0
952,3,213,NA,NA,NA,0
953,3,213,NA,NA,NA,0
954,3,214,NA,NA,NA,0
955,3,214,NA,NA,NA,0
956,3,214,NA,NA,NA,0
957,5,215,"E",345,NA,0
958,5,215,NA,NA,NA,0
959,5,215,NA,NA,NA,0
960,5,215,"E",292,NA,0
961,5,215,NA,NA,NA,0
962,4,216,NA,NA,NA,0
963,4,216,NA,NA,NA,0
964,4,216,NA,NA,NA,0
965,4,216,NA,NA,NA,0
966,3,217,NA,NA,NA,0
967,3,217,NA,NA,NA,0
968,3,217,NA,NA,NA,0
969,5,218,NA,NA,NA,0
970,5,218,NA,NA,NA,0
971,5,218,"E",349,NA,0
972,5,218,"E",227,NA,0
973,5,218,NA,NA,NA,0
974,4,219,NA,NA,NA,0
975,4,219,NA,NA,NA,0
976,4,219,NA,NA,NA,0
977,4,219,NA,NA,NA,0
978,5,220,NA,NA,NA,0
979,5,220,NA,NA,NA,0
980,5,220,NA,NA,NA,0
981,5,220,NA,NA,NA,0
982,5,220,NA,NA,NA,0
983,4,221,NA,NA,NA,0
984,4,221,NA,NA,NA,0
985,4,221,NA,NA,NA,0
986,4,221,"E",268,NA,0
987,6,222,NA,NA,NA,0
988,6,222,NA,NA,NA,0
989,6,222,NA,NA,NA,0
990,6,222,NA,NA,NA,0
991,6,222,NA,NA,NA,0
992,6,222,NA,NA,NA,0
993,4,223,NA,NA,NA,0
994,4,223,NA,NA,NA,0
995,4,223,NA,NA,NA,0
996,4,223,NA,NA,NA,0
997,4,224,NA,NA,NA,0
998,4,224,NA,NA,NA,0
999,4,224,"E",327,NA,0
1000,4,224,NA,NA,NA,0
