"ID","SIZE","HH","TYPE","TIME","S_num","I_num"
1,3,1,"0",28,NA,0
2,3,1,NA,NA,NA,0
3,3,1,NA,NA,NA,0
4,6,2,"E",NA,NA,0
5,6,2,"E",287,NA,0
6,6,2,NA,NA,NA,0
7,6,2,NA,NA,NA,0
8,6,2,"E",227,NA,0
9,6,2,NA,NA,NA,0
10,5,3,NA,NA,NA,0
11,5,3,NA,NA,NA,0
12,5,3,NA,NA,NA,0
13,5,3,NA,NA,NA,0
14,5,3,NA,NA,NA,0
15,3,4,NA,NA,NA,0
16,3,4,NA,NA,NA,0
17,3,4,NA,NA,NA,0
18,6,5,NA,NA,NA,0
19,6,5,"E",172,NA,0
20,6,5,NA,NA,NA,0
21,6,5,NA,NA,NA,0
22,6,5,"E",338,NA,0
23,6,5,NA,NA,NA,0
24,4,6,NA,NA,NA,0
25,4,6,NA,NA,NA,0
26,4,6,NA,NA,NA,0
27,4,6,NA,NA,NA,0
28,4,7,NA,NA,NA,0
29,4,7,NA,NA,NA,0
30,4,7,"E",NA,NA,0
31,4,7,NA,NA,NA,0
32,3,8,NA,NA,NA,0
33,3,8,NA,NA,NA,0
34,3,8,NA,NA,NA,0
35,3,9,NA,NA,NA,0
36,3,9,"E",226,NA,0
37,3,9,"E",128,NA,0
38,6,10,NA,NA,NA,0
39,6,10,NA,NA,NA,0
40,6,10,"E",220,NA,0
41,6,10,NA,NA,NA,0
42,6,10,NA,NA,NA,0
43,6,10,NA,NA,NA,0
44,3,11,NA,NA,NA,0
45,3,11,NA,NA,NA,0
46,3,11,NA,NA,NA,0
47,6,12,NA,NA,NA,0
48,6,12,NA,NA,NA,0
49,6,12,NA,NA,NA,0
50,6,12,NA,NA,NA,0
51,6,12,NA,NA,NA,0
52,6,12,"E",318,NA,0
53,6,13,"E",165,NA,0
54,6,13,"E",NA,NA,0
55,6,13,NA,NA,NA,0
56,6,13,"E",219,NA,0
57,6,13,NA,NA,NA,0
58,6,13,"E",NA,NA,0
59,4,14,NA,NA,NA,0
60,4,14,NA,NA,NA,0
61,4,14,NA,NA,NA,0
62,4,14,NA,NA,NA,0
63,5,15,NA,NA,NA,0
64,5,15,NA,NA,NA,0
65,5,15,"E",NA,NA,0
66,5,15,"E",277,NA,0
67,5,15,NA,NA,NA,0
68,6,16,"E",153,NA,0
69,6,16,NA,NA,NA,0
70,6,16,NA,NA,NA,0
71,6,16,NA,NA,NA,0
72,6,16,NA,NA,NA,0
73,6,16,NA,NA,NA,0
74,4,17,"E",357,NA,0
75,4,17,NA,NA,NA,0
76,4,17,NA,NA,NA,0
77,4,17,"E",325,NA,0
78,5,18,NA,NA,NA,0
79,5,18,NA,NA,NA,0
80,5,18,"E",163,NA,0
81,5,18,NA,NA,NA,0
82,5,18,NA,NA,NA,0
83,6,19,NA,NA,NA,0
84,6,19,NA,NA,NA,0
85,6,19,NA,NA,NA,0
86,6,19,NA,NA,NA,0
87,6,19,NA,NA,NA,0
88,6,19,NA,NA,NA,0
89,3,20,"E",NA,NA,0
90,3,20,"E",287,NA,0
91,3,20,"E",238,NA,0
92,5,21,NA,NA,NA,0
93,5,21,NA,NA,NA,0
94,5,21,NA,NA,NA,0
95,5,21,NA,NA,NA,0
96,5,21,NA,NA,NA,0
97,4,22,"E",199,NA,0
98,4,22,NA,NA,NA,0
99,4,22,NA,NA,NA,0
100,4,22,NA,NA,NA,0
101,4,23,NA,NA,NA,0
102,4,23,NA,NA,NA,0
103,4,23,NA,NA,NA,0
104,4,23,NA,NA,NA,0
105,6,24,NA,NA,NA,0
106,6,24,NA,NA,NA,0
107,6,24,"E",239,NA,0
108,6,24,NA,NA,NA,0
109,6,24,NA,NA,NA,0
110,6,24,NA,NA,NA,0
111,4,25,NA,NA,NA,0
112,4,25,"E",322,NA,0
113,4,25,NA,NA,NA,0
114,4,25,NA,NA,NA,0
115,3,26,NA,NA,NA,0
116,3,26,NA,NA,NA,0
117,3,26,NA,NA,NA,0
118,5,27,"E",339,NA,0
119,5,27,NA,NA,NA,0
120,5,27,NA,NA,NA,0
121,5,27,"E",156,NA,0
122,5,27,"E",136,NA,0
123,5,28,NA,NA,NA,0
124,5,28,NA,NA,NA,0
125,5,28,NA,NA,NA,0
126,5,28,NA,NA,NA,0
127,5,28,NA,NA,NA,0
128,4,29,"E",351,NA,0
129,4,29,NA,NA,NA,0
130,4,29,NA,NA,NA,0
131,4,29,"E",299,NA,0
132,3,30,NA,NA,NA,0
133,3,30,NA,NA,NA,0
134,3,30,NA,NA,NA,0
135,5,31,NA,NA,NA,0
136,5,31,NA,NA,NA,0
137,5,31,"E",224,NA,0
138,5,31,NA,NA,NA,0
139,5,31,NA,NA,NA,0
140,4,32,NA,NA,NA,0
141,4,32,NA,NA,NA,0
142,4,32,"E",NA,NA,0
143,4,32,NA,NA,NA,0
144,4,33,NA,NA,NA,0
145,4,33,NA,NA,NA,0
146,4,33,NA,NA,NA,0
147,4,33,NA,NA,NA,0
148,3,34,NA,NA,NA,0
149,3,34,NA,NA,NA,0
150,3,34,"E",360,NA,0
151,3,35,"E",330,NA,0
152,3,35,NA,NA,NA,0
153,3,35,"E",NA,NA,0
154,5,36,NA,NA,NA,0
155,5,36,NA,NA,NA,0
156,5,36,NA,NA,NA,0
157,5,36,NA,NA,NA,0
158,5,36,"E",189,NA,0
159,4,37,"E",177,NA,0
160,4,37,"E",227,NA,0
161,4,37,"E",175,NA,0
162,4,37,NA,NA,NA,0
163,4,38,NA,NA,NA,0
164,4,38,NA,NA,NA,0
165,4,38,NA,NA,NA,0
166,4,38,"E",279,NA,0
167,3,39,NA,NA,NA,0
168,3,39,"E",337,NA,0
169,3,39,"E",231,NA,0
170,5,40,NA,NA,NA,0
171,5,40,NA,NA,NA,0
172,5,40,NA,NA,NA,0
173,5,40,"E",284,NA,0
174,5,40,NA,NA,NA,0
175,6,41,NA,NA,NA,0
176,6,41,NA,NA,NA,0
177,6,41,"E",184,NA,0
178,6,41,NA,NA,NA,0
179,6,41,NA,NA,NA,0
180,6,41,NA,NA,NA,0
181,3,42,NA,NA,NA,0
182,3,42,NA,NA,NA,0
183,3,42,NA,NA,NA,0
184,6,43,NA,NA,NA,0
185,6,43,NA,NA,NA,0
186,6,43,NA,NA,NA,0
187,6,43,NA,NA,NA,0
188,6,43,"E",274,NA,0
189,6,43,NA,NA,NA,0
190,4,44,NA,NA,NA,0
191,4,44,NA,NA,NA,0
192,4,44,NA,NA,NA,0
193,4,44,NA,NA,NA,0
194,3,45,NA,NA,NA,0
195,3,45,NA,NA,NA,0
196,3,45,NA,NA,NA,0
197,3,46,NA,NA,NA,0
198,3,46,NA,NA,NA,0
199,3,46,NA,NA,NA,0
200,6,47,NA,NA,NA,0
201,6,47,NA,NA,NA,0
202,6,47,NA,NA,NA,0
203,6,47,NA,NA,NA,0
204,6,47,NA,NA,NA,0
205,6,47,"E",257,NA,0
206,4,48,NA,NA,NA,0
207,4,48,NA,NA,NA,0
208,4,48,NA,NA,NA,0
209,4,48,NA,NA,NA,0
210,5,49,NA,NA,NA,0
211,5,49,NA,NA,NA,0
212,5,49,NA,NA,NA,0
213,5,49,NA,NA,NA,0
214,5,49,"E",246,NA,0
215,6,50,NA,NA,NA,0
216,6,50,NA,NA,NA,0
217,6,50,"E",341,NA,0
218,6,50,"E",153,NA,0
219,6,50,"E",234,NA,0
220,6,50,NA,NA,NA,0
221,3,51,NA,NA,NA,0
222,3,51,NA,NA,NA,0
223,3,51,NA,NA,NA,0
224,4,52,"E",153,NA,0
225,4,52,NA,NA,NA,0
226,4,52,NA,NA,NA,0
227,4,52,NA,NA,NA,0
228,5,53,NA,NA,NA,0
229,5,53,NA,NA,NA,0
230,5,53,NA,NA,NA,0
231,5,53,NA,NA,NA,0
232,5,53,NA,NA,NA,0
233,4,54,"E",308,NA,0
234,4,54,NA,NA,NA,0
235,4,54,NA,NA,NA,0
236,4,54,NA,NA,NA,0
237,3,55,NA,NA,NA,0
238,3,55,NA,NA,NA,0
239,3,55,NA,NA,NA,0
240,3,56,NA,NA,NA,0
241,3,56,NA,NA,NA,0
242,3,56,NA,NA,NA,0
243,5,57,NA,NA,NA,0
244,5,57,NA,NA,NA,0
245,5,57,NA,NA,NA,0
246,5,57,NA,NA,NA,0
247,5,57,NA,NA,NA,0
248,6,58,"E",336,NA,0
249,6,58,NA,NA,NA,0
250,6,58,NA,NA,NA,0
251,6,58,NA,NA,NA,0
252,6,58,"E",NA,NA,0
253,6,58,NA,NA,NA,0
254,4,59,NA,NA,NA,0
255,4,59,NA,NA,NA,0
256,4,59,NA,NA,NA,0
257,4,59,NA,NA,NA,0
258,5,60,NA,NA,NA,0
259,5,60,NA,NA,NA,0
260,5,60,NA,NA,NA,0
261,5,60,NA,NA,NA,0
262,5,60,NA,NA,NA,0
263,3,61,NA,NA,NA,0
264,3,61,NA,NA,NA,0
265,3,61,NA,NA,NA,0
266,4,62,NA,NA,NA,0
267,4,62,NA,NA,NA,0
268,4,62,NA,NA,NA,0
269,4,62,NA,NA,NA,0
270,3,63,"E",NA,NA,0
271,3,63,NA,NA,NA,0
272,3,63,NA,NA,NA,0
273,4,64,"E",172,NA,0
274,4,64,"E",336,NA,0
275,4,64,NA,NA,NA,0
276,4,64,"E",NA,NA,0
277,4,65,"E",181,NA,0
278,4,65,NA,NA,NA,0
279,4,65,NA,NA,NA,0
280,4,65,"E",360,NA,0
281,3,66,NA,NA,NA,0
282,3,66,NA,NA,NA,0
283,3,66,NA,NA,NA,0
284,5,67,NA,NA,NA,0
285,5,67,NA,NA,NA,0
286,5,67,NA,NA,NA,0
287,5,67,NA,NA,NA,0
288,5,67,NA,NA,NA,0
289,6,68,NA,NA,NA,0
290,6,68,NA,NA,NA,0
291,6,68,NA,NA,NA,0
292,6,68,"E",218,NA,0
293,6,68,NA,NA,NA,0
294,6,68,"E",216,NA,0
295,4,69,"E",309,NA,0
296,4,69,"E",NA,NA,0
297,4,69,NA,NA,NA,0
298,4,69,NA,NA,NA,0
299,6,70,NA,NA,NA,0
300,6,70,NA,NA,NA,0
301,6,70,NA,NA,NA,0
302,6,70,NA,NA,NA,0
303,6,70,NA,NA,NA,0
304,6,70,"E",312,NA,0
305,3,71,NA,NA,NA,0
306,3,71,NA,NA,NA,0
307,3,71,NA,NA,NA,0
308,4,72,"E",266,NA,0
309,4,72,NA,NA,NA,0
310,4,72,NA,NA,NA,0
311,4,72,NA,NA,NA,0
312,6,73,NA,NA,NA,0
313,6,73,NA,NA,NA,0
314,6,73,NA,NA,NA,0
315,6,73,NA,NA,NA,0
316,6,73,NA,NA,NA,0
317,6,73,NA,NA,NA,0
318,5,74,"E",286,NA,0
319,5,74,NA,NA,NA,0
320,5,74,NA,NA,NA,0
321,5,74,"E",283,NA,0
322,5,74,NA,NA,NA,0
323,3,75,"E",NA,NA,0
324,3,75,NA,NA,NA,0
325,3,75,NA,NA,NA,0
326,4,76,NA,NA,NA,0
327,4,76,NA,NA,NA,0
328,4,76,NA,NA,NA,0
329,4,76,NA,NA,NA,0
330,3,77,"E",159,NA,0
331,3,77,"E",NA,NA,0
332,3,77,NA,NA,NA,0
333,4,78,NA,NA,NA,0
334,4,78,"E",341,NA,0
335,4,78,"E",222,NA,0
336,4,78,NA,NA,NA,0
337,3,79,NA,NA,NA,0
338,3,79,NA,NA,NA,0
339,3,79,NA,NA,NA,0
340,3,80,NA,NA,NA,0
341,3,80,NA,NA,NA,0
342,3,80,NA,NA,NA,0
343,3,81,NA,NA,NA,0
344,3,81,NA,NA,NA,0
345,3,81,NA,NA,NA,0
346,4,82,NA,NA,NA,0
347,4,82,"E",248,NA,0
348,4,82,"E",285,NA,0
349,4,82,NA,NA,NA,0
350,3,83,"E",NA,NA,0
351,3,83,NA,NA,NA,0
352,3,83,"E",254,NA,0
353,5,84,"E",235,NA,0
354,5,84,NA,NA,NA,0
355,5,84,"E",293,NA,0
356,5,84,"E",328,NA,0
357,5,84,NA,NA,NA,0
358,4,85,NA,NA,NA,0
359,4,85,NA,NA,NA,0
360,4,85,NA,NA,NA,0
361,4,85,NA,NA,NA,0
362,5,86,NA,NA,NA,0
363,5,86,NA,NA,NA,0
364,5,86,NA,NA,NA,0
365,5,86,NA,NA,NA,0
366,5,86,"E",332,NA,0
367,5,87,NA,NA,NA,0
368,5,87,NA,NA,NA,0
369,5,87,"E",109,NA,0
370,5,87,NA,NA,NA,0
371,5,87,NA,NA,NA,0
372,3,88,NA,NA,NA,0
373,3,88,NA,NA,NA,0
374,3,88,"E",224,NA,0
375,3,89,NA,NA,NA,0
376,3,89,"E",289,NA,0
377,3,89,NA,NA,NA,0
378,4,90,"E",306,NA,0
379,4,90,NA,NA,NA,0
380,4,90,"E",NA,NA,0
381,4,90,NA,NA,NA,0
382,4,91,NA,NA,NA,0
383,4,91,"E",256,NA,0
384,4,91,"E",323,NA,0
385,4,91,"E",223,NA,0
386,4,92,NA,NA,NA,0
387,4,92,NA,NA,NA,0
388,4,92,NA,NA,NA,0
389,4,92,NA,NA,NA,0
390,4,93,"E",206,NA,0
391,4,93,"E",124,NA,0
392,4,93,NA,NA,NA,0
393,4,93,"E",205,NA,0
394,4,94,"E",158,NA,0
395,4,94,NA,NA,NA,0
396,4,94,"E",228,NA,0
397,4,94,NA,NA,NA,0
398,4,95,NA,NA,NA,0
399,4,95,NA,NA,NA,0
400,4,95,"E",308,NA,0
401,4,95,NA,NA,NA,0
402,3,96,"E",361,NA,0
403,3,96,NA,NA,NA,0
404,3,96,NA,NA,NA,0
405,5,97,NA,NA,NA,0
406,5,97,NA,NA,NA,0
407,5,97,NA,NA,NA,0
408,5,97,NA,NA,NA,0
409,5,97,NA,NA,NA,0
410,3,98,NA,NA,NA,0
411,3,98,NA,NA,NA,0
412,3,98,NA,NA,NA,0
413,4,99,"E",138,NA,0
414,4,99,NA,NA,NA,0
415,4,99,NA,NA,NA,0
416,4,99,"E",157,NA,0
417,3,100,NA,NA,NA,0
418,3,100,"E",159,NA,0
419,3,100,"E",NA,NA,0
420,4,101,NA,NA,NA,0
421,4,101,NA,NA,NA,0
422,4,101,NA,NA,NA,0
423,4,101,"E",271,NA,0
424,4,102,NA,NA,NA,0
425,4,102,"E",182,NA,0
426,4,102,NA,NA,NA,0
427,4,102,NA,NA,NA,0
428,3,103,NA,NA,NA,0
429,3,103,NA,NA,NA,0
430,3,103,NA,NA,NA,0
431,3,104,"E",256,NA,0
432,3,104,"E",290,NA,0
433,3,104,NA,NA,NA,0
434,3,105,"E",213,NA,0
435,3,105,NA,NA,NA,0
436,3,105,"E",306,NA,0
437,4,106,"E",277,NA,0
438,4,106,NA,NA,NA,0
439,4,106,NA,NA,NA,0
440,4,106,NA,NA,NA,0
441,3,107,NA,NA,NA,0
442,3,107,NA,NA,NA,0
443,3,107,NA,NA,NA,0
444,5,108,NA,NA,NA,0
445,5,108,"E",215,NA,0
446,5,108,NA,NA,NA,0
447,5,108,NA,NA,NA,0
448,5,108,NA,NA,NA,0
449,4,109,NA,NA,NA,0
450,4,109,"E",189,NA,0
451,4,109,"E",262,NA,0
452,4,109,NA,NA,NA,0
453,4,110,NA,NA,NA,0
454,4,110,NA,NA,NA,0
455,4,110,NA,NA,NA,0
456,4,110,"E",168,NA,0
457,5,111,"E",359,NA,0
458,5,111,"E",297,NA,0
459,5,111,NA,NA,NA,0
460,5,111,NA,NA,NA,0
461,5,111,"E",231,NA,0
462,3,112,NA,NA,NA,0
463,3,112,NA,NA,NA,0
464,3,112,NA,NA,NA,0
465,3,113,NA,NA,NA,0
466,3,113,NA,NA,NA,0
467,3,113,"E",125,NA,0
468,6,114,NA,NA,NA,0
469,6,114,"E",290,NA,0
470,6,114,NA,NA,NA,0
471,6,114,"E",197,NA,0
472,6,114,"E",220,NA,0
473,6,114,NA,NA,NA,0
474,3,115,NA,NA,NA,0
475,3,115,NA,NA,NA,0
476,3,115,NA,NA,NA,0
477,6,116,NA,NA,NA,0
478,6,116,NA,NA,NA,0
479,6,116,NA,NA,NA,0
480,6,116,"E",327,NA,0
481,6,116,"E",277,NA,0
482,6,116,"E",294,NA,0
483,5,117,NA,NA,NA,0
484,5,117,NA,NA,NA,0
485,5,117,NA,NA,NA,0
486,5,117,NA,NA,NA,0
487,5,117,NA,NA,NA,0
488,3,118,NA,NA,NA,0
489,3,118,NA,NA,NA,0
490,3,118,NA,NA,NA,0
491,4,119,NA,NA,NA,0
492,4,119,NA,NA,NA,0
493,4,119,NA,NA,NA,0
494,4,119,"E",274,NA,0
495,5,120,"E",254,NA,0
496,5,120,NA,NA,NA,0
497,5,120,NA,NA,NA,0
498,5,120,NA,NA,NA,0
499,5,120,NA,NA,NA,0
500,6,121,NA,NA,NA,0
501,6,121,"E",306,NA,0
502,6,121,NA,NA,NA,0
503,6,121,NA,NA,NA,0
504,6,121,NA,NA,NA,0
505,6,121,NA,NA,NA,0
506,3,122,NA,NA,NA,0
507,3,122,NA,NA,NA,0
508,3,122,NA,NA,NA,0
509,5,123,NA,NA,NA,0
510,5,123,NA,NA,NA,0
511,5,123,NA,NA,NA,0
512,5,123,NA,NA,NA,0
513,5,123,"E",126,NA,0
514,4,124,NA,NA,NA,0
515,4,124,NA,NA,NA,0
516,4,124,NA,NA,NA,0
517,4,124,"E",227,NA,0
518,4,125,NA,NA,NA,0
519,4,125,NA,NA,NA,0
520,4,125,NA,NA,NA,0
521,4,125,NA,NA,NA,0
522,4,126,NA,NA,NA,0
523,4,126,NA,NA,NA,0
524,4,126,NA,NA,NA,0
525,4,126,NA,NA,NA,0
526,6,127,"E",164,NA,0
527,6,127,NA,NA,NA,0
528,6,127,"E",234,NA,0
529,6,127,NA,NA,NA,0
530,6,127,NA,NA,NA,0
531,6,127,NA,NA,NA,0
532,3,128,"E",298,NA,0
533,3,128,"E",251,NA,0
534,3,128,"E",178,NA,0
535,4,129,"E",122,NA,0
536,4,129,NA,NA,NA,0
537,4,129,"E",272,NA,0
538,4,129,NA,NA,NA,0
539,4,130,NA,NA,NA,0
540,4,130,NA,NA,NA,0
541,4,130,"E",276,NA,0
542,4,130,NA,NA,NA,0
543,5,131,"E",162,NA,0
544,5,131,NA,NA,NA,0
545,5,131,NA,NA,NA,0
546,5,131,NA,NA,NA,0
547,5,131,NA,NA,NA,0
548,6,132,"E",330,NA,0
549,6,132,"E",194,NA,0
550,6,132,"E",NA,NA,0
551,6,132,NA,NA,NA,0
552,6,132,NA,NA,NA,0
553,6,132,NA,NA,NA,0
554,5,133,"E",149,NA,0
555,5,133,NA,NA,NA,0
556,5,133,NA,NA,NA,0
557,5,133,NA,NA,NA,0
558,5,133,NA,NA,NA,0
559,3,134,"E",335,NA,0
560,3,134,NA,NA,NA,0
561,3,134,NA,NA,NA,0
562,4,135,NA,NA,NA,0
563,4,135,"E",114,NA,0
564,4,135,NA,NA,NA,0
565,4,135,NA,NA,NA,0
566,5,136,NA,NA,NA,0
567,5,136,NA,NA,NA,0
568,5,136,NA,NA,NA,0
569,5,136,NA,NA,NA,0
570,5,136,NA,NA,NA,0
571,6,137,NA,NA,NA,0
572,6,137,NA,NA,NA,0
573,6,137,NA,NA,NA,0
574,6,137,"E",330,NA,0
575,6,137,NA,NA,NA,0
576,6,137,NA,NA,NA,0
577,4,138,NA,NA,NA,0
578,4,138,NA,NA,NA,0
579,4,138,NA,NA,NA,0
580,4,138,NA,NA,NA,0
581,6,139,NA,NA,NA,0
582,6,139,NA,NA,NA,0
583,6,139,"E",176,NA,0
584,6,139,NA,NA,NA,0
585,6,139,NA,NA,NA,0
586,6,139,NA,NA,NA,0
587,3,140,NA,NA,NA,0
588,3,140,NA,NA,NA,0
589,3,140,NA,NA,NA,0
590,4,141,"E",205,NA,0
591,4,141,NA,NA,NA,0
592,4,141,NA,NA,NA,0
593,4,141,NA,NA,NA,0
594,6,142,NA,NA,NA,0
595,6,142,NA,NA,NA,0
596,6,142,"E",319,NA,0
597,6,142,"E",313,NA,0
598,6,142,"E",340,NA,0
599,6,142,NA,NA,NA,0
600,4,143,"E",205,NA,0
601,4,143,NA,NA,NA,0
602,4,143,NA,NA,NA,0
603,4,143,NA,NA,NA,0
604,4,144,NA,NA,NA,0
605,4,144,NA,NA,NA,0
606,4,144,NA,NA,NA,0
607,4,144,NA,NA,NA,0
608,6,145,NA,NA,NA,0
609,6,145,NA,NA,NA,0
610,6,145,NA,NA,NA,0
611,6,145,NA,NA,NA,0
612,6,145,"E",190,NA,0
613,6,145,NA,NA,NA,0
614,6,146,NA,NA,NA,0
615,6,146,"E",279,NA,0
616,6,146,NA,NA,NA,0
617,6,146,NA,NA,NA,0
618,6,146,"E",154,NA,0
619,6,146,NA,NA,NA,0
620,5,147,NA,NA,NA,0
621,5,147,NA,NA,NA,0
622,5,147,NA,NA,NA,0
623,5,147,NA,NA,NA,0
624,5,147,NA,NA,NA,0
625,5,148,NA,NA,NA,0
626,5,148,"E",170,NA,0
627,5,148,NA,NA,NA,0
628,5,148,NA,NA,NA,0
629,5,148,"E",335,NA,0
630,3,149,"E",119,NA,0
631,3,149,"E",280,NA,0
632,3,149,NA,NA,NA,0
633,4,150,NA,NA,NA,0
634,4,150,"E",243,NA,0
635,4,150,NA,NA,NA,0
636,4,150,NA,NA,NA,0
637,3,151,"E",328,NA,0
638,3,151,NA,NA,NA,0
639,3,151,NA,NA,NA,0
640,3,152,NA,NA,NA,0
641,3,152,NA,NA,NA,0
642,3,152,"E",334,NA,0
643,5,153,NA,NA,NA,0
644,5,153,NA,NA,NA,0
645,5,153,NA,NA,NA,0
646,5,153,NA,NA,NA,0
647,5,153,NA,NA,NA,0
648,5,154,NA,NA,NA,0
649,5,154,NA,NA,NA,0
650,5,154,NA,NA,NA,0
651,5,154,NA,NA,NA,0
652,5,154,NA,NA,NA,0
653,6,155,NA,NA,NA,0
654,6,155,NA,NA,NA,0
655,6,155,NA,NA,NA,0
656,6,155,NA,NA,NA,0
657,6,155,NA,NA,NA,0
658,6,155,NA,NA,NA,0
659,4,156,NA,NA,NA,0
660,4,156,NA,NA,NA,0
661,4,156,NA,NA,NA,0
662,4,156,NA,NA,NA,0
663,6,157,NA,NA,NA,0
664,6,157,NA,NA,NA,0
665,6,157,"E",195,NA,0
666,6,157,NA,NA,NA,0
667,6,157,"E",137,NA,0
668,6,157,NA,NA,NA,0
669,5,158,"E",211,NA,0
670,5,158,NA,NA,NA,0
671,5,158,NA,NA,NA,0
672,5,158,NA,NA,NA,0
673,5,158,"E",286,NA,0
674,4,159,"E",218,NA,0
675,4,159,"E",239,NA,0
676,4,159,NA,NA,NA,0
677,4,159,NA,NA,NA,0
678,5,160,NA,NA,NA,0
679,5,160,"E",178,NA,0
680,5,160,NA,NA,NA,0
681,5,160,NA,NA,NA,0
682,5,160,NA,NA,NA,0
683,4,161,NA,NA,NA,0
684,4,161,NA,NA,NA,0
685,4,161,NA,NA,NA,0
686,4,161,NA,NA,NA,0
687,6,162,NA,NA,NA,0
688,6,162,NA,NA,NA,0
689,6,162,"E",217,NA,0
690,6,162,NA,NA,NA,0
691,6,162,NA,NA,NA,0
692,6,162,"E",261,NA,0
693,3,163,"E",186,NA,0
694,3,163,NA,NA,NA,0
695,3,163,NA,NA,NA,0
696,4,164,NA,NA,NA,0
697,4,164,"E",256,NA,0
698,4,164,NA,NA,NA,0
699,4,164,NA,NA,NA,0
700,5,165,NA,NA,NA,0
701,5,165,"E",304,NA,0
702,5,165,"E",NA,NA,0
703,5,165,NA,NA,NA,0
704,5,165,NA,NA,NA,0
705,5,166,NA,NA,NA,0
706,5,166,"E",344,NA,0
707,5,166,NA,NA,NA,0
708,5,166,"E",206,NA,0
709,5,166,NA,NA,NA,0
710,4,167,NA,NA,NA,0
711,4,167,"E",172,NA,0
712,4,167,NA,NA,NA,0
713,4,167,NA,NA,NA,0
714,4,168,NA,NA,NA,0
715,4,168,NA,NA,NA,0
716,4,168,NA,NA,NA,0
717,4,168,NA,NA,NA,0
718,6,169,NA,NA,NA,0
719,6,169,NA,NA,NA,0
720,6,169,NA,NA,NA,0
721,6,169,"E",360,NA,0
722,6,169,NA,NA,NA,0
723,6,169,NA,NA,NA,0
724,5,170,NA,NA,NA,0
725,5,170,NA,NA,NA,0
726,5,170,NA,NA,NA,0
727,5,170,"E",268,NA,0
728,5,170,"E",185,NA,0
729,3,171,NA,NA,NA,0
730,3,171,"E",286,NA,0
731,3,171,NA,NA,NA,0
732,4,172,"E",279,NA,0
733,4,172,NA,NA,NA,0
734,4,172,NA,NA,NA,0
735,4,172,NA,NA,NA,0
736,6,173,NA,NA,NA,0
737,6,173,NA,NA,NA,0
738,6,173,"E",356,NA,0
739,6,173,"E",190,NA,0
740,6,173,NA,NA,NA,0
741,6,173,NA,NA,NA,0
742,6,174,NA,NA,NA,0
743,6,174,NA,NA,NA,0
744,6,174,"E",NA,NA,0
745,6,174,NA,NA,NA,0
746,6,174,NA,NA,NA,0
747,6,174,"E",171,NA,0
748,6,175,NA,NA,NA,0
749,6,175,"E",270,NA,0
750,6,175,NA,NA,NA,0
751,6,175,NA,NA,NA,0
752,6,175,"E",NA,NA,0
753,6,175,NA,NA,NA,0
754,3,176,"E",353,NA,0
755,3,176,NA,NA,NA,0
756,3,176,"E",140,NA,0
757,3,177,NA,NA,NA,0
758,3,177,NA,NA,NA,0
759,3,177,NA,NA,NA,0
760,4,178,"E",NA,NA,0
761,4,178,"E",NA,NA,0
762,4,178,NA,NA,NA,0
763,4,178,NA,NA,NA,0
764,6,179,NA,NA,NA,0
765,6,179,NA,NA,NA,0
766,6,179,NA,NA,NA,0
767,6,179,"E",263,NA,0
768,6,179,"E",310,NA,0
769,6,179,NA,NA,NA,0
770,6,180,NA,NA,NA,0
771,6,180,NA,NA,NA,0
772,6,180,NA,NA,NA,0
773,6,180,NA,NA,NA,0
774,6,180,"E",278,NA,0
775,6,180,NA,NA,NA,0
776,6,181,NA,NA,NA,0
777,6,181,NA,NA,NA,0
778,6,181,NA,NA,NA,0
779,6,181,"E",242,NA,0
780,6,181,NA,NA,NA,0
781,6,181,NA,NA,NA,0
782,6,182,NA,NA,NA,0
783,6,182,NA,NA,NA,0
784,6,182,"E",353,NA,0
785,6,182,NA,NA,NA,0
786,6,182,"E",316,NA,0
787,6,182,"E",307,NA,0
788,5,183,NA,NA,NA,0
789,5,183,NA,NA,NA,0
790,5,183,NA,NA,NA,0
791,5,183,NA,NA,NA,0
792,5,183,"E",NA,NA,0
793,6,184,NA,NA,NA,0
794,6,184,NA,NA,NA,0
795,6,184,NA,NA,NA,0
796,6,184,NA,NA,NA,0
797,6,184,NA,NA,NA,0
798,6,184,NA,NA,NA,0
799,5,185,NA,NA,NA,0
800,5,185,NA,NA,NA,0
801,5,185,NA,NA,NA,0
802,5,185,NA,NA,NA,0
803,5,185,"E",204,NA,0
804,6,186,NA,NA,NA,0
805,6,186,NA,NA,NA,0
806,6,186,"E",278,NA,0
807,6,186,"E",119,NA,0
808,6,186,NA,NA,NA,0
809,6,186,NA,NA,NA,0
810,6,187,NA,NA,NA,0
811,6,187,NA,NA,NA,0
812,6,187,NA,NA,NA,0
813,6,187,NA,NA,NA,0
814,6,187,"E",NA,NA,0
815,6,187,NA,NA,NA,0
816,6,188,NA,NA,NA,0
817,6,188,"E",232,NA,0
818,6,188,NA,NA,NA,0
819,6,188,NA,NA,NA,0
820,6,188,NA,NA,NA,0
821,6,188,NA,NA,NA,0
822,6,189,"E",320,NA,0
823,6,189,NA,NA,NA,0
824,6,189,NA,NA,NA,0
825,6,189,NA,NA,NA,0
826,6,189,NA,NA,NA,0
827,6,189,NA,NA,NA,0
828,3,190,NA,NA,NA,0
829,3,190,NA,NA,NA,0
830,3,190,NA,NA,NA,0
831,5,191,NA,NA,NA,0
832,5,191,NA,NA,NA,0
833,5,191,"E",317,NA,0
834,5,191,NA,NA,NA,0
835,5,191,NA,NA,NA,0
836,3,192,NA,NA,NA,0
837,3,192,NA,NA,NA,0
838,3,192,NA,NA,NA,0
839,4,193,NA,NA,NA,0
840,4,193,NA,NA,NA,0
841,4,193,NA,NA,NA,0
842,4,193,"E",364,NA,0
843,3,194,NA,NA,NA,0
844,3,194,"E",352,NA,0
845,3,194,"E",314,NA,0
846,3,195,"E",NA,NA,0
847,3,195,NA,NA,NA,0
848,3,195,NA,NA,NA,0
849,5,196,NA,NA,NA,0
850,5,196,NA,NA,NA,0
851,5,196,NA,NA,NA,0
852,5,196,NA,NA,NA,0
853,5,196,NA,NA,NA,0
854,3,197,NA,NA,NA,0
855,3,197,NA,NA,NA,0
856,3,197,NA,NA,NA,0
857,3,198,NA,NA,NA,0
858,3,198,NA,NA,NA,0
859,3,198,NA,NA,NA,0
860,6,199,NA,NA,NA,0
861,6,199,"E",249,NA,0
862,6,199,"E",169,NA,0
863,6,199,NA,NA,NA,0
864,6,199,NA,NA,NA,0
865,6,199,NA,NA,NA,0
866,6,200,NA,NA,NA,0
867,6,200,NA,NA,NA,0
868,6,200,"E",341,NA,0
869,6,200,NA,NA,NA,0
870,6,200,NA,NA,NA,0
871,6,200,NA,NA,NA,0
872,6,201,NA,NA,NA,0
873,6,201,"E",225,NA,0
874,6,201,"E",153,NA,0
875,6,201,NA,NA,NA,0
876,6,201,NA,NA,NA,0
877,6,201,NA,NA,NA,0
878,6,202,"E",317,NA,0
879,6,202,"E",NA,NA,0
880,6,202,"E",NA,NA,0
881,6,202,"E",174,NA,0
882,6,202,"E",358,NA,0
883,6,202,NA,NA,NA,0
884,4,203,NA,NA,NA,0
885,4,203,NA,NA,NA,0
886,4,203,"E",184,NA,0
887,4,203,NA,NA,NA,0
888,6,204,NA,NA,NA,0
889,6,204,NA,NA,NA,0
890,6,204,NA,NA,NA,0
891,6,204,NA,NA,NA,0
892,6,204,"E",215,NA,0
893,6,204,NA,NA,NA,0
894,5,205,NA,NA,NA,0
895,5,205,NA,NA,NA,0
896,5,205,"E",207,NA,0
897,5,205,"E",318,NA,0
898,5,205,NA,NA,NA,0
899,6,206,NA,NA,NA,0
900,6,206,NA,NA,NA,0
901,6,206,"E",327,NA,0
902,6,206,"E",262,NA,0
903,6,206,NA,NA,NA,0
904,6,206,NA,NA,NA,0
905,5,207,"E",182,NA,0
906,5,207,NA,NA,NA,0
907,5,207,NA,NA,NA,0
908,5,207,NA,NA,NA,0
909,5,207,NA,NA,NA,0
910,6,208,NA,NA,NA,0
911,6,208,NA,NA,NA,0
912,6,208,NA,NA,NA,0
913,6,208,NA,NA,NA,0
914,6,208,NA,NA,NA,0
915,6,208,NA,NA,NA,0
916,3,209,NA,NA,NA,0
917,3,209,NA,NA,NA,0
918,3,209,"E",300,NA,0
919,3,210,NA,NA,NA,0
920,3,210,"E",153,NA,0
921,3,210,NA,NA,NA,0
922,6,211,NA,NA,NA,0
923,6,211,NA,NA,NA,0
924,6,211,"E",362,NA,0
925,6,211,NA,NA,NA,0
926,6,211,NA,NA,NA,0
927,6,211,NA,NA,NA,0
928,5,212,"E",NA,NA,0
929,5,212,NA,NA,NA,0
930,5,212,NA,NA,NA,0
931,5,212,NA,NA,NA,0
932,5,212,NA,NA,NA,0
933,3,213,NA,NA,NA,0
934,3,213,NA,NA,NA,0
935,3,213,"E",181,NA,0
936,5,214,NA,NA,NA,0
937,5,214,NA,NA,NA,0
938,5,214,NA,NA,NA,0
939,5,214,NA,NA,NA,0
940,5,214,NA,NA,NA,0
941,4,215,NA,NA,NA,0
942,4,215,NA,NA,NA,0
943,4,215,"E",347,NA,0
944,4,215,NA,NA,NA,0
945,4,216,NA,NA,NA,0
946,4,216,NA,NA,NA,0
947,4,216,NA,NA,NA,0
948,4,216,NA,NA,NA,0
949,4,217,NA,NA,NA,0
950,4,217,NA,NA,NA,0
951,4,217,NA,NA,NA,0
952,4,217,NA,NA,NA,0
953,5,218,NA,NA,NA,0
954,5,218,"E",353,NA,0
955,5,218,NA,NA,NA,0
956,5,218,NA,NA,NA,0
957,5,218,"E",181,NA,0
958,4,219,NA,NA,NA,0
959,4,219,NA,NA,NA,0
960,4,219,NA,NA,NA,0
961,4,219,NA,NA,NA,0
962,6,220,NA,NA,NA,0
963,6,220,NA,NA,NA,0
964,6,220,NA,NA,NA,0
965,6,220,"E",NA,NA,0
966,6,220,NA,NA,NA,0
967,6,220,NA,NA,NA,0
968,5,221,NA,NA,NA,0
969,5,221,NA,NA,NA,0
970,5,221,"E",333,NA,0
971,5,221,NA,NA,NA,0
972,5,221,NA,NA,NA,0
973,4,222,NA,NA,NA,0
974,4,222,NA,NA,NA,0
975,4,222,"E",293,NA,0
976,4,222,"E",272,NA,0
977,3,223,NA,NA,NA,0
978,3,223,NA,NA,NA,0
979,3,223,"E",224,NA,0
980,3,224,NA,NA,NA,0
981,3,224,NA,NA,NA,0
982,3,224,NA,NA,NA,0
983,3,225,NA,NA,NA,0
984,3,225,NA,NA,NA,0
985,3,225,NA,NA,NA,0
986,5,226,NA,NA,NA,0
987,5,226,NA,NA,NA,0
988,5,226,NA,NA,NA,0
989,5,226,"E",197,NA,0
990,5,226,NA,NA,NA,0
991,3,227,"E",NA,NA,0
992,3,227,NA,NA,NA,0
993,3,227,NA,NA,NA,0
994,4,228,NA,NA,NA,0
995,4,228,"E",192,NA,0
996,4,228,"E",259,NA,0
997,4,228,NA,NA,NA,0
998,3,229,"E",288,NA,0
999,3,229,NA,NA,NA,0
1000,3,229,NA,NA,NA,0
