"ID","SIZE","HH","TYPE","TIME","S_NUM","I_NUM"
1,5,1,"0",NA,NA,0
2,5,1,"C",263,2,0
3,5,1,"E",176,3,0
4,5,1,NA,NA,NA,0
5,5,1,NA,NA,NA,0
6,6,2,NA,NA,NA,0
7,6,2,NA,NA,NA,0
8,6,2,NA,NA,NA,0
9,6,2,NA,NA,NA,0
10,6,2,NA,NA,NA,0
11,6,2,NA,NA,NA,0
12,3,3,NA,NA,NA,0
13,3,3,NA,NA,NA,0
14,3,3,NA,NA,NA,0
15,4,4,"E",176,3,1
16,4,4,"H",257,1,0
17,4,4,NA,NA,NA,0
18,4,4,"H",208,2,1
19,3,5,NA,NA,NA,0
20,3,5,NA,NA,NA,0
21,3,5,NA,NA,NA,0
22,5,6,NA,NA,NA,0
23,5,6,NA,NA,NA,0
24,5,6,"E",322,4,0
25,5,6,NA,NA,NA,0
26,5,6,NA,NA,NA,0
27,4,7,NA,NA,NA,0
28,4,7,NA,NA,NA,0
29,4,7,NA,NA,NA,0
30,4,7,"E",152,3,0
31,3,8,NA,NA,NA,0
32,3,8,NA,NA,NA,0
33,3,8,NA,NA,NA,0
34,5,9,"H",145,1,0
35,5,9,"C",88,4,1
36,5,9,"H",153,1,0
37,5,9,"H",109,3,2
38,5,9,NA,NA,NA,0
39,6,10,NA,NA,NA,0
40,6,10,NA,NA,NA,0
41,6,10,NA,NA,NA,0
42,6,10,"H",354,4,0
43,6,10,"C",329,5,1
44,6,10,NA,NA,NA,0
45,3,11,"E",122,2,0
46,3,11,NA,NA,NA,0
47,3,11,NA,NA,NA,0
48,5,12,NA,NA,NA,0
49,5,12,NA,NA,NA,0
50,5,12,NA,NA,NA,0
51,5,12,NA,NA,NA,0
52,5,12,NA,NA,NA,0
53,3,13,NA,NA,NA,0
54,3,13,NA,NA,NA,0
55,3,13,NA,NA,NA,0
56,5,14,NA,NA,NA,0
57,5,14,NA,NA,NA,0
58,5,14,"C",122,4,2
59,5,14,"H",151,2,0
60,5,14,"H",142,2,0
61,6,15,"E",336,5,0
62,6,15,NA,NA,NA,0
63,6,15,NA,NA,NA,0
64,6,15,NA,NA,NA,0
65,6,15,NA,NA,NA,0
66,6,15,NA,NA,NA,0
67,5,16,NA,NA,NA,0
68,5,16,NA,NA,NA,0
69,5,16,NA,NA,NA,0
70,5,16,NA,NA,NA,0
71,5,16,NA,NA,NA,0
72,3,17,NA,NA,NA,0
73,3,17,NA,NA,NA,0
74,3,17,NA,NA,NA,0
75,6,18,NA,NA,NA,0
76,6,18,NA,NA,NA,0
77,6,18,NA,NA,NA,0
78,6,18,NA,NA,NA,0
79,6,18,NA,NA,NA,0
80,6,18,NA,NA,NA,0
81,5,19,NA,NA,NA,0
82,5,19,NA,NA,NA,0
83,5,19,"H",NA,NA,0
84,5,19,NA,NA,NA,0
85,5,19,"E",341,4,1
86,6,20,NA,NA,NA,0
87,6,20,NA,NA,NA,0
88,6,20,NA,NA,NA,0
89,6,20,NA,NA,NA,0
90,6,20,NA,NA,NA,0
91,6,20,NA,NA,NA,0
92,6,21,NA,NA,NA,0
93,6,21,NA,NA,NA,0
94,6,21,NA,NA,NA,0
95,6,21,NA,NA,NA,0
96,6,21,NA,NA,NA,0
97,6,21,NA,NA,NA,0
98,4,22,NA,NA,NA,0
99,4,22,NA,NA,NA,0
100,4,22,NA,NA,NA,0
101,4,22,NA,NA,NA,0
102,3,23,NA,NA,NA,0
103,3,23,NA,NA,NA,0
104,3,23,NA,NA,NA,0
105,4,24,NA,NA,NA,0
106,4,24,"C",226,2,1
107,4,24,"E",146,3,0
108,4,24,"H",268,1,0
109,6,25,NA,NA,NA,0
110,6,25,NA,NA,NA,0
111,6,25,NA,NA,NA,0
112,6,25,NA,NA,NA,0
113,6,25,NA,NA,NA,0
114,6,25,"E",NA,NA,0
115,5,26,"H",191,0,0
116,5,26,"C",143,4,2
117,5,26,"H",170,2,2
118,5,26,"H",167,2,0
119,5,26,"H",198,0,0
120,3,27,NA,NA,NA,0
121,3,27,NA,NA,NA,0
122,3,27,NA,NA,NA,0
123,6,28,"H",220,3,0
124,6,28,NA,NA,NA,0
125,6,28,"H",232,3,0
126,6,28,"C",195,5,2
127,6,28,NA,NA,NA,0
128,6,28,NA,NA,NA,0
129,4,29,NA,NA,NA,0
130,4,29,NA,NA,NA,0
131,4,29,NA,NA,NA,0
132,4,29,NA,NA,NA,0
133,6,30,NA,NA,NA,0
134,6,30,NA,NA,NA,0
135,6,30,NA,NA,NA,0
136,6,30,NA,NA,NA,0
137,6,30,NA,NA,NA,0
138,6,30,NA,NA,NA,0
139,3,31,NA,NA,NA,0
140,3,31,NA,NA,NA,0
141,3,31,NA,NA,NA,0
142,6,32,NA,NA,NA,0
143,6,32,NA,NA,NA,0
144,6,32,NA,NA,NA,0
145,6,32,NA,NA,NA,0
146,6,32,NA,NA,NA,0
147,6,32,NA,NA,NA,0
148,6,33,NA,NA,NA,0
149,6,33,NA,NA,NA,0
150,6,33,NA,NA,NA,0
151,6,33,NA,NA,NA,0
152,6,33,NA,NA,NA,0
153,6,33,"E",NA,NA,0
154,6,34,NA,NA,NA,0
155,6,34,NA,NA,NA,0
156,6,34,NA,NA,NA,0
157,6,34,NA,NA,NA,0
158,6,34,NA,NA,NA,0
159,6,34,"E",148,5,0
160,5,35,NA,NA,NA,0
161,5,35,NA,NA,NA,0
162,5,35,NA,NA,NA,0
163,5,35,NA,NA,NA,0
164,5,35,NA,NA,NA,0
165,6,36,"H",264,2,2
166,6,36,"E",204,5,1
167,6,36,"C",230,3,1
168,6,36,"H",305,0,0
169,6,36,"H",217,3,0
170,6,36,"H",287,0,0
171,3,37,NA,NA,NA,0
172,3,37,NA,NA,NA,0
173,3,37,NA,NA,NA,0
174,6,38,NA,NA,NA,0
175,6,38,NA,NA,NA,0
176,6,38,NA,NA,NA,0
177,6,38,NA,NA,NA,0
178,6,38,NA,NA,NA,0
179,6,38,NA,NA,NA,0
180,4,39,"H",110,1,0
181,4,39,"H",91,2,1
182,4,39,NA,NA,NA,0
183,4,39,"E",74,3,1
184,6,40,"C",92,4,2
185,6,40,"H",126,1,1
186,6,40,"E",115,2,1
187,6,40,"H",161,0,0
188,6,40,"H",166,0,0
189,6,40,"H",172,0,0
190,3,41,NA,NA,NA,0
191,3,41,NA,NA,NA,0
192,3,41,NA,NA,NA,0
193,3,42,NA,NA,NA,0
194,3,42,NA,NA,NA,0
195,3,42,NA,NA,NA,0
196,4,43,NA,NA,NA,0
197,4,43,NA,NA,NA,0
198,4,43,NA,NA,NA,0
199,4,43,NA,NA,NA,0
200,6,44,"E",181,5,1
201,6,44,"H",212,4,1
202,6,44,NA,NA,NA,0
203,6,44,NA,NA,NA,0
204,6,44,"H",244,3,0
205,6,44,NA,NA,NA,0
206,6,45,"E",245,5,1
207,6,45,"H",344,1,0
208,6,45,"H",313,2,1
209,6,45,NA,NA,NA,0
210,6,45,"H",346,1,0
211,6,45,"H",301,4,2
212,5,46,"H",229,1,1
213,5,46,"E",111,3,0
214,5,46,"H",160,2,1
215,5,46,"H",246,0,0
216,5,46,"C",129,3,1
217,5,47,"H",343,3,2
218,5,47,"H",NA,NA,0
219,5,47,"E",287,4,1
220,5,47,"H",364,1,0
221,5,47,NA,NA,NA,0
222,3,48,NA,NA,NA,0
223,3,48,NA,NA,NA,0
224,3,48,NA,NA,NA,0
225,6,49,"E",72,5,2
226,6,49,"H",95,3,1
227,6,49,"H",162,1,0
228,6,49,"H",123,2,1
229,6,49,"C",324,0,0
230,6,49,"H",92,3,0
231,3,50,NA,NA,NA,0
232,3,50,NA,NA,NA,0
233,3,50,NA,NA,NA,0
234,5,51,NA,NA,NA,0
235,5,51,NA,NA,NA,0
236,5,51,NA,NA,NA,0
237,5,51,NA,NA,NA,0
238,5,51,NA,NA,NA,0
239,5,52,NA,NA,NA,0
240,5,52,NA,NA,NA,0
241,5,52,NA,NA,NA,0
242,5,52,NA,NA,NA,0
243,5,52,NA,NA,NA,0
244,5,53,NA,NA,NA,0
245,5,53,NA,NA,NA,0
246,5,53,NA,NA,NA,0
247,5,53,NA,NA,NA,0
248,5,53,NA,NA,NA,0
249,4,54,NA,NA,NA,0
250,4,54,NA,NA,NA,0
251,4,54,NA,NA,NA,0
252,4,54,NA,NA,NA,0
253,6,55,NA,NA,NA,0
254,6,55,NA,NA,NA,0
255,6,55,NA,NA,NA,0
256,6,55,NA,NA,NA,0
257,6,55,"E",82,5,0
258,6,55,NA,NA,NA,0
259,5,56,"H",335,1,1
260,5,56,"E",252,4,2
261,5,56,"H",344,0,0
262,5,56,"H",289,2,1
263,5,56,"H",303,1,0
264,4,57,NA,NA,NA,0
265,4,57,NA,NA,NA,0
266,4,57,NA,NA,NA,0
267,4,57,NA,NA,NA,0
268,5,58,"C",203,4,0
269,5,58,"H",363,1,0
270,5,58,"E",309,3,1
271,5,58,NA,NA,NA,0
272,5,58,"H",334,2,1
273,5,59,NA,NA,NA,0
274,5,59,NA,NA,NA,0
275,5,59,NA,NA,NA,0
276,5,59,NA,NA,NA,0
277,5,59,NA,NA,NA,0
278,3,60,NA,NA,NA,0
279,3,60,"E",109,2,1
280,3,60,"H",136,1,0
281,5,61,"H",96,2,0
282,5,61,"H",114,2,1
283,5,61,"H",162,1,0
284,5,61,"E",77,4,2
285,5,61,NA,NA,NA,0
286,6,62,NA,NA,NA,0
287,6,62,NA,NA,NA,0
288,6,62,NA,NA,NA,0
289,6,62,NA,NA,NA,0
290,6,62,NA,NA,NA,0
291,6,62,NA,NA,NA,0
292,4,63,"C",307,3,1
293,4,63,NA,NA,NA,0
294,4,63,"H",343,2,0
295,4,63,NA,NA,NA,0
296,4,64,"E",250,3,1
297,4,64,"H",339,1,0
298,4,64,NA,NA,NA,0
299,4,64,"H",297,2,1
300,4,65,"H",320,2,0
301,4,65,"E",304,3,1
302,4,65,NA,NA,NA,0
303,4,65,NA,NA,NA,0
304,5,66,NA,NA,NA,0
305,5,66,NA,NA,NA,0
306,5,66,NA,NA,NA,0
307,5,66,NA,NA,NA,0
308,5,66,NA,NA,NA,0
309,6,67,NA,NA,NA,0
310,6,67,NA,NA,NA,0
311,6,67,NA,NA,NA,0
312,6,67,NA,NA,NA,0
313,6,67,NA,NA,NA,0
314,6,67,NA,NA,NA,0
315,5,68,NA,NA,NA,0
316,5,68,NA,NA,NA,0
317,5,68,NA,NA,NA,0
318,5,68,NA,NA,NA,0
319,5,68,"C",286,4,0
320,6,69,NA,NA,NA,0
321,6,69,NA,NA,NA,0
322,6,69,NA,NA,NA,0
323,6,69,NA,NA,NA,0
324,6,69,NA,NA,NA,0
325,6,69,NA,NA,NA,0
326,5,70,NA,NA,NA,0
327,5,70,NA,NA,NA,0
328,5,70,NA,NA,NA,0
329,5,70,NA,NA,NA,0
330,5,70,NA,NA,NA,0
331,5,71,"H",229,1,1
332,5,71,"H",253,0,0
333,5,71,"H",241,0,0
334,5,71,"E",245,0,0
335,5,71,"C",205,4,2
336,5,72,"E",148,3,2
337,5,72,"H",181,1,0
338,5,72,"H",173,1,0
339,5,72,NA,NA,NA,0
340,5,72,"E",108,3,0
341,5,73,"H",183,1,0
342,5,73,"E",85,4,1
343,5,73,"H",130,3,1
344,5,73,NA,NA,NA,0
345,5,73,"H",154,2,1
346,4,74,NA,NA,NA,0
347,4,74,NA,NA,NA,0
348,4,74,NA,NA,NA,0
349,4,74,NA,NA,NA,0
350,4,75,NA,NA,NA,0
351,4,75,NA,NA,NA,0
352,4,75,NA,NA,NA,0
353,4,75,NA,NA,NA,0
354,4,76,NA,NA,NA,0
355,4,76,NA,NA,NA,0
356,4,76,NA,NA,NA,0
357,4,76,NA,NA,NA,0
358,3,77,NA,NA,NA,0
359,3,77,NA,NA,NA,0
360,3,77,NA,NA,NA,0
361,4,78,NA,NA,NA,0
362,4,78,NA,NA,NA,0
363,4,78,NA,NA,NA,0
364,4,78,NA,NA,NA,0
365,3,79,NA,NA,NA,0
366,3,79,NA,NA,NA,0
367,3,79,NA,NA,NA,0
368,6,80,NA,NA,NA,0
369,6,80,NA,NA,NA,0
370,6,80,NA,NA,NA,0
371,6,80,NA,NA,NA,0
372,6,80,NA,NA,NA,0
373,6,80,NA,NA,NA,0
374,4,81,NA,NA,NA,0
375,4,81,NA,NA,NA,0
376,4,81,NA,NA,NA,0
377,4,81,"E",318,3,0
378,6,82,NA,NA,NA,0
379,6,82,NA,NA,NA,0
380,6,82,NA,NA,NA,0
381,6,82,NA,NA,NA,0
382,6,82,NA,NA,NA,0
383,6,82,NA,NA,NA,0
384,5,83,"H",268,3,1
385,5,83,"H",361,1,0
386,5,83,NA,NA,NA,0
387,5,83,"C",232,4,1
388,5,83,"H",323,2,1
389,4,84,"E",182,3,1
390,4,84,NA,NA,NA,0
391,4,84,"H",207,2,0
392,4,84,NA,NA,NA,0
393,6,85,NA,NA,NA,0
394,6,85,NA,NA,NA,0
395,6,85,NA,NA,NA,0
396,6,85,NA,NA,NA,0
397,6,85,NA,NA,NA,0
398,6,85,NA,NA,NA,0
399,4,86,NA,NA,NA,0
400,4,86,NA,NA,NA,0
401,4,86,NA,NA,NA,0
402,4,86,NA,NA,NA,0
403,5,87,NA,NA,NA,0
404,5,87,NA,NA,NA,0
405,5,87,NA,NA,NA,0
406,5,87,NA,NA,NA,0
407,5,87,NA,NA,NA,0
408,6,88,NA,NA,NA,0
409,6,88,NA,NA,NA,0
410,6,88,NA,NA,NA,0
411,6,88,NA,NA,NA,0
412,6,88,NA,NA,NA,0
413,6,88,NA,NA,NA,0
414,3,89,NA,NA,NA,0
415,3,89,NA,NA,NA,0
416,3,89,NA,NA,NA,0
417,4,90,"E",149,3,0
418,4,90,NA,NA,NA,0
419,4,90,NA,NA,NA,0
420,4,90,NA,NA,NA,0
421,5,91,"E",231,3,0
422,5,91,NA,NA,NA,0
423,5,91,NA,NA,NA,0
424,5,91,"E",197,4,0
425,5,91,NA,NA,NA,0
426,4,92,NA,NA,NA,0
427,4,92,NA,NA,NA,0
428,4,92,NA,NA,NA,0
429,4,92,NA,NA,NA,0
430,4,93,"C",169,3,1
431,4,93,"H",202,2,0
432,4,93,NA,NA,NA,0
433,4,93,NA,NA,NA,0
434,6,94,"H",244,3,0
435,6,94,NA,NA,NA,0
436,6,94,NA,NA,NA,0
437,6,94,NA,NA,NA,0
438,6,94,"H",223,3,0
439,6,94,"E",205,5,2
440,6,95,"H",NA,NA,0
441,6,95,NA,NA,NA,0
442,6,95,"H",313,3,1
443,6,95,"H",343,1,0
444,6,95,"H",320,2,1
445,6,95,"C",283,5,2
446,5,96,NA,NA,NA,0
447,5,96,NA,NA,NA,0
448,5,96,NA,NA,NA,0
449,5,96,NA,NA,NA,0
450,5,96,NA,NA,NA,0
451,3,97,NA,NA,NA,0
452,3,97,NA,NA,NA,0
453,3,97,NA,NA,NA,0
454,4,98,NA,NA,NA,0
455,4,98,NA,NA,NA,0
456,4,98,NA,NA,NA,0
457,4,98,NA,NA,NA,0
458,6,99,"H",NA,NA,0
459,6,99,NA,NA,NA,0
460,6,99,"E",322,5,1
461,6,99,NA,NA,NA,0
462,6,99,NA,NA,NA,0
463,6,99,"E",NA,NA,0
464,6,100,NA,NA,NA,0
465,6,100,NA,NA,NA,0
466,6,100,NA,NA,NA,0
467,6,100,NA,NA,NA,0
468,6,100,NA,NA,NA,0
469,6,100,NA,NA,NA,0
470,4,101,"H",172,2,0
471,4,101,NA,NA,NA,0
472,4,101,"E",115,3,1
473,4,101,"E",276,1,0
474,4,102,"C",331,3,1
475,4,102,NA,NA,NA,0
476,4,102,NA,NA,NA,0
477,4,102,"H",NA,NA,0
478,6,103,"H",86,0,0
479,6,103,"E",34,5,4
480,6,103,"H",102,0,0
481,6,103,"H",56,1,1
482,6,103,"H",59,1,0
483,6,103,"H",63,0,0
484,6,104,NA,NA,NA,0
485,6,104,NA,NA,NA,0
486,6,104,NA,NA,NA,0
487,6,104,NA,NA,NA,0
488,6,104,NA,NA,NA,0
489,6,104,NA,NA,NA,0
490,5,105,NA,NA,NA,0
491,5,105,NA,NA,NA,0
492,5,105,NA,NA,NA,0
493,5,105,NA,NA,NA,0
494,5,105,NA,NA,NA,0
495,5,106,"H",289,2,0
496,5,106,NA,NA,NA,0
497,5,106,"C",250,4,1
498,5,106,NA,NA,NA,0
499,5,106,"H",267,3,1
500,5,107,"E",NA,NA,0
501,5,107,NA,NA,NA,0
502,5,107,NA,NA,NA,0
503,5,107,NA,NA,NA,0
504,5,107,NA,NA,NA,0
505,4,108,NA,NA,NA,0
506,4,108,NA,NA,NA,0
507,4,108,NA,NA,NA,0
508,4,108,NA,NA,NA,0
509,3,109,NA,NA,NA,0
510,3,109,NA,NA,NA,0
511,3,109,NA,NA,NA,0
512,5,110,"H",169,0,0
513,5,110,"H",175,0,0
514,5,110,"E",92,4,2
515,5,110,"H",122,2,2
516,5,110,"H",121,2,0
517,5,111,"H",NA,NA,0
518,5,111,"H",NA,NA,0
519,5,111,"H",346,1,0
520,5,111,"E",327,4,3
521,5,111,"H",356,1,1
522,6,112,NA,NA,NA,0
523,6,112,NA,NA,NA,0
524,6,112,NA,NA,NA,0
525,6,112,NA,NA,NA,0
526,6,112,NA,NA,NA,0
527,6,112,NA,NA,NA,0
528,3,113,NA,NA,NA,0
529,3,113,NA,NA,NA,0
530,3,113,NA,NA,NA,0
531,3,114,NA,NA,NA,0
532,3,114,NA,NA,NA,0
533,3,114,NA,NA,NA,0
534,6,115,NA,NA,NA,0
535,6,115,NA,NA,NA,0
536,6,115,"C",130,5,0
537,6,115,NA,NA,NA,0
538,6,115,NA,NA,NA,0
539,6,115,NA,NA,NA,0
540,3,116,"C",248,2,0
541,3,116,NA,NA,NA,0
542,3,116,NA,NA,NA,0
543,4,117,NA,NA,NA,0
544,4,117,NA,NA,NA,0
545,4,117,NA,NA,NA,0
546,4,117,NA,NA,NA,0
547,3,118,NA,NA,NA,0
548,3,118,NA,NA,NA,0
549,3,118,NA,NA,NA,0
550,5,119,"H",156,2,1
551,5,119,"E",89,4,1
552,5,119,NA,NA,NA,0
553,5,119,"H",128,3,1
554,5,119,"H",183,1,0
555,3,120,NA,NA,NA,0
556,3,120,NA,NA,NA,0
557,3,120,NA,NA,NA,0
558,5,121,"H",284,0,0
559,5,121,"H",254,1,1
560,5,121,"E",131,4,1
561,5,121,"H",215,2,1
562,5,121,"H",203,3,1
563,5,122,"H",166,3,1
564,5,122,NA,NA,NA,0
565,5,122,"E",138,4,1
566,5,122,"H",178,2,0
567,5,122,NA,NA,NA,0
568,5,123,"E",340,3,0
569,5,123,NA,NA,NA,0
570,5,123,NA,NA,NA,0
571,5,123,NA,NA,NA,0
572,5,123,"E",241,4,0
573,4,124,"H",135,2,1
574,4,124,"H",214,0,0
575,4,124,"E",108,3,1
576,4,124,"H",162,1,1
577,4,125,"C",300,2,1
578,4,125,"H",359,0,0
579,4,125,"H",318,1,1
580,4,125,"E",263,3,0
581,6,126,"C",216,5,1
582,6,126,NA,NA,NA,0
583,6,126,"H",279,2,0
584,6,126,NA,NA,NA,0
585,6,126,"E",261,2,0
586,6,126,"H",257,3,1
587,5,127,NA,NA,NA,0
588,5,127,NA,NA,NA,0
589,5,127,NA,NA,NA,0
590,5,127,NA,NA,NA,0
591,5,127,NA,NA,NA,0
592,6,128,NA,NA,NA,0
593,6,128,NA,NA,NA,0
594,6,128,NA,NA,NA,0
595,6,128,NA,NA,NA,0
596,6,128,NA,NA,NA,0
597,6,128,NA,NA,NA,0
598,6,129,NA,NA,NA,0
599,6,129,NA,NA,NA,0
600,6,129,NA,NA,NA,0
601,6,129,NA,NA,NA,0
602,6,129,NA,NA,NA,0
603,6,129,NA,NA,NA,0
604,6,130,NA,NA,NA,0
605,6,130,NA,NA,NA,0
606,6,130,NA,NA,NA,0
607,6,130,NA,NA,NA,0
608,6,130,NA,NA,NA,0
609,6,130,NA,NA,NA,0
610,5,131,NA,NA,NA,0
611,5,131,NA,NA,NA,0
612,5,131,"C",227,4,0
613,5,131,NA,NA,NA,0
614,5,131,"E",NA,NA,0
615,6,132,NA,NA,NA,0
616,6,132,NA,NA,NA,0
617,6,132,NA,NA,NA,0
618,6,132,NA,NA,NA,0
619,6,132,NA,NA,NA,0
620,6,132,NA,NA,NA,0
621,5,133,NA,NA,NA,0
622,5,133,NA,NA,NA,0
623,5,133,NA,NA,NA,0
624,5,133,NA,NA,NA,0
625,5,133,NA,NA,NA,0
626,3,134,NA,NA,NA,0
627,3,134,NA,NA,NA,0
628,3,134,NA,NA,NA,0
629,5,135,NA,NA,NA,0
630,5,135,NA,NA,NA,0
631,5,135,NA,NA,NA,0
632,5,135,NA,NA,NA,0
633,5,135,NA,NA,NA,0
634,6,136,NA,NA,NA,0
635,6,136,"H",107,4,0
636,6,136,"E",72,5,1
637,6,136,NA,NA,NA,0
638,6,136,NA,NA,NA,0
639,6,136,NA,NA,NA,0
640,3,137,NA,NA,NA,0
641,3,137,NA,NA,NA,0
642,3,137,NA,NA,NA,0
643,3,138,NA,NA,NA,0
644,3,138,NA,NA,NA,0
645,3,138,NA,NA,NA,0
646,3,139,"H",267,0,0
647,3,139,"H",279,0,0
648,3,139,"C",252,2,2
649,4,140,NA,NA,NA,0
650,4,140,"C",NA,NA,0
651,4,140,"C",280,3,1
652,4,140,"H",300,2,0
653,3,141,NA,NA,NA,0
654,3,141,NA,NA,NA,0
655,3,141,NA,NA,NA,0
656,6,142,NA,NA,NA,0
657,6,142,NA,NA,NA,0
658,6,142,NA,NA,NA,0
659,6,142,"C",198,5,0
660,6,142,NA,NA,NA,0
661,6,142,NA,NA,NA,0
662,4,143,NA,NA,NA,0
663,4,143,NA,NA,NA,0
664,4,143,NA,NA,NA,0
665,4,143,NA,NA,NA,0
666,3,144,NA,NA,NA,0
667,3,144,NA,NA,NA,0
668,3,144,NA,NA,NA,0
669,3,145,NA,NA,NA,0
670,3,145,NA,NA,NA,0
671,3,145,NA,NA,NA,0
672,5,146,"H",308,2,1
673,5,146,"E",263,4,2
674,5,146,"H",338,1,1
675,5,146,"H",NA,NA,0
676,5,146,"H",294,2,0
677,3,147,"E",NA,NA,0
678,3,147,NA,NA,NA,0
679,3,147,NA,NA,NA,0
680,6,148,NA,NA,NA,0
681,6,148,NA,NA,NA,0
682,6,148,NA,NA,NA,0
683,6,148,NA,NA,NA,0
684,6,148,NA,NA,NA,0
685,6,148,NA,NA,NA,0
686,3,149,NA,NA,NA,0
687,3,149,NA,NA,NA,0
688,3,149,NA,NA,NA,0
689,6,150,"H",156,1,0
690,6,150,"E",144,1,0
691,6,150,NA,NA,NA,0
692,6,150,"H",141,1,0
693,6,150,"H",120,2,1
694,6,150,"E",111,4,2
695,6,151,NA,NA,NA,0
696,6,151,NA,NA,NA,0
697,6,151,NA,NA,NA,0
698,6,151,NA,NA,NA,0
699,6,151,NA,NA,NA,0
700,6,151,NA,NA,NA,0
701,3,152,NA,NA,NA,0
702,3,152,NA,NA,NA,0
703,3,152,NA,NA,NA,0
704,3,153,NA,NA,NA,0
705,3,153,NA,NA,NA,0
706,3,153,NA,NA,NA,0
707,4,154,NA,NA,NA,0
708,4,154,NA,NA,NA,0
709,4,154,NA,NA,NA,0
710,4,154,NA,NA,NA,0
711,6,155,"E",NA,NA,0
712,6,155,NA,NA,NA,0
713,6,155,NA,NA,NA,0
714,6,155,NA,NA,NA,0
715,6,155,NA,NA,NA,0
716,6,155,"E",209,5,0
717,5,156,NA,NA,NA,0
718,5,156,NA,NA,NA,0
719,5,156,NA,NA,NA,0
720,5,156,NA,NA,NA,0
721,5,156,NA,NA,NA,0
722,4,157,NA,NA,NA,0
723,4,157,NA,NA,NA,0
724,4,157,NA,NA,NA,0
725,4,157,"E",301,3,0
726,4,158,NA,NA,NA,0
727,4,158,NA,NA,NA,0
728,4,158,NA,NA,NA,0
729,4,158,NA,NA,NA,0
730,3,159,NA,NA,NA,0
731,3,159,NA,NA,NA,0
732,3,159,NA,NA,NA,0
733,3,160,"E",210,2,0
734,3,160,NA,NA,NA,0
735,3,160,NA,NA,NA,0
736,4,161,"H",231,0,0
737,4,161,"E",132,3,2
738,4,161,"H",151,1,0
739,4,161,"H",177,1,1
740,4,162,"H",143,2,0
741,4,162,NA,NA,NA,0
742,4,162,"C",109,3,1
743,4,162,NA,NA,NA,0
744,4,163,NA,NA,NA,0
745,4,163,"E",40,3,0
746,4,163,NA,NA,NA,0
747,4,163,NA,NA,NA,0
748,5,164,"E",NA,NA,0
749,5,164,NA,NA,NA,0
750,5,164,NA,NA,NA,0
751,5,164,NA,NA,NA,0
752,5,164,NA,NA,NA,0
753,3,165,NA,NA,NA,0
754,3,165,NA,NA,NA,0
755,3,165,NA,NA,NA,0
756,5,166,NA,NA,NA,0
757,5,166,NA,NA,NA,0
758,5,166,NA,NA,NA,0
759,5,166,NA,NA,NA,0
760,5,166,NA,NA,NA,0
761,5,167,"H",315,2,1
762,5,167,"H",331,1,0
763,5,167,"C",263,4,1
764,5,167,NA,NA,NA,0
765,5,167,"H",303,3,1
766,4,168,NA,NA,NA,0
767,4,168,"E",147,3,0
768,4,168,NA,NA,NA,0
769,4,168,NA,NA,NA,0
770,3,169,NA,NA,NA,0
771,3,169,NA,NA,NA,0
772,3,169,NA,NA,NA,0
773,4,170,NA,NA,NA,0
774,4,170,NA,NA,NA,0
775,4,170,NA,NA,NA,0
776,4,170,NA,NA,NA,0
777,3,171,NA,NA,NA,0
778,3,171,NA,NA,NA,0
779,3,171,NA,NA,NA,0
780,4,172,NA,NA,NA,0
781,4,172,"C",185,3,0
782,4,172,NA,NA,NA,0
783,4,172,NA,NA,NA,0
784,5,173,NA,NA,NA,0
785,5,173,NA,NA,NA,0
786,5,173,NA,NA,NA,0
787,5,173,NA,NA,NA,0
788,5,173,NA,NA,NA,0
789,5,174,NA,NA,NA,0
790,5,174,NA,NA,NA,0
791,5,174,NA,NA,NA,0
792,5,174,NA,NA,NA,0
793,5,174,NA,NA,NA,0
794,5,175,NA,NA,NA,0
795,5,175,NA,NA,NA,0
796,5,175,NA,NA,NA,0
797,5,175,"E",355,4,1
798,5,175,"H",NA,NA,0
799,4,176,"H",148,2,0
800,4,176,NA,NA,NA,0
801,4,176,NA,NA,NA,0
802,4,176,"E",125,3,1
803,6,177,NA,NA,NA,0
804,6,177,NA,NA,NA,0
805,6,177,NA,NA,NA,0
806,6,177,NA,NA,NA,0
807,6,177,NA,NA,NA,0
808,6,177,NA,NA,NA,0
809,4,178,NA,NA,NA,0
810,4,178,NA,NA,NA,0
811,4,178,NA,NA,NA,0
812,4,178,NA,NA,NA,0
813,5,179,"E",361,3,1
814,5,179,NA,NA,NA,0
815,5,179,"C",344,3,0
816,5,179,"H",NA,NA,0
817,5,179,NA,NA,NA,0
818,5,180,"C",222,3,1
819,5,180,"H",267,2,1
820,5,180,"H",297,1,0
821,5,180,NA,NA,NA,0
822,5,180,"E",221,3,0
823,5,181,NA,NA,NA,0
824,5,181,NA,NA,NA,0
825,5,181,NA,NA,NA,0
826,5,181,NA,NA,NA,0
827,5,181,NA,NA,NA,0
828,6,182,NA,NA,NA,0
829,6,182,NA,NA,NA,0
830,6,182,NA,NA,NA,0
831,6,182,NA,NA,NA,0
832,6,182,"C",246,5,0
833,6,182,NA,NA,NA,0
834,4,183,NA,NA,NA,0
835,4,183,NA,NA,NA,0
836,4,183,NA,NA,NA,0
837,4,183,NA,NA,NA,0
838,4,184,NA,NA,NA,0
839,4,184,NA,NA,NA,0
840,4,184,NA,NA,NA,0
841,4,184,NA,NA,NA,0
842,4,185,NA,NA,NA,0
843,4,185,NA,NA,NA,0
844,4,185,NA,NA,NA,0
845,4,185,NA,NA,NA,0
846,5,186,NA,NA,NA,0
847,5,186,NA,NA,NA,0
848,5,186,NA,NA,NA,0
849,5,186,NA,NA,NA,0
850,5,186,NA,NA,NA,0
851,3,187,NA,NA,NA,0
852,3,187,"E",328,2,0
853,3,187,NA,NA,NA,0
854,5,188,NA,NA,NA,0
855,5,188,NA,NA,NA,0
856,5,188,NA,NA,NA,0
857,5,188,NA,NA,NA,0
858,5,188,NA,NA,NA,0
859,5,189,NA,NA,NA,0
860,5,189,NA,NA,NA,0
861,5,189,NA,NA,NA,0
862,5,189,NA,NA,NA,0
863,5,189,NA,NA,NA,0
864,3,190,NA,NA,NA,0
865,3,190,NA,NA,NA,0
866,3,190,NA,NA,NA,0
867,5,191,NA,NA,NA,0
868,5,191,NA,NA,NA,0
869,5,191,NA,NA,NA,0
870,5,191,NA,NA,NA,0
871,5,191,NA,NA,NA,0
872,4,192,NA,NA,NA,0
873,4,192,NA,NA,NA,0
874,4,192,NA,NA,NA,0
875,4,192,NA,NA,NA,0
876,6,193,NA,NA,NA,0
877,6,193,"H",NA,NA,0
878,6,193,"H",NA,NA,0
879,6,193,"H",337,2,1
880,6,193,"H",353,1,0
881,6,193,"E",309,5,3
882,6,194,NA,NA,NA,0
883,6,194,"E",NA,NA,0
884,6,194,NA,NA,NA,0
885,6,194,NA,NA,NA,0
886,6,194,NA,NA,NA,0
887,6,194,NA,NA,NA,0
888,4,195,NA,NA,NA,0
889,4,195,NA,NA,NA,0
890,4,195,NA,NA,NA,0
891,4,195,NA,NA,NA,0
892,6,196,"H",134,2,0
893,6,196,"H",149,1,0
894,6,196,"E",NA,NA,0
895,6,196,"H",145,2,1
896,6,196,"E",119,5,3
897,6,196,"H",163,1,0
898,3,197,"H",303,1,0
899,3,197,NA,NA,NA,0
900,3,197,"C",263,2,1
901,3,198,NA,NA,NA,0
902,3,198,NA,NA,NA,0
903,3,198,"C",NA,NA,0
904,5,199,NA,NA,NA,0
905,5,199,NA,NA,NA,0
906,5,199,NA,NA,NA,0
907,5,199,NA,NA,NA,0
908,5,199,NA,NA,NA,0
909,3,200,NA,NA,NA,0
910,3,200,NA,NA,NA,0
911,3,200,NA,NA,NA,0
912,6,201,NA,NA,NA,0
913,6,201,"E",241,5,1
914,6,201,"H",267,4,0
915,6,201,NA,NA,NA,0
916,6,201,NA,NA,NA,0
917,6,201,NA,NA,NA,0
918,5,202,NA,NA,NA,0
919,5,202,NA,NA,NA,0
920,5,202,NA,NA,NA,0
921,5,202,NA,NA,NA,0
922,5,202,NA,NA,NA,0
923,4,203,NA,NA,NA,0
924,4,203,NA,NA,NA,0
925,4,203,NA,NA,NA,0
926,4,203,NA,NA,NA,0
927,4,204,"E",189,3,1
928,4,204,NA,NA,NA,0
929,4,204,NA,NA,NA,0
930,4,204,"H",216,2,0
931,3,205,NA,NA,NA,0
932,3,205,"E",158,2,0
933,3,205,NA,NA,NA,0
934,3,206,NA,NA,NA,0
935,3,206,NA,NA,NA,0
936,3,206,NA,NA,NA,0
937,5,207,"H",122,1,0
938,5,207,NA,NA,NA,0
939,5,207,"E",41,4,1
940,5,207,"H",106,1,0
941,5,207,"H",81,3,2
942,5,208,NA,NA,NA,0
943,5,208,NA,NA,NA,0
944,5,208,NA,NA,NA,0
945,5,208,"E",39,4,0
946,5,208,NA,NA,NA,0
947,6,209,NA,NA,NA,0
948,6,209,NA,NA,NA,0
949,6,209,NA,NA,NA,0
950,6,209,NA,NA,NA,0
951,6,209,NA,NA,NA,0
952,6,209,NA,NA,NA,0
953,6,210,NA,NA,NA,0
954,6,210,NA,NA,NA,0
955,6,210,NA,NA,NA,0
956,6,210,NA,NA,NA,0
957,6,210,NA,NA,NA,0
958,6,210,NA,NA,NA,0
959,4,211,NA,NA,NA,0
960,4,211,"H",223,2,0
961,4,211,"E",182,3,1
962,4,211,NA,NA,NA,0
963,4,212,NA,NA,NA,0
964,4,212,"C",228,3,1
965,4,212,"H",270,2,0
966,4,212,NA,NA,NA,0
967,3,213,NA,NA,NA,0
968,3,213,NA,NA,NA,0
969,3,213,NA,NA,NA,0
970,6,214,NA,NA,NA,0
971,6,214,"H",NA,NA,0
972,6,214,NA,NA,NA,0
973,6,214,NA,NA,NA,0
974,6,214,NA,NA,NA,0
975,6,214,"C",346,5,1
976,5,215,"E",314,4,1
977,5,215,"C",NA,NA,0
978,5,215,"H",NA,NA,0
979,5,215,NA,NA,NA,0
980,5,215,"H",357,2,1
981,4,216,NA,NA,NA,0
982,4,216,"C",296,3,0
983,4,216,NA,NA,NA,0
984,4,216,NA,NA,NA,0
985,5,217,NA,NA,NA,0
986,5,217,"E",153,3,0
987,5,217,NA,NA,NA,0
988,5,217,NA,NA,NA,0
989,5,217,"C",180,3,0
990,5,218,NA,NA,NA,0
991,5,218,NA,NA,NA,0
992,5,218,NA,NA,NA,0
993,5,218,NA,NA,NA,0
994,5,218,NA,NA,NA,0
995,6,219,NA,NA,NA,0
996,6,219,NA,NA,NA,0
997,6,219,"C",277,5,2
998,6,219,"H",315,3,0
999,6,219,NA,NA,NA,0
1000,6,219,"H",324,3,0
