"ID","SIZE","HH","TYPE","TIME","S_num","I_num"
1,6,1,"0",62,NA,0
2,6,1,NA,NA,NA,0
3,6,1,"E",57,NA,0
4,6,1,"E",258,NA,0
5,6,1,"E",NA,NA,0
6,6,1,"E",262,NA,0
7,5,2,NA,NA,NA,0
8,5,2,NA,NA,NA,0
9,5,2,NA,NA,NA,0
10,5,2,"E",315,NA,0
11,5,2,NA,NA,NA,0
12,5,3,"E",93,NA,0
13,5,3,NA,NA,NA,0
14,5,3,NA,NA,NA,0
15,5,3,NA,NA,NA,0
16,5,3,NA,NA,NA,0
17,5,4,NA,NA,NA,0
18,5,4,"E",139,NA,0
19,5,4,"E",181,NA,0
20,5,4,NA,NA,NA,0
21,5,4,"E",309,NA,0
22,6,5,NA,NA,NA,0
23,6,5,NA,NA,NA,0
24,6,5,NA,NA,NA,0
25,6,5,"E",171,NA,0
26,6,5,"E",88,NA,0
27,6,5,"E",354,NA,0
28,5,6,NA,NA,NA,0
29,5,6,"E",174,NA,0
30,5,6,NA,NA,NA,0
31,5,6,NA,NA,NA,0
32,5,6,"E",216,NA,0
33,5,7,"E",94,NA,0
34,5,7,NA,NA,NA,0
35,5,7,NA,NA,NA,0
36,5,7,"E",NA,NA,0
37,5,7,NA,NA,NA,0
38,6,8,NA,NA,NA,0
39,6,8,NA,NA,NA,0
40,6,8,NA,NA,NA,0
41,6,8,"E",73,NA,0
42,6,8,NA,NA,NA,0
43,6,8,NA,NA,NA,0
44,5,9,NA,NA,NA,0
45,5,9,"E",141,NA,0
46,5,9,NA,NA,NA,0
47,5,9,"E",NA,NA,0
48,5,9,NA,NA,NA,0
49,4,10,NA,NA,NA,0
50,4,10,NA,NA,NA,0
51,4,10,NA,NA,NA,0
52,4,10,"E",225,NA,0
53,4,11,"E",140,NA,0
54,4,11,"E",34,NA,0
55,4,11,NA,NA,NA,0
56,4,11,NA,NA,NA,0
57,3,12,NA,NA,NA,0
58,3,12,NA,NA,NA,0
59,3,12,NA,NA,NA,0
60,3,13,"E",325,NA,0
61,3,13,"E",337,NA,0
62,3,13,NA,NA,NA,0
63,3,14,NA,NA,NA,0
64,3,14,NA,NA,NA,0
65,3,14,NA,NA,NA,0
66,5,15,"E",228,NA,0
67,5,15,NA,NA,NA,0
68,5,15,NA,NA,NA,0
69,5,15,NA,NA,NA,0
70,5,15,NA,NA,NA,0
71,6,16,NA,NA,NA,0
72,6,16,"E",228,NA,0
73,6,16,"E",296,NA,0
74,6,16,"E",234,NA,0
75,6,16,NA,NA,NA,0
76,6,16,NA,NA,NA,0
77,6,17,NA,NA,NA,0
78,6,17,NA,NA,NA,0
79,6,17,NA,NA,NA,0
80,6,17,NA,NA,NA,0
81,6,17,"E",210,NA,0
82,6,17,"E",231,NA,0
83,4,18,"E",113,NA,0
84,4,18,"E",250,NA,0
85,4,18,NA,NA,NA,0
86,4,18,NA,NA,NA,0
87,4,19,NA,NA,NA,0
88,4,19,"E",331,NA,0
89,4,19,NA,NA,NA,0
90,4,19,"E",164,NA,0
91,5,20,NA,NA,NA,0
92,5,20,"E",133,NA,0
93,5,20,"E",34,NA,0
94,5,20,NA,NA,NA,0
95,5,20,NA,NA,NA,0
96,5,21,"E",206,NA,0
97,5,21,"E",168,NA,0
98,5,21,NA,NA,NA,0
99,5,21,"E",208,NA,0
100,5,21,NA,NA,NA,0
101,4,22,NA,NA,NA,0
102,4,22,"E",363,NA,0
103,4,22,NA,NA,NA,0
104,4,22,NA,NA,NA,0
105,3,23,NA,NA,NA,0
106,3,23,"E",318,NA,0
107,3,23,"E",364,NA,0
108,4,24,"E",276,NA,0
109,4,24,NA,NA,NA,0
110,4,24,NA,NA,NA,0
111,4,24,NA,NA,NA,0
112,4,25,NA,NA,NA,0
113,4,25,NA,NA,NA,0
114,4,25,NA,NA,NA,0
115,4,25,NA,NA,NA,0
116,5,26,"E",296,NA,0
117,5,26,NA,NA,NA,0
118,5,26,NA,NA,NA,0
119,5,26,"E",158,NA,0
120,5,26,"E",263,NA,0
121,5,27,"E",74,NA,0
122,5,27,NA,NA,NA,0
123,5,27,NA,NA,NA,0
124,5,27,NA,NA,NA,0
125,5,27,NA,NA,NA,0
126,6,28,NA,NA,NA,0
127,6,28,NA,NA,NA,0
128,6,28,NA,NA,NA,0
129,6,28,"E",66,NA,0
130,6,28,"E",296,NA,0
131,6,28,NA,NA,NA,0
132,5,29,NA,NA,NA,0
133,5,29,NA,NA,NA,0
134,5,29,"E",45,NA,0
135,5,29,NA,NA,NA,0
136,5,29,NA,NA,NA,0
137,5,30,"E",227,NA,0
138,5,30,"E",220,NA,0
139,5,30,NA,NA,NA,0
140,5,30,NA,NA,NA,0
141,5,30,NA,NA,NA,0
142,4,31,NA,NA,NA,0
143,4,31,"E",NA,NA,0
144,4,31,NA,NA,NA,0
145,4,31,NA,NA,NA,0
146,3,32,NA,NA,NA,0
147,3,32,NA,NA,NA,0
148,3,32,NA,NA,NA,0
149,5,33,"E",NA,NA,0
150,5,33,NA,NA,NA,0
151,5,33,NA,NA,NA,0
152,5,33,"E",302,NA,0
153,5,33,NA,NA,NA,0
154,3,34,"E",278,NA,0
155,3,34,NA,NA,NA,0
156,3,34,"E",120,NA,0
157,3,35,"E",233,NA,0
158,3,35,"E",357,NA,0
159,3,35,NA,NA,NA,0
160,5,36,NA,NA,NA,0
161,5,36,NA,NA,NA,0
162,5,36,NA,NA,NA,0
163,5,36,"E",93,NA,0
164,5,36,NA,NA,NA,0
165,3,37,NA,NA,NA,0
166,3,37,"E",159,NA,0
167,3,37,NA,NA,NA,0
168,5,38,NA,NA,NA,0
169,5,38,"E",158,NA,0
170,5,38,"E",254,NA,0
171,5,38,NA,NA,NA,0
172,5,38,NA,NA,NA,0
173,6,39,NA,NA,NA,0
174,6,39,NA,NA,NA,0
175,6,39,"E",304,NA,0
176,6,39,NA,NA,NA,0
177,6,39,NA,NA,NA,0
178,6,39,"E",158,NA,0
179,4,40,NA,NA,NA,0
180,4,40,NA,NA,NA,0
181,4,40,NA,NA,NA,0
182,4,40,NA,NA,NA,0
183,4,41,"E",293,NA,0
184,4,41,NA,NA,NA,0
185,4,41,NA,NA,NA,0
186,4,41,NA,NA,NA,0
187,3,42,NA,NA,NA,0
188,3,42,NA,NA,NA,0
189,3,42,NA,NA,NA,0
190,6,43,"E",154,NA,0
191,6,43,NA,NA,NA,0
192,6,43,"E",NA,NA,0
193,6,43,NA,NA,NA,0
194,6,43,NA,NA,NA,0
195,6,43,"E",166,NA,0
196,5,44,"E",331,NA,0
197,5,44,NA,NA,NA,0
198,5,44,NA,NA,NA,0
199,5,44,NA,NA,NA,0
200,5,44,NA,NA,NA,0
201,6,45,NA,NA,NA,0
202,6,45,NA,NA,NA,0
203,6,45,NA,NA,NA,0
204,6,45,"E",258,NA,0
205,6,45,NA,NA,NA,0
206,6,45,NA,NA,NA,0
207,4,46,NA,NA,NA,0
208,4,46,"E",206,NA,0
209,4,46,"E",247,NA,0
210,4,46,NA,NA,NA,0
211,4,47,NA,NA,NA,0
212,4,47,NA,NA,NA,0
213,4,47,NA,NA,NA,0
214,4,47,NA,NA,NA,0
215,5,48,"E",269,NA,0
216,5,48,NA,NA,NA,0
217,5,48,NA,NA,NA,0
218,5,48,NA,NA,NA,0
219,5,48,NA,NA,NA,0
220,3,49,NA,NA,NA,0
221,3,49,NA,NA,NA,0
222,3,49,NA,NA,NA,0
223,6,50,NA,NA,NA,0
224,6,50,"E",NA,NA,0
225,6,50,NA,NA,NA,0
226,6,50,NA,NA,NA,0
227,6,50,"E",238,NA,0
228,6,50,"E",230,NA,0
229,5,51,NA,NA,NA,0
230,5,51,"E",76,NA,0
231,5,51,"E",192,NA,0
232,5,51,"E",134,NA,0
233,5,51,NA,NA,NA,0
234,3,52,NA,NA,NA,0
235,3,52,NA,NA,NA,0
236,3,52,NA,NA,NA,0
237,5,53,NA,NA,NA,0
238,5,53,"E",101,NA,0
239,5,53,NA,NA,NA,0
240,5,53,NA,NA,NA,0
241,5,53,NA,NA,NA,0
242,4,54,NA,NA,NA,0
243,4,54,"E",232,NA,0
244,4,54,NA,NA,NA,0
245,4,54,NA,NA,NA,0
246,5,55,NA,NA,NA,0
247,5,55,NA,NA,NA,0
248,5,55,NA,NA,NA,0
249,5,55,NA,NA,NA,0
250,5,55,NA,NA,NA,0
251,5,56,"E",361,NA,0
252,5,56,NA,NA,NA,0
253,5,56,"E",287,NA,0
254,5,56,NA,NA,NA,0
255,5,56,NA,NA,NA,0
256,3,57,NA,NA,NA,0
257,3,57,"E",298,NA,0
258,3,57,NA,NA,NA,0
259,4,58,"E",242,NA,0
260,4,58,NA,NA,NA,0
261,4,58,NA,NA,NA,0
262,4,58,NA,NA,NA,0
263,4,59,"E",243,NA,0
264,4,59,NA,NA,NA,0
265,4,59,NA,NA,NA,0
266,4,59,"E",NA,NA,0
267,4,60,"E",145,NA,0
268,4,60,NA,NA,NA,0
269,4,60,"E",338,NA,0
270,4,60,NA,NA,NA,0
271,4,61,NA,NA,NA,0
272,4,61,"E",329,NA,0
273,4,61,"E",99,NA,0
274,4,61,NA,NA,NA,0
275,5,62,NA,NA,NA,0
276,5,62,NA,NA,NA,0
277,5,62,NA,NA,NA,0
278,5,62,"E",296,NA,0
279,5,62,NA,NA,NA,0
280,5,63,NA,NA,NA,0
281,5,63,NA,NA,NA,0
282,5,63,NA,NA,NA,0
283,5,63,"E",342,NA,0
284,5,63,NA,NA,NA,0
285,3,64,NA,NA,NA,0
286,3,64,"E",97,NA,0
287,3,64,"E",167,NA,0
288,5,65,"E",268,NA,0
289,5,65,NA,NA,NA,0
290,5,65,NA,NA,NA,0
291,5,65,"E",72,NA,0
292,5,65,"E",161,NA,0
293,6,66,NA,NA,NA,0
294,6,66,NA,NA,NA,0
295,6,66,NA,NA,NA,0
296,6,66,"E",NA,NA,0
297,6,66,NA,NA,NA,0
298,6,66,NA,NA,NA,0
299,3,67,"E",88,NA,0
300,3,67,NA,NA,NA,0
301,3,67,NA,NA,NA,0
302,4,68,NA,NA,NA,0
303,4,68,NA,NA,NA,0
304,4,68,NA,NA,NA,0
305,4,68,NA,NA,NA,0
306,5,69,NA,NA,NA,0
307,5,69,NA,NA,NA,0
308,5,69,"E",NA,NA,0
309,5,69,NA,NA,NA,0
310,5,69,NA,NA,NA,0
311,5,70,"E",288,NA,0
312,5,70,"E",271,NA,0
313,5,70,"E",345,NA,0
314,5,70,NA,NA,NA,0
315,5,70,NA,NA,NA,0
316,6,71,"E",186,NA,0
317,6,71,"E",301,NA,0
318,6,71,NA,NA,NA,0
319,6,71,NA,NA,NA,0
320,6,71,NA,NA,NA,0
321,6,71,NA,NA,NA,0
322,4,72,NA,NA,NA,0
323,4,72,NA,NA,NA,0
324,4,72,NA,NA,NA,0
325,4,72,"E",150,NA,0
326,6,73,NA,NA,NA,0
327,6,73,NA,NA,NA,0
328,6,73,NA,NA,NA,0
329,6,73,"E",88,NA,0
330,6,73,"E",71,NA,0
331,6,73,"E",183,NA,0
332,4,74,NA,NA,NA,0
333,4,74,NA,NA,NA,0
334,4,74,NA,NA,NA,0
335,4,74,"E",146,NA,0
336,3,75,NA,NA,NA,0
337,3,75,NA,NA,NA,0
338,3,75,NA,NA,NA,0
339,6,76,NA,NA,NA,0
340,6,76,NA,NA,NA,0
341,6,76,"E",193,NA,0
342,6,76,NA,NA,NA,0
343,6,76,NA,NA,NA,0
344,6,76,NA,NA,NA,0
345,4,77,NA,NA,NA,0
346,4,77,NA,NA,NA,0
347,4,77,NA,NA,NA,0
348,4,77,"E",NA,NA,0
349,4,78,NA,NA,NA,0
350,4,78,NA,NA,NA,0
351,4,78,NA,NA,NA,0
352,4,78,NA,NA,NA,0
353,5,79,NA,NA,NA,0
354,5,79,NA,NA,NA,0
355,5,79,NA,NA,NA,0
356,5,79,NA,NA,NA,0
357,5,79,NA,NA,NA,0
358,5,80,"E",318,NA,0
359,5,80,NA,NA,NA,0
360,5,80,NA,NA,NA,0
361,5,80,NA,NA,NA,0
362,5,80,NA,NA,NA,0
363,5,81,NA,NA,NA,0
364,5,81,NA,NA,NA,0
365,5,81,NA,NA,NA,0
366,5,81,"E",151,NA,0
367,5,81,NA,NA,NA,0
368,6,82,NA,NA,NA,0
369,6,82,NA,NA,NA,0
370,6,82,NA,NA,NA,0
371,6,82,NA,NA,NA,0
372,6,82,NA,NA,NA,0
373,6,82,NA,NA,NA,0
374,5,83,"E",243,NA,0
375,5,83,NA,NA,NA,0
376,5,83,NA,NA,NA,0
377,5,83,"E",325,NA,0
378,5,83,NA,NA,NA,0
379,5,84,NA,NA,NA,0
380,5,84,"E",163,NA,0
381,5,84,NA,NA,NA,0
382,5,84,NA,NA,NA,0
383,5,84,"E",148,NA,0
384,4,85,NA,NA,NA,0
385,4,85,"E",351,NA,0
386,4,85,"E",147,NA,0
387,4,85,NA,NA,NA,0
388,5,86,NA,NA,NA,0
389,5,86,NA,NA,NA,0
390,5,86,NA,NA,NA,0
391,5,86,NA,NA,NA,0
392,5,86,NA,NA,NA,0
393,4,87,NA,NA,NA,0
394,4,87,NA,NA,NA,0
395,4,87,"E",111,NA,0
396,4,87,NA,NA,NA,0
397,3,88,NA,NA,NA,0
398,3,88,"E",79,NA,0
399,3,88,NA,NA,NA,0
400,4,89,"E",NA,NA,0
401,4,89,"E",318,NA,0
402,4,89,NA,NA,NA,0
403,4,89,NA,NA,NA,0
404,4,90,NA,NA,NA,0
405,4,90,NA,NA,NA,0
406,4,90,NA,NA,NA,0
407,4,90,NA,NA,NA,0
408,5,91,NA,NA,NA,0
409,5,91,"E",73,NA,0
410,5,91,NA,NA,NA,0
411,5,91,NA,NA,NA,0
412,5,91,NA,NA,NA,0
413,5,92,NA,NA,NA,0
414,5,92,"E",213,NA,0
415,5,92,NA,NA,NA,0
416,5,92,NA,NA,NA,0
417,5,92,NA,NA,NA,0
418,6,93,NA,NA,NA,0
419,6,93,NA,NA,NA,0
420,6,93,"E",223,NA,0
421,6,93,NA,NA,NA,0
422,6,93,"E",219,NA,0
423,6,93,"E",229,NA,0
424,6,94,NA,NA,NA,0
425,6,94,"E",165,NA,0
426,6,94,"E",NA,NA,0
427,6,94,"E",279,NA,0
428,6,94,NA,NA,NA,0
429,6,94,NA,NA,NA,0
430,3,95,"E",81,NA,0
431,3,95,NA,NA,NA,0
432,3,95,NA,NA,NA,0
433,3,96,"E",156,NA,0
434,3,96,NA,NA,NA,0
435,3,96,"E",114,NA,0
436,5,97,NA,NA,NA,0
437,5,97,NA,NA,NA,0
438,5,97,NA,NA,NA,0
439,5,97,"E",256,NA,0
440,5,97,"E",327,NA,0
441,5,98,"E",285,NA,0
442,5,98,"E",133,NA,0
443,5,98,NA,NA,NA,0
444,5,98,"E",262,NA,0
445,5,98,"E",31,NA,0
446,6,99,NA,NA,NA,0
447,6,99,NA,NA,NA,0
448,6,99,NA,NA,NA,0
449,6,99,"E",359,NA,0
450,6,99,"E",242,NA,0
451,6,99,NA,NA,NA,0
452,4,100,"E",127,NA,0
453,4,100,"E",NA,NA,0
454,4,100,NA,NA,NA,0
455,4,100,NA,NA,NA,0
456,3,101,NA,NA,NA,0
457,3,101,"E",331,NA,0
458,3,101,NA,NA,NA,0
459,3,102,NA,NA,NA,0
460,3,102,"E",148,NA,0
461,3,102,NA,NA,NA,0
462,5,103,NA,NA,NA,0
463,5,103,NA,NA,NA,0
464,5,103,"E",189,NA,0
465,5,103,NA,NA,NA,0
466,5,103,NA,NA,NA,0
467,5,104,NA,NA,NA,0
468,5,104,NA,NA,NA,0
469,5,104,"E",NA,NA,0
470,5,104,NA,NA,NA,0
471,5,104,NA,NA,NA,0
472,3,105,"E",254,NA,0
473,3,105,NA,NA,NA,0
474,3,105,NA,NA,NA,0
475,6,106,NA,NA,NA,0
476,6,106,NA,NA,NA,0
477,6,106,"E",248,NA,0
478,6,106,NA,NA,NA,0
479,6,106,NA,NA,NA,0
480,6,106,NA,NA,NA,0
481,6,107,"E",NA,NA,0
482,6,107,NA,NA,NA,0
483,6,107,"E",76,NA,0
484,6,107,NA,NA,NA,0
485,6,107,"E",208,NA,0
486,6,107,"E",NA,NA,0
487,6,108,NA,NA,NA,0
488,6,108,"E",205,NA,0
489,6,108,NA,NA,NA,0
490,6,108,"E",215,NA,0
491,6,108,"E",100,NA,0
492,6,108,NA,NA,NA,0
493,4,109,NA,NA,NA,0
494,4,109,NA,NA,NA,0
495,4,109,NA,NA,NA,0
496,4,109,NA,NA,NA,0
497,6,110,NA,NA,NA,0
498,6,110,NA,NA,NA,0
499,6,110,NA,NA,NA,0
500,6,110,"E",65,NA,0
501,6,110,"E",198,NA,0
502,6,110,NA,NA,NA,0
503,3,111,"E",335,NA,0
504,3,111,NA,NA,NA,0
505,3,111,"E",302,NA,0
506,5,112,NA,NA,NA,0
507,5,112,NA,NA,NA,0
508,5,112,"E",198,NA,0
509,5,112,NA,NA,NA,0
510,5,112,NA,NA,NA,0
511,4,113,"E",270,NA,0
512,4,113,NA,NA,NA,0
513,4,113,NA,NA,NA,0
514,4,113,"E",198,NA,0
515,4,114,NA,NA,NA,0
516,4,114,NA,NA,NA,0
517,4,114,NA,NA,NA,0
518,4,114,"E",315,NA,0
519,5,115,NA,NA,NA,0
520,5,115,NA,NA,NA,0
521,5,115,NA,NA,NA,0
522,5,115,NA,NA,NA,0
523,5,115,NA,NA,NA,0
524,6,116,"E",96,NA,0
525,6,116,NA,NA,NA,0
526,6,116,NA,NA,NA,0
527,6,116,"E",203,NA,0
528,6,116,NA,NA,NA,0
529,6,116,"E",101,NA,0
530,5,117,NA,NA,NA,0
531,5,117,NA,NA,NA,0
532,5,117,NA,NA,NA,0
533,5,117,NA,NA,NA,0
534,5,117,"E",317,NA,0
535,6,118,NA,NA,NA,0
536,6,118,"E",315,NA,0
537,6,118,NA,NA,NA,0
538,6,118,NA,NA,NA,0
539,6,118,NA,NA,NA,0
540,6,118,NA,NA,NA,0
541,6,119,NA,NA,NA,0
542,6,119,"E",288,NA,0
543,6,119,NA,NA,NA,0
544,6,119,"E",232,NA,0
545,6,119,"E",33,NA,0
546,6,119,"E",237,NA,0
547,5,120,"E",142,NA,0
548,5,120,NA,NA,NA,0
549,5,120,"E",134,NA,0
550,5,120,"E",166,NA,0
551,5,120,"E",290,NA,0
552,6,121,"E",32,NA,0
553,6,121,NA,NA,NA,0
554,6,121,NA,NA,NA,0
555,6,121,NA,NA,NA,0
556,6,121,NA,NA,NA,0
557,6,121,"E",200,NA,0
558,4,122,"E",296,NA,0
559,4,122,NA,NA,NA,0
560,4,122,NA,NA,NA,0
561,4,122,NA,NA,NA,0
562,6,123,NA,NA,NA,0
563,6,123,NA,NA,NA,0
564,6,123,NA,NA,NA,0
565,6,123,NA,NA,NA,0
566,6,123,NA,NA,NA,0
567,6,123,NA,NA,NA,0
568,5,124,NA,NA,NA,0
569,5,124,NA,NA,NA,0
570,5,124,"E",115,NA,0
571,5,124,NA,NA,NA,0
572,5,124,NA,NA,NA,0
573,5,125,NA,NA,NA,0
574,5,125,"E",135,NA,0
575,5,125,"E",83,NA,0
576,5,125,"E",43,NA,0
577,5,125,NA,NA,NA,0
578,6,126,NA,NA,NA,0
579,6,126,"E",102,NA,0
580,6,126,NA,NA,NA,0
581,6,126,NA,NA,NA,0
582,6,126,"E",325,NA,0
583,6,126,NA,NA,NA,0
584,6,127,NA,NA,NA,0
585,6,127,NA,NA,NA,0
586,6,127,NA,NA,NA,0
587,6,127,"E",31,NA,0
588,6,127,NA,NA,NA,0
589,6,127,"E",274,NA,0
590,4,128,NA,NA,NA,0
591,4,128,NA,NA,NA,0
592,4,128,NA,NA,NA,0
593,4,128,NA,NA,NA,0
594,6,129,NA,NA,NA,0
595,6,129,NA,NA,NA,0
596,6,129,"E",302,NA,0
597,6,129,"E",154,NA,0
598,6,129,NA,NA,NA,0
599,6,129,NA,NA,NA,0
600,5,130,"E",NA,NA,0
601,5,130,"E",129,NA,0
602,5,130,NA,NA,NA,0
603,5,130,"E",72,NA,0
604,5,130,NA,NA,NA,0
605,4,131,NA,NA,NA,0
606,4,131,"E",323,NA,0
607,4,131,NA,NA,NA,0
608,4,131,"E",175,NA,0
609,4,132,NA,NA,NA,0
610,4,132,"E",173,NA,0
611,4,132,NA,NA,NA,0
612,4,132,NA,NA,NA,0
613,6,133,NA,NA,NA,0
614,6,133,"E",NA,NA,0
615,6,133,"E",136,NA,0
616,6,133,NA,NA,NA,0
617,6,133,NA,NA,NA,0
618,6,133,"E",242,NA,0
619,6,134,NA,NA,NA,0
620,6,134,NA,NA,NA,0
621,6,134,"E",232,NA,0
622,6,134,NA,NA,NA,0
623,6,134,NA,NA,NA,0
624,6,134,NA,NA,NA,0
625,6,135,"E",320,NA,0
626,6,135,"E",211,NA,0
627,6,135,NA,NA,NA,0
628,6,135,NA,NA,NA,0
629,6,135,NA,NA,NA,0
630,6,135,NA,NA,NA,0
631,4,136,"E",324,NA,0
632,4,136,NA,NA,NA,0
633,4,136,"E",287,NA,0
634,4,136,"E",242,NA,0
635,3,137,NA,NA,NA,0
636,3,137,NA,NA,NA,0
637,3,137,"E",283,NA,0
638,6,138,"E",102,NA,0
639,6,138,"E",70,NA,0
640,6,138,NA,NA,NA,0
641,6,138,"E",276,NA,0
642,6,138,"E",239,NA,0
643,6,138,NA,NA,NA,0
644,4,139,"E",160,NA,0
645,4,139,NA,NA,NA,0
646,4,139,"E",364,NA,0
647,4,139,"E",116,NA,0
648,3,140,"E",179,NA,0
649,3,140,"E",113,NA,0
650,3,140,NA,NA,NA,0
651,4,141,"E",205,NA,0
652,4,141,NA,NA,NA,0
653,4,141,NA,NA,NA,0
654,4,141,"E",293,NA,0
655,3,142,"E",325,NA,0
656,3,142,"E",104,NA,0
657,3,142,NA,NA,NA,0
658,4,143,NA,NA,NA,0
659,4,143,NA,NA,NA,0
660,4,143,NA,NA,NA,0
661,4,143,"E",72,NA,0
662,4,144,NA,NA,NA,0
663,4,144,NA,NA,NA,0
664,4,144,"E",237,NA,0
665,4,144,NA,NA,NA,0
666,6,145,"E",113,NA,0
667,6,145,NA,NA,NA,0
668,6,145,NA,NA,NA,0
669,6,145,NA,NA,NA,0
670,6,145,NA,NA,NA,0
671,6,145,"E",NA,NA,0
672,5,146,NA,NA,NA,0
673,5,146,"E",305,NA,0
674,5,146,NA,NA,NA,0
675,5,146,NA,NA,NA,0
676,5,146,NA,NA,NA,0
677,4,147,"E",226,NA,0
678,4,147,NA,NA,NA,0
679,4,147,NA,NA,NA,0
680,4,147,"E",47,NA,0
681,5,148,NA,NA,NA,0
682,5,148,NA,NA,NA,0
683,5,148,NA,NA,NA,0
684,5,148,NA,NA,NA,0
685,5,148,NA,NA,NA,0
686,5,149,NA,NA,NA,0
687,5,149,NA,NA,NA,0
688,5,149,NA,NA,NA,0
689,5,149,"E",217,NA,0
690,5,149,NA,NA,NA,0
691,5,150,NA,NA,NA,0
692,5,150,NA,NA,NA,0
693,5,150,NA,NA,NA,0
694,5,150,"E",237,NA,0
695,5,150,NA,NA,NA,0
696,6,151,NA,NA,NA,0
697,6,151,NA,NA,NA,0
698,6,151,"E",NA,NA,0
699,6,151,"E",199,NA,0
700,6,151,NA,NA,NA,0
701,6,151,NA,NA,NA,0
702,3,152,NA,NA,NA,0
703,3,152,NA,NA,NA,0
704,3,152,NA,NA,NA,0
705,6,153,NA,NA,NA,0
706,6,153,"E",133,NA,0
707,6,153,NA,NA,NA,0
708,6,153,NA,NA,NA,0
709,6,153,"E",157,NA,0
710,6,153,NA,NA,NA,0
711,5,154,NA,NA,NA,0
712,5,154,"E",156,NA,0
713,5,154,NA,NA,NA,0
714,5,154,NA,NA,NA,0
715,5,154,NA,NA,NA,0
716,5,155,NA,NA,NA,0
717,5,155,NA,NA,NA,0
718,5,155,"E",NA,NA,0
719,5,155,NA,NA,NA,0
720,5,155,NA,NA,NA,0
721,3,156,NA,NA,NA,0
722,3,156,NA,NA,NA,0
723,3,156,NA,NA,NA,0
724,6,157,NA,NA,NA,0
725,6,157,NA,NA,NA,0
726,6,157,NA,NA,NA,0
727,6,157,NA,NA,NA,0
728,6,157,NA,NA,NA,0
729,6,157,NA,NA,NA,0
730,4,158,"E",19,NA,0
731,4,158,NA,NA,NA,0
732,4,158,NA,NA,NA,0
733,4,158,NA,NA,NA,0
734,5,159,NA,NA,NA,0
735,5,159,"E",80,NA,0
736,5,159,NA,NA,NA,0
737,5,159,NA,NA,NA,0
738,5,159,"E",92,NA,0
739,5,160,"E",63,NA,0
740,5,160,NA,NA,NA,0
741,5,160,NA,NA,NA,0
742,5,160,NA,NA,NA,0
743,5,160,NA,NA,NA,0
744,4,161,NA,NA,NA,0
745,4,161,NA,NA,NA,0
746,4,161,"E",263,NA,0
747,4,161,"E",58,NA,0
748,4,162,NA,NA,NA,0
749,4,162,NA,NA,NA,0
750,4,162,NA,NA,NA,0
751,4,162,"E",157,NA,0
752,6,163,NA,NA,NA,0
753,6,163,NA,NA,NA,0
754,6,163,"E",286,NA,0
755,6,163,NA,NA,NA,0
756,6,163,NA,NA,NA,0
757,6,163,"E",202,NA,0
758,6,164,"E",49,NA,0
759,6,164,NA,NA,NA,0
760,6,164,"E",201,NA,0
761,6,164,NA,NA,NA,0
762,6,164,"E",252,NA,0
763,6,164,"E",269,NA,0
764,5,165,NA,NA,NA,0
765,5,165,NA,NA,NA,0
766,5,165,NA,NA,NA,0
767,5,165,NA,NA,NA,0
768,5,165,NA,NA,NA,0
769,6,166,"E",NA,NA,0
770,6,166,"E",219,NA,0
771,6,166,NA,NA,NA,0
772,6,166,"E",112,NA,0
773,6,166,NA,NA,NA,0
774,6,166,NA,NA,NA,0
775,4,167,NA,NA,NA,0
776,4,167,NA,NA,NA,0
777,4,167,NA,NA,NA,0
778,4,167,"E",298,NA,0
779,5,168,NA,NA,NA,0
780,5,168,NA,NA,NA,0
781,5,168,NA,NA,NA,0
782,5,168,"E",NA,NA,0
783,5,168,"E",336,NA,0
784,3,169,"E",NA,NA,0
785,3,169,NA,NA,NA,0
786,3,169,NA,NA,NA,0
787,6,170,NA,NA,NA,0
788,6,170,NA,NA,NA,0
789,6,170,"E",352,NA,0
790,6,170,NA,NA,NA,0
791,6,170,NA,NA,NA,0
792,6,170,"E",180,NA,0
793,3,171,"E",309,NA,0
794,3,171,NA,NA,NA,0
795,3,171,NA,NA,NA,0
796,3,172,NA,NA,NA,0
797,3,172,NA,NA,NA,0
798,3,172,NA,NA,NA,0
799,3,173,NA,NA,NA,0
800,3,173,NA,NA,NA,0
801,3,173,NA,NA,NA,0
802,4,174,NA,NA,NA,0
803,4,174,NA,NA,NA,0
804,4,174,NA,NA,NA,0
805,4,174,"E",260,NA,0
806,4,175,NA,NA,NA,0
807,4,175,NA,NA,NA,0
808,4,175,NA,NA,NA,0
809,4,175,NA,NA,NA,0
810,6,176,"E",277,NA,0
811,6,176,"E",214,NA,0
812,6,176,NA,NA,NA,0
813,6,176,NA,NA,NA,0
814,6,176,"E",21,NA,0
815,6,176,NA,NA,NA,0
816,5,177,NA,NA,NA,0
817,5,177,NA,NA,NA,0
818,5,177,"E",176,NA,0
819,5,177,NA,NA,NA,0
820,5,177,NA,NA,NA,0
821,6,178,NA,NA,NA,0
822,6,178,"E",282,NA,0
823,6,178,NA,NA,NA,0
824,6,178,NA,NA,NA,0
825,6,178,NA,NA,NA,0
826,6,178,NA,NA,NA,0
827,3,179,NA,NA,NA,0
828,3,179,NA,NA,NA,0
829,3,179,NA,NA,NA,0
830,4,180,NA,NA,NA,0
831,4,180,NA,NA,NA,0
832,4,180,"E",235,NA,0
833,4,180,NA,NA,NA,0
834,6,181,NA,NA,NA,0
835,6,181,NA,NA,NA,0
836,6,181,NA,NA,NA,0
837,6,181,"E",118,NA,0
838,6,181,"E",146,NA,0
839,6,181,"E",83,NA,0
840,5,182,"E",72,NA,0
841,5,182,NA,NA,NA,0
842,5,182,NA,NA,NA,0
843,5,182,"E",309,NA,0
844,5,182,NA,NA,NA,0
845,4,183,NA,NA,NA,0
846,4,183,NA,NA,NA,0
847,4,183,NA,NA,NA,0
848,4,183,"E",NA,NA,0
849,3,184,NA,NA,NA,0
850,3,184,NA,NA,NA,0
851,3,184,NA,NA,NA,0
852,3,185,"E",NA,NA,0
853,3,185,"E",322,NA,0
854,3,185,NA,NA,NA,0
855,5,186,NA,NA,NA,0
856,5,186,"E",NA,NA,0
857,5,186,NA,NA,NA,0
858,5,186,NA,NA,NA,0
859,5,186,NA,NA,NA,0
860,3,187,NA,NA,NA,0
861,3,187,NA,NA,NA,0
862,3,187,NA,NA,NA,0
863,4,188,NA,NA,NA,0
864,4,188,NA,NA,NA,0
865,4,188,"E",NA,NA,0
866,4,188,NA,NA,NA,0
867,6,189,NA,NA,NA,0
868,6,189,NA,NA,NA,0
869,6,189,NA,NA,NA,0
870,6,189,NA,NA,NA,0
871,6,189,"E",62,NA,0
872,6,189,NA,NA,NA,0
873,6,190,NA,NA,NA,0
874,6,190,"E",103,NA,0
875,6,190,NA,NA,NA,0
876,6,190,NA,NA,NA,0
877,6,190,NA,NA,NA,0
878,6,190,"E",47,NA,0
879,5,191,NA,NA,NA,0
880,5,191,NA,NA,NA,0
881,5,191,NA,NA,NA,0
882,5,191,NA,NA,NA,0
883,5,191,NA,NA,NA,0
884,4,192,NA,NA,NA,0
885,4,192,"E",172,NA,0
886,4,192,NA,NA,NA,0
887,4,192,"E",84,NA,0
888,5,193,NA,NA,NA,0
889,5,193,"E",289,NA,0
890,5,193,NA,NA,NA,0
891,5,193,NA,NA,NA,0
892,5,193,NA,NA,NA,0
893,4,194,NA,NA,NA,0
894,4,194,"E",353,NA,0
895,4,194,NA,NA,NA,0
896,4,194,NA,NA,NA,0
897,3,195,NA,NA,NA,0
898,3,195,NA,NA,NA,0
899,3,195,NA,NA,NA,0
900,6,196,"E",117,NA,0
901,6,196,"E",146,NA,0
902,6,196,"E",261,NA,0
903,6,196,"E",NA,NA,0
904,6,196,"E",58,NA,0
905,6,196,NA,NA,NA,0
906,4,197,NA,NA,NA,0
907,4,197,"E",233,NA,0
908,4,197,NA,NA,NA,0
909,4,197,NA,NA,NA,0
910,3,198,NA,NA,NA,0
911,3,198,NA,NA,NA,0
912,3,198,NA,NA,NA,0
913,5,199,NA,NA,NA,0
914,5,199,NA,NA,NA,0
915,5,199,"E",189,NA,0
916,5,199,NA,NA,NA,0
917,5,199,NA,NA,NA,0
918,3,200,"E",NA,NA,0
919,3,200,NA,NA,NA,0
920,3,200,"E",161,NA,0
921,4,201,"E",361,NA,0
922,4,201,NA,NA,NA,0
923,4,201,NA,NA,NA,0
924,4,201,NA,NA,NA,0
925,5,202,NA,NA,NA,0
926,5,202,"E",184,NA,0
927,5,202,NA,NA,NA,0
928,5,202,NA,NA,NA,0
929,5,202,NA,NA,NA,0
930,3,203,"E",313,NA,0
931,3,203,"E",261,NA,0
932,3,203,NA,NA,NA,0
933,5,204,NA,NA,NA,0
934,5,204,"E",300,NA,0
935,5,204,NA,NA,NA,0
936,5,204,NA,NA,NA,0
937,5,204,NA,NA,NA,0
938,6,205,NA,NA,NA,0
939,6,205,NA,NA,NA,0
940,6,205,"E",302,NA,0
941,6,205,NA,NA,NA,0
942,6,205,NA,NA,NA,0
943,6,205,NA,NA,NA,0
944,5,206,"E",287,NA,0
945,5,206,NA,NA,NA,0
946,5,206,"E",278,NA,0
947,5,206,NA,NA,NA,0
948,5,206,"E",98,NA,0
949,5,207,"E",NA,NA,0
950,5,207,NA,NA,NA,0
951,5,207,NA,NA,NA,0
952,5,207,"E",177,NA,0
953,5,207,"E",274,NA,0
954,5,208,NA,NA,NA,0
955,5,208,"E",285,NA,0
956,5,208,"E",104,NA,0
957,5,208,NA,NA,NA,0
958,5,208,NA,NA,NA,0
959,5,209,NA,NA,NA,0
960,5,209,"E",193,NA,0
961,5,209,NA,NA,NA,0
962,5,209,"E",246,NA,0
963,5,209,NA,NA,NA,0
964,4,210,NA,NA,NA,0
965,4,210,NA,NA,NA,0
966,4,210,NA,NA,NA,0
967,4,210,NA,NA,NA,0
968,6,211,"E",51,NA,0
969,6,211,NA,NA,NA,0
970,6,211,NA,NA,NA,0
971,6,211,NA,NA,NA,0
972,6,211,"E",208,NA,0
973,6,211,"E",62,NA,0
974,3,212,NA,NA,NA,0
975,3,212,NA,NA,NA,0
976,3,212,NA,NA,NA,0
977,3,213,NA,NA,NA,0
978,3,213,NA,NA,NA,0
979,3,213,NA,NA,NA,0
980,6,214,NA,NA,NA,0
981,6,214,"E",234,NA,0
982,6,214,NA,NA,NA,0
983,6,214,NA,NA,NA,0
984,6,214,"E",185,NA,0
985,6,214,NA,NA,NA,0
986,3,215,"E",308,NA,0
987,3,215,"E",330,NA,0
988,3,215,NA,NA,NA,0
989,6,216,"E",237,NA,0
990,6,216,NA,NA,NA,0
991,6,216,NA,NA,NA,0
992,6,216,NA,NA,NA,0
993,6,216,NA,NA,NA,0
994,6,216,NA,NA,NA,0
995,6,217,NA,NA,NA,0
996,6,217,"E",285,NA,0
997,6,217,NA,NA,NA,0
998,6,217,NA,NA,NA,0
999,6,217,"E",83,NA,0
1000,6,217,NA,NA,NA,0
