"ID","SIZE","HH","TYPE","TIME","S_num","I_num"
1,3,1,"0",35,NA,0
2,3,1,NA,NA,NA,0
3,3,1,"E",298,NA,0
4,6,2,NA,NA,NA,0
5,6,2,NA,NA,NA,0
6,6,2,NA,NA,NA,0
7,6,2,NA,NA,NA,0
8,6,2,NA,NA,NA,0
9,6,2,NA,NA,NA,0
10,4,3,NA,NA,NA,0
11,4,3,"E",NA,NA,0
12,4,3,NA,NA,NA,0
13,4,3,NA,NA,NA,0
14,3,4,"E",NA,NA,0
15,3,4,NA,NA,NA,0
16,3,4,"E",278,NA,0
17,5,5,NA,NA,NA,0
18,5,5,NA,NA,NA,0
19,5,5,NA,NA,NA,0
20,5,5,"E",255,NA,0
21,5,5,NA,NA,NA,0
22,6,6,NA,NA,NA,0
23,6,6,"E",40,NA,0
24,6,6,"E",328,NA,0
25,6,6,"E",114,NA,0
26,6,6,NA,NA,NA,0
27,6,6,NA,NA,NA,0
28,5,7,NA,NA,NA,0
29,5,7,NA,NA,NA,0
30,5,7,"E",295,NA,0
31,5,7,"E",349,NA,0
32,5,7,NA,NA,NA,0
33,5,8,NA,NA,NA,0
34,5,8,"E",138,NA,0
35,5,8,"E",320,NA,0
36,5,8,"E",278,NA,0
37,5,8,NA,NA,NA,0
38,6,9,"E",NA,NA,0
39,6,9,NA,NA,NA,0
40,6,9,"E",216,NA,0
41,6,9,NA,NA,NA,0
42,6,9,NA,NA,NA,0
43,6,9,NA,NA,NA,0
44,6,10,NA,NA,NA,0
45,6,10,NA,NA,NA,0
46,6,10,"E",283,NA,0
47,6,10,"E",207,NA,0
48,6,10,NA,NA,NA,0
49,6,10,NA,NA,NA,0
50,4,11,"E",188,NA,0
51,4,11,"E",239,NA,0
52,4,11,NA,NA,NA,0
53,4,11,NA,NA,NA,0
54,6,12,NA,NA,NA,0
55,6,12,NA,NA,NA,0
56,6,12,NA,NA,NA,0
57,6,12,NA,NA,NA,0
58,6,12,"E",120,NA,0
59,6,12,NA,NA,NA,0
60,3,13,"E",NA,NA,0
61,3,13,"E",168,NA,0
62,3,13,"E",137,NA,0
63,6,14,NA,NA,NA,0
64,6,14,NA,NA,NA,0
65,6,14,NA,NA,NA,0
66,6,14,"E",297,NA,0
67,6,14,NA,NA,NA,0
68,6,14,"E",184,NA,0
69,3,15,NA,NA,NA,0
70,3,15,NA,NA,NA,0
71,3,15,"E",190,NA,0
72,4,16,"E",145,NA,0
73,4,16,NA,NA,NA,0
74,4,16,NA,NA,NA,0
75,4,16,NA,NA,NA,0
76,6,17,"E",230,NA,0
77,6,17,NA,NA,NA,0
78,6,17,NA,NA,NA,0
79,6,17,NA,NA,NA,0
80,6,17,NA,NA,NA,0
81,6,17,NA,NA,NA,0
82,5,18,"E",209,NA,0
83,5,18,NA,NA,NA,0
84,5,18,NA,NA,NA,0
85,5,18,NA,NA,NA,0
86,5,18,"E",180,NA,0
87,3,19,NA,NA,NA,0
88,3,19,"E",259,NA,0
89,3,19,NA,NA,NA,0
90,4,20,NA,NA,NA,0
91,4,20,NA,NA,NA,0
92,4,20,NA,NA,NA,0
93,4,20,NA,NA,NA,0
94,3,21,"E",229,NA,0
95,3,21,NA,NA,NA,0
96,3,21,"E",40,NA,0
97,3,22,NA,NA,NA,0
98,3,22,"E",278,NA,0
99,3,22,"E",NA,NA,0
100,3,23,"E",259,NA,0
101,3,23,"E",152,NA,0
102,3,23,NA,NA,NA,0
103,4,24,"E",113,NA,0
104,4,24,NA,NA,NA,0
105,4,24,NA,NA,NA,0
106,4,24,NA,NA,NA,0
107,4,25,"E",NA,NA,0
108,4,25,NA,NA,NA,0
109,4,25,NA,NA,NA,0
110,4,25,"E",NA,NA,0
111,6,26,"E",222,NA,0
112,6,26,NA,NA,NA,0
113,6,26,"E",306,NA,0
114,6,26,NA,NA,NA,0
115,6,26,NA,NA,NA,0
116,6,26,NA,NA,NA,0
117,3,27,NA,NA,NA,0
118,3,27,NA,NA,NA,0
119,3,27,NA,NA,NA,0
120,5,28,NA,NA,NA,0
121,5,28,"E",161,NA,0
122,5,28,NA,NA,NA,0
123,5,28,"E",157,NA,0
124,5,28,NA,NA,NA,0
125,3,29,"E",149,NA,0
126,3,29,NA,NA,NA,0
127,3,29,"E",38,NA,0
128,6,30,"E",56,NA,0
129,6,30,NA,NA,NA,0
130,6,30,"E",229,NA,0
131,6,30,NA,NA,NA,0
132,6,30,NA,NA,NA,0
133,6,30,NA,NA,NA,0
134,3,31,NA,NA,NA,0
135,3,31,NA,NA,NA,0
136,3,31,"E",273,NA,0
137,3,32,NA,NA,NA,0
138,3,32,"E",303,NA,0
139,3,32,"E",301,NA,0
140,5,33,NA,NA,NA,0
141,5,33,NA,NA,NA,0
142,5,33,NA,NA,NA,0
143,5,33,NA,NA,NA,0
144,5,33,"E",242,NA,0
145,3,34,"E",294,NA,0
146,3,34,NA,NA,NA,0
147,3,34,"E",221,NA,0
148,3,35,NA,NA,NA,0
149,3,35,NA,NA,NA,0
150,3,35,"E",60,NA,0
151,3,36,NA,NA,NA,0
152,3,36,NA,NA,NA,0
153,3,36,NA,NA,NA,0
154,4,37,NA,NA,NA,0
155,4,37,NA,NA,NA,0
156,4,37,NA,NA,NA,0
157,4,37,NA,NA,NA,0
158,6,38,"E",193,NA,0
159,6,38,"E",50,NA,0
160,6,38,NA,NA,NA,0
161,6,38,NA,NA,NA,0
162,6,38,NA,NA,NA,0
163,6,38,NA,NA,NA,0
164,6,39,NA,NA,NA,0
165,6,39,NA,NA,NA,0
166,6,39,NA,NA,NA,0
167,6,39,NA,NA,NA,0
168,6,39,NA,NA,NA,0
169,6,39,"E",244,NA,0
170,6,40,NA,NA,NA,0
171,6,40,"E",365,NA,0
172,6,40,NA,NA,NA,0
173,6,40,NA,NA,NA,0
174,6,40,"E",NA,NA,0
175,6,40,NA,NA,NA,0
176,3,41,NA,NA,NA,0
177,3,41,"E",299,NA,0
178,3,41,NA,NA,NA,0
179,6,42,NA,NA,NA,0
180,6,42,NA,NA,NA,0
181,6,42,"E",119,NA,0
182,6,42,NA,NA,NA,0
183,6,42,NA,NA,NA,0
184,6,42,NA,NA,NA,0
185,4,43,NA,NA,NA,0
186,4,43,NA,NA,NA,0
187,4,43,NA,NA,NA,0
188,4,43,NA,NA,NA,0
189,3,44,NA,NA,NA,0
190,3,44,NA,NA,NA,0
191,3,44,NA,NA,NA,0
192,5,45,NA,NA,NA,0
193,5,45,NA,NA,NA,0
194,5,45,NA,NA,NA,0
195,5,45,NA,NA,NA,0
196,5,45,"E",244,NA,0
197,5,46,NA,NA,NA,0
198,5,46,"E",138,NA,0
199,5,46,NA,NA,NA,0
200,5,46,NA,NA,NA,0
201,5,46,NA,NA,NA,0
202,6,47,"E",48,NA,0
203,6,47,NA,NA,NA,0
204,6,47,"E",336,NA,0
205,6,47,NA,NA,NA,0
206,6,47,NA,NA,NA,0
207,6,47,NA,NA,NA,0
208,5,48,"E",188,NA,0
209,5,48,NA,NA,NA,0
210,5,48,NA,NA,NA,0
211,5,48,NA,NA,NA,0
212,5,48,NA,NA,NA,0
213,5,49,NA,NA,NA,0
214,5,49,NA,NA,NA,0
215,5,49,NA,NA,NA,0
216,5,49,NA,NA,NA,0
217,5,49,NA,NA,NA,0
218,4,50,NA,NA,NA,0
219,4,50,NA,NA,NA,0
220,4,50,NA,NA,NA,0
221,4,50,NA,NA,NA,0
222,6,51,NA,NA,NA,0
223,6,51,NA,NA,NA,0
224,6,51,"E",263,NA,0
225,6,51,NA,NA,NA,0
226,6,51,NA,NA,NA,0
227,6,51,NA,NA,NA,0
228,3,52,NA,NA,NA,0
229,3,52,NA,NA,NA,0
230,3,52,NA,NA,NA,0
231,4,53,"E",331,NA,0
232,4,53,"E",268,NA,0
233,4,53,NA,NA,NA,0
234,4,53,"E",241,NA,0
235,3,54,NA,NA,NA,0
236,3,54,"E",NA,NA,0
237,3,54,NA,NA,NA,0
238,6,55,NA,NA,NA,0
239,6,55,NA,NA,NA,0
240,6,55,"E",293,NA,0
241,6,55,NA,NA,NA,0
242,6,55,NA,NA,NA,0
243,6,55,NA,NA,NA,0
244,4,56,NA,NA,NA,0
245,4,56,"E",NA,NA,0
246,4,56,"E",293,NA,0
247,4,56,NA,NA,NA,0
248,3,57,"E",258,NA,0
249,3,57,NA,NA,NA,0
250,3,57,"E",229,NA,0
251,5,58,NA,NA,NA,0
252,5,58,NA,NA,NA,0
253,5,58,NA,NA,NA,0
254,5,58,NA,NA,NA,0
255,5,58,NA,NA,NA,0
256,4,59,NA,NA,NA,0
257,4,59,NA,NA,NA,0
258,4,59,"E",67,NA,0
259,4,59,NA,NA,NA,0
260,5,60,"E",125,NA,0
261,5,60,NA,NA,NA,0
262,5,60,NA,NA,NA,0
263,5,60,NA,NA,NA,0
264,5,60,"E",134,NA,0
265,6,61,NA,NA,NA,0
266,6,61,NA,NA,NA,0
267,6,61,"E",99,NA,0
268,6,61,NA,NA,NA,0
269,6,61,NA,NA,NA,0
270,6,61,NA,NA,NA,0
271,3,62,"E",229,NA,0
272,3,62,"E",299,NA,0
273,3,62,"E",NA,NA,0
274,6,63,NA,NA,NA,0
275,6,63,"E",261,NA,0
276,6,63,NA,NA,NA,0
277,6,63,NA,NA,NA,0
278,6,63,NA,NA,NA,0
279,6,63,"E",177,NA,0
280,4,64,NA,NA,NA,0
281,4,64,"E",186,NA,0
282,4,64,"E",170,NA,0
283,4,64,NA,NA,NA,0
284,6,65,NA,NA,NA,0
285,6,65,NA,NA,NA,0
286,6,65,"E",43,NA,0
287,6,65,"E",202,NA,0
288,6,65,"E",276,NA,0
289,6,65,NA,NA,NA,0
290,4,66,NA,NA,NA,0
291,4,66,"E",267,NA,0
292,4,66,NA,NA,NA,0
293,4,66,"E",336,NA,0
294,3,67,NA,NA,NA,0
295,3,67,NA,NA,NA,0
296,3,67,NA,NA,NA,0
297,3,68,NA,NA,NA,0
298,3,68,NA,NA,NA,0
299,3,68,NA,NA,NA,0
300,4,69,NA,NA,NA,0
301,4,69,NA,NA,NA,0
302,4,69,"E",261,NA,0
303,4,69,"E",326,NA,0
304,3,70,"E",111,NA,0
305,3,70,NA,NA,NA,0
306,3,70,"E",38,NA,0
307,4,71,NA,NA,NA,0
308,4,71,"E",188,NA,0
309,4,71,NA,NA,NA,0
310,4,71,"E",227,NA,0
311,6,72,"E",270,NA,0
312,6,72,NA,NA,NA,0
313,6,72,NA,NA,NA,0
314,6,72,NA,NA,NA,0
315,6,72,NA,NA,NA,0
316,6,72,NA,NA,NA,0
317,5,73,NA,NA,NA,0
318,5,73,NA,NA,NA,0
319,5,73,NA,NA,NA,0
320,5,73,NA,NA,NA,0
321,5,73,"E",249,NA,0
322,4,74,NA,NA,NA,0
323,4,74,NA,NA,NA,0
324,4,74,NA,NA,NA,0
325,4,74,NA,NA,NA,0
326,5,75,NA,NA,NA,0
327,5,75,NA,NA,NA,0
328,5,75,NA,NA,NA,0
329,5,75,NA,NA,NA,0
330,5,75,"E",188,NA,0
331,5,76,NA,NA,NA,0
332,5,76,"E",130,NA,0
333,5,76,NA,NA,NA,0
334,5,76,NA,NA,NA,0
335,5,76,NA,NA,NA,0
336,5,77,NA,NA,NA,0
337,5,77,NA,NA,NA,0
338,5,77,NA,NA,NA,0
339,5,77,NA,NA,NA,0
340,5,77,NA,NA,NA,0
341,4,78,"E",319,NA,0
342,4,78,"E",280,NA,0
343,4,78,"E",119,NA,0
344,4,78,NA,NA,NA,0
345,3,79,NA,NA,NA,0
346,3,79,"E",NA,NA,0
347,3,79,NA,NA,NA,0
348,4,80,NA,NA,NA,0
349,4,80,"E",212,NA,0
350,4,80,NA,NA,NA,0
351,4,80,NA,NA,NA,0
352,6,81,"E",61,NA,0
353,6,81,NA,NA,NA,0
354,6,81,NA,NA,NA,0
355,6,81,NA,NA,NA,0
356,6,81,"E",86,NA,0
357,6,81,NA,NA,NA,0
358,4,82,NA,NA,NA,0
359,4,82,"E",233,NA,0
360,4,82,"E",230,NA,0
361,4,82,"E",75,NA,0
362,3,83,NA,NA,NA,0
363,3,83,NA,NA,NA,0
364,3,83,NA,NA,NA,0
365,4,84,"E",356,NA,0
366,4,84,NA,NA,NA,0
367,4,84,NA,NA,NA,0
368,4,84,NA,NA,NA,0
369,4,85,NA,NA,NA,0
370,4,85,NA,NA,NA,0
371,4,85,NA,NA,NA,0
372,4,85,"E",291,NA,0
373,4,86,NA,NA,NA,0
374,4,86,NA,NA,NA,0
375,4,86,NA,NA,NA,0
376,4,86,"E",29,NA,0
377,4,87,NA,NA,NA,0
378,4,87,NA,NA,NA,0
379,4,87,NA,NA,NA,0
380,4,87,NA,NA,NA,0
381,3,88,"E",344,NA,0
382,3,88,NA,NA,NA,0
383,3,88,NA,NA,NA,0
384,4,89,NA,NA,NA,0
385,4,89,NA,NA,NA,0
386,4,89,"E",165,NA,0
387,4,89,NA,NA,NA,0
388,3,90,NA,NA,NA,0
389,3,90,NA,NA,NA,0
390,3,90,NA,NA,NA,0
391,3,91,NA,NA,NA,0
392,3,91,NA,NA,NA,0
393,3,91,NA,NA,NA,0
394,5,92,NA,NA,NA,0
395,5,92,NA,NA,NA,0
396,5,92,NA,NA,NA,0
397,5,92,NA,NA,NA,0
398,5,92,NA,NA,NA,0
399,6,93,"E",54,NA,0
400,6,93,NA,NA,NA,0
401,6,93,"E",305,NA,0
402,6,93,NA,NA,NA,0
403,6,93,NA,NA,NA,0
404,6,93,"E",195,NA,0
405,5,94,"E",254,NA,0
406,5,94,NA,NA,NA,0
407,5,94,NA,NA,NA,0
408,5,94,NA,NA,NA,0
409,5,94,NA,NA,NA,0
410,4,95,"E",170,NA,0
411,4,95,NA,NA,NA,0
412,4,95,NA,NA,NA,0
413,4,95,NA,NA,NA,0
414,4,96,NA,NA,NA,0
415,4,96,NA,NA,NA,0
416,4,96,"E",NA,NA,0
417,4,96,NA,NA,NA,0
418,6,97,NA,NA,NA,0
419,6,97,NA,NA,NA,0
420,6,97,NA,NA,NA,0
421,6,97,NA,NA,NA,0
422,6,97,NA,NA,NA,0
423,6,97,NA,NA,NA,0
424,4,98,NA,NA,NA,0
425,4,98,NA,NA,NA,0
426,4,98,NA,NA,NA,0
427,4,98,NA,NA,NA,0
428,4,99,NA,NA,NA,0
429,4,99,NA,NA,NA,0
430,4,99,"E",47,NA,0
431,4,99,NA,NA,NA,0
432,5,100,"E",113,NA,0
433,5,100,NA,NA,NA,0
434,5,100,NA,NA,NA,0
435,5,100,"E",NA,NA,0
436,5,100,NA,NA,NA,0
437,6,101,"E",NA,NA,0
438,6,101,NA,NA,NA,0
439,6,101,NA,NA,NA,0
440,6,101,"E",279,NA,0
441,6,101,"E",330,NA,0
442,6,101,NA,NA,NA,0
443,4,102,NA,NA,NA,0
444,4,102,"E",36,NA,0
445,4,102,"E",90,NA,0
446,4,102,NA,NA,NA,0
447,4,103,NA,NA,NA,0
448,4,103,NA,NA,NA,0
449,4,103,NA,NA,NA,0
450,4,103,NA,NA,NA,0
451,5,104,NA,NA,NA,0
452,5,104,NA,NA,NA,0
453,5,104,NA,NA,NA,0
454,5,104,NA,NA,NA,0
455,5,104,"E",NA,NA,0
456,4,105,NA,NA,NA,0
457,4,105,"E",187,NA,0
458,4,105,NA,NA,NA,0
459,4,105,NA,NA,NA,0
460,5,106,"E",96,NA,0
461,5,106,NA,NA,NA,0
462,5,106,NA,NA,NA,0
463,5,106,NA,NA,NA,0
464,5,106,NA,NA,NA,0
465,6,107,NA,NA,NA,0
466,6,107,NA,NA,NA,0
467,6,107,NA,NA,NA,0
468,6,107,"E",342,NA,0
469,6,107,NA,NA,NA,0
470,6,107,NA,NA,NA,0
471,6,108,"E",318,NA,0
472,6,108,"E",NA,NA,0
473,6,108,NA,NA,NA,0
474,6,108,NA,NA,NA,0
475,6,108,"E",204,NA,0
476,6,108,"E",177,NA,0
477,3,109,"E",261,NA,0
478,3,109,"E",337,NA,0
479,3,109,"E",159,NA,0
480,3,110,NA,NA,NA,0
481,3,110,NA,NA,NA,0
482,3,110,NA,NA,NA,0
483,5,111,NA,NA,NA,0
484,5,111,NA,NA,NA,0
485,5,111,"E",324,NA,0
486,5,111,NA,NA,NA,0
487,5,111,NA,NA,NA,0
488,4,112,"E",295,NA,0
489,4,112,NA,NA,NA,0
490,4,112,NA,NA,NA,0
491,4,112,NA,NA,NA,0
492,6,113,"E",162,NA,0
493,6,113,"E",338,NA,0
494,6,113,NA,NA,NA,0
495,6,113,NA,NA,NA,0
496,6,113,NA,NA,NA,0
497,6,113,"E",NA,NA,0
498,4,114,NA,NA,NA,0
499,4,114,NA,NA,NA,0
500,4,114,NA,NA,NA,0
501,4,114,"E",187,NA,0
502,4,115,NA,NA,NA,0
503,4,115,"E",345,NA,0
504,4,115,"E",187,NA,0
505,4,115,NA,NA,NA,0
506,5,116,NA,NA,NA,0
507,5,116,NA,NA,NA,0
508,5,116,NA,NA,NA,0
509,5,116,"E",197,NA,0
510,5,116,"E",74,NA,0
511,4,117,NA,NA,NA,0
512,4,117,NA,NA,NA,0
513,4,117,NA,NA,NA,0
514,4,117,NA,NA,NA,0
515,3,118,NA,NA,NA,0
516,3,118,"E",171,NA,0
517,3,118,NA,NA,NA,0
518,5,119,NA,NA,NA,0
519,5,119,NA,NA,NA,0
520,5,119,NA,NA,NA,0
521,5,119,"E",NA,NA,0
522,5,119,"E",141,NA,0
523,3,120,"E",360,NA,0
524,3,120,NA,NA,NA,0
525,3,120,NA,NA,NA,0
526,5,121,NA,NA,NA,0
527,5,121,NA,NA,NA,0
528,5,121,NA,NA,NA,0
529,5,121,NA,NA,NA,0
530,5,121,"E",96,NA,0
531,3,122,"E",135,NA,0
532,3,122,NA,NA,NA,0
533,3,122,NA,NA,NA,0
534,5,123,NA,NA,NA,0
535,5,123,"E",156,NA,0
536,5,123,NA,NA,NA,0
537,5,123,"E",100,NA,0
538,5,123,NA,NA,NA,0
539,5,124,NA,NA,NA,0
540,5,124,NA,NA,NA,0
541,5,124,"E",112,NA,0
542,5,124,"E",254,NA,0
543,5,124,"E",204,NA,0
544,6,125,"E",122,NA,0
545,6,125,NA,NA,NA,0
546,6,125,NA,NA,NA,0
547,6,125,NA,NA,NA,0
548,6,125,NA,NA,NA,0
549,6,125,"E",187,NA,0
550,5,126,NA,NA,NA,0
551,5,126,NA,NA,NA,0
552,5,126,"E",212,NA,0
553,5,126,"E",119,NA,0
554,5,126,NA,NA,NA,0
555,4,127,NA,NA,NA,0
556,4,127,NA,NA,NA,0
557,4,127,"E",166,NA,0
558,4,127,NA,NA,NA,0
559,3,128,NA,NA,NA,0
560,3,128,NA,NA,NA,0
561,3,128,NA,NA,NA,0
562,6,129,NA,NA,NA,0
563,6,129,"E",NA,NA,0
564,6,129,"E",279,NA,0
565,6,129,NA,NA,NA,0
566,6,129,NA,NA,NA,0
567,6,129,"E",47,NA,0
568,4,130,NA,NA,NA,0
569,4,130,"E",28,NA,0
570,4,130,"E",333,NA,0
571,4,130,"E",316,NA,0
572,6,131,"E",296,NA,0
573,6,131,NA,NA,NA,0
574,6,131,NA,NA,NA,0
575,6,131,NA,NA,NA,0
576,6,131,NA,NA,NA,0
577,6,131,NA,NA,NA,0
578,6,132,NA,NA,NA,0
579,6,132,NA,NA,NA,0
580,6,132,NA,NA,NA,0
581,6,132,"E",137,NA,0
582,6,132,NA,NA,NA,0
583,6,132,NA,NA,NA,0
584,5,133,NA,NA,NA,0
585,5,133,"E",95,NA,0
586,5,133,NA,NA,NA,0
587,5,133,NA,NA,NA,0
588,5,133,NA,NA,NA,0
589,4,134,NA,NA,NA,0
590,4,134,NA,NA,NA,0
591,4,134,NA,NA,NA,0
592,4,134,NA,NA,NA,0
593,4,135,NA,NA,NA,0
594,4,135,NA,NA,NA,0
595,4,135,NA,NA,NA,0
596,4,135,NA,NA,NA,0
597,5,136,"E",204,NA,0
598,5,136,"E",222,NA,0
599,5,136,"E",109,NA,0
600,5,136,NA,NA,NA,0
601,5,136,NA,NA,NA,0
602,3,137,NA,NA,NA,0
603,3,137,NA,NA,NA,0
604,3,137,NA,NA,NA,0
605,5,138,NA,NA,NA,0
606,5,138,NA,NA,NA,0
607,5,138,"E",292,NA,0
608,5,138,NA,NA,NA,0
609,5,138,"E",79,NA,0
610,5,139,NA,NA,NA,0
611,5,139,NA,NA,NA,0
612,5,139,NA,NA,NA,0
613,5,139,NA,NA,NA,0
614,5,139,NA,NA,NA,0
615,6,140,"E",194,NA,0
616,6,140,NA,NA,NA,0
617,6,140,NA,NA,NA,0
618,6,140,NA,NA,NA,0
619,6,140,"E",160,NA,0
620,6,140,"E",191,NA,0
621,3,141,NA,NA,NA,0
622,3,141,NA,NA,NA,0
623,3,141,"E",203,NA,0
624,3,142,NA,NA,NA,0
625,3,142,"E",223,NA,0
626,3,142,NA,NA,NA,0
627,4,143,"E",NA,NA,0
628,4,143,NA,NA,NA,0
629,4,143,"E",141,NA,0
630,4,143,NA,NA,NA,0
631,3,144,"E",112,NA,0
632,3,144,NA,NA,NA,0
633,3,144,"E",166,NA,0
634,3,145,NA,NA,NA,0
635,3,145,NA,NA,NA,0
636,3,145,"E",238,NA,0
637,3,146,"E",350,NA,0
638,3,146,"E",218,NA,0
639,3,146,NA,NA,NA,0
640,6,147,"E",91,NA,0
641,6,147,NA,NA,NA,0
642,6,147,NA,NA,NA,0
643,6,147,"E",310,NA,0
644,6,147,NA,NA,NA,0
645,6,147,NA,NA,NA,0
646,5,148,NA,NA,NA,0
647,5,148,NA,NA,NA,0
648,5,148,NA,NA,NA,0
649,5,148,"E",303,NA,0
650,5,148,NA,NA,NA,0
651,5,149,NA,NA,NA,0
652,5,149,NA,NA,NA,0
653,5,149,NA,NA,NA,0
654,5,149,NA,NA,NA,0
655,5,149,"E",253,NA,0
656,6,150,NA,NA,NA,0
657,6,150,NA,NA,NA,0
658,6,150,"E",119,NA,0
659,6,150,NA,NA,NA,0
660,6,150,"E",117,NA,0
661,6,150,NA,NA,NA,0
662,4,151,NA,NA,NA,0
663,4,151,"E",308,NA,0
664,4,151,"E",168,NA,0
665,4,151,NA,NA,NA,0
666,4,152,NA,NA,NA,0
667,4,152,NA,NA,NA,0
668,4,152,NA,NA,NA,0
669,4,152,NA,NA,NA,0
670,6,153,NA,NA,NA,0
671,6,153,"E",136,NA,0
672,6,153,NA,NA,NA,0
673,6,153,"E",57,NA,0
674,6,153,NA,NA,NA,0
675,6,153,NA,NA,NA,0
676,5,154,"E",NA,NA,0
677,5,154,"E",354,NA,0
678,5,154,"E",321,NA,0
679,5,154,NA,NA,NA,0
680,5,154,"E",251,NA,0
681,6,155,NA,NA,NA,0
682,6,155,"E",361,NA,0
683,6,155,NA,NA,NA,0
684,6,155,NA,NA,NA,0
685,6,155,"E",345,NA,0
686,6,155,NA,NA,NA,0
687,6,156,NA,NA,NA,0
688,6,156,NA,NA,NA,0
689,6,156,NA,NA,NA,0
690,6,156,NA,NA,NA,0
691,6,156,"E",105,NA,0
692,6,156,NA,NA,NA,0
693,6,157,NA,NA,NA,0
694,6,157,"E",36,NA,0
695,6,157,NA,NA,NA,0
696,6,157,NA,NA,NA,0
697,6,157,"E",249,NA,0
698,6,157,NA,NA,NA,0
699,5,158,NA,NA,NA,0
700,5,158,NA,NA,NA,0
701,5,158,NA,NA,NA,0
702,5,158,NA,NA,NA,0
703,5,158,"E",191,NA,0
704,5,159,"E",142,NA,0
705,5,159,NA,NA,NA,0
706,5,159,"E",325,NA,0
707,5,159,"E",80,NA,0
708,5,159,"E",291,NA,0
709,5,160,NA,NA,NA,0
710,5,160,NA,NA,NA,0
711,5,160,NA,NA,NA,0
712,5,160,NA,NA,NA,0
713,5,160,NA,NA,NA,0
714,5,161,NA,NA,NA,0
715,5,161,NA,NA,NA,0
716,5,161,NA,NA,NA,0
717,5,161,"E",96,NA,0
718,5,161,NA,NA,NA,0
719,4,162,NA,NA,NA,0
720,4,162,NA,NA,NA,0
721,4,162,NA,NA,NA,0
722,4,162,"E",153,NA,0
723,6,163,"E",185,NA,0
724,6,163,NA,NA,NA,0
725,6,163,NA,NA,NA,0
726,6,163,NA,NA,NA,0
727,6,163,NA,NA,NA,0
728,6,163,NA,NA,NA,0
729,5,164,"E",323,NA,0
730,5,164,NA,NA,NA,0
731,5,164,NA,NA,NA,0
732,5,164,NA,NA,NA,0
733,5,164,NA,NA,NA,0
734,5,165,NA,NA,NA,0
735,5,165,NA,NA,NA,0
736,5,165,NA,NA,NA,0
737,5,165,NA,NA,NA,0
738,5,165,"E",228,NA,0
739,6,166,NA,NA,NA,0
740,6,166,NA,NA,NA,0
741,6,166,"E",346,NA,0
742,6,166,NA,NA,NA,0
743,6,166,NA,NA,NA,0
744,6,166,NA,NA,NA,0
745,5,167,"E",326,NA,0
746,5,167,NA,NA,NA,0
747,5,167,NA,NA,NA,0
748,5,167,"E",192,NA,0
749,5,167,NA,NA,NA,0
750,5,168,NA,NA,NA,0
751,5,168,"E",143,NA,0
752,5,168,NA,NA,NA,0
753,5,168,"E",99,NA,0
754,5,168,NA,NA,NA,0
755,4,169,NA,NA,NA,0
756,4,169,NA,NA,NA,0
757,4,169,NA,NA,NA,0
758,4,169,"E",NA,NA,0
759,3,170,"E",304,NA,0
760,3,170,"E",279,NA,0
761,3,170,NA,NA,NA,0
762,6,171,NA,NA,NA,0
763,6,171,NA,NA,NA,0
764,6,171,NA,NA,NA,0
765,6,171,NA,NA,NA,0
766,6,171,NA,NA,NA,0
767,6,171,NA,NA,NA,0
768,4,172,NA,NA,NA,0
769,4,172,NA,NA,NA,0
770,4,172,"E",195,NA,0
771,4,172,NA,NA,NA,0
772,4,173,NA,NA,NA,0
773,4,173,NA,NA,NA,0
774,4,173,NA,NA,NA,0
775,4,173,NA,NA,NA,0
776,3,174,NA,NA,NA,0
777,3,174,"E",89,NA,0
778,3,174,NA,NA,NA,0
779,4,175,"E",229,NA,0
780,4,175,"E",87,NA,0
781,4,175,NA,NA,NA,0
782,4,175,"E",64,NA,0
783,6,176,NA,NA,NA,0
784,6,176,NA,NA,NA,0
785,6,176,NA,NA,NA,0
786,6,176,NA,NA,NA,0
787,6,176,"E",92,NA,0
788,6,176,NA,NA,NA,0
789,6,177,"E",66,NA,0
790,6,177,NA,NA,NA,0
791,6,177,NA,NA,NA,0
792,6,177,"E",133,NA,0
793,6,177,"E",223,NA,0
794,6,177,"E",171,NA,0
795,3,178,"E",187,NA,0
796,3,178,"E",261,NA,0
797,3,178,"E",317,NA,0
798,4,179,NA,NA,NA,0
799,4,179,NA,NA,NA,0
800,4,179,NA,NA,NA,0
801,4,179,NA,NA,NA,0
802,5,180,NA,NA,NA,0
803,5,180,NA,NA,NA,0
804,5,180,"E",140,NA,0
805,5,180,NA,NA,NA,0
806,5,180,NA,NA,NA,0
807,4,181,NA,NA,NA,0
808,4,181,NA,NA,NA,0
809,4,181,NA,NA,NA,0
810,4,181,NA,NA,NA,0
811,6,182,"E",364,NA,0
812,6,182,NA,NA,NA,0
813,6,182,NA,NA,NA,0
814,6,182,NA,NA,NA,0
815,6,182,"E",40,NA,0
816,6,182,NA,NA,NA,0
817,5,183,NA,NA,NA,0
818,5,183,"E",NA,NA,0
819,5,183,"E",331,NA,0
820,5,183,"E",124,NA,0
821,5,183,"E",93,NA,0
822,5,184,NA,NA,NA,0
823,5,184,"E",140,NA,0
824,5,184,NA,NA,NA,0
825,5,184,NA,NA,NA,0
826,5,184,NA,NA,NA,0
827,6,185,NA,NA,NA,0
828,6,185,"E",106,NA,0
829,6,185,"E",199,NA,0
830,6,185,NA,NA,NA,0
831,6,185,NA,NA,NA,0
832,6,185,NA,NA,NA,0
833,3,186,NA,NA,NA,0
834,3,186,NA,NA,NA,0
835,3,186,NA,NA,NA,0
836,3,187,NA,NA,NA,0
837,3,187,"E",91,NA,0
838,3,187,NA,NA,NA,0
839,3,188,NA,NA,NA,0
840,3,188,NA,NA,NA,0
841,3,188,"E",336,NA,0
842,3,189,NA,NA,NA,0
843,3,189,NA,NA,NA,0
844,3,189,"E",315,NA,0
845,6,190,NA,NA,NA,0
846,6,190,NA,NA,NA,0
847,6,190,NA,NA,NA,0
848,6,190,NA,NA,NA,0
849,6,190,NA,NA,NA,0
850,6,190,"E",171,NA,0
851,5,191,"E",66,NA,0
852,5,191,NA,NA,NA,0
853,5,191,NA,NA,NA,0
854,5,191,NA,NA,NA,0
855,5,191,"E",180,NA,0
856,5,192,NA,NA,NA,0
857,5,192,NA,NA,NA,0
858,5,192,"E",115,NA,0
859,5,192,NA,NA,NA,0
860,5,192,NA,NA,NA,0
861,5,193,NA,NA,NA,0
862,5,193,NA,NA,NA,0
863,5,193,NA,NA,NA,0
864,5,193,"E",142,NA,0
865,5,193,NA,NA,NA,0
866,4,194,NA,NA,NA,0
867,4,194,NA,NA,NA,0
868,4,194,"E",295,NA,0
869,4,194,NA,NA,NA,0
870,6,195,NA,NA,NA,0
871,6,195,NA,NA,NA,0
872,6,195,NA,NA,NA,0
873,6,195,"E",165,NA,0
874,6,195,"E",121,NA,0
875,6,195,NA,NA,NA,0
876,5,196,NA,NA,NA,0
877,5,196,"E",229,NA,0
878,5,196,NA,NA,NA,0
879,5,196,NA,NA,NA,0
880,5,196,NA,NA,NA,0
881,6,197,"E",166,NA,0
882,6,197,NA,NA,NA,0
883,6,197,NA,NA,NA,0
884,6,197,NA,NA,NA,0
885,6,197,"E",349,NA,0
886,6,197,NA,NA,NA,0
887,4,198,"E",326,NA,0
888,4,198,"E",303,NA,0
889,4,198,NA,NA,NA,0
890,4,198,NA,NA,NA,0
891,4,199,"E",297,NA,0
892,4,199,NA,NA,NA,0
893,4,199,NA,NA,NA,0
894,4,199,NA,NA,NA,0
895,5,200,NA,NA,NA,0
896,5,200,NA,NA,NA,0
897,5,200,NA,NA,NA,0
898,5,200,"E",315,NA,0
899,5,200,NA,NA,NA,0
900,6,201,NA,NA,NA,0
901,6,201,"E",257,NA,0
902,6,201,NA,NA,NA,0
903,6,201,NA,NA,NA,0
904,6,201,NA,NA,NA,0
905,6,201,NA,NA,NA,0
906,4,202,NA,NA,NA,0
907,4,202,NA,NA,NA,0
908,4,202,NA,NA,NA,0
909,4,202,"E",296,NA,0
910,5,203,NA,NA,NA,0
911,5,203,"E",141,NA,0
912,5,203,NA,NA,NA,0
913,5,203,NA,NA,NA,0
914,5,203,"E",257,NA,0
915,6,204,NA,NA,NA,0
916,6,204,NA,NA,NA,0
917,6,204,NA,NA,NA,0
918,6,204,"E",265,NA,0
919,6,204,"E",177,NA,0
920,6,204,NA,NA,NA,0
921,5,205,"E",297,NA,0
922,5,205,"E",260,NA,0
923,5,205,NA,NA,NA,0
924,5,205,NA,NA,NA,0
925,5,205,NA,NA,NA,0
926,4,206,"E",111,NA,0
927,4,206,NA,NA,NA,0
928,4,206,"E",NA,NA,0
929,4,206,"E",264,NA,0
930,3,207,NA,NA,NA,0
931,3,207,"E",339,NA,0
932,3,207,NA,NA,NA,0
933,5,208,"E",296,NA,0
934,5,208,NA,NA,NA,0
935,5,208,"E",309,NA,0
936,5,208,NA,NA,NA,0
937,5,208,NA,NA,NA,0
938,6,209,NA,NA,NA,0
939,6,209,NA,NA,NA,0
940,6,209,NA,NA,NA,0
941,6,209,NA,NA,NA,0
942,6,209,NA,NA,NA,0
943,6,209,"E",365,NA,0
944,6,210,NA,NA,NA,0
945,6,210,NA,NA,NA,0
946,6,210,NA,NA,NA,0
947,6,210,NA,NA,NA,0
948,6,210,NA,NA,NA,0
949,6,210,"E",245,NA,0
950,3,211,NA,NA,NA,0
951,3,211,NA,NA,NA,0
952,3,211,"E",169,NA,0
953,3,212,NA,NA,NA,0
954,3,212,NA,NA,NA,0
955,3,212,NA,NA,NA,0
956,6,213,NA,NA,NA,0
957,6,213,"E",252,NA,0
958,6,213,"E",307,NA,0
959,6,213,NA,NA,NA,0
960,6,213,NA,NA,NA,0
961,6,213,"E",171,NA,0
962,5,214,NA,NA,NA,0
963,5,214,NA,NA,NA,0
964,5,214,NA,NA,NA,0
965,5,214,NA,NA,NA,0
966,5,214,"E",204,NA,0
967,5,215,NA,NA,NA,0
968,5,215,NA,NA,NA,0
969,5,215,NA,NA,NA,0
970,5,215,"E",338,NA,0
971,5,215,NA,NA,NA,0
972,5,216,NA,NA,NA,0
973,5,216,NA,NA,NA,0
974,5,216,NA,NA,NA,0
975,5,216,NA,NA,NA,0
976,5,216,NA,NA,NA,0
977,6,217,NA,NA,NA,0
978,6,217,"E",357,NA,0
979,6,217,NA,NA,NA,0
980,6,217,NA,NA,NA,0
981,6,217,NA,NA,NA,0
982,6,217,NA,NA,NA,0
983,3,218,"E",128,NA,0
984,3,218,NA,NA,NA,0
985,3,218,NA,NA,NA,0
986,4,219,NA,NA,NA,0
987,4,219,"E",327,NA,0
988,4,219,NA,NA,NA,0
989,4,219,"E",NA,NA,0
990,6,220,NA,NA,NA,0
991,6,220,"E",105,NA,0
992,6,220,NA,NA,NA,0
993,6,220,NA,NA,NA,0
994,6,220,"E",165,NA,0
995,6,220,NA,NA,NA,0
996,5,221,NA,NA,NA,0
997,5,221,"E",311,NA,0
998,5,221,NA,NA,NA,0
999,5,221,NA,NA,NA,0
1000,5,221,NA,NA,NA,0
