"ID","SIZE","HH","TYPE","TIME","S_NUM","I_NUM"
1,4,1,NA,NA,NA,0
2,4,1,NA,NA,NA,0
3,4,1,NA,NA,NA,0
4,4,1,NA,NA,NA,0
5,4,2,NA,NA,NA,0
6,4,2,NA,NA,NA,0
7,4,2,NA,NA,NA,0
8,4,2,NA,NA,NA,0
9,5,3,NA,NA,NA,0
10,5,3,NA,NA,NA,0
11,5,3,NA,NA,NA,0
12,5,3,NA,NA,NA,0
13,5,3,NA,NA,NA,0
14,6,4,NA,NA,NA,0
15,6,4,NA,NA,NA,0
16,6,4,NA,NA,NA,0
17,6,4,NA,NA,NA,0
18,6,4,NA,NA,NA,0
19,6,4,NA,NA,NA,0
20,4,5,"E",93,NA,0
21,4,5,NA,NA,NA,0
22,4,5,NA,NA,NA,0
23,4,5,NA,NA,NA,0
24,5,6,NA,NA,NA,0
25,5,6,NA,NA,NA,0
26,5,6,NA,NA,NA,0
27,5,6,NA,NA,NA,0
28,5,6,NA,NA,NA,0
29,4,7,NA,NA,NA,0
30,4,7,NA,NA,NA,0
31,4,7,NA,NA,NA,0
32,4,7,NA,NA,NA,0
33,3,8,NA,NA,NA,0
34,3,8,NA,NA,NA,0
35,3,8,"E",NA,NA,0
36,3,9,NA,NA,NA,0
37,3,9,NA,NA,NA,0
38,3,9,NA,NA,NA,0
39,3,10,NA,NA,NA,0
40,3,10,NA,NA,NA,0
41,3,10,NA,NA,NA,0
42,4,11,NA,NA,NA,0
43,4,11,NA,NA,NA,0
44,4,11,NA,NA,NA,0
45,4,11,NA,NA,NA,0
46,6,12,NA,NA,NA,0
47,6,12,NA,NA,NA,0
48,6,12,NA,NA,NA,0
49,6,12,"E",NA,NA,0
50,6,12,NA,NA,NA,0
51,6,12,NA,NA,NA,0
52,6,13,NA,NA,NA,0
53,6,13,NA,NA,NA,0
54,6,13,NA,NA,NA,0
55,6,13,NA,NA,NA,0
56,6,13,NA,NA,NA,0
57,6,13,NA,NA,NA,0
58,6,14,NA,NA,NA,0
59,6,14,NA,NA,NA,0
60,6,14,NA,NA,NA,0
61,6,14,NA,NA,NA,0
62,6,14,NA,NA,NA,0
63,6,14,"E",NA,NA,0
64,5,15,NA,NA,NA,0
65,5,15,"E",58,NA,0
66,5,15,NA,NA,NA,0
67,5,15,NA,NA,NA,0
68,5,15,NA,NA,NA,0
69,6,16,NA,NA,NA,0
70,6,16,"E",NA,NA,0
71,6,16,NA,NA,NA,0
72,6,16,NA,NA,NA,0
73,6,16,NA,NA,NA,0
74,6,16,NA,NA,NA,0
75,3,17,NA,NA,NA,0
76,3,17,NA,NA,NA,0
77,3,17,NA,NA,NA,0
78,5,18,NA,NA,NA,0
79,5,18,NA,NA,NA,0
80,5,18,NA,NA,NA,0
81,5,18,NA,NA,NA,0
82,5,18,NA,NA,NA,0
83,6,19,NA,NA,NA,0
84,6,19,NA,NA,NA,0
85,6,19,NA,NA,NA,0
86,6,19,NA,NA,NA,0
87,6,19,NA,NA,NA,0
88,6,19,NA,NA,NA,0
89,4,20,NA,NA,NA,0
90,4,20,"E",NA,NA,0
91,4,20,NA,NA,NA,0
92,4,20,NA,NA,NA,0
93,6,21,NA,NA,NA,0
94,6,21,"E",NA,NA,0
95,6,21,NA,NA,NA,0
96,6,21,NA,NA,NA,0
97,6,21,"E",98,NA,0
98,6,21,NA,NA,NA,0
99,3,22,NA,NA,NA,0
100,3,22,NA,NA,NA,0
101,3,22,NA,NA,NA,0
102,3,23,NA,NA,NA,0
103,3,23,NA,NA,NA,0
104,3,23,NA,NA,NA,0
105,3,24,"E",285,NA,0
106,3,24,"E",148,NA,0
107,3,24,"E",88,NA,0
108,5,25,NA,NA,NA,0
109,5,25,NA,NA,NA,0
110,5,25,NA,NA,NA,0
111,5,25,NA,NA,NA,0
112,5,25,NA,NA,NA,0
113,4,26,"E",NA,NA,0
114,4,26,NA,NA,NA,0
115,4,26,NA,NA,NA,0
116,4,26,NA,NA,NA,0
117,4,27,NA,NA,NA,0
118,4,27,NA,NA,NA,0
119,4,27,NA,NA,NA,0
120,4,27,NA,NA,NA,0
121,5,28,NA,NA,NA,0
122,5,28,NA,NA,NA,0
123,5,28,NA,NA,NA,0
124,5,28,NA,NA,NA,0
125,5,28,NA,NA,NA,0
126,3,29,NA,NA,NA,0
127,3,29,NA,NA,NA,0
128,3,29,NA,NA,NA,0
129,3,30,NA,NA,NA,0
130,3,30,NA,NA,NA,0
131,3,30,"E",99,NA,0
132,3,31,NA,NA,NA,0
133,3,31,NA,NA,NA,0
134,3,31,NA,NA,NA,0
135,4,32,NA,NA,NA,0
136,4,32,NA,NA,NA,0
137,4,32,NA,NA,NA,0
138,4,32,NA,NA,NA,0
139,5,33,NA,NA,NA,0
140,5,33,NA,NA,NA,0
141,5,33,NA,NA,NA,0
142,5,33,NA,NA,NA,0
143,5,33,"E",138,NA,0
144,3,34,NA,NA,NA,0
145,3,34,NA,NA,NA,0
146,3,34,NA,NA,NA,0
147,4,35,NA,NA,NA,0
148,4,35,NA,NA,NA,0
149,4,35,NA,NA,NA,0
150,4,35,"E",352,NA,0
151,4,36,NA,NA,NA,0
152,4,36,NA,NA,NA,0
153,4,36,NA,NA,NA,0
154,4,36,NA,NA,NA,0
155,6,37,NA,NA,NA,0
156,6,37,NA,NA,NA,0
157,6,37,NA,NA,NA,0
158,6,37,"E",NA,NA,0
159,6,37,NA,NA,NA,0
160,6,37,NA,NA,NA,0
161,5,38,NA,NA,NA,0
162,5,38,"E",NA,NA,0
163,5,38,NA,NA,NA,0
164,5,38,NA,NA,NA,0
165,5,38,NA,NA,NA,0
166,4,39,"E",NA,NA,0
167,4,39,NA,NA,NA,0
168,4,39,NA,NA,NA,0
169,4,39,NA,NA,NA,0
170,5,40,NA,NA,NA,0
171,5,40,NA,NA,NA,0
172,5,40,NA,NA,NA,0
173,5,40,NA,NA,NA,0
174,5,40,NA,NA,NA,0
175,6,41,"E",321,NA,0
176,6,41,NA,NA,NA,0
177,6,41,NA,NA,NA,0
178,6,41,NA,NA,NA,0
179,6,41,NA,NA,NA,0
180,6,41,NA,NA,NA,0
181,5,42,NA,NA,NA,0
182,5,42,NA,NA,NA,0
183,5,42,NA,NA,NA,0
184,5,42,"E",NA,NA,0
185,5,42,NA,NA,NA,0
186,3,43,"E",NA,NA,0
187,3,43,NA,NA,NA,0
188,3,43,NA,NA,NA,0
189,4,44,NA,NA,NA,0
190,4,44,"E",NA,NA,0
191,4,44,NA,NA,NA,0
192,4,44,NA,NA,NA,0
193,6,45,NA,NA,NA,0
194,6,45,NA,NA,NA,0
195,6,45,NA,NA,NA,0
196,6,45,NA,NA,NA,0
197,6,45,NA,NA,NA,0
198,6,45,NA,NA,NA,0
199,6,46,NA,NA,NA,0
200,6,46,NA,NA,NA,0
201,6,46,NA,NA,NA,0
202,6,46,NA,NA,NA,0
203,6,46,NA,NA,NA,0
204,6,46,NA,NA,NA,0
205,4,47,NA,NA,NA,0
206,4,47,NA,NA,NA,0
207,4,47,NA,NA,NA,0
208,4,47,NA,NA,NA,0
209,6,48,NA,NA,NA,0
210,6,48,NA,NA,NA,0
211,6,48,NA,NA,NA,0
212,6,48,"E",58,NA,0
213,6,48,"E",254,NA,0
214,6,48,NA,NA,NA,0
215,5,49,NA,NA,NA,0
216,5,49,NA,NA,NA,0
217,5,49,"E",347,NA,0
218,5,49,NA,NA,NA,0
219,5,49,NA,NA,NA,0
220,5,50,"E",NA,NA,0
221,5,50,NA,NA,NA,0
222,5,50,NA,NA,NA,0
223,5,50,NA,NA,NA,0
224,5,50,NA,NA,NA,0
225,6,51,NA,NA,NA,0
226,6,51,NA,NA,NA,0
227,6,51,NA,NA,NA,0
228,6,51,NA,NA,NA,0
229,6,51,"E",340,NA,0
230,6,51,NA,NA,NA,0
231,5,52,NA,NA,NA,0
232,5,52,NA,NA,NA,0
233,5,52,NA,NA,NA,0
234,5,52,NA,NA,NA,0
235,5,52,NA,NA,NA,0
236,3,53,NA,NA,NA,0
237,3,53,NA,NA,NA,0
238,3,53,NA,NA,NA,0
239,5,54,NA,NA,NA,0
240,5,54,NA,NA,NA,0
241,5,54,NA,NA,NA,0
242,5,54,NA,NA,NA,0
243,5,54,NA,NA,NA,0
244,5,55,"E",NA,NA,0
245,5,55,NA,NA,NA,0
246,5,55,NA,NA,NA,0
247,5,55,NA,NA,NA,0
248,5,55,NA,NA,NA,0
249,4,56,NA,NA,NA,0
250,4,56,"E",224,NA,0
251,4,56,NA,NA,NA,0
252,4,56,NA,NA,NA,0
253,3,57,NA,NA,NA,0
254,3,57,"E",NA,NA,0
255,3,57,NA,NA,NA,0
256,6,58,NA,NA,NA,0
257,6,58,NA,NA,NA,0
258,6,58,NA,NA,NA,0
259,6,58,NA,NA,NA,0
260,6,58,NA,NA,NA,0
261,6,58,NA,NA,NA,0
262,3,59,NA,NA,NA,0
263,3,59,NA,NA,NA,0
264,3,59,NA,NA,NA,0
265,3,60,"E",NA,NA,0
266,3,60,NA,NA,NA,0
267,3,60,NA,NA,NA,0
268,4,61,NA,NA,NA,0
269,4,61,NA,NA,NA,0
270,4,61,NA,NA,NA,0
271,4,61,"E",NA,NA,0
272,4,62,NA,NA,NA,0
273,4,62,NA,NA,NA,0
274,4,62,NA,NA,NA,0
275,4,62,NA,NA,NA,0
276,4,63,NA,NA,NA,0
277,4,63,NA,NA,NA,0
278,4,63,NA,NA,NA,0
279,4,63,NA,NA,NA,0
280,5,64,NA,NA,NA,0
281,5,64,NA,NA,NA,0
282,5,64,"E",NA,NA,0
283,5,64,NA,NA,NA,0
284,5,64,NA,NA,NA,0
285,5,65,NA,NA,NA,0
286,5,65,NA,NA,NA,0
287,5,65,NA,NA,NA,0
288,5,65,NA,NA,NA,0
289,5,65,NA,NA,NA,0
290,3,66,"E",NA,NA,0
291,3,66,NA,NA,NA,0
292,3,66,NA,NA,NA,0
293,4,67,NA,NA,NA,0
294,4,67,NA,NA,NA,0
295,4,67,NA,NA,NA,0
296,4,67,NA,NA,NA,0
297,6,68,"E",NA,NA,0
298,6,68,NA,NA,NA,0
299,6,68,NA,NA,NA,0
300,6,68,NA,NA,NA,0
301,6,68,NA,NA,NA,0
302,6,68,NA,NA,NA,0
303,5,69,NA,NA,NA,0
304,5,69,NA,NA,NA,0
305,5,69,NA,NA,NA,0
306,5,69,NA,NA,NA,0
307,5,69,NA,NA,NA,0
308,4,70,NA,NA,NA,0
309,4,70,NA,NA,NA,0
310,4,70,"E",NA,NA,0
311,4,70,NA,NA,NA,0
312,6,71,NA,NA,NA,0
313,6,71,NA,NA,NA,0
314,6,71,NA,NA,NA,0
315,6,71,NA,NA,NA,0
316,6,71,NA,NA,NA,0
317,6,71,"E",NA,NA,0
318,6,72,NA,NA,NA,0
319,6,72,NA,NA,NA,0
320,6,72,NA,NA,NA,0
321,6,72,NA,NA,NA,0
322,6,72,NA,NA,NA,0
323,6,72,NA,NA,NA,0
324,4,73,NA,NA,NA,0
325,4,73,"E",NA,NA,0
326,4,73,NA,NA,NA,0
327,4,73,NA,NA,NA,0
328,5,74,NA,NA,NA,0
329,5,74,NA,NA,NA,0
330,5,74,NA,NA,NA,0
331,5,74,NA,NA,NA,0
332,5,74,NA,NA,NA,0
333,5,75,NA,NA,NA,0
334,5,75,NA,NA,NA,0
335,5,75,NA,NA,NA,0
336,5,75,NA,NA,NA,0
337,5,75,NA,NA,NA,0
338,4,76,"E",NA,NA,0
339,4,76,NA,NA,NA,0
340,4,76,NA,NA,NA,0
341,4,76,NA,NA,NA,0
342,4,77,NA,NA,NA,0
343,4,77,NA,NA,NA,0
344,4,77,NA,NA,NA,0
345,4,77,NA,NA,NA,0
346,3,78,NA,NA,NA,0
347,3,78,NA,NA,NA,0
348,3,78,NA,NA,NA,0
349,5,79,NA,NA,NA,0
350,5,79,NA,NA,NA,0
351,5,79,NA,NA,NA,0
352,5,79,NA,NA,NA,0
353,5,79,NA,NA,NA,0
354,3,80,NA,NA,NA,0
355,3,80,NA,NA,NA,0
356,3,80,NA,NA,NA,0
357,4,81,NA,NA,NA,0
358,4,81,NA,NA,NA,0
359,4,81,NA,NA,NA,0
360,4,81,NA,NA,NA,0
361,5,82,NA,NA,NA,0
362,5,82,NA,NA,NA,0
363,5,82,NA,NA,NA,0
364,5,82,NA,NA,NA,0
365,5,82,NA,NA,NA,0
366,5,83,NA,NA,NA,0
367,5,83,NA,NA,NA,0
368,5,83,NA,NA,NA,0
369,5,83,"E",NA,NA,0
370,5,83,NA,NA,NA,0
371,3,84,NA,NA,NA,0
372,3,84,NA,NA,NA,0
373,3,84,NA,NA,NA,0
374,3,85,NA,NA,NA,0
375,3,85,NA,NA,NA,0
376,3,85,NA,NA,NA,0
377,6,86,NA,NA,NA,0
378,6,86,NA,NA,NA,0
379,6,86,NA,NA,NA,0
380,6,86,NA,NA,NA,0
381,6,86,NA,NA,NA,0
382,6,86,NA,NA,NA,0
383,5,87,NA,NA,NA,0
384,5,87,NA,NA,NA,0
385,5,87,NA,NA,NA,0
386,5,87,NA,NA,NA,0
387,5,87,"E",90,NA,0
388,4,88,NA,NA,NA,0
389,4,88,NA,NA,NA,0
390,4,88,NA,NA,NA,0
391,4,88,NA,NA,NA,0
392,6,89,NA,NA,NA,0
393,6,89,"E",NA,NA,0
394,6,89,NA,NA,NA,0
395,6,89,NA,NA,NA,0
396,6,89,NA,NA,NA,0
397,6,89,NA,NA,NA,0
398,4,90,NA,NA,NA,0
399,4,90,NA,NA,NA,0
400,4,90,NA,NA,NA,0
401,4,90,NA,NA,NA,0
402,3,91,NA,NA,NA,0
403,3,91,NA,NA,NA,0
404,3,91,NA,NA,NA,0
405,3,92,NA,NA,NA,0
406,3,92,NA,NA,NA,0
407,3,92,NA,NA,NA,0
408,6,93,NA,NA,NA,0
409,6,93,"E",166,NA,0
410,6,93,NA,NA,NA,0
411,6,93,NA,NA,NA,0
412,6,93,NA,NA,NA,0
413,6,93,NA,NA,NA,0
414,5,94,NA,NA,NA,0
415,5,94,NA,NA,NA,0
416,5,94,NA,NA,NA,0
417,5,94,NA,NA,NA,0
418,5,94,NA,NA,NA,0
419,4,95,NA,NA,NA,0
420,4,95,NA,NA,NA,0
421,4,95,NA,NA,NA,0
422,4,95,NA,NA,NA,0
423,3,96,NA,NA,NA,0
424,3,96,NA,NA,NA,0
425,3,96,NA,NA,NA,0
426,5,97,"E",118,NA,0
427,5,97,NA,NA,NA,0
428,5,97,NA,NA,NA,0
429,5,97,NA,NA,NA,0
430,5,97,NA,NA,NA,0
431,3,98,NA,NA,NA,0
432,3,98,"E",NA,NA,0
433,3,98,NA,NA,NA,0
434,6,99,NA,NA,NA,0
435,6,99,NA,NA,NA,0
436,6,99,NA,NA,NA,0
437,6,99,NA,NA,NA,0
438,6,99,"E",37,NA,0
439,6,99,NA,NA,NA,0
440,6,100,NA,NA,NA,0
441,6,100,NA,NA,NA,0
442,6,100,NA,NA,NA,0
443,6,100,NA,NA,NA,0
444,6,100,NA,NA,NA,0
445,6,100,NA,NA,NA,0
446,4,101,NA,NA,NA,0
447,4,101,NA,NA,NA,0
448,4,101,NA,NA,NA,0
449,4,101,NA,NA,NA,0
450,6,102,NA,NA,NA,0
451,6,102,NA,NA,NA,0
452,6,102,"E",367,NA,0
453,6,102,NA,NA,NA,0
454,6,102,NA,NA,NA,0
455,6,102,NA,NA,NA,0
456,6,103,NA,NA,NA,0
457,6,103,NA,NA,NA,0
458,6,103,NA,NA,NA,0
459,6,103,NA,NA,NA,0
460,6,103,NA,NA,NA,0
461,6,103,NA,NA,NA,0
462,6,104,NA,NA,NA,0
463,6,104,NA,NA,NA,0
464,6,104,NA,NA,NA,0
465,6,104,NA,NA,NA,0
466,6,104,NA,NA,NA,0
467,6,104,NA,NA,NA,0
468,5,105,NA,NA,NA,0
469,5,105,NA,NA,NA,0
470,5,105,"E",193,NA,0
471,5,105,"E",NA,NA,0
472,5,105,NA,NA,NA,0
473,6,106,NA,NA,NA,0
474,6,106,NA,NA,NA,0
475,6,106,NA,NA,NA,0
476,6,106,NA,NA,NA,0
477,6,106,NA,NA,NA,0
478,6,106,"E",319,NA,0
479,5,107,NA,NA,NA,0
480,5,107,NA,NA,NA,0
481,5,107,NA,NA,NA,0
482,5,107,NA,NA,NA,0
483,5,107,"E",NA,NA,0
484,6,108,NA,NA,NA,0
485,6,108,NA,NA,NA,0
486,6,108,NA,NA,NA,0
487,6,108,NA,NA,NA,0
488,6,108,NA,NA,NA,0
489,6,108,NA,NA,NA,0
490,3,109,NA,NA,NA,0
491,3,109,NA,NA,NA,0
492,3,109,NA,NA,NA,0
493,6,110,NA,NA,NA,0
494,6,110,"E",176,NA,0
495,6,110,NA,NA,NA,0
496,6,110,NA,NA,NA,0
497,6,110,NA,NA,NA,0
498,6,110,NA,NA,NA,0
499,3,111,NA,NA,NA,0
500,3,111,NA,NA,NA,0
501,3,111,NA,NA,NA,0
502,5,112,NA,NA,NA,0
503,5,112,NA,NA,NA,0
504,5,112,"E",NA,NA,0
505,5,112,NA,NA,NA,0
506,5,112,NA,NA,NA,0
507,4,113,NA,NA,NA,0
508,4,113,"E",37,NA,0
509,4,113,NA,NA,NA,0
510,4,113,"E",NA,NA,0
511,6,114,NA,NA,NA,0
512,6,114,NA,NA,NA,0
513,6,114,NA,NA,NA,0
514,6,114,NA,NA,NA,0
515,6,114,"E",NA,NA,0
516,6,114,NA,NA,NA,0
517,4,115,NA,NA,NA,0
518,4,115,NA,NA,NA,0
519,4,115,NA,NA,NA,0
520,4,115,NA,NA,NA,0
521,6,116,NA,NA,NA,0
522,6,116,NA,NA,NA,0
523,6,116,"E",132,NA,0
524,6,116,"E",242,NA,0
525,6,116,NA,NA,NA,0
526,6,116,NA,NA,NA,0
527,4,117,NA,NA,NA,0
528,4,117,NA,NA,NA,0
529,4,117,NA,NA,NA,0
530,4,117,NA,NA,NA,0
531,3,118,NA,NA,NA,0
532,3,118,NA,NA,NA,0
533,3,118,NA,NA,NA,0
534,3,119,NA,NA,NA,0
535,3,119,NA,NA,NA,0
536,3,119,NA,NA,NA,0
537,3,120,NA,NA,NA,0
538,3,120,NA,NA,NA,0
539,3,120,NA,NA,NA,0
540,6,121,"E",NA,NA,0
541,6,121,NA,NA,NA,0
542,6,121,"E",35,NA,0
543,6,121,NA,NA,NA,0
544,6,121,NA,NA,NA,0
545,6,121,NA,NA,NA,0
546,3,122,NA,NA,NA,0
547,3,122,NA,NA,NA,0
548,3,122,"E",172,NA,0
549,5,123,NA,NA,NA,0
550,5,123,NA,NA,NA,0
551,5,123,NA,NA,NA,0
552,5,123,NA,NA,NA,0
553,5,123,NA,NA,NA,0
554,5,124,NA,NA,NA,0
555,5,124,NA,NA,NA,0
556,5,124,NA,NA,NA,0
557,5,124,NA,NA,NA,0
558,5,124,NA,NA,NA,0
559,5,125,NA,NA,NA,0
560,5,125,NA,NA,NA,0
561,5,125,"E",NA,NA,0
562,5,125,NA,NA,NA,0
563,5,125,"E",NA,NA,0
564,3,126,NA,NA,NA,0
565,3,126,NA,NA,NA,0
566,3,126,NA,NA,NA,0
567,5,127,NA,NA,NA,0
568,5,127,NA,NA,NA,0
569,5,127,NA,NA,NA,0
570,5,127,NA,NA,NA,0
571,5,127,NA,NA,NA,0
572,6,128,NA,NA,NA,0
573,6,128,NA,NA,NA,0
574,6,128,NA,NA,NA,0
575,6,128,NA,NA,NA,0
576,6,128,NA,NA,NA,0
577,6,128,NA,NA,NA,0
578,5,129,"E",NA,NA,0
579,5,129,NA,NA,NA,0
580,5,129,NA,NA,NA,0
581,5,129,NA,NA,NA,0
582,5,129,NA,NA,NA,0
583,3,130,"E",NA,NA,0
584,3,130,"E",114,NA,0
585,3,130,NA,NA,NA,0
586,3,131,NA,NA,NA,0
587,3,131,NA,NA,NA,0
588,3,131,NA,NA,NA,0
589,3,132,NA,NA,NA,0
590,3,132,NA,NA,NA,0
591,3,132,NA,NA,NA,0
592,3,133,NA,NA,NA,0
593,3,133,NA,NA,NA,0
594,3,133,NA,NA,NA,0
595,3,134,NA,NA,NA,0
596,3,134,NA,NA,NA,0
597,3,134,"E",NA,NA,0
598,6,135,NA,NA,NA,0
599,6,135,NA,NA,NA,0
600,6,135,NA,NA,NA,0
601,6,135,NA,NA,NA,0
602,6,135,NA,NA,NA,0
603,6,135,NA,NA,NA,0
604,5,136,NA,NA,NA,0
605,5,136,NA,NA,NA,0
606,5,136,NA,NA,NA,0
607,5,136,NA,NA,NA,0
608,5,136,NA,NA,NA,0
609,6,137,NA,NA,NA,0
610,6,137,NA,NA,NA,0
611,6,137,NA,NA,NA,0
612,6,137,NA,NA,NA,0
613,6,137,NA,NA,NA,0
614,6,137,NA,NA,NA,0
615,5,138,NA,NA,NA,0
616,5,138,NA,NA,NA,0
617,5,138,NA,NA,NA,0
618,5,138,NA,NA,NA,0
619,5,138,NA,NA,NA,0
620,5,139,"E",NA,NA,0
621,5,139,NA,NA,NA,0
622,5,139,NA,NA,NA,0
623,5,139,NA,NA,NA,0
624,5,139,"E",NA,NA,0
625,5,140,NA,NA,NA,0
626,5,140,NA,NA,NA,0
627,5,140,NA,NA,NA,0
628,5,140,NA,NA,NA,0
629,5,140,NA,NA,NA,0
630,3,141,NA,NA,NA,0
631,3,141,NA,NA,NA,0
632,3,141,NA,NA,NA,0
633,5,142,NA,NA,NA,0
634,5,142,NA,NA,NA,0
635,5,142,"E",309,NA,0
636,5,142,NA,NA,NA,0
637,5,142,NA,NA,NA,0
638,4,143,NA,NA,NA,0
639,4,143,NA,NA,NA,0
640,4,143,NA,NA,NA,0
641,4,143,NA,NA,NA,0
642,5,144,"E",NA,NA,0
643,5,144,"E",54,NA,0
644,5,144,NA,NA,NA,0
645,5,144,NA,NA,NA,0
646,5,144,NA,NA,NA,0
647,6,145,NA,NA,NA,0
648,6,145,NA,NA,NA,0
649,6,145,NA,NA,NA,0
650,6,145,NA,NA,NA,0
651,6,145,NA,NA,NA,0
652,6,145,NA,NA,NA,0
653,3,146,NA,NA,NA,0
654,3,146,NA,NA,NA,0
655,3,146,NA,NA,NA,0
656,4,147,NA,NA,NA,0
657,4,147,NA,NA,NA,0
658,4,147,NA,NA,NA,0
659,4,147,NA,NA,NA,0
660,5,148,NA,NA,NA,0
661,5,148,NA,NA,NA,0
662,5,148,NA,NA,NA,0
663,5,148,NA,NA,NA,0
664,5,148,NA,NA,NA,0
665,6,149,NA,NA,NA,0
666,6,149,NA,NA,NA,0
667,6,149,NA,NA,NA,0
668,6,149,NA,NA,NA,0
669,6,149,NA,NA,NA,0
670,6,149,NA,NA,NA,0
671,6,150,NA,NA,NA,0
672,6,150,NA,NA,NA,0
673,6,150,NA,NA,NA,0
674,6,150,NA,NA,NA,0
675,6,150,NA,NA,NA,0
676,6,150,NA,NA,NA,0
677,4,151,NA,NA,NA,0
678,4,151,NA,NA,NA,0
679,4,151,NA,NA,NA,0
680,4,151,NA,NA,NA,0
681,3,152,NA,NA,NA,0
682,3,152,NA,NA,NA,0
683,3,152,NA,NA,NA,0
684,3,153,NA,NA,NA,0
685,3,153,"E",NA,NA,0
686,3,153,"E",145,NA,0
687,3,154,NA,NA,NA,0
688,3,154,NA,NA,NA,0
689,3,154,"E",158,NA,0
690,6,155,NA,NA,NA,0
691,6,155,NA,NA,NA,0
692,6,155,NA,NA,NA,0
693,6,155,"E",NA,NA,0
694,6,155,NA,NA,NA,0
695,6,155,NA,NA,NA,0
696,3,156,"E",NA,NA,0
697,3,156,NA,NA,NA,0
698,3,156,NA,NA,NA,0
699,3,157,NA,NA,NA,0
700,3,157,NA,NA,NA,0
701,3,157,NA,NA,NA,0
702,5,158,NA,NA,NA,0
703,5,158,NA,NA,NA,0
704,5,158,NA,NA,NA,0
705,5,158,NA,NA,NA,0
706,5,158,NA,NA,NA,0
707,4,159,NA,NA,NA,0
708,4,159,NA,NA,NA,0
709,4,159,NA,NA,NA,0
710,4,159,NA,NA,NA,0
711,6,160,NA,NA,NA,0
712,6,160,NA,NA,NA,0
713,6,160,"E",157,NA,0
714,6,160,NA,NA,NA,0
715,6,160,NA,NA,NA,0
716,6,160,NA,NA,NA,0
717,3,161,NA,NA,NA,0
718,3,161,NA,NA,NA,0
719,3,161,NA,NA,NA,0
720,6,162,NA,NA,NA,0
721,6,162,NA,NA,NA,0
722,6,162,"E",124,NA,0
723,6,162,NA,NA,NA,0
724,6,162,NA,NA,NA,0
725,6,162,"E",NA,NA,0
726,3,163,NA,NA,NA,0
727,3,163,NA,NA,NA,0
728,3,163,"E",180,NA,0
729,3,164,NA,NA,NA,0
730,3,164,NA,NA,NA,0
731,3,164,NA,NA,NA,0
732,6,165,NA,NA,NA,0
733,6,165,NA,NA,NA,0
734,6,165,NA,NA,NA,0
735,6,165,NA,NA,NA,0
736,6,165,NA,NA,NA,0
737,6,165,NA,NA,NA,0
738,3,166,NA,NA,NA,0
739,3,166,NA,NA,NA,0
740,3,166,NA,NA,NA,0
741,5,167,NA,NA,NA,0
742,5,167,NA,NA,NA,0
743,5,167,NA,NA,NA,0
744,5,167,NA,NA,NA,0
745,5,167,NA,NA,NA,0
746,6,168,NA,NA,NA,0
747,6,168,NA,NA,NA,0
748,6,168,NA,NA,NA,0
749,6,168,"E",NA,NA,0
750,6,168,"E",NA,NA,0
751,6,168,NA,NA,NA,0
752,5,169,NA,NA,NA,0
753,5,169,NA,NA,NA,0
754,5,169,NA,NA,NA,0
755,5,169,NA,NA,NA,0
756,5,169,NA,NA,NA,0
757,6,170,NA,NA,NA,0
758,6,170,NA,NA,NA,0
759,6,170,NA,NA,NA,0
760,6,170,NA,NA,NA,0
761,6,170,NA,NA,NA,0
762,6,170,NA,NA,NA,0
763,5,171,NA,NA,NA,0
764,5,171,"E",NA,NA,0
765,5,171,NA,NA,NA,0
766,5,171,NA,NA,NA,0
767,5,171,NA,NA,NA,0
768,5,172,NA,NA,NA,0
769,5,172,NA,NA,NA,0
770,5,172,NA,NA,NA,0
771,5,172,NA,NA,NA,0
772,5,172,NA,NA,NA,0
773,3,173,NA,NA,NA,0
774,3,173,NA,NA,NA,0
775,3,173,"E",NA,NA,0
776,3,174,NA,NA,NA,0
777,3,174,NA,NA,NA,0
778,3,174,NA,NA,NA,0
779,5,175,NA,NA,NA,0
780,5,175,NA,NA,NA,0
781,5,175,NA,NA,NA,0
782,5,175,NA,NA,NA,0
783,5,175,NA,NA,NA,0
784,4,176,"E",79,NA,0
785,4,176,NA,NA,NA,0
786,4,176,NA,NA,NA,0
787,4,176,NA,NA,NA,0
788,3,177,NA,NA,NA,0
789,3,177,NA,NA,NA,0
790,3,177,NA,NA,NA,0
791,3,178,NA,NA,NA,0
792,3,178,NA,NA,NA,0
793,3,178,"E",NA,NA,0
794,4,179,NA,NA,NA,0
795,4,179,NA,NA,NA,0
796,4,179,NA,NA,NA,0
797,4,179,NA,NA,NA,0
798,3,180,NA,NA,NA,0
799,3,180,NA,NA,NA,0
800,3,180,NA,NA,NA,0
801,5,181,NA,NA,NA,0
802,5,181,NA,NA,NA,0
803,5,181,"E",264,NA,0
804,5,181,NA,NA,NA,0
805,5,181,NA,NA,NA,0
806,6,182,NA,NA,NA,0
807,6,182,NA,NA,NA,0
808,6,182,"E",NA,NA,0
809,6,182,NA,NA,NA,0
810,6,182,NA,NA,NA,0
811,6,182,NA,NA,NA,0
812,6,183,NA,NA,NA,0
813,6,183,NA,NA,NA,0
814,6,183,NA,NA,NA,0
815,6,183,NA,NA,NA,0
816,6,183,NA,NA,NA,0
817,6,183,NA,NA,NA,0
818,5,184,NA,NA,NA,0
819,5,184,NA,NA,NA,0
820,5,184,NA,NA,NA,0
821,5,184,NA,NA,NA,0
822,5,184,"E",210,NA,0
823,4,185,NA,NA,NA,0
824,4,185,NA,NA,NA,0
825,4,185,"E",213,NA,0
826,4,185,NA,NA,NA,0
827,5,186,NA,NA,NA,0
828,5,186,NA,NA,NA,0
829,5,186,NA,NA,NA,0
830,5,186,NA,NA,NA,0
831,5,186,NA,NA,NA,0
832,4,187,NA,NA,NA,0
833,4,187,NA,NA,NA,0
834,4,187,NA,NA,NA,0
835,4,187,"E",NA,NA,0
836,3,188,NA,NA,NA,0
837,3,188,NA,NA,NA,0
838,3,188,NA,NA,NA,0
839,4,189,NA,NA,NA,0
840,4,189,NA,NA,NA,0
841,4,189,NA,NA,NA,0
842,4,189,"E",NA,NA,0
843,4,190,NA,NA,NA,0
844,4,190,NA,NA,NA,0
845,4,190,NA,NA,NA,0
846,4,190,NA,NA,NA,0
847,3,191,NA,NA,NA,0
848,3,191,"E",305,NA,0
849,3,191,NA,NA,NA,0
850,4,192,NA,NA,NA,0
851,4,192,NA,NA,NA,0
852,4,192,NA,NA,NA,0
853,4,192,NA,NA,NA,0
854,4,193,NA,NA,NA,0
855,4,193,NA,NA,NA,0
856,4,193,NA,NA,NA,0
857,4,193,NA,NA,NA,0
858,5,194,NA,NA,NA,0
859,5,194,NA,NA,NA,0
860,5,194,NA,NA,NA,0
861,5,194,NA,NA,NA,0
862,5,194,"E",178,NA,0
863,3,195,NA,NA,NA,0
864,3,195,NA,NA,NA,0
865,3,195,NA,NA,NA,0
866,5,196,NA,NA,NA,0
867,5,196,NA,NA,NA,0
868,5,196,NA,NA,NA,0
869,5,196,NA,NA,NA,0
870,5,196,NA,NA,NA,0
871,5,197,NA,NA,NA,0
872,5,197,NA,NA,NA,0
873,5,197,NA,NA,NA,0
874,5,197,NA,NA,NA,0
875,5,197,NA,NA,NA,0
876,4,198,NA,NA,NA,0
877,4,198,NA,NA,NA,0
878,4,198,NA,NA,NA,0
879,4,198,NA,NA,NA,0
880,5,199,NA,NA,NA,0
881,5,199,NA,NA,NA,0
882,5,199,NA,NA,NA,0
883,5,199,NA,NA,NA,0
884,5,199,NA,NA,NA,0
885,6,200,NA,NA,NA,0
886,6,200,NA,NA,NA,0
887,6,200,"E",NA,NA,0
888,6,200,NA,NA,NA,0
889,6,200,NA,NA,NA,0
890,6,200,NA,NA,NA,0
891,6,201,NA,NA,NA,0
892,6,201,NA,NA,NA,0
893,6,201,NA,NA,NA,0
894,6,201,NA,NA,NA,0
895,6,201,NA,NA,NA,0
896,6,201,"E",334,NA,0
897,6,202,NA,NA,NA,0
898,6,202,NA,NA,NA,0
899,6,202,NA,NA,NA,0
900,6,202,"E",271,NA,0
901,6,202,NA,NA,NA,0
902,6,202,NA,NA,NA,0
903,5,203,NA,NA,NA,0
904,5,203,NA,NA,NA,0
905,5,203,NA,NA,NA,0
906,5,203,NA,NA,NA,0
907,5,203,NA,NA,NA,0
908,3,204,NA,NA,NA,0
909,3,204,NA,NA,NA,0
910,3,204,NA,NA,NA,0
911,6,205,NA,NA,NA,0
912,6,205,NA,NA,NA,0
913,6,205,"E",237,NA,0
914,6,205,NA,NA,NA,0
915,6,205,NA,NA,NA,0
916,6,205,NA,NA,NA,0
917,3,206,NA,NA,NA,0
918,3,206,NA,NA,NA,0
919,3,206,NA,NA,NA,0
920,4,207,NA,NA,NA,0
921,4,207,NA,NA,NA,0
922,4,207,NA,NA,NA,0
923,4,207,NA,NA,NA,0
924,5,208,NA,NA,NA,0
925,5,208,NA,NA,NA,0
926,5,208,NA,NA,NA,0
927,5,208,NA,NA,NA,0
928,5,208,"E",NA,NA,0
929,5,209,NA,NA,NA,0
930,5,209,NA,NA,NA,0
931,5,209,NA,NA,NA,0
932,5,209,NA,NA,NA,0
933,5,209,NA,NA,NA,0
934,4,210,NA,NA,NA,0
935,4,210,NA,NA,NA,0
936,4,210,NA,NA,NA,0
937,4,210,"E",337,NA,0
938,6,211,NA,NA,NA,0
939,6,211,NA,NA,NA,0
940,6,211,NA,NA,NA,0
941,6,211,NA,NA,NA,0
942,6,211,NA,NA,NA,0
943,6,211,NA,NA,NA,0
944,4,212,NA,NA,NA,0
945,4,212,"E",283,NA,0
946,4,212,NA,NA,NA,0
947,4,212,NA,NA,NA,0
948,5,213,NA,NA,NA,0
949,5,213,NA,NA,NA,0
950,5,213,NA,NA,NA,0
951,5,213,NA,NA,NA,0
952,5,213,NA,NA,NA,0
953,4,214,NA,NA,NA,0
954,4,214,"E",135,NA,0
955,4,214,"E",NA,NA,0
956,4,214,NA,NA,NA,0
957,3,215,NA,NA,NA,0
958,3,215,NA,NA,NA,0
959,3,215,NA,NA,NA,0
960,4,216,NA,NA,NA,0
961,4,216,NA,NA,NA,0
962,4,216,NA,NA,NA,0
963,4,216,NA,NA,NA,0
964,4,217,NA,NA,NA,0
965,4,217,"E",NA,NA,0
966,4,217,NA,NA,NA,0
967,4,217,NA,NA,NA,0
968,5,218,NA,NA,NA,0
969,5,218,"E",106,NA,0
970,5,218,NA,NA,NA,0
971,5,218,NA,NA,NA,0
972,5,218,NA,NA,NA,0
973,3,219,NA,NA,NA,0
974,3,219,"E",NA,NA,0
975,3,219,NA,NA,NA,0
976,6,220,NA,NA,NA,0
977,6,220,NA,NA,NA,0
978,6,220,NA,NA,NA,0
979,6,220,NA,NA,NA,0
980,6,220,NA,NA,NA,0
981,6,220,NA,NA,NA,0
982,4,221,NA,NA,NA,0
983,4,221,NA,NA,NA,0
984,4,221,NA,NA,NA,0
985,4,221,"E",NA,NA,0
986,5,222,NA,NA,NA,0
987,5,222,NA,NA,NA,0
988,5,222,NA,NA,NA,0
989,5,222,NA,NA,NA,0
990,5,222,NA,NA,NA,0
991,6,223,NA,NA,NA,0
992,6,223,NA,NA,NA,0
993,6,223,NA,NA,NA,0
994,6,223,NA,NA,NA,0
995,6,223,NA,NA,NA,0
996,6,223,NA,NA,NA,0
997,4,224,NA,NA,NA,0
998,4,224,NA,NA,NA,0
999,4,224,NA,NA,NA,0
1000,4,224,NA,NA,NA,0
