"ID","SIZE","HH","TYPE","TIME","S_NUM","I_NUM"
1,5,1,"0",23,4,1
2,5,1,"H",73,3,0
3,5,1,NA,NA,NA,0
4,5,1,NA,NA,NA,0
5,5,1,NA,NA,NA,0
6,4,2,NA,NA,NA,0
7,4,2,NA,NA,NA,0
8,4,2,NA,NA,NA,0
9,4,2,"C",266,3,0
10,5,3,NA,NA,NA,0
11,5,3,NA,NA,NA,0
12,5,3,NA,NA,NA,0
13,5,3,NA,NA,NA,0
14,5,3,NA,NA,NA,0
15,5,4,NA,NA,NA,0
16,5,4,NA,NA,NA,0
17,5,4,NA,NA,NA,0
18,5,4,NA,NA,NA,0
19,5,4,NA,NA,NA,0
20,6,5,NA,NA,NA,0
21,6,5,NA,NA,NA,0
22,6,5,NA,NA,NA,0
23,6,5,NA,NA,NA,0
24,6,5,NA,NA,NA,0
25,6,5,NA,NA,NA,0
26,3,6,NA,NA,NA,0
27,3,6,NA,NA,NA,0
28,3,6,NA,NA,NA,0
29,3,7,NA,NA,NA,0
30,3,7,NA,NA,NA,0
31,3,7,NA,NA,NA,0
32,6,8,NA,NA,NA,0
33,6,8,NA,NA,NA,0
34,6,8,NA,NA,NA,0
35,6,8,NA,NA,NA,0
36,6,8,NA,NA,NA,0
37,6,8,NA,NA,NA,0
38,3,9,NA,NA,NA,0
39,3,9,NA,NA,NA,0
40,3,9,NA,NA,NA,0
41,3,10,NA,NA,NA,0
42,3,10,NA,NA,NA,0
43,3,10,NA,NA,NA,0
44,6,11,NA,NA,NA,0
45,6,11,NA,NA,NA,0
46,6,11,NA,NA,NA,0
47,6,11,NA,NA,NA,0
48,6,11,NA,NA,NA,0
49,6,11,NA,NA,NA,0
50,3,12,NA,NA,NA,0
51,3,12,NA,NA,NA,0
52,3,12,NA,NA,NA,0
53,3,13,NA,NA,NA,0
54,3,13,NA,NA,NA,0
55,3,13,NA,NA,NA,0
56,6,14,NA,NA,NA,0
57,6,14,NA,NA,NA,0
58,6,14,NA,NA,NA,0
59,6,14,NA,NA,NA,0
60,6,14,NA,NA,NA,0
61,6,14,NA,NA,NA,0
62,5,15,"C",44,4,1
63,5,15,NA,NA,NA,0
64,5,15,"C",168,2,0
65,5,15,NA,NA,NA,0
66,5,15,"H",68,3,0
67,3,16,NA,NA,NA,0
68,3,16,NA,NA,NA,0
69,3,16,NA,NA,NA,0
70,4,17,NA,NA,NA,0
71,4,17,NA,NA,NA,0
72,4,17,NA,NA,NA,0
73,4,17,NA,NA,NA,0
74,3,18,NA,NA,NA,0
75,3,18,NA,NA,NA,0
76,3,18,NA,NA,NA,0
77,6,19,NA,NA,NA,0
78,6,19,NA,NA,NA,0
79,6,19,NA,NA,NA,0
80,6,19,NA,NA,NA,0
81,6,19,NA,NA,NA,0
82,6,19,NA,NA,NA,0
83,5,20,NA,NA,NA,0
84,5,20,NA,NA,NA,0
85,5,20,NA,NA,NA,0
86,5,20,NA,NA,NA,0
87,5,20,NA,NA,NA,0
88,5,21,NA,NA,NA,0
89,5,21,NA,NA,NA,0
90,5,21,NA,NA,NA,0
91,5,21,NA,NA,NA,0
92,5,21,NA,NA,NA,0
93,4,22,NA,NA,NA,0
94,4,22,NA,NA,NA,0
95,4,22,NA,NA,NA,0
96,4,22,NA,NA,NA,0
97,6,23,"H",190,1,1
98,6,23,"H",198,0,0
99,6,23,"C",89,5,1
100,6,23,"H",170,2,1
101,6,23,"H",227,0,0
102,6,23,"H",125,4,2
103,3,24,NA,NA,NA,0
104,3,24,NA,NA,NA,0
105,3,24,NA,NA,NA,0
106,3,25,NA,NA,NA,0
107,3,25,NA,NA,NA,0
108,3,25,"C",302,2,0
109,3,26,NA,NA,NA,0
110,3,26,NA,NA,NA,0
111,3,26,NA,NA,NA,0
112,6,27,NA,NA,NA,0
113,6,27,NA,NA,NA,0
114,6,27,NA,NA,NA,0
115,6,27,NA,NA,NA,0
116,6,27,NA,NA,NA,0
117,6,27,NA,NA,NA,0
118,4,28,NA,NA,NA,0
119,4,28,NA,NA,NA,0
120,4,28,NA,NA,NA,0
121,4,28,NA,NA,NA,0
122,5,29,NA,NA,NA,0
123,5,29,NA,NA,NA,0
124,5,29,NA,NA,NA,0
125,5,29,NA,NA,NA,0
126,5,29,NA,NA,NA,0
127,3,30,NA,NA,NA,0
128,3,30,NA,NA,NA,0
129,3,30,NA,NA,NA,0
130,4,31,NA,NA,NA,0
131,4,31,NA,NA,NA,0
132,4,31,NA,NA,NA,0
133,4,31,NA,NA,NA,0
134,6,32,NA,NA,NA,0
135,6,32,NA,NA,NA,0
136,6,32,NA,NA,NA,0
137,6,32,NA,NA,NA,0
138,6,32,NA,NA,NA,0
139,6,32,NA,NA,NA,0
140,5,33,NA,NA,NA,0
141,5,33,NA,NA,NA,0
142,5,33,NA,NA,NA,0
143,5,33,NA,NA,NA,0
144,5,33,NA,NA,NA,0
145,4,34,NA,NA,NA,0
146,4,34,NA,NA,NA,0
147,4,34,NA,NA,NA,0
148,4,34,NA,NA,NA,0
149,5,35,NA,NA,NA,0
150,5,35,NA,NA,NA,0
151,5,35,NA,NA,NA,0
152,5,35,NA,NA,NA,0
153,5,35,NA,NA,NA,0
154,6,36,NA,NA,NA,0
155,6,36,NA,NA,NA,0
156,6,36,NA,NA,NA,0
157,6,36,NA,NA,NA,0
158,6,36,NA,NA,NA,0
159,6,36,NA,NA,NA,0
160,6,37,NA,NA,NA,0
161,6,37,NA,NA,NA,0
162,6,37,NA,NA,NA,0
163,6,37,NA,NA,NA,0
164,6,37,NA,NA,NA,0
165,6,37,NA,NA,NA,0
166,3,38,NA,NA,NA,0
167,3,38,NA,NA,NA,0
168,3,38,NA,NA,NA,0
169,3,39,NA,NA,NA,0
170,3,39,NA,NA,NA,0
171,3,39,NA,NA,NA,0
172,5,40,NA,NA,NA,0
173,5,40,NA,NA,NA,0
174,5,40,NA,NA,NA,0
175,5,40,NA,NA,NA,0
176,5,40,NA,NA,NA,0
177,4,41,NA,NA,NA,0
178,4,41,NA,NA,NA,0
179,4,41,NA,NA,NA,0
180,4,41,NA,NA,NA,0
181,5,42,NA,NA,NA,0
182,5,42,NA,NA,NA,0
183,5,42,NA,NA,NA,0
184,5,42,NA,NA,NA,0
185,5,42,NA,NA,NA,0
186,5,43,NA,NA,NA,0
187,5,43,NA,NA,NA,0
188,5,43,NA,NA,NA,0
189,5,43,NA,NA,NA,0
190,5,43,NA,NA,NA,0
191,4,44,NA,NA,NA,0
192,4,44,NA,NA,NA,0
193,4,44,NA,NA,NA,0
194,4,44,NA,NA,NA,0
195,3,45,NA,NA,NA,0
196,3,45,NA,NA,NA,0
197,3,45,NA,NA,NA,0
198,4,46,NA,NA,NA,0
199,4,46,NA,NA,NA,0
200,4,46,NA,NA,NA,0
201,4,46,"C",NA,NA,0
202,6,47,NA,NA,NA,0
203,6,47,NA,NA,NA,0
204,6,47,NA,NA,NA,0
205,6,47,NA,NA,NA,0
206,6,47,NA,NA,NA,0
207,6,47,NA,NA,NA,0
208,5,48,NA,NA,NA,0
209,5,48,NA,NA,NA,0
210,5,48,NA,NA,NA,0
211,5,48,NA,NA,NA,0
212,5,48,NA,NA,NA,0
213,5,49,"C",229,4,1
214,5,49,NA,NA,NA,0
215,5,49,NA,NA,NA,0
216,5,49,NA,NA,NA,0
217,5,49,"H",250,3,0
218,4,50,NA,NA,NA,0
219,4,50,NA,NA,NA,0
220,4,50,NA,NA,NA,0
221,4,50,NA,NA,NA,0
222,3,51,NA,NA,NA,0
223,3,51,NA,NA,NA,0
224,3,51,NA,NA,NA,0
225,3,52,NA,NA,NA,0
226,3,52,NA,NA,NA,0
227,3,52,NA,NA,NA,0
228,5,53,NA,NA,NA,0
229,5,53,NA,NA,NA,0
230,5,53,NA,NA,NA,0
231,5,53,NA,NA,NA,0
232,5,53,NA,NA,NA,0
233,5,54,NA,NA,NA,0
234,5,54,NA,NA,NA,0
235,5,54,NA,NA,NA,0
236,5,54,NA,NA,NA,0
237,5,54,NA,NA,NA,0
238,4,55,NA,NA,NA,0
239,4,55,NA,NA,NA,0
240,4,55,NA,NA,NA,0
241,4,55,NA,NA,NA,0
242,3,56,NA,NA,NA,0
243,3,56,NA,NA,NA,0
244,3,56,NA,NA,NA,0
245,5,57,NA,NA,NA,0
246,5,57,NA,NA,NA,0
247,5,57,NA,NA,NA,0
248,5,57,NA,NA,NA,0
249,5,57,NA,NA,NA,0
250,6,58,NA,NA,NA,0
251,6,58,NA,NA,NA,0
252,6,58,NA,NA,NA,0
253,6,58,NA,NA,NA,0
254,6,58,NA,NA,NA,0
255,6,58,NA,NA,NA,0
256,4,59,NA,NA,NA,0
257,4,59,NA,NA,NA,0
258,4,59,NA,NA,NA,0
259,4,59,NA,NA,NA,0
260,6,60,NA,NA,NA,0
261,6,60,NA,NA,NA,0
262,6,60,NA,NA,NA,0
263,6,60,NA,NA,NA,0
264,6,60,NA,NA,NA,0
265,6,60,NA,NA,NA,0
266,5,61,NA,NA,NA,0
267,5,61,NA,NA,NA,0
268,5,61,NA,NA,NA,0
269,5,61,NA,NA,NA,0
270,5,61,NA,NA,NA,0
271,5,62,NA,NA,NA,0
272,5,62,NA,NA,NA,0
273,5,62,NA,NA,NA,0
274,5,62,NA,NA,NA,0
275,5,62,NA,NA,NA,0
276,4,63,NA,NA,NA,0
277,4,63,NA,NA,NA,0
278,4,63,NA,NA,NA,0
279,4,63,NA,NA,NA,0
280,4,64,NA,NA,NA,0
281,4,64,NA,NA,NA,0
282,4,64,NA,NA,NA,0
283,4,64,NA,NA,NA,0
284,6,65,NA,NA,NA,0
285,6,65,NA,NA,NA,0
286,6,65,NA,NA,NA,0
287,6,65,NA,NA,NA,0
288,6,65,NA,NA,NA,0
289,6,65,NA,NA,NA,0
290,3,66,NA,NA,NA,0
291,3,66,NA,NA,NA,0
292,3,66,NA,NA,NA,0
293,4,67,NA,NA,NA,0
294,4,67,NA,NA,NA,0
295,4,67,NA,NA,NA,0
296,4,67,NA,NA,NA,0
297,4,68,NA,NA,NA,0
298,4,68,NA,NA,NA,0
299,4,68,NA,NA,NA,0
300,4,68,NA,NA,NA,0
301,6,69,NA,NA,NA,0
302,6,69,NA,NA,NA,0
303,6,69,NA,NA,NA,0
304,6,69,NA,NA,NA,0
305,6,69,NA,NA,NA,0
306,6,69,NA,NA,NA,0
307,6,70,NA,NA,NA,0
308,6,70,NA,NA,NA,0
309,6,70,NA,NA,NA,0
310,6,70,NA,NA,NA,0
311,6,70,NA,NA,NA,0
312,6,70,NA,NA,NA,0
313,6,71,NA,NA,NA,0
314,6,71,NA,NA,NA,0
315,6,71,NA,NA,NA,0
316,6,71,NA,NA,NA,0
317,6,71,NA,NA,NA,0
318,6,71,NA,NA,NA,0
319,6,72,NA,NA,NA,0
320,6,72,NA,NA,NA,0
321,6,72,NA,NA,NA,0
322,6,72,NA,NA,NA,0
323,6,72,NA,NA,NA,0
324,6,72,NA,NA,NA,0
325,6,73,NA,NA,NA,0
326,6,73,NA,NA,NA,0
327,6,73,NA,NA,NA,0
328,6,73,NA,NA,NA,0
329,6,73,NA,NA,NA,0
330,6,73,NA,NA,NA,0
331,4,74,NA,NA,NA,0
332,4,74,NA,NA,NA,0
333,4,74,NA,NA,NA,0
334,4,74,NA,NA,NA,0
335,6,75,NA,NA,NA,0
336,6,75,NA,NA,NA,0
337,6,75,NA,NA,NA,0
338,6,75,NA,NA,NA,0
339,6,75,NA,NA,NA,0
340,6,75,NA,NA,NA,0
341,4,76,NA,NA,NA,0
342,4,76,NA,NA,NA,0
343,4,76,NA,NA,NA,0
344,4,76,NA,NA,NA,0
345,4,77,NA,NA,NA,0
346,4,77,NA,NA,NA,0
347,4,77,NA,NA,NA,0
348,4,77,NA,NA,NA,0
349,3,78,NA,NA,NA,0
350,3,78,NA,NA,NA,0
351,3,78,NA,NA,NA,0
352,6,79,NA,NA,NA,0
353,6,79,NA,NA,NA,0
354,6,79,NA,NA,NA,0
355,6,79,NA,NA,NA,0
356,6,79,NA,NA,NA,0
357,6,79,NA,NA,NA,0
358,5,80,NA,NA,NA,0
359,5,80,NA,NA,NA,0
360,5,80,NA,NA,NA,0
361,5,80,NA,NA,NA,0
362,5,80,NA,NA,NA,0
363,5,81,NA,NA,NA,0
364,5,81,NA,NA,NA,0
365,5,81,NA,NA,NA,0
366,5,81,NA,NA,NA,0
367,5,81,NA,NA,NA,0
368,3,82,NA,NA,NA,0
369,3,82,NA,NA,NA,0
370,3,82,NA,NA,NA,0
371,3,83,NA,NA,NA,0
372,3,83,NA,NA,NA,0
373,3,83,NA,NA,NA,0
374,3,84,NA,NA,NA,0
375,3,84,NA,NA,NA,0
376,3,84,NA,NA,NA,0
377,5,85,NA,NA,NA,0
378,5,85,NA,NA,NA,0
379,5,85,NA,NA,NA,0
380,5,85,NA,NA,NA,0
381,5,85,NA,NA,NA,0
382,3,86,NA,NA,NA,0
383,3,86,NA,NA,NA,0
384,3,86,NA,NA,NA,0
385,5,87,NA,NA,NA,0
386,5,87,NA,NA,NA,0
387,5,87,NA,NA,NA,0
388,5,87,NA,NA,NA,0
389,5,87,"C",200,4,0
390,6,88,NA,NA,NA,0
391,6,88,NA,NA,NA,0
392,6,88,NA,NA,NA,0
393,6,88,"C",298,5,0
394,6,88,NA,NA,NA,0
395,6,88,NA,NA,NA,0
396,4,89,NA,NA,NA,0
397,4,89,NA,NA,NA,0
398,4,89,NA,NA,NA,0
399,4,89,NA,NA,NA,0
400,4,90,NA,NA,NA,0
401,4,90,NA,NA,NA,0
402,4,90,NA,NA,NA,0
403,4,90,NA,NA,NA,0
404,3,91,NA,NA,NA,0
405,3,91,NA,NA,NA,0
406,3,91,NA,NA,NA,0
407,6,92,NA,NA,NA,0
408,6,92,"H",301,2,1
409,6,92,"H",331,1,0
410,6,92,"H",305,2,0
411,6,92,"C",283,5,3
412,6,92,"H",319,1,0
413,5,93,NA,NA,NA,0
414,5,93,NA,NA,NA,0
415,5,93,NA,NA,NA,0
416,5,93,NA,NA,NA,0
417,5,93,NA,NA,NA,0
418,5,94,NA,NA,NA,0
419,5,94,NA,NA,NA,0
420,5,94,NA,NA,NA,0
421,5,94,NA,NA,NA,0
422,5,94,NA,NA,NA,0
423,6,95,NA,NA,NA,0
424,6,95,NA,NA,NA,0
425,6,95,NA,NA,NA,0
426,6,95,NA,NA,NA,0
427,6,95,NA,NA,NA,0
428,6,95,NA,NA,NA,0
429,4,96,NA,NA,NA,0
430,4,96,NA,NA,NA,0
431,4,96,NA,NA,NA,0
432,4,96,NA,NA,NA,0
433,6,97,NA,NA,NA,0
434,6,97,NA,NA,NA,0
435,6,97,NA,NA,NA,0
436,6,97,NA,NA,NA,0
437,6,97,NA,NA,NA,0
438,6,97,NA,NA,NA,0
439,4,98,NA,NA,NA,0
440,4,98,NA,NA,NA,0
441,4,98,NA,NA,NA,0
442,4,98,NA,NA,NA,0
443,4,99,NA,NA,NA,0
444,4,99,NA,NA,NA,0
445,4,99,NA,NA,NA,0
446,4,99,NA,NA,NA,0
447,4,100,NA,NA,NA,0
448,4,100,NA,NA,NA,0
449,4,100,NA,NA,NA,0
450,4,100,"C",128,3,0
451,4,101,NA,NA,NA,0
452,4,101,NA,NA,NA,0
453,4,101,NA,NA,NA,0
454,4,101,NA,NA,NA,0
455,6,102,NA,NA,NA,0
456,6,102,NA,NA,NA,0
457,6,102,NA,NA,NA,0
458,6,102,NA,NA,NA,0
459,6,102,NA,NA,NA,0
460,6,102,NA,NA,NA,0
461,5,103,NA,NA,NA,0
462,5,103,NA,NA,NA,0
463,5,103,NA,NA,NA,0
464,5,103,NA,NA,NA,0
465,5,103,NA,NA,NA,0
466,3,104,NA,NA,NA,0
467,3,104,NA,NA,NA,0
468,3,104,NA,NA,NA,0
469,4,105,NA,NA,NA,0
470,4,105,NA,NA,NA,0
471,4,105,NA,NA,NA,0
472,4,105,NA,NA,NA,0
473,6,106,"H",251,3,3
474,6,106,"C",229,5,2
475,6,106,"H",330,0,0
476,6,106,"H",283,0,0
477,6,106,"H",283,0,0
478,6,106,"H",262,0,0
479,6,107,NA,NA,NA,0
480,6,107,NA,NA,NA,0
481,6,107,NA,NA,NA,0
482,6,107,NA,NA,NA,0
483,6,107,NA,NA,NA,0
484,6,107,NA,NA,NA,0
485,4,108,NA,NA,NA,0
486,4,108,NA,NA,NA,0
487,4,108,NA,NA,NA,0
488,4,108,NA,NA,NA,0
489,4,109,NA,NA,NA,0
490,4,109,NA,NA,NA,0
491,4,109,NA,NA,NA,0
492,4,109,NA,NA,NA,0
493,3,110,NA,NA,NA,0
494,3,110,NA,NA,NA,0
495,3,110,NA,NA,NA,0
496,3,111,NA,NA,NA,0
497,3,111,NA,NA,NA,0
498,3,111,NA,NA,NA,0
499,5,112,NA,NA,NA,0
500,5,112,NA,NA,NA,0
501,5,112,NA,NA,NA,0
502,5,112,NA,NA,NA,0
503,5,112,NA,NA,NA,0
504,4,113,NA,NA,NA,0
505,4,113,NA,NA,NA,0
506,4,113,NA,NA,NA,0
507,4,113,NA,NA,NA,0
508,3,114,NA,NA,NA,0
509,3,114,NA,NA,NA,0
510,3,114,NA,NA,NA,0
511,6,115,NA,NA,NA,0
512,6,115,NA,NA,NA,0
513,6,115,NA,NA,NA,0
514,6,115,NA,NA,NA,0
515,6,115,NA,NA,NA,0
516,6,115,NA,NA,NA,0
517,5,116,NA,NA,NA,0
518,5,116,NA,NA,NA,0
519,5,116,NA,NA,NA,0
520,5,116,NA,NA,NA,0
521,5,116,NA,NA,NA,0
522,6,117,NA,NA,NA,0
523,6,117,NA,NA,NA,0
524,6,117,NA,NA,NA,0
525,6,117,NA,NA,NA,0
526,6,117,NA,NA,NA,0
527,6,117,NA,NA,NA,0
528,5,118,NA,NA,NA,0
529,5,118,NA,NA,NA,0
530,5,118,NA,NA,NA,0
531,5,118,NA,NA,NA,0
532,5,118,NA,NA,NA,0
533,6,119,NA,NA,NA,0
534,6,119,NA,NA,NA,0
535,6,119,NA,NA,NA,0
536,6,119,NA,NA,NA,0
537,6,119,NA,NA,NA,0
538,6,119,NA,NA,NA,0
539,3,120,NA,NA,NA,0
540,3,120,NA,NA,NA,0
541,3,120,NA,NA,NA,0
542,6,121,NA,NA,NA,0
543,6,121,NA,NA,NA,0
544,6,121,NA,NA,NA,0
545,6,121,NA,NA,NA,0
546,6,121,NA,NA,NA,0
547,6,121,NA,NA,NA,0
548,5,122,NA,NA,NA,0
549,5,122,NA,NA,NA,0
550,5,122,NA,NA,NA,0
551,5,122,NA,NA,NA,0
552,5,122,NA,NA,NA,0
553,6,123,NA,NA,NA,0
554,6,123,NA,NA,NA,0
555,6,123,NA,NA,NA,0
556,6,123,NA,NA,NA,0
557,6,123,NA,NA,NA,0
558,6,123,NA,NA,NA,0
559,5,124,NA,NA,NA,0
560,5,124,NA,NA,NA,0
561,5,124,NA,NA,NA,0
562,5,124,NA,NA,NA,0
563,5,124,NA,NA,NA,0
564,3,125,NA,NA,NA,0
565,3,125,NA,NA,NA,0
566,3,125,"C",NA,NA,0
567,4,126,NA,NA,NA,0
568,4,126,NA,NA,NA,0
569,4,126,NA,NA,NA,0
570,4,126,NA,NA,NA,0
571,4,127,NA,NA,NA,0
572,4,127,NA,NA,NA,0
573,4,127,NA,NA,NA,0
574,4,127,NA,NA,NA,0
575,6,128,NA,NA,NA,0
576,6,128,NA,NA,NA,0
577,6,128,NA,NA,NA,0
578,6,128,NA,NA,NA,0
579,6,128,NA,NA,NA,0
580,6,128,NA,NA,NA,0
581,5,129,NA,NA,NA,0
582,5,129,NA,NA,NA,0
583,5,129,NA,NA,NA,0
584,5,129,NA,NA,NA,0
585,5,129,NA,NA,NA,0
586,6,130,NA,NA,NA,0
587,6,130,NA,NA,NA,0
588,6,130,NA,NA,NA,0
589,6,130,NA,NA,NA,0
590,6,130,NA,NA,NA,0
591,6,130,NA,NA,NA,0
592,3,131,NA,NA,NA,0
593,3,131,NA,NA,NA,0
594,3,131,NA,NA,NA,0
595,3,132,NA,NA,NA,0
596,3,132,NA,NA,NA,0
597,3,132,NA,NA,NA,0
598,6,133,NA,NA,NA,0
599,6,133,NA,NA,NA,0
600,6,133,NA,NA,NA,0
601,6,133,NA,NA,NA,0
602,6,133,NA,NA,NA,0
603,6,133,NA,NA,NA,0
604,4,134,NA,NA,NA,0
605,4,134,NA,NA,NA,0
606,4,134,NA,NA,NA,0
607,4,134,NA,NA,NA,0
608,5,135,NA,NA,NA,0
609,5,135,NA,NA,NA,0
610,5,135,NA,NA,NA,0
611,5,135,NA,NA,NA,0
612,5,135,NA,NA,NA,0
613,5,136,NA,NA,NA,0
614,5,136,NA,NA,NA,0
615,5,136,NA,NA,NA,0
616,5,136,NA,NA,NA,0
617,5,136,NA,NA,NA,0
618,3,137,NA,NA,NA,0
619,3,137,NA,NA,NA,0
620,3,137,NA,NA,NA,0
621,5,138,NA,NA,NA,0
622,5,138,NA,NA,NA,0
623,5,138,NA,NA,NA,0
624,5,138,NA,NA,NA,0
625,5,138,NA,NA,NA,0
626,4,139,NA,NA,NA,0
627,4,139,NA,NA,NA,0
628,4,139,NA,NA,NA,0
629,4,139,NA,NA,NA,0
630,3,140,NA,NA,NA,0
631,3,140,"C",115,2,1
632,3,140,"H",141,1,0
633,4,141,NA,NA,NA,0
634,4,141,NA,NA,NA,0
635,4,141,NA,NA,NA,0
636,4,141,NA,NA,NA,0
637,3,142,NA,NA,NA,0
638,3,142,NA,NA,NA,0
639,3,142,NA,NA,NA,0
640,4,143,NA,NA,NA,0
641,4,143,NA,NA,NA,0
642,4,143,NA,NA,NA,0
643,4,143,NA,NA,NA,0
644,3,144,NA,NA,NA,0
645,3,144,NA,NA,NA,0
646,3,144,NA,NA,NA,0
647,6,145,NA,NA,NA,0
648,6,145,NA,NA,NA,0
649,6,145,NA,NA,NA,0
650,6,145,NA,NA,NA,0
651,6,145,NA,NA,NA,0
652,6,145,NA,NA,NA,0
653,3,146,NA,NA,NA,0
654,3,146,NA,NA,NA,0
655,3,146,NA,NA,NA,0
656,3,147,NA,NA,NA,0
657,3,147,NA,NA,NA,0
658,3,147,NA,NA,NA,0
659,5,148,NA,NA,NA,0
660,5,148,NA,NA,NA,0
661,5,148,NA,NA,NA,0
662,5,148,NA,NA,NA,0
663,5,148,NA,NA,NA,0
664,4,149,NA,NA,NA,0
665,4,149,NA,NA,NA,0
666,4,149,NA,NA,NA,0
667,4,149,NA,NA,NA,0
668,5,150,NA,NA,NA,0
669,5,150,NA,NA,NA,0
670,5,150,NA,NA,NA,0
671,5,150,NA,NA,NA,0
672,5,150,NA,NA,NA,0
673,4,151,NA,NA,NA,0
674,4,151,NA,NA,NA,0
675,4,151,NA,NA,NA,0
676,4,151,NA,NA,NA,0
677,5,152,NA,NA,NA,0
678,5,152,NA,NA,NA,0
679,5,152,NA,NA,NA,0
680,5,152,NA,NA,NA,0
681,5,152,NA,NA,NA,0
682,4,153,NA,NA,NA,0
683,4,153,NA,NA,NA,0
684,4,153,NA,NA,NA,0
685,4,153,NA,NA,NA,0
686,5,154,NA,NA,NA,0
687,5,154,NA,NA,NA,0
688,5,154,NA,NA,NA,0
689,5,154,NA,NA,NA,0
690,5,154,NA,NA,NA,0
691,5,155,NA,NA,NA,0
692,5,155,NA,NA,NA,0
693,5,155,NA,NA,NA,0
694,5,155,NA,NA,NA,0
695,5,155,NA,NA,NA,0
696,3,156,NA,NA,NA,0
697,3,156,NA,NA,NA,0
698,3,156,NA,NA,NA,0
699,6,157,NA,NA,NA,0
700,6,157,NA,NA,NA,0
701,6,157,NA,NA,NA,0
702,6,157,NA,NA,NA,0
703,6,157,NA,NA,NA,0
704,6,157,NA,NA,NA,0
705,3,158,NA,NA,NA,0
706,3,158,NA,NA,NA,0
707,3,158,NA,NA,NA,0
708,5,159,NA,NA,NA,0
709,5,159,NA,NA,NA,0
710,5,159,NA,NA,NA,0
711,5,159,NA,NA,NA,0
712,5,159,NA,NA,NA,0
713,3,160,NA,NA,NA,0
714,3,160,NA,NA,NA,0
715,3,160,NA,NA,NA,0
716,3,161,NA,NA,NA,0
717,3,161,NA,NA,NA,0
718,3,161,NA,NA,NA,0
719,5,162,NA,NA,NA,0
720,5,162,NA,NA,NA,0
721,5,162,NA,NA,NA,0
722,5,162,NA,NA,NA,0
723,5,162,NA,NA,NA,0
724,6,163,NA,NA,NA,0
725,6,163,NA,NA,NA,0
726,6,163,NA,NA,NA,0
727,6,163,NA,NA,NA,0
728,6,163,NA,NA,NA,0
729,6,163,NA,NA,NA,0
730,3,164,NA,NA,NA,0
731,3,164,NA,NA,NA,0
732,3,164,NA,NA,NA,0
733,6,165,NA,NA,NA,0
734,6,165,NA,NA,NA,0
735,6,165,NA,NA,NA,0
736,6,165,NA,NA,NA,0
737,6,165,NA,NA,NA,0
738,6,165,NA,NA,NA,0
739,6,166,NA,NA,NA,0
740,6,166,NA,NA,NA,0
741,6,166,NA,NA,NA,0
742,6,166,NA,NA,NA,0
743,6,166,NA,NA,NA,0
744,6,166,NA,NA,NA,0
745,4,167,NA,NA,NA,0
746,4,167,NA,NA,NA,0
747,4,167,NA,NA,NA,0
748,4,167,NA,NA,NA,0
749,3,168,NA,NA,NA,0
750,3,168,NA,NA,NA,0
751,3,168,NA,NA,NA,0
752,6,169,NA,NA,NA,0
753,6,169,NA,NA,NA,0
754,6,169,NA,NA,NA,0
755,6,169,NA,NA,NA,0
756,6,169,NA,NA,NA,0
757,6,169,NA,NA,NA,0
758,4,170,NA,NA,NA,0
759,4,170,NA,NA,NA,0
760,4,170,NA,NA,NA,0
761,4,170,NA,NA,NA,0
762,6,171,NA,NA,NA,0
763,6,171,NA,NA,NA,0
764,6,171,NA,NA,NA,0
765,6,171,NA,NA,NA,0
766,6,171,NA,NA,NA,0
767,6,171,NA,NA,NA,0
768,6,172,NA,NA,NA,0
769,6,172,NA,NA,NA,0
770,6,172,NA,NA,NA,0
771,6,172,NA,NA,NA,0
772,6,172,NA,NA,NA,0
773,6,172,NA,NA,NA,0
774,4,173,NA,NA,NA,0
775,4,173,NA,NA,NA,0
776,4,173,NA,NA,NA,0
777,4,173,NA,NA,NA,0
778,4,174,NA,NA,NA,0
779,4,174,NA,NA,NA,0
780,4,174,NA,NA,NA,0
781,4,174,NA,NA,NA,0
782,3,175,NA,NA,NA,0
783,3,175,NA,NA,NA,0
784,3,175,NA,NA,NA,0
785,6,176,"H",320,2,1
786,6,176,"H",307,4,2
787,6,176,NA,NA,NA,0
788,6,176,"H",351,1,0
789,6,176,"H",318,2,0
790,6,176,"C",276,5,1
791,6,177,NA,NA,NA,0
792,6,177,NA,NA,NA,0
793,6,177,NA,NA,NA,0
794,6,177,NA,NA,NA,0
795,6,177,NA,NA,NA,0
796,6,177,NA,NA,NA,0
797,6,178,NA,NA,NA,0
798,6,178,NA,NA,NA,0
799,6,178,NA,NA,NA,0
800,6,178,NA,NA,NA,0
801,6,178,NA,NA,NA,0
802,6,178,NA,NA,NA,0
803,6,179,NA,NA,NA,0
804,6,179,NA,NA,NA,0
805,6,179,NA,NA,NA,0
806,6,179,NA,NA,NA,0
807,6,179,NA,NA,NA,0
808,6,179,NA,NA,NA,0
809,4,180,NA,NA,NA,0
810,4,180,NA,NA,NA,0
811,4,180,NA,NA,NA,0
812,4,180,NA,NA,NA,0
813,4,181,NA,NA,NA,0
814,4,181,NA,NA,NA,0
815,4,181,NA,NA,NA,0
816,4,181,NA,NA,NA,0
817,6,182,NA,NA,NA,0
818,6,182,NA,NA,NA,0
819,6,182,NA,NA,NA,0
820,6,182,NA,NA,NA,0
821,6,182,NA,NA,NA,0
822,6,182,NA,NA,NA,0
823,3,183,NA,NA,NA,0
824,3,183,NA,NA,NA,0
825,3,183,NA,NA,NA,0
826,3,184,NA,NA,NA,0
827,3,184,NA,NA,NA,0
828,3,184,NA,NA,NA,0
829,6,185,NA,NA,NA,0
830,6,185,NA,NA,NA,0
831,6,185,NA,NA,NA,0
832,6,185,NA,NA,NA,0
833,6,185,NA,NA,NA,0
834,6,185,NA,NA,NA,0
835,5,186,NA,NA,NA,0
836,5,186,NA,NA,NA,0
837,5,186,NA,NA,NA,0
838,5,186,NA,NA,NA,0
839,5,186,NA,NA,NA,0
840,4,187,NA,NA,NA,0
841,4,187,NA,NA,NA,0
842,4,187,NA,NA,NA,0
843,4,187,NA,NA,NA,0
844,6,188,NA,NA,NA,0
845,6,188,NA,NA,NA,0
846,6,188,NA,NA,NA,0
847,6,188,NA,NA,NA,0
848,6,188,NA,NA,NA,0
849,6,188,NA,NA,NA,0
850,4,189,NA,NA,NA,0
851,4,189,NA,NA,NA,0
852,4,189,NA,NA,NA,0
853,4,189,NA,NA,NA,0
854,5,190,NA,NA,NA,0
855,5,190,NA,NA,NA,0
856,5,190,NA,NA,NA,0
857,5,190,NA,NA,NA,0
858,5,190,NA,NA,NA,0
859,5,191,NA,NA,NA,0
860,5,191,NA,NA,NA,0
861,5,191,NA,NA,NA,0
862,5,191,NA,NA,NA,0
863,5,191,NA,NA,NA,0
864,6,192,NA,NA,NA,0
865,6,192,NA,NA,NA,0
866,6,192,NA,NA,NA,0
867,6,192,NA,NA,NA,0
868,6,192,NA,NA,NA,0
869,6,192,NA,NA,NA,0
870,3,193,NA,NA,NA,0
871,3,193,NA,NA,NA,0
872,3,193,NA,NA,NA,0
873,3,194,NA,NA,NA,0
874,3,194,NA,NA,NA,0
875,3,194,NA,NA,NA,0
876,5,195,NA,NA,NA,0
877,5,195,NA,NA,NA,0
878,5,195,NA,NA,NA,0
879,5,195,NA,NA,NA,0
880,5,195,NA,NA,NA,0
881,3,196,NA,NA,NA,0
882,3,196,NA,NA,NA,0
883,3,196,NA,NA,NA,0
884,5,197,NA,NA,NA,0
885,5,197,NA,NA,NA,0
886,5,197,NA,NA,NA,0
887,5,197,NA,NA,NA,0
888,5,197,NA,NA,NA,0
889,4,198,NA,NA,NA,0
890,4,198,NA,NA,NA,0
891,4,198,NA,NA,NA,0
892,4,198,NA,NA,NA,0
893,3,199,NA,NA,NA,0
894,3,199,NA,NA,NA,0
895,3,199,NA,NA,NA,0
896,6,200,NA,NA,NA,0
897,6,200,NA,NA,NA,0
898,6,200,NA,NA,NA,0
899,6,200,NA,NA,NA,0
900,6,200,NA,NA,NA,0
901,6,200,NA,NA,NA,0
902,5,201,"C",175,4,1
903,5,201,"H",216,3,0
904,5,201,NA,NA,NA,0
905,5,201,NA,NA,NA,0
906,5,201,NA,NA,NA,0
907,3,202,NA,NA,NA,0
908,3,202,NA,NA,NA,0
909,3,202,NA,NA,NA,0
910,3,203,NA,NA,NA,0
911,3,203,NA,NA,NA,0
912,3,203,NA,NA,NA,0
913,4,204,"C",258,0,0
914,4,204,"H",250,0,0
915,4,204,"H",261,0,0
916,4,204,"C",222,3,2
917,3,205,NA,NA,NA,0
918,3,205,NA,NA,NA,0
919,3,205,NA,NA,NA,0
920,4,206,NA,NA,NA,0
921,4,206,NA,NA,NA,0
922,4,206,NA,NA,NA,0
923,4,206,NA,NA,NA,0
924,5,207,NA,NA,NA,0
925,5,207,NA,NA,NA,0
926,5,207,NA,NA,NA,0
927,5,207,NA,NA,NA,0
928,5,207,NA,NA,NA,0
929,6,208,NA,NA,NA,0
930,6,208,NA,NA,NA,0
931,6,208,NA,NA,NA,0
932,6,208,NA,NA,NA,0
933,6,208,NA,NA,NA,0
934,6,208,NA,NA,NA,0
935,3,209,NA,NA,NA,0
936,3,209,NA,NA,NA,0
937,3,209,NA,NA,NA,0
938,3,210,NA,NA,NA,0
939,3,210,NA,NA,NA,0
940,3,210,NA,NA,NA,0
941,5,211,NA,NA,NA,0
942,5,211,NA,NA,NA,0
943,5,211,NA,NA,NA,0
944,5,211,NA,NA,NA,0
945,5,211,NA,NA,NA,0
946,3,212,NA,NA,NA,0
947,3,212,NA,NA,NA,0
948,3,212,NA,NA,NA,0
949,3,213,NA,NA,NA,0
950,3,213,NA,NA,NA,0
951,3,213,NA,NA,NA,0
952,5,214,NA,NA,NA,0
953,5,214,NA,NA,NA,0
954,5,214,NA,NA,NA,0
955,5,214,NA,NA,NA,0
956,5,214,NA,NA,NA,0
957,6,215,NA,NA,NA,0
958,6,215,NA,NA,NA,0
959,6,215,NA,NA,NA,0
960,6,215,NA,NA,NA,0
961,6,215,NA,NA,NA,0
962,6,215,NA,NA,NA,0
963,6,216,NA,NA,NA,0
964,6,216,NA,NA,NA,0
965,6,216,NA,NA,NA,0
966,6,216,NA,NA,NA,0
967,6,216,NA,NA,NA,0
968,6,216,NA,NA,NA,0
969,6,217,"H",251,0,0
970,6,217,"H",177,3,1
971,6,217,"H",239,0,0
972,6,217,"H",211,2,2
973,6,217,"C",157,5,2
974,6,217,"H",210,2,0
975,4,218,NA,NA,NA,0
976,4,218,NA,NA,NA,0
977,4,218,NA,NA,NA,0
978,4,218,NA,NA,NA,0
979,6,219,NA,NA,NA,0
980,6,219,NA,NA,NA,0
981,6,219,NA,NA,NA,0
982,6,219,NA,NA,NA,0
983,6,219,NA,NA,NA,0
984,6,219,NA,NA,NA,0
985,3,220,NA,NA,NA,0
986,3,220,NA,NA,NA,0
987,3,220,NA,NA,NA,0
988,4,221,NA,NA,NA,0
989,4,221,NA,NA,NA,0
990,4,221,NA,NA,NA,0
991,4,221,NA,NA,NA,0
992,3,222,NA,NA,NA,0
993,3,222,NA,NA,NA,0
994,3,222,NA,NA,NA,0
995,3,223,NA,NA,NA,0
996,3,223,NA,NA,NA,0
997,3,223,NA,NA,NA,0
998,3,224,NA,NA,NA,0
999,3,224,NA,NA,NA,0
1000,3,224,NA,NA,NA,0
