"ID","SIZE","HH","TYPE","TIME","S_NUM","I_NUM"
1,6,1,"0",36,5,3
2,6,1,"H",138,0,0
3,6,1,"H",67,2,1
4,6,1,"H",76,1,1
5,6,1,"H",63,2,0
6,6,1,"H",74,1,0
7,4,2,NA,NA,NA,0
8,4,2,NA,NA,NA,0
9,4,2,NA,NA,NA,0
10,4,2,NA,NA,NA,0
11,5,3,NA,NA,NA,0
12,5,3,NA,NA,NA,0
13,5,3,NA,NA,NA,0
14,5,3,NA,NA,NA,0
15,5,3,NA,NA,NA,0
16,6,4,NA,NA,NA,0
17,6,4,NA,NA,NA,0
18,6,4,NA,NA,NA,0
19,6,4,NA,NA,NA,0
20,6,4,NA,NA,NA,0
21,6,4,NA,NA,NA,0
22,3,5,NA,NA,NA,0
23,3,5,NA,NA,NA,0
24,3,5,NA,NA,NA,0
25,3,6,NA,NA,NA,0
26,3,6,NA,NA,NA,0
27,3,6,NA,NA,NA,0
28,5,7,NA,NA,NA,0
29,5,7,NA,NA,NA,0
30,5,7,NA,NA,NA,0
31,5,7,NA,NA,NA,0
32,5,7,NA,NA,NA,0
33,3,8,NA,NA,NA,0
34,3,8,NA,NA,NA,0
35,3,8,NA,NA,NA,0
36,6,9,NA,NA,NA,0
37,6,9,NA,NA,NA,0
38,6,9,NA,NA,NA,0
39,6,9,NA,NA,NA,0
40,6,9,NA,NA,NA,0
41,6,9,NA,NA,NA,0
42,6,10,NA,NA,NA,0
43,6,10,NA,NA,NA,0
44,6,10,NA,NA,NA,0
45,6,10,NA,NA,NA,0
46,6,10,NA,NA,NA,0
47,6,10,NA,NA,NA,0
48,5,11,NA,NA,NA,0
49,5,11,NA,NA,NA,0
50,5,11,NA,NA,NA,0
51,5,11,NA,NA,NA,0
52,5,11,NA,NA,NA,0
53,5,12,"H",315,3,0
54,5,12,"C",292,4,1
55,5,12,NA,NA,NA,0
56,5,12,NA,NA,NA,0
57,5,12,NA,NA,NA,0
58,3,13,NA,NA,NA,0
59,3,13,NA,NA,NA,0
60,3,13,NA,NA,NA,0
61,5,14,NA,NA,NA,0
62,5,14,NA,NA,NA,0
63,5,14,NA,NA,NA,0
64,5,14,NA,NA,NA,0
65,5,14,NA,NA,NA,0
66,6,15,NA,NA,NA,0
67,6,15,NA,NA,NA,0
68,6,15,NA,NA,NA,0
69,6,15,NA,NA,NA,0
70,6,15,NA,NA,NA,0
71,6,15,NA,NA,NA,0
72,4,16,NA,NA,NA,0
73,4,16,NA,NA,NA,0
74,4,16,"C",90,3,0
75,4,16,NA,NA,NA,0
76,5,17,NA,NA,NA,0
77,5,17,NA,NA,NA,0
78,5,17,NA,NA,NA,0
79,5,17,NA,NA,NA,0
80,5,17,NA,NA,NA,0
81,4,18,NA,NA,NA,0
82,4,18,NA,NA,NA,0
83,4,18,NA,NA,NA,0
84,4,18,NA,NA,NA,0
85,6,19,NA,NA,NA,0
86,6,19,NA,NA,NA,0
87,6,19,NA,NA,NA,0
88,6,19,NA,NA,NA,0
89,6,19,NA,NA,NA,0
90,6,19,NA,NA,NA,0
91,4,20,NA,NA,NA,0
92,4,20,NA,NA,NA,0
93,4,20,NA,NA,NA,0
94,4,20,NA,NA,NA,0
95,5,21,NA,NA,NA,0
96,5,21,NA,NA,NA,0
97,5,21,NA,NA,NA,0
98,5,21,NA,NA,NA,0
99,5,21,NA,NA,NA,0
100,4,22,NA,NA,NA,0
101,4,22,NA,NA,NA,0
102,4,22,NA,NA,NA,0
103,4,22,NA,NA,NA,0
104,3,23,NA,NA,NA,0
105,3,23,NA,NA,NA,0
106,3,23,NA,NA,NA,0
107,5,24,NA,NA,NA,0
108,5,24,NA,NA,NA,0
109,5,24,NA,NA,NA,0
110,5,24,NA,NA,NA,0
111,5,24,NA,NA,NA,0
112,4,25,NA,NA,NA,0
113,4,25,NA,NA,NA,0
114,4,25,NA,NA,NA,0
115,4,25,NA,NA,NA,0
116,4,26,NA,NA,NA,0
117,4,26,NA,NA,NA,0
118,4,26,NA,NA,NA,0
119,4,26,NA,NA,NA,0
120,6,27,NA,NA,NA,0
121,6,27,NA,NA,NA,0
122,6,27,NA,NA,NA,0
123,6,27,NA,NA,NA,0
124,6,27,NA,NA,NA,0
125,6,27,NA,NA,NA,0
126,3,28,NA,NA,NA,0
127,3,28,NA,NA,NA,0
128,3,28,NA,NA,NA,0
129,5,29,NA,NA,NA,0
130,5,29,NA,NA,NA,0
131,5,29,NA,NA,NA,0
132,5,29,NA,NA,NA,0
133,5,29,NA,NA,NA,0
134,6,30,NA,NA,NA,0
135,6,30,NA,NA,NA,0
136,6,30,NA,NA,NA,0
137,6,30,NA,NA,NA,0
138,6,30,NA,NA,NA,0
139,6,30,NA,NA,NA,0
140,4,31,NA,NA,NA,0
141,4,31,NA,NA,NA,0
142,4,31,NA,NA,NA,0
143,4,31,NA,NA,NA,0
144,3,32,NA,NA,NA,0
145,3,32,NA,NA,NA,0
146,3,32,NA,NA,NA,0
147,6,33,NA,NA,NA,0
148,6,33,NA,NA,NA,0
149,6,33,NA,NA,NA,0
150,6,33,NA,NA,NA,0
151,6,33,NA,NA,NA,0
152,6,33,NA,NA,NA,0
153,6,34,NA,NA,NA,0
154,6,34,NA,NA,NA,0
155,6,34,NA,NA,NA,0
156,6,34,NA,NA,NA,0
157,6,34,NA,NA,NA,0
158,6,34,NA,NA,NA,0
159,6,35,NA,NA,NA,0
160,6,35,NA,NA,NA,0
161,6,35,NA,NA,NA,0
162,6,35,NA,NA,NA,0
163,6,35,NA,NA,NA,0
164,6,35,NA,NA,NA,0
165,4,36,"C",NA,NA,0
166,4,36,NA,NA,NA,0
167,4,36,NA,NA,NA,0
168,4,36,NA,NA,NA,0
169,6,37,NA,NA,NA,0
170,6,37,NA,NA,NA,0
171,6,37,NA,NA,NA,0
172,6,37,NA,NA,NA,0
173,6,37,NA,NA,NA,0
174,6,37,NA,NA,NA,0
175,6,38,NA,NA,NA,0
176,6,38,NA,NA,NA,0
177,6,38,NA,NA,NA,0
178,6,38,NA,NA,NA,0
179,6,38,NA,NA,NA,0
180,6,38,NA,NA,NA,0
181,3,39,NA,NA,NA,0
182,3,39,NA,NA,NA,0
183,3,39,NA,NA,NA,0
184,5,40,NA,NA,NA,0
185,5,40,NA,NA,NA,0
186,5,40,NA,NA,NA,0
187,5,40,NA,NA,NA,0
188,5,40,NA,NA,NA,0
189,5,41,NA,NA,NA,0
190,5,41,NA,NA,NA,0
191,5,41,NA,NA,NA,0
192,5,41,NA,NA,NA,0
193,5,41,NA,NA,NA,0
194,5,42,NA,NA,NA,0
195,5,42,NA,NA,NA,0
196,5,42,NA,NA,NA,0
197,5,42,NA,NA,NA,0
198,5,42,NA,NA,NA,0
199,5,43,NA,NA,NA,0
200,5,43,"H",140,1,0
201,5,43,"H",145,1,0
202,5,43,"C",118,4,3
203,5,43,"H",178,1,0
204,6,44,NA,NA,NA,0
205,6,44,NA,NA,NA,0
206,6,44,NA,NA,NA,0
207,6,44,NA,NA,NA,0
208,6,44,NA,NA,NA,0
209,6,44,NA,NA,NA,0
210,4,45,NA,NA,NA,0
211,4,45,NA,NA,NA,0
212,4,45,NA,NA,NA,0
213,4,45,NA,NA,NA,0
214,6,46,NA,NA,NA,0
215,6,46,NA,NA,NA,0
216,6,46,NA,NA,NA,0
217,6,46,NA,NA,NA,0
218,6,46,NA,NA,NA,0
219,6,46,NA,NA,NA,0
220,4,47,NA,NA,NA,0
221,4,47,NA,NA,NA,0
222,4,47,NA,NA,NA,0
223,4,47,NA,NA,NA,0
224,4,48,NA,NA,NA,0
225,4,48,NA,NA,NA,0
226,4,48,NA,NA,NA,0
227,4,48,NA,NA,NA,0
228,3,49,NA,NA,NA,0
229,3,49,NA,NA,NA,0
230,3,49,NA,NA,NA,0
231,6,50,NA,NA,NA,0
232,6,50,NA,NA,NA,0
233,6,50,NA,NA,NA,0
234,6,50,NA,NA,NA,0
235,6,50,NA,NA,NA,0
236,6,50,NA,NA,NA,0
237,6,51,NA,NA,NA,0
238,6,51,NA,NA,NA,0
239,6,51,NA,NA,NA,0
240,6,51,NA,NA,NA,0
241,6,51,NA,NA,NA,0
242,6,51,NA,NA,NA,0
243,3,52,NA,NA,NA,0
244,3,52,NA,NA,NA,0
245,3,52,NA,NA,NA,0
246,3,53,NA,NA,NA,0
247,3,53,NA,NA,NA,0
248,3,53,NA,NA,NA,0
249,6,54,NA,NA,NA,0
250,6,54,NA,NA,NA,0
251,6,54,NA,NA,NA,0
252,6,54,NA,NA,NA,0
253,6,54,NA,NA,NA,0
254,6,54,NA,NA,NA,0
255,4,55,NA,NA,NA,0
256,4,55,NA,NA,NA,0
257,4,55,NA,NA,NA,0
258,4,55,NA,NA,NA,0
259,3,56,NA,NA,NA,0
260,3,56,NA,NA,NA,0
261,3,56,NA,NA,NA,0
262,5,57,NA,NA,NA,0
263,5,57,NA,NA,NA,0
264,5,57,NA,NA,NA,0
265,5,57,NA,NA,NA,0
266,5,57,NA,NA,NA,0
267,6,58,NA,NA,NA,0
268,6,58,NA,NA,NA,0
269,6,58,NA,NA,NA,0
270,6,58,NA,NA,NA,0
271,6,58,NA,NA,NA,0
272,6,58,NA,NA,NA,0
273,5,59,NA,NA,NA,0
274,5,59,NA,NA,NA,0
275,5,59,NA,NA,NA,0
276,5,59,NA,NA,NA,0
277,5,59,NA,NA,NA,0
278,4,60,NA,NA,NA,0
279,4,60,NA,NA,NA,0
280,4,60,NA,NA,NA,0
281,4,60,NA,NA,NA,0
282,6,61,NA,NA,NA,0
283,6,61,NA,NA,NA,0
284,6,61,NA,NA,NA,0
285,6,61,NA,NA,NA,0
286,6,61,NA,NA,NA,0
287,6,61,NA,NA,NA,0
288,6,62,NA,NA,NA,0
289,6,62,NA,NA,NA,0
290,6,62,NA,NA,NA,0
291,6,62,NA,NA,NA,0
292,6,62,NA,NA,NA,0
293,6,62,NA,NA,NA,0
294,3,63,NA,NA,NA,0
295,3,63,NA,NA,NA,0
296,3,63,NA,NA,NA,0
297,6,64,NA,NA,NA,0
298,6,64,NA,NA,NA,0
299,6,64,NA,NA,NA,0
300,6,64,NA,NA,NA,0
301,6,64,NA,NA,NA,0
302,6,64,NA,NA,NA,0
303,3,65,NA,NA,NA,0
304,3,65,NA,NA,NA,0
305,3,65,NA,NA,NA,0
306,6,66,NA,NA,NA,0
307,6,66,NA,NA,NA,0
308,6,66,NA,NA,NA,0
309,6,66,NA,NA,NA,0
310,6,66,NA,NA,NA,0
311,6,66,NA,NA,NA,0
312,4,67,NA,NA,NA,0
313,4,67,NA,NA,NA,0
314,4,67,NA,NA,NA,0
315,4,67,NA,NA,NA,0
316,6,68,NA,NA,NA,0
317,6,68,NA,NA,NA,0
318,6,68,NA,NA,NA,0
319,6,68,NA,NA,NA,0
320,6,68,NA,NA,NA,0
321,6,68,NA,NA,NA,0
322,6,69,NA,NA,NA,0
323,6,69,NA,NA,NA,0
324,6,69,NA,NA,NA,0
325,6,69,NA,NA,NA,0
326,6,69,NA,NA,NA,0
327,6,69,NA,NA,NA,0
328,4,70,NA,NA,NA,0
329,4,70,NA,NA,NA,0
330,4,70,NA,NA,NA,0
331,4,70,NA,NA,NA,0
332,5,71,NA,NA,NA,0
333,5,71,NA,NA,NA,0
334,5,71,NA,NA,NA,0
335,5,71,NA,NA,NA,0
336,5,71,NA,NA,NA,0
337,6,72,NA,NA,NA,0
338,6,72,NA,NA,NA,0
339,6,72,NA,NA,NA,0
340,6,72,NA,NA,NA,0
341,6,72,NA,NA,NA,0
342,6,72,NA,NA,NA,0
343,5,73,NA,NA,NA,0
344,5,73,NA,NA,NA,0
345,5,73,NA,NA,NA,0
346,5,73,NA,NA,NA,0
347,5,73,NA,NA,NA,0
348,5,74,NA,NA,NA,0
349,5,74,NA,NA,NA,0
350,5,74,NA,NA,NA,0
351,5,74,NA,NA,NA,0
352,5,74,NA,NA,NA,0
353,4,75,NA,NA,NA,0
354,4,75,NA,NA,NA,0
355,4,75,NA,NA,NA,0
356,4,75,NA,NA,NA,0
357,5,76,NA,NA,NA,0
358,5,76,NA,NA,NA,0
359,5,76,NA,NA,NA,0
360,5,76,NA,NA,NA,0
361,5,76,NA,NA,NA,0
362,5,77,NA,NA,NA,0
363,5,77,NA,NA,NA,0
364,5,77,NA,NA,NA,0
365,5,77,NA,NA,NA,0
366,5,77,NA,NA,NA,0
367,4,78,NA,NA,NA,0
368,4,78,NA,NA,NA,0
369,4,78,NA,NA,NA,0
370,4,78,NA,NA,NA,0
371,6,79,"H",213,0,0
372,6,79,"H",142,2,0
373,6,79,"H",178,2,2
374,6,79,"C",120,5,3
375,6,79,"H",245,0,0
376,6,79,"H",153,2,0
377,3,80,NA,NA,NA,0
378,3,80,NA,NA,NA,0
379,3,80,NA,NA,NA,0
380,6,81,NA,NA,NA,0
381,6,81,NA,NA,NA,0
382,6,81,NA,NA,NA,0
383,6,81,NA,NA,NA,0
384,6,81,NA,NA,NA,0
385,6,81,NA,NA,NA,0
386,3,82,NA,NA,NA,0
387,3,82,NA,NA,NA,0
388,3,82,NA,NA,NA,0
389,4,83,NA,NA,NA,0
390,4,83,NA,NA,NA,0
391,4,83,NA,NA,NA,0
392,4,83,NA,NA,NA,0
393,6,84,NA,NA,NA,0
394,6,84,NA,NA,NA,0
395,6,84,"C",323,5,0
396,6,84,NA,NA,NA,0
397,6,84,NA,NA,NA,0
398,6,84,NA,NA,NA,0
399,4,85,NA,NA,NA,0
400,4,85,NA,NA,NA,0
401,4,85,NA,NA,NA,0
402,4,85,NA,NA,NA,0
403,3,86,"C",272,2,1
404,3,86,"H",NA,NA,0
405,3,86,"H",325,1,1
406,5,87,NA,NA,NA,0
407,5,87,NA,NA,NA,0
408,5,87,NA,NA,NA,0
409,5,87,"C",135,4,0
410,5,87,NA,NA,NA,0
411,3,88,NA,NA,NA,0
412,3,88,NA,NA,NA,0
413,3,88,NA,NA,NA,0
414,4,89,NA,NA,NA,0
415,4,89,NA,NA,NA,0
416,4,89,NA,NA,NA,0
417,4,89,NA,NA,NA,0
418,5,90,NA,NA,NA,0
419,5,90,NA,NA,NA,0
420,5,90,NA,NA,NA,0
421,5,90,NA,NA,NA,0
422,5,90,NA,NA,NA,0
423,4,91,NA,NA,NA,0
424,4,91,NA,NA,NA,0
425,4,91,NA,NA,NA,0
426,4,91,NA,NA,NA,0
427,5,92,NA,NA,NA,0
428,5,92,NA,NA,NA,0
429,5,92,NA,NA,NA,0
430,5,92,NA,NA,NA,0
431,5,92,NA,NA,NA,0
432,4,93,NA,NA,NA,0
433,4,93,NA,NA,NA,0
434,4,93,NA,NA,NA,0
435,4,93,NA,NA,NA,0
436,3,94,NA,NA,NA,0
437,3,94,NA,NA,NA,0
438,3,94,NA,NA,NA,0
439,5,95,NA,NA,NA,0
440,5,95,NA,NA,NA,0
441,5,95,NA,NA,NA,0
442,5,95,NA,NA,NA,0
443,5,95,NA,NA,NA,0
444,6,96,NA,NA,NA,0
445,6,96,NA,NA,NA,0
446,6,96,NA,NA,NA,0
447,6,96,NA,NA,NA,0
448,6,96,NA,NA,NA,0
449,6,96,NA,NA,NA,0
450,5,97,NA,NA,NA,0
451,5,97,NA,NA,NA,0
452,5,97,NA,NA,NA,0
453,5,97,NA,NA,NA,0
454,5,97,NA,NA,NA,0
455,4,98,NA,NA,NA,0
456,4,98,"C",102,3,1
457,4,98,NA,NA,NA,0
458,4,98,"H",131,2,0
459,5,99,NA,NA,NA,0
460,5,99,NA,NA,NA,0
461,5,99,NA,NA,NA,0
462,5,99,NA,NA,NA,0
463,5,99,NA,NA,NA,0
464,4,100,NA,NA,NA,0
465,4,100,NA,NA,NA,0
466,4,100,NA,NA,NA,0
467,4,100,NA,NA,NA,0
468,4,101,NA,NA,NA,0
469,4,101,NA,NA,NA,0
470,4,101,NA,NA,NA,0
471,4,101,NA,NA,NA,0
472,4,102,NA,NA,NA,0
473,4,102,NA,NA,NA,0
474,4,102,NA,NA,NA,0
475,4,102,NA,NA,NA,0
476,4,103,"C",NA,NA,0
477,4,103,NA,NA,NA,0
478,4,103,NA,NA,NA,0
479,4,103,NA,NA,NA,0
480,5,104,NA,NA,NA,0
481,5,104,NA,NA,NA,0
482,5,104,NA,NA,NA,0
483,5,104,NA,NA,NA,0
484,5,104,NA,NA,NA,0
485,4,105,NA,NA,NA,0
486,4,105,NA,NA,NA,0
487,4,105,NA,NA,NA,0
488,4,105,NA,NA,NA,0
489,3,106,NA,NA,NA,0
490,3,106,NA,NA,NA,0
491,3,106,NA,NA,NA,0
492,5,107,NA,NA,NA,0
493,5,107,NA,NA,NA,0
494,5,107,NA,NA,NA,0
495,5,107,NA,NA,NA,0
496,5,107,NA,NA,NA,0
497,3,108,NA,NA,NA,0
498,3,108,NA,NA,NA,0
499,3,108,NA,NA,NA,0
500,4,109,NA,NA,NA,0
501,4,109,NA,NA,NA,0
502,4,109,NA,NA,NA,0
503,4,109,NA,NA,NA,0
504,5,110,NA,NA,NA,0
505,5,110,NA,NA,NA,0
506,5,110,NA,NA,NA,0
507,5,110,NA,NA,NA,0
508,5,110,"C",226,4,0
509,3,111,NA,NA,NA,0
510,3,111,NA,NA,NA,0
511,3,111,NA,NA,NA,0
512,4,112,NA,NA,NA,0
513,4,112,NA,NA,NA,0
514,4,112,NA,NA,NA,0
515,4,112,NA,NA,NA,0
516,6,113,NA,NA,NA,0
517,6,113,NA,NA,NA,0
518,6,113,NA,NA,NA,0
519,6,113,NA,NA,NA,0
520,6,113,NA,NA,NA,0
521,6,113,NA,NA,NA,0
522,4,114,NA,NA,NA,0
523,4,114,NA,NA,NA,0
524,4,114,NA,NA,NA,0
525,4,114,NA,NA,NA,0
526,5,115,NA,NA,NA,0
527,5,115,NA,NA,NA,0
528,5,115,NA,NA,NA,0
529,5,115,NA,NA,NA,0
530,5,115,NA,NA,NA,0
531,6,116,NA,NA,NA,0
532,6,116,"C",257,5,1
533,6,116,"H",NA,NA,0
534,6,116,NA,NA,NA,0
535,6,116,"H",291,4,1
536,6,116,"H",338,3,1
537,6,117,NA,NA,NA,0
538,6,117,NA,NA,NA,0
539,6,117,NA,NA,NA,0
540,6,117,NA,NA,NA,0
541,6,117,NA,NA,NA,0
542,6,117,NA,NA,NA,0
543,5,118,NA,NA,NA,0
544,5,118,NA,NA,NA,0
545,5,118,NA,NA,NA,0
546,5,118,NA,NA,NA,0
547,5,118,NA,NA,NA,0
548,5,119,NA,NA,NA,0
549,5,119,NA,NA,NA,0
550,5,119,NA,NA,NA,0
551,5,119,NA,NA,NA,0
552,5,119,NA,NA,NA,0
553,3,120,NA,NA,NA,0
554,3,120,NA,NA,NA,0
555,3,120,NA,NA,NA,0
556,3,121,NA,NA,NA,0
557,3,121,NA,NA,NA,0
558,3,121,NA,NA,NA,0
559,5,122,NA,NA,NA,0
560,5,122,NA,NA,NA,0
561,5,122,NA,NA,NA,0
562,5,122,NA,NA,NA,0
563,5,122,NA,NA,NA,0
564,6,123,NA,NA,NA,0
565,6,123,NA,NA,NA,0
566,6,123,NA,NA,NA,0
567,6,123,NA,NA,NA,0
568,6,123,NA,NA,NA,0
569,6,123,NA,NA,NA,0
570,3,124,NA,NA,NA,0
571,3,124,NA,NA,NA,0
572,3,124,NA,NA,NA,0
573,5,125,NA,NA,NA,0
574,5,125,NA,NA,NA,0
575,5,125,NA,NA,NA,0
576,5,125,NA,NA,NA,0
577,5,125,NA,NA,NA,0
578,3,126,NA,NA,NA,0
579,3,126,NA,NA,NA,0
580,3,126,NA,NA,NA,0
581,5,127,NA,NA,NA,0
582,5,127,NA,NA,NA,0
583,5,127,NA,NA,NA,0
584,5,127,NA,NA,NA,0
585,5,127,NA,NA,NA,0
586,6,128,NA,NA,NA,0
587,6,128,NA,NA,NA,0
588,6,128,NA,NA,NA,0
589,6,128,NA,NA,NA,0
590,6,128,NA,NA,NA,0
591,6,128,NA,NA,NA,0
592,4,129,NA,NA,NA,0
593,4,129,NA,NA,NA,0
594,4,129,NA,NA,NA,0
595,4,129,NA,NA,NA,0
596,3,130,NA,NA,NA,0
597,3,130,NA,NA,NA,0
598,3,130,NA,NA,NA,0
599,3,131,"C",220,2,1
600,3,131,"H",245,1,0
601,3,131,NA,NA,NA,0
602,3,132,NA,NA,NA,0
603,3,132,NA,NA,NA,0
604,3,132,NA,NA,NA,0
605,4,133,NA,NA,NA,0
606,4,133,NA,NA,NA,0
607,4,133,NA,NA,NA,0
608,4,133,NA,NA,NA,0
609,6,134,"C",173,5,0
610,6,134,NA,NA,NA,0
611,6,134,NA,NA,NA,0
612,6,134,NA,NA,NA,0
613,6,134,NA,NA,NA,0
614,6,134,NA,NA,NA,0
615,3,135,NA,NA,NA,0
616,3,135,NA,NA,NA,0
617,3,135,NA,NA,NA,0
618,6,136,NA,NA,NA,0
619,6,136,NA,NA,NA,0
620,6,136,NA,NA,NA,0
621,6,136,NA,NA,NA,0
622,6,136,NA,NA,NA,0
623,6,136,NA,NA,NA,0
624,6,137,NA,NA,NA,0
625,6,137,NA,NA,NA,0
626,6,137,NA,NA,NA,0
627,6,137,NA,NA,NA,0
628,6,137,NA,NA,NA,0
629,6,137,NA,NA,NA,0
630,6,138,NA,NA,NA,0
631,6,138,NA,NA,NA,0
632,6,138,NA,NA,NA,0
633,6,138,NA,NA,NA,0
634,6,138,NA,NA,NA,0
635,6,138,NA,NA,NA,0
636,6,139,NA,NA,NA,0
637,6,139,NA,NA,NA,0
638,6,139,NA,NA,NA,0
639,6,139,NA,NA,NA,0
640,6,139,NA,NA,NA,0
641,6,139,NA,NA,NA,0
642,3,140,NA,NA,NA,0
643,3,140,NA,NA,NA,0
644,3,140,NA,NA,NA,0
645,4,141,NA,NA,NA,0
646,4,141,NA,NA,NA,0
647,4,141,NA,NA,NA,0
648,4,141,NA,NA,NA,0
649,3,142,NA,NA,NA,0
650,3,142,NA,NA,NA,0
651,3,142,NA,NA,NA,0
652,3,143,NA,NA,NA,0
653,3,143,NA,NA,NA,0
654,3,143,NA,NA,NA,0
655,3,144,NA,NA,NA,0
656,3,144,NA,NA,NA,0
657,3,144,NA,NA,NA,0
658,3,145,NA,NA,NA,0
659,3,145,NA,NA,NA,0
660,3,145,NA,NA,NA,0
661,4,146,NA,NA,NA,0
662,4,146,NA,NA,NA,0
663,4,146,NA,NA,NA,0
664,4,146,NA,NA,NA,0
665,5,147,NA,NA,NA,0
666,5,147,NA,NA,NA,0
667,5,147,NA,NA,NA,0
668,5,147,NA,NA,NA,0
669,5,147,NA,NA,NA,0
670,4,148,NA,NA,NA,0
671,4,148,NA,NA,NA,0
672,4,148,NA,NA,NA,0
673,4,148,NA,NA,NA,0
674,5,149,"H",NA,NA,0
675,5,149,"C",359,4,1
676,5,149,NA,NA,NA,0
677,5,149,NA,NA,NA,0
678,5,149,NA,NA,NA,0
679,5,150,NA,NA,NA,0
680,5,150,NA,NA,NA,0
681,5,150,NA,NA,NA,0
682,5,150,NA,NA,NA,0
683,5,150,NA,NA,NA,0
684,5,151,NA,NA,NA,0
685,5,151,NA,NA,NA,0
686,5,151,NA,NA,NA,0
687,5,151,NA,NA,NA,0
688,5,151,"C",NA,NA,0
689,3,152,NA,NA,NA,0
690,3,152,NA,NA,NA,0
691,3,152,NA,NA,NA,0
692,6,153,NA,NA,NA,0
693,6,153,NA,NA,NA,0
694,6,153,NA,NA,NA,0
695,6,153,NA,NA,NA,0
696,6,153,NA,NA,NA,0
697,6,153,NA,NA,NA,0
698,3,154,NA,NA,NA,0
699,3,154,NA,NA,NA,0
700,3,154,NA,NA,NA,0
701,6,155,NA,NA,NA,0
702,6,155,NA,NA,NA,0
703,6,155,NA,NA,NA,0
704,6,155,NA,NA,NA,0
705,6,155,NA,NA,NA,0
706,6,155,NA,NA,NA,0
707,3,156,"C",90,2,0
708,3,156,NA,NA,NA,0
709,3,156,NA,NA,NA,0
710,5,157,NA,NA,NA,0
711,5,157,NA,NA,NA,0
712,5,157,NA,NA,NA,0
713,5,157,NA,NA,NA,0
714,5,157,NA,NA,NA,0
715,4,158,NA,NA,NA,0
716,4,158,NA,NA,NA,0
717,4,158,NA,NA,NA,0
718,4,158,NA,NA,NA,0
719,4,159,NA,NA,NA,0
720,4,159,NA,NA,NA,0
721,4,159,NA,NA,NA,0
722,4,159,NA,NA,NA,0
723,6,160,NA,NA,NA,0
724,6,160,NA,NA,NA,0
725,6,160,NA,NA,NA,0
726,6,160,NA,NA,NA,0
727,6,160,NA,NA,NA,0
728,6,160,NA,NA,NA,0
729,6,161,NA,NA,NA,0
730,6,161,NA,NA,NA,0
731,6,161,NA,NA,NA,0
732,6,161,NA,NA,NA,0
733,6,161,NA,NA,NA,0
734,6,161,NA,NA,NA,0
735,6,162,NA,NA,NA,0
736,6,162,NA,NA,NA,0
737,6,162,NA,NA,NA,0
738,6,162,NA,NA,NA,0
739,6,162,NA,NA,NA,0
740,6,162,NA,NA,NA,0
741,4,163,NA,NA,NA,0
742,4,163,NA,NA,NA,0
743,4,163,NA,NA,NA,0
744,4,163,NA,NA,NA,0
745,4,164,NA,NA,NA,0
746,4,164,NA,NA,NA,0
747,4,164,NA,NA,NA,0
748,4,164,NA,NA,NA,0
749,3,165,NA,NA,NA,0
750,3,165,"H",180,1,0
751,3,165,"C",148,2,1
752,5,166,NA,NA,NA,0
753,5,166,NA,NA,NA,0
754,5,166,NA,NA,NA,0
755,5,166,NA,NA,NA,0
756,5,166,NA,NA,NA,0
757,5,167,"C",115,4,2
758,5,167,"H",223,0,0
759,5,167,"H",132,2,0
760,5,167,"H",159,2,1
761,5,167,"H",189,1,1
762,5,168,NA,NA,NA,0
763,5,168,NA,NA,NA,0
764,5,168,NA,NA,NA,0
765,5,168,NA,NA,NA,0
766,5,168,NA,NA,NA,0
767,6,169,NA,NA,NA,0
768,6,169,NA,NA,NA,0
769,6,169,NA,NA,NA,0
770,6,169,NA,NA,NA,0
771,6,169,NA,NA,NA,0
772,6,169,NA,NA,NA,0
773,3,170,NA,NA,NA,0
774,3,170,NA,NA,NA,0
775,3,170,NA,NA,NA,0
776,5,171,NA,NA,NA,0
777,5,171,NA,NA,NA,0
778,5,171,NA,NA,NA,0
779,5,171,NA,NA,NA,0
780,5,171,NA,NA,NA,0
781,4,172,NA,NA,NA,0
782,4,172,NA,NA,NA,0
783,4,172,NA,NA,NA,0
784,4,172,NA,NA,NA,0
785,5,173,NA,NA,NA,0
786,5,173,NA,NA,NA,0
787,5,173,NA,NA,NA,0
788,5,173,NA,NA,NA,0
789,5,173,NA,NA,NA,0
790,6,174,NA,NA,NA,0
791,6,174,NA,NA,NA,0
792,6,174,NA,NA,NA,0
793,6,174,NA,NA,NA,0
794,6,174,NA,NA,NA,0
795,6,174,NA,NA,NA,0
796,3,175,NA,NA,NA,0
797,3,175,NA,NA,NA,0
798,3,175,NA,NA,NA,0
799,5,176,NA,NA,NA,0
800,5,176,NA,NA,NA,0
801,5,176,NA,NA,NA,0
802,5,176,NA,NA,NA,0
803,5,176,NA,NA,NA,0
804,5,177,NA,NA,NA,0
805,5,177,NA,NA,NA,0
806,5,177,NA,NA,NA,0
807,5,177,NA,NA,NA,0
808,5,177,NA,NA,NA,0
809,4,178,"C",133,3,2
810,4,178,"H",169,0,0
811,4,178,"H",180,0,0
812,4,178,"H",147,1,1
813,3,179,NA,NA,NA,0
814,3,179,NA,NA,NA,0
815,3,179,NA,NA,NA,0
816,6,180,NA,NA,NA,0
817,6,180,NA,NA,NA,0
818,6,180,NA,NA,NA,0
819,6,180,NA,NA,NA,0
820,6,180,NA,NA,NA,0
821,6,180,NA,NA,NA,0
822,6,181,NA,NA,NA,0
823,6,181,NA,NA,NA,0
824,6,181,NA,NA,NA,0
825,6,181,NA,NA,NA,0
826,6,181,NA,NA,NA,0
827,6,181,NA,NA,NA,0
828,5,182,NA,NA,NA,0
829,5,182,NA,NA,NA,0
830,5,182,NA,NA,NA,0
831,5,182,NA,NA,NA,0
832,5,182,NA,NA,NA,0
833,5,183,NA,NA,NA,0
834,5,183,"C",253,4,0
835,5,183,NA,NA,NA,0
836,5,183,NA,NA,NA,0
837,5,183,NA,NA,NA,0
838,3,184,NA,NA,NA,0
839,3,184,NA,NA,NA,0
840,3,184,NA,NA,NA,0
841,3,185,NA,NA,NA,0
842,3,185,NA,NA,NA,0
843,3,185,NA,NA,NA,0
844,3,186,NA,NA,NA,0
845,3,186,NA,NA,NA,0
846,3,186,NA,NA,NA,0
847,6,187,NA,NA,NA,0
848,6,187,NA,NA,NA,0
849,6,187,NA,NA,NA,0
850,6,187,NA,NA,NA,0
851,6,187,NA,NA,NA,0
852,6,187,NA,NA,NA,0
853,6,188,NA,NA,NA,0
854,6,188,NA,NA,NA,0
855,6,188,NA,NA,NA,0
856,6,188,NA,NA,NA,0
857,6,188,NA,NA,NA,0
858,6,188,NA,NA,NA,0
859,5,189,NA,NA,NA,0
860,5,189,NA,NA,NA,0
861,5,189,NA,NA,NA,0
862,5,189,NA,NA,NA,0
863,5,189,NA,NA,NA,0
864,6,190,NA,NA,NA,0
865,6,190,"C",NA,NA,0
866,6,190,NA,NA,NA,0
867,6,190,NA,NA,NA,0
868,6,190,NA,NA,NA,0
869,6,190,NA,NA,NA,0
870,6,191,NA,NA,NA,0
871,6,191,NA,NA,NA,0
872,6,191,NA,NA,NA,0
873,6,191,NA,NA,NA,0
874,6,191,NA,NA,NA,0
875,6,191,NA,NA,NA,0
876,5,192,NA,NA,NA,0
877,5,192,NA,NA,NA,0
878,5,192,NA,NA,NA,0
879,5,192,NA,NA,NA,0
880,5,192,NA,NA,NA,0
881,6,193,NA,NA,NA,0
882,6,193,NA,NA,NA,0
883,6,193,NA,NA,NA,0
884,6,193,NA,NA,NA,0
885,6,193,NA,NA,NA,0
886,6,193,NA,NA,NA,0
887,6,194,NA,NA,NA,0
888,6,194,NA,NA,NA,0
889,6,194,NA,NA,NA,0
890,6,194,NA,NA,NA,0
891,6,194,NA,NA,NA,0
892,6,194,NA,NA,NA,0
893,5,195,NA,NA,NA,0
894,5,195,"H",248,3,1
895,5,195,"H",304,1,0
896,5,195,"C",222,4,1
897,5,195,"H",271,2,1
898,6,196,NA,NA,NA,0
899,6,196,NA,NA,NA,0
900,6,196,NA,NA,NA,0
901,6,196,NA,NA,NA,0
902,6,196,NA,NA,NA,0
903,6,196,NA,NA,NA,0
904,5,197,NA,NA,NA,0
905,5,197,NA,NA,NA,0
906,5,197,NA,NA,NA,0
907,5,197,NA,NA,NA,0
908,5,197,NA,NA,NA,0
909,3,198,NA,NA,NA,0
910,3,198,NA,NA,NA,0
911,3,198,NA,NA,NA,0
912,5,199,NA,NA,NA,0
913,5,199,NA,NA,NA,0
914,5,199,NA,NA,NA,0
915,5,199,"C",338,4,1
916,5,199,"H",NA,NA,0
917,5,200,NA,NA,NA,0
918,5,200,NA,NA,NA,0
919,5,200,NA,NA,NA,0
920,5,200,NA,NA,NA,0
921,5,200,NA,NA,NA,0
922,6,201,NA,NA,NA,0
923,6,201,NA,NA,NA,0
924,6,201,NA,NA,NA,0
925,6,201,NA,NA,NA,0
926,6,201,NA,NA,NA,0
927,6,201,NA,NA,NA,0
928,3,202,NA,NA,NA,0
929,3,202,NA,NA,NA,0
930,3,202,NA,NA,NA,0
931,4,203,NA,NA,NA,0
932,4,203,NA,NA,NA,0
933,4,203,NA,NA,NA,0
934,4,203,NA,NA,NA,0
935,4,204,"C",202,3,0
936,4,204,NA,NA,NA,0
937,4,204,NA,NA,NA,0
938,4,204,NA,NA,NA,0
939,5,205,NA,NA,NA,0
940,5,205,NA,NA,NA,0
941,5,205,NA,NA,NA,0
942,5,205,NA,NA,NA,0
943,5,205,NA,NA,NA,0
944,3,206,NA,NA,NA,0
945,3,206,NA,NA,NA,0
946,3,206,NA,NA,NA,0
947,5,207,NA,NA,NA,0
948,5,207,NA,NA,NA,0
949,5,207,NA,NA,NA,0
950,5,207,NA,NA,NA,0
951,5,207,NA,NA,NA,0
952,4,208,NA,NA,NA,0
953,4,208,NA,NA,NA,0
954,4,208,NA,NA,NA,0
955,4,208,NA,NA,NA,0
956,3,209,NA,NA,NA,0
957,3,209,NA,NA,NA,0
958,3,209,NA,NA,NA,0
959,6,210,"H",360,1,0
960,6,210,"C",329,5,3
961,6,210,"H",347,2,1
962,6,210,"H",NA,NA,0
963,6,210,NA,NA,NA,0
964,6,210,"H",355,1,0
965,4,211,NA,NA,NA,0
966,4,211,NA,NA,NA,0
967,4,211,NA,NA,NA,0
968,4,211,NA,NA,NA,0
969,4,212,NA,NA,NA,0
970,4,212,NA,NA,NA,0
971,4,212,NA,NA,NA,0
972,4,212,NA,NA,NA,0
973,4,213,NA,NA,NA,0
974,4,213,NA,NA,NA,0
975,4,213,NA,NA,NA,0
976,4,213,NA,NA,NA,0
977,4,214,NA,NA,NA,0
978,4,214,NA,NA,NA,0
979,4,214,NA,NA,NA,0
980,4,214,NA,NA,NA,0
981,4,215,NA,NA,NA,0
982,4,215,NA,NA,NA,0
983,4,215,NA,NA,NA,0
984,4,215,NA,NA,NA,0
985,6,216,NA,NA,NA,0
986,6,216,NA,NA,NA,0
987,6,216,NA,NA,NA,0
988,6,216,NA,NA,NA,0
989,6,216,NA,NA,NA,0
990,6,216,NA,NA,NA,0
991,6,217,NA,NA,NA,0
992,6,217,NA,NA,NA,0
993,6,217,NA,NA,NA,0
994,6,217,NA,NA,NA,0
995,6,217,NA,NA,NA,0
996,6,217,NA,NA,NA,0
997,4,218,NA,NA,NA,0
998,4,218,NA,NA,NA,0
999,4,218,NA,NA,NA,0
1000,4,218,NA,NA,NA,0
