"ID","SIZE","HH","TYPE","TIME","S_NUM","I_NUM"
1,6,1,"0",23,5,2
2,6,1,"H",82,2,1
3,6,1,"H",57,2,0
4,6,1,"H",52,3,1
5,6,1,"H",149,1,0
6,6,1,NA,NA,NA,0
7,5,2,NA,NA,NA,0
8,5,2,NA,NA,NA,0
9,5,2,NA,NA,NA,0
10,5,2,NA,NA,NA,0
11,5,2,NA,NA,NA,0
12,4,3,"C",NA,NA,0
13,4,3,NA,NA,NA,0
14,4,3,NA,NA,NA,0
15,4,3,NA,NA,NA,0
16,5,4,NA,NA,NA,0
17,5,4,NA,NA,NA,0
18,5,4,NA,NA,NA,0
19,5,4,NA,NA,NA,0
20,5,4,NA,NA,NA,0
21,4,5,NA,NA,NA,0
22,4,5,NA,NA,NA,0
23,4,5,NA,NA,NA,0
24,4,5,NA,NA,NA,0
25,4,6,"C",95,3,2
26,4,6,"H",138,1,0
27,4,6,"H",116,1,0
28,4,6,NA,NA,NA,0
29,5,7,NA,NA,NA,0
30,5,7,NA,NA,NA,0
31,5,7,NA,NA,NA,0
32,5,7,NA,NA,NA,0
33,5,7,NA,NA,NA,0
34,4,8,NA,NA,NA,0
35,4,8,NA,NA,NA,0
36,4,8,NA,NA,NA,0
37,4,8,NA,NA,NA,0
38,4,9,NA,NA,NA,0
39,4,9,NA,NA,NA,0
40,4,9,NA,NA,NA,0
41,4,9,NA,NA,NA,0
42,4,10,NA,NA,NA,0
43,4,10,NA,NA,NA,0
44,4,10,NA,NA,NA,0
45,4,10,NA,NA,NA,0
46,5,11,NA,NA,NA,0
47,5,11,NA,NA,NA,0
48,5,11,NA,NA,NA,0
49,5,11,NA,NA,NA,0
50,5,11,NA,NA,NA,0
51,5,12,NA,NA,NA,0
52,5,12,NA,NA,NA,0
53,5,12,NA,NA,NA,0
54,5,12,NA,NA,NA,0
55,5,12,NA,NA,NA,0
56,5,13,NA,NA,NA,0
57,5,13,NA,NA,NA,0
58,5,13,NA,NA,NA,0
59,5,13,NA,NA,NA,0
60,5,13,NA,NA,NA,0
61,4,14,NA,NA,NA,0
62,4,14,NA,NA,NA,0
63,4,14,NA,NA,NA,0
64,4,14,NA,NA,NA,0
65,4,15,NA,NA,NA,0
66,4,15,NA,NA,NA,0
67,4,15,NA,NA,NA,0
68,4,15,NA,NA,NA,0
69,4,16,NA,NA,NA,0
70,4,16,NA,NA,NA,0
71,4,16,NA,NA,NA,0
72,4,16,NA,NA,NA,0
73,3,17,NA,NA,NA,0
74,3,17,NA,NA,NA,0
75,3,17,NA,NA,NA,0
76,5,18,NA,NA,NA,0
77,5,18,NA,NA,NA,0
78,5,18,NA,NA,NA,0
79,5,18,NA,NA,NA,0
80,5,18,NA,NA,NA,0
81,3,19,NA,NA,NA,0
82,3,19,NA,NA,NA,0
83,3,19,NA,NA,NA,0
84,3,20,NA,NA,NA,0
85,3,20,NA,NA,NA,0
86,3,20,NA,NA,NA,0
87,6,21,NA,NA,NA,0
88,6,21,NA,NA,NA,0
89,6,21,NA,NA,NA,0
90,6,21,NA,NA,NA,0
91,6,21,NA,NA,NA,0
92,6,21,NA,NA,NA,0
93,4,22,NA,NA,NA,0
94,4,22,NA,NA,NA,0
95,4,22,NA,NA,NA,0
96,4,22,NA,NA,NA,0
97,6,23,"H",331,0,0
98,6,23,"H",317,0,0
99,6,23,"H",283,3,1
100,6,23,"H",328,0,0
101,6,23,"C",260,5,2
102,6,23,"H",296,2,2
103,6,24,NA,NA,NA,0
104,6,24,NA,NA,NA,0
105,6,24,NA,NA,NA,0
106,6,24,NA,NA,NA,0
107,6,24,NA,NA,NA,0
108,6,24,NA,NA,NA,0
109,5,25,NA,NA,NA,0
110,5,25,NA,NA,NA,0
111,5,25,NA,NA,NA,0
112,5,25,NA,NA,NA,0
113,5,25,NA,NA,NA,0
114,4,26,NA,NA,NA,0
115,4,26,NA,NA,NA,0
116,4,26,NA,NA,NA,0
117,4,26,NA,NA,NA,0
118,5,27,NA,NA,NA,0
119,5,27,NA,NA,NA,0
120,5,27,NA,NA,NA,0
121,5,27,NA,NA,NA,0
122,5,27,NA,NA,NA,0
123,5,28,NA,NA,NA,0
124,5,28,NA,NA,NA,0
125,5,28,NA,NA,NA,0
126,5,28,NA,NA,NA,0
127,5,28,NA,NA,NA,0
128,5,29,NA,NA,NA,0
129,5,29,NA,NA,NA,0
130,5,29,NA,NA,NA,0
131,5,29,NA,NA,NA,0
132,5,29,NA,NA,NA,0
133,3,30,NA,NA,NA,0
134,3,30,NA,NA,NA,0
135,3,30,NA,NA,NA,0
136,4,31,NA,NA,NA,0
137,4,31,NA,NA,NA,0
138,4,31,NA,NA,NA,0
139,4,31,NA,NA,NA,0
140,6,32,NA,NA,NA,0
141,6,32,NA,NA,NA,0
142,6,32,NA,NA,NA,0
143,6,32,NA,NA,NA,0
144,6,32,NA,NA,NA,0
145,6,32,NA,NA,NA,0
146,5,33,NA,NA,NA,0
147,5,33,NA,NA,NA,0
148,5,33,NA,NA,NA,0
149,5,33,NA,NA,NA,0
150,5,33,NA,NA,NA,0
151,6,34,NA,NA,NA,0
152,6,34,NA,NA,NA,0
153,6,34,NA,NA,NA,0
154,6,34,NA,NA,NA,0
155,6,34,NA,NA,NA,0
156,6,34,NA,NA,NA,0
157,6,35,NA,NA,NA,0
158,6,35,NA,NA,NA,0
159,6,35,NA,NA,NA,0
160,6,35,NA,NA,NA,0
161,6,35,NA,NA,NA,0
162,6,35,NA,NA,NA,0
163,6,36,NA,NA,NA,0
164,6,36,NA,NA,NA,0
165,6,36,NA,NA,NA,0
166,6,36,NA,NA,NA,0
167,6,36,NA,NA,NA,0
168,6,36,NA,NA,NA,0
169,4,37,NA,NA,NA,0
170,4,37,NA,NA,NA,0
171,4,37,NA,NA,NA,0
172,4,37,NA,NA,NA,0
173,4,38,"H",NA,NA,0
174,4,38,"C",312,3,1
175,4,38,"H",NA,NA,0
176,4,38,"H",344,2,2
177,5,39,NA,NA,NA,0
178,5,39,NA,NA,NA,0
179,5,39,NA,NA,NA,0
180,5,39,NA,NA,NA,0
181,5,39,NA,NA,NA,0
182,3,40,NA,NA,NA,0
183,3,40,NA,NA,NA,0
184,3,40,NA,NA,NA,0
185,6,41,NA,NA,NA,0
186,6,41,NA,NA,NA,0
187,6,41,NA,NA,NA,0
188,6,41,NA,NA,NA,0
189,6,41,NA,NA,NA,0
190,6,41,NA,NA,NA,0
191,4,42,NA,NA,NA,0
192,4,42,NA,NA,NA,0
193,4,42,NA,NA,NA,0
194,4,42,NA,NA,NA,0
195,5,43,NA,NA,NA,0
196,5,43,NA,NA,NA,0
197,5,43,NA,NA,NA,0
198,5,43,NA,NA,NA,0
199,5,43,NA,NA,NA,0
200,3,44,NA,NA,NA,0
201,3,44,NA,NA,NA,0
202,3,44,NA,NA,NA,0
203,4,45,NA,NA,NA,0
204,4,45,NA,NA,NA,0
205,4,45,NA,NA,NA,0
206,4,45,NA,NA,NA,0
207,4,46,"C",NA,NA,0
208,4,46,NA,NA,NA,0
209,4,46,NA,NA,NA,0
210,4,46,NA,NA,NA,0
211,3,47,NA,NA,NA,0
212,3,47,NA,NA,NA,0
213,3,47,NA,NA,NA,0
214,3,48,NA,NA,NA,0
215,3,48,NA,NA,NA,0
216,3,48,NA,NA,NA,0
217,6,49,NA,NA,NA,0
218,6,49,NA,NA,NA,0
219,6,49,NA,NA,NA,0
220,6,49,NA,NA,NA,0
221,6,49,NA,NA,NA,0
222,6,49,NA,NA,NA,0
223,5,50,NA,NA,NA,0
224,5,50,NA,NA,NA,0
225,5,50,NA,NA,NA,0
226,5,50,NA,NA,NA,0
227,5,50,NA,NA,NA,0
228,3,51,NA,NA,NA,0
229,3,51,NA,NA,NA,0
230,3,51,NA,NA,NA,0
231,4,52,NA,NA,NA,0
232,4,52,NA,NA,NA,0
233,4,52,NA,NA,NA,0
234,4,52,NA,NA,NA,0
235,5,53,NA,NA,NA,0
236,5,53,NA,NA,NA,0
237,5,53,NA,NA,NA,0
238,5,53,NA,NA,NA,0
239,5,53,NA,NA,NA,0
240,5,54,NA,NA,NA,0
241,5,54,NA,NA,NA,0
242,5,54,NA,NA,NA,0
243,5,54,NA,NA,NA,0
244,5,54,NA,NA,NA,0
245,3,55,NA,NA,NA,0
246,3,55,NA,NA,NA,0
247,3,55,NA,NA,NA,0
248,6,56,NA,NA,NA,0
249,6,56,NA,NA,NA,0
250,6,56,NA,NA,NA,0
251,6,56,NA,NA,NA,0
252,6,56,NA,NA,NA,0
253,6,56,NA,NA,NA,0
254,5,57,NA,NA,NA,0
255,5,57,NA,NA,NA,0
256,5,57,NA,NA,NA,0
257,5,57,NA,NA,NA,0
258,5,57,NA,NA,NA,0
259,3,58,NA,NA,NA,0
260,3,58,NA,NA,NA,0
261,3,58,NA,NA,NA,0
262,6,59,NA,NA,NA,0
263,6,59,NA,NA,NA,0
264,6,59,NA,NA,NA,0
265,6,59,NA,NA,NA,0
266,6,59,NA,NA,NA,0
267,6,59,NA,NA,NA,0
268,4,60,NA,NA,NA,0
269,4,60,NA,NA,NA,0
270,4,60,NA,NA,NA,0
271,4,60,NA,NA,NA,0
272,5,61,NA,NA,NA,0
273,5,61,NA,NA,NA,0
274,5,61,NA,NA,NA,0
275,5,61,NA,NA,NA,0
276,5,61,NA,NA,NA,0
277,3,62,NA,NA,NA,0
278,3,62,NA,NA,NA,0
279,3,62,NA,NA,NA,0
280,5,63,"C",351,4,1
281,5,63,NA,NA,NA,0
282,5,63,NA,NA,NA,0
283,5,63,NA,NA,NA,0
284,5,63,"H",NA,NA,0
285,4,64,NA,NA,NA,0
286,4,64,NA,NA,NA,0
287,4,64,NA,NA,NA,0
288,4,64,NA,NA,NA,0
289,3,65,NA,NA,NA,0
290,3,65,NA,NA,NA,0
291,3,65,NA,NA,NA,0
292,6,66,NA,NA,NA,0
293,6,66,NA,NA,NA,0
294,6,66,NA,NA,NA,0
295,6,66,NA,NA,NA,0
296,6,66,NA,NA,NA,0
297,6,66,NA,NA,NA,0
298,4,67,NA,NA,NA,0
299,4,67,NA,NA,NA,0
300,4,67,NA,NA,NA,0
301,4,67,NA,NA,NA,0
302,6,68,NA,NA,NA,0
303,6,68,NA,NA,NA,0
304,6,68,NA,NA,NA,0
305,6,68,NA,NA,NA,0
306,6,68,NA,NA,NA,0
307,6,68,NA,NA,NA,0
308,6,69,NA,NA,NA,0
309,6,69,NA,NA,NA,0
310,6,69,NA,NA,NA,0
311,6,69,NA,NA,NA,0
312,6,69,NA,NA,NA,0
313,6,69,NA,NA,NA,0
314,4,70,NA,NA,NA,0
315,4,70,NA,NA,NA,0
316,4,70,NA,NA,NA,0
317,4,70,NA,NA,NA,0
318,6,71,NA,NA,NA,0
319,6,71,NA,NA,NA,0
320,6,71,NA,NA,NA,0
321,6,71,NA,NA,NA,0
322,6,71,NA,NA,NA,0
323,6,71,NA,NA,NA,0
324,3,72,NA,NA,NA,0
325,3,72,NA,NA,NA,0
326,3,72,NA,NA,NA,0
327,4,73,NA,NA,NA,0
328,4,73,NA,NA,NA,0
329,4,73,NA,NA,NA,0
330,4,73,NA,NA,NA,0
331,6,74,NA,NA,NA,0
332,6,74,NA,NA,NA,0
333,6,74,NA,NA,NA,0
334,6,74,NA,NA,NA,0
335,6,74,NA,NA,NA,0
336,6,74,NA,NA,NA,0
337,4,75,NA,NA,NA,0
338,4,75,NA,NA,NA,0
339,4,75,NA,NA,NA,0
340,4,75,NA,NA,NA,0
341,6,76,NA,NA,NA,0
342,6,76,NA,NA,NA,0
343,6,76,NA,NA,NA,0
344,6,76,NA,NA,NA,0
345,6,76,NA,NA,NA,0
346,6,76,NA,NA,NA,0
347,4,77,NA,NA,NA,0
348,4,77,NA,NA,NA,0
349,4,77,NA,NA,NA,0
350,4,77,NA,NA,NA,0
351,3,78,NA,NA,NA,0
352,3,78,NA,NA,NA,0
353,3,78,NA,NA,NA,0
354,3,79,NA,NA,NA,0
355,3,79,NA,NA,NA,0
356,3,79,NA,NA,NA,0
357,5,80,NA,NA,NA,0
358,5,80,NA,NA,NA,0
359,5,80,NA,NA,NA,0
360,5,80,NA,NA,NA,0
361,5,80,NA,NA,NA,0
362,4,81,NA,NA,NA,0
363,4,81,NA,NA,NA,0
364,4,81,NA,NA,NA,0
365,4,81,NA,NA,NA,0
366,5,82,NA,NA,NA,0
367,5,82,NA,NA,NA,0
368,5,82,NA,NA,NA,0
369,5,82,NA,NA,NA,0
370,5,82,NA,NA,NA,0
371,3,83,NA,NA,NA,0
372,3,83,NA,NA,NA,0
373,3,83,NA,NA,NA,0
374,3,84,NA,NA,NA,0
375,3,84,NA,NA,NA,0
376,3,84,NA,NA,NA,0
377,5,85,NA,NA,NA,0
378,5,85,NA,NA,NA,0
379,5,85,NA,NA,NA,0
380,5,85,NA,NA,NA,0
381,5,85,NA,NA,NA,0
382,6,86,NA,NA,NA,0
383,6,86,NA,NA,NA,0
384,6,86,NA,NA,NA,0
385,6,86,NA,NA,NA,0
386,6,86,NA,NA,NA,0
387,6,86,NA,NA,NA,0
388,5,87,NA,NA,NA,0
389,5,87,NA,NA,NA,0
390,5,87,NA,NA,NA,0
391,5,87,NA,NA,NA,0
392,5,87,"C",NA,NA,0
393,6,88,NA,NA,NA,0
394,6,88,NA,NA,NA,0
395,6,88,"C",361,5,1
396,6,88,NA,NA,NA,0
397,6,88,NA,NA,NA,0
398,6,88,"H",NA,NA,0
399,4,89,NA,NA,NA,0
400,4,89,NA,NA,NA,0
401,4,89,NA,NA,NA,0
402,4,89,NA,NA,NA,0
403,5,90,NA,NA,NA,0
404,5,90,NA,NA,NA,0
405,5,90,NA,NA,NA,0
406,5,90,NA,NA,NA,0
407,5,90,NA,NA,NA,0
408,5,91,NA,NA,NA,0
409,5,91,NA,NA,NA,0
410,5,91,NA,NA,NA,0
411,5,91,NA,NA,NA,0
412,5,91,NA,NA,NA,0
413,6,92,NA,NA,NA,0
414,6,92,NA,NA,NA,0
415,6,92,NA,NA,NA,0
416,6,92,NA,NA,NA,0
417,6,92,NA,NA,NA,0
418,6,92,NA,NA,NA,0
419,4,93,NA,NA,NA,0
420,4,93,NA,NA,NA,0
421,4,93,NA,NA,NA,0
422,4,93,NA,NA,NA,0
423,5,94,NA,NA,NA,0
424,5,94,NA,NA,NA,0
425,5,94,NA,NA,NA,0
426,5,94,NA,NA,NA,0
427,5,94,NA,NA,NA,0
428,5,95,NA,NA,NA,0
429,5,95,NA,NA,NA,0
430,5,95,NA,NA,NA,0
431,5,95,NA,NA,NA,0
432,5,95,NA,NA,NA,0
433,5,96,NA,NA,NA,0
434,5,96,NA,NA,NA,0
435,5,96,NA,NA,NA,0
436,5,96,NA,NA,NA,0
437,5,96,NA,NA,NA,0
438,4,97,NA,NA,NA,0
439,4,97,NA,NA,NA,0
440,4,97,NA,NA,NA,0
441,4,97,NA,NA,NA,0
442,3,98,NA,NA,NA,0
443,3,98,NA,NA,NA,0
444,3,98,NA,NA,NA,0
445,3,99,NA,NA,NA,0
446,3,99,NA,NA,NA,0
447,3,99,NA,NA,NA,0
448,6,100,"H",358,0,0
449,6,100,"H",360,0,0
450,6,100,"H",334,2,2
451,6,100,"H",NA,NA,0
452,6,100,"H",330,3,1
453,6,100,"C",294,5,2
454,6,101,"C",362,5,1
455,6,101,NA,NA,NA,0
456,6,101,NA,NA,NA,0
457,6,101,NA,NA,NA,0
458,6,101,"H",NA,NA,0
459,6,101,NA,NA,NA,0
460,6,102,NA,NA,NA,0
461,6,102,NA,NA,NA,0
462,6,102,NA,NA,NA,0
463,6,102,NA,NA,NA,0
464,6,102,NA,NA,NA,0
465,6,102,NA,NA,NA,0
466,5,103,NA,NA,NA,0
467,5,103,NA,NA,NA,0
468,5,103,NA,NA,NA,0
469,5,103,NA,NA,NA,0
470,5,103,NA,NA,NA,0
471,5,104,NA,NA,NA,0
472,5,104,NA,NA,NA,0
473,5,104,NA,NA,NA,0
474,5,104,NA,NA,NA,0
475,5,104,NA,NA,NA,0
476,5,105,NA,NA,NA,0
477,5,105,NA,NA,NA,0
478,5,105,NA,NA,NA,0
479,5,105,NA,NA,NA,0
480,5,105,NA,NA,NA,0
481,4,106,NA,NA,NA,0
482,4,106,NA,NA,NA,0
483,4,106,NA,NA,NA,0
484,4,106,NA,NA,NA,0
485,4,107,NA,NA,NA,0
486,4,107,NA,NA,NA,0
487,4,107,NA,NA,NA,0
488,4,107,NA,NA,NA,0
489,6,108,NA,NA,NA,0
490,6,108,NA,NA,NA,0
491,6,108,NA,NA,NA,0
492,6,108,NA,NA,NA,0
493,6,108,NA,NA,NA,0
494,6,108,NA,NA,NA,0
495,5,109,NA,NA,NA,0
496,5,109,NA,NA,NA,0
497,5,109,NA,NA,NA,0
498,5,109,NA,NA,NA,0
499,5,109,NA,NA,NA,0
500,5,110,NA,NA,NA,0
501,5,110,NA,NA,NA,0
502,5,110,NA,NA,NA,0
503,5,110,NA,NA,NA,0
504,5,110,NA,NA,NA,0
505,5,111,NA,NA,NA,0
506,5,111,NA,NA,NA,0
507,5,111,NA,NA,NA,0
508,5,111,NA,NA,NA,0
509,5,111,NA,NA,NA,0
510,6,112,"C",181,5,2
511,6,112,"H",199,3,0
512,6,112,"H",258,3,0
513,6,112,NA,NA,NA,0
514,6,112,NA,NA,NA,0
515,6,112,NA,NA,NA,0
516,4,113,NA,NA,NA,0
517,4,113,NA,NA,NA,0
518,4,113,NA,NA,NA,0
519,4,113,NA,NA,NA,0
520,5,114,NA,NA,NA,0
521,5,114,NA,NA,NA,0
522,5,114,NA,NA,NA,0
523,5,114,NA,NA,NA,0
524,5,114,NA,NA,NA,0
525,5,115,NA,NA,NA,0
526,5,115,NA,NA,NA,0
527,5,115,NA,NA,NA,0
528,5,115,NA,NA,NA,0
529,5,115,NA,NA,NA,0
530,3,116,NA,NA,NA,0
531,3,116,NA,NA,NA,0
532,3,116,NA,NA,NA,0
533,4,117,NA,NA,NA,0
534,4,117,NA,NA,NA,0
535,4,117,NA,NA,NA,0
536,4,117,NA,NA,NA,0
537,4,118,NA,NA,NA,0
538,4,118,NA,NA,NA,0
539,4,118,NA,NA,NA,0
540,4,118,NA,NA,NA,0
541,4,119,NA,NA,NA,0
542,4,119,NA,NA,NA,0
543,4,119,NA,NA,NA,0
544,4,119,NA,NA,NA,0
545,3,120,NA,NA,NA,0
546,3,120,NA,NA,NA,0
547,3,120,NA,NA,NA,0
548,6,121,NA,NA,NA,0
549,6,121,NA,NA,NA,0
550,6,121,NA,NA,NA,0
551,6,121,NA,NA,NA,0
552,6,121,NA,NA,NA,0
553,6,121,NA,NA,NA,0
554,5,122,NA,NA,NA,0
555,5,122,NA,NA,NA,0
556,5,122,NA,NA,NA,0
557,5,122,NA,NA,NA,0
558,5,122,NA,NA,NA,0
559,4,123,NA,NA,NA,0
560,4,123,NA,NA,NA,0
561,4,123,NA,NA,NA,0
562,4,123,NA,NA,NA,0
563,3,124,NA,NA,NA,0
564,3,124,NA,NA,NA,0
565,3,124,NA,NA,NA,0
566,3,125,NA,NA,NA,0
567,3,125,NA,NA,NA,0
568,3,125,NA,NA,NA,0
569,5,126,NA,NA,NA,0
570,5,126,NA,NA,NA,0
571,5,126,NA,NA,NA,0
572,5,126,NA,NA,NA,0
573,5,126,NA,NA,NA,0
574,4,127,NA,NA,NA,0
575,4,127,NA,NA,NA,0
576,4,127,NA,NA,NA,0
577,4,127,NA,NA,NA,0
578,6,128,NA,NA,NA,0
579,6,128,NA,NA,NA,0
580,6,128,"H",NA,NA,0
581,6,128,"H",357,4,1
582,6,128,NA,NA,NA,0
583,6,128,"C",333,5,1
584,5,129,NA,NA,NA,0
585,5,129,NA,NA,NA,0
586,5,129,NA,NA,NA,0
587,5,129,NA,NA,NA,0
588,5,129,NA,NA,NA,0
589,6,130,NA,NA,NA,0
590,6,130,NA,NA,NA,0
591,6,130,NA,NA,NA,0
592,6,130,NA,NA,NA,0
593,6,130,NA,NA,NA,0
594,6,130,NA,NA,NA,0
595,5,131,NA,NA,NA,0
596,5,131,NA,NA,NA,0
597,5,131,NA,NA,NA,0
598,5,131,NA,NA,NA,0
599,5,131,NA,NA,NA,0
600,5,132,NA,NA,NA,0
601,5,132,NA,NA,NA,0
602,5,132,NA,NA,NA,0
603,5,132,NA,NA,NA,0
604,5,132,NA,NA,NA,0
605,5,133,NA,NA,NA,0
606,5,133,NA,NA,NA,0
607,5,133,NA,NA,NA,0
608,5,133,NA,NA,NA,0
609,5,133,NA,NA,NA,0
610,6,134,NA,NA,NA,0
611,6,134,NA,NA,NA,0
612,6,134,NA,NA,NA,0
613,6,134,NA,NA,NA,0
614,6,134,NA,NA,NA,0
615,6,134,NA,NA,NA,0
616,3,135,NA,NA,NA,0
617,3,135,NA,NA,NA,0
618,3,135,NA,NA,NA,0
619,5,136,NA,NA,NA,0
620,5,136,NA,NA,NA,0
621,5,136,NA,NA,NA,0
622,5,136,NA,NA,NA,0
623,5,136,NA,NA,NA,0
624,6,137,NA,NA,NA,0
625,6,137,NA,NA,NA,0
626,6,137,NA,NA,NA,0
627,6,137,NA,NA,NA,0
628,6,137,NA,NA,NA,0
629,6,137,NA,NA,NA,0
630,4,138,NA,NA,NA,0
631,4,138,NA,NA,NA,0
632,4,138,NA,NA,NA,0
633,4,138,NA,NA,NA,0
634,6,139,NA,NA,NA,0
635,6,139,NA,NA,NA,0
636,6,139,NA,NA,NA,0
637,6,139,NA,NA,NA,0
638,6,139,NA,NA,NA,0
639,6,139,NA,NA,NA,0
640,3,140,NA,NA,NA,0
641,3,140,NA,NA,NA,0
642,3,140,NA,NA,NA,0
643,6,141,NA,NA,NA,0
644,6,141,NA,NA,NA,0
645,6,141,NA,NA,NA,0
646,6,141,NA,NA,NA,0
647,6,141,NA,NA,NA,0
648,6,141,NA,NA,NA,0
649,4,142,NA,NA,NA,0
650,4,142,NA,NA,NA,0
651,4,142,NA,NA,NA,0
652,4,142,NA,NA,NA,0
653,6,143,NA,NA,NA,0
654,6,143,NA,NA,NA,0
655,6,143,NA,NA,NA,0
656,6,143,NA,NA,NA,0
657,6,143,NA,NA,NA,0
658,6,143,NA,NA,NA,0
659,5,144,NA,NA,NA,0
660,5,144,NA,NA,NA,0
661,5,144,NA,NA,NA,0
662,5,144,NA,NA,NA,0
663,5,144,NA,NA,NA,0
664,6,145,NA,NA,NA,0
665,6,145,NA,NA,NA,0
666,6,145,NA,NA,NA,0
667,6,145,NA,NA,NA,0
668,6,145,NA,NA,NA,0
669,6,145,NA,NA,NA,0
670,4,146,"C",136,3,0
671,4,146,NA,NA,NA,0
672,4,146,NA,NA,NA,0
673,4,146,NA,NA,NA,0
674,6,147,NA,NA,NA,0
675,6,147,NA,NA,NA,0
676,6,147,NA,NA,NA,0
677,6,147,NA,NA,NA,0
678,6,147,NA,NA,NA,0
679,6,147,NA,NA,NA,0
680,6,148,NA,NA,NA,0
681,6,148,NA,NA,NA,0
682,6,148,NA,NA,NA,0
683,6,148,NA,NA,NA,0
684,6,148,NA,NA,NA,0
685,6,148,NA,NA,NA,0
686,6,149,NA,NA,NA,0
687,6,149,NA,NA,NA,0
688,6,149,NA,NA,NA,0
689,6,149,NA,NA,NA,0
690,6,149,NA,NA,NA,0
691,6,149,NA,NA,NA,0
692,5,150,NA,NA,NA,0
693,5,150,NA,NA,NA,0
694,5,150,NA,NA,NA,0
695,5,150,NA,NA,NA,0
696,5,150,NA,NA,NA,0
697,5,151,"H",NA,NA,0
698,5,151,"C",354,4,2
699,5,151,NA,NA,NA,0
700,5,151,NA,NA,NA,0
701,5,151,"H",NA,NA,0
702,6,152,NA,NA,NA,0
703,6,152,NA,NA,NA,0
704,6,152,NA,NA,NA,0
705,6,152,NA,NA,NA,0
706,6,152,NA,NA,NA,0
707,6,152,NA,NA,NA,0
708,3,153,NA,NA,NA,0
709,3,153,NA,NA,NA,0
710,3,153,NA,NA,NA,0
711,4,154,NA,NA,NA,0
712,4,154,NA,NA,NA,0
713,4,154,NA,NA,NA,0
714,4,154,NA,NA,NA,0
715,3,155,NA,NA,NA,0
716,3,155,NA,NA,NA,0
717,3,155,NA,NA,NA,0
718,4,156,NA,NA,NA,0
719,4,156,NA,NA,NA,0
720,4,156,NA,NA,NA,0
721,4,156,NA,NA,NA,0
722,5,157,NA,NA,NA,0
723,5,157,NA,NA,NA,0
724,5,157,NA,NA,NA,0
725,5,157,NA,NA,NA,0
726,5,157,NA,NA,NA,0
727,5,158,NA,NA,NA,0
728,5,158,NA,NA,NA,0
729,5,158,NA,NA,NA,0
730,5,158,NA,NA,NA,0
731,5,158,NA,NA,NA,0
732,6,159,NA,NA,NA,0
733,6,159,NA,NA,NA,0
734,6,159,NA,NA,NA,0
735,6,159,NA,NA,NA,0
736,6,159,NA,NA,NA,0
737,6,159,NA,NA,NA,0
738,6,160,NA,NA,NA,0
739,6,160,NA,NA,NA,0
740,6,160,NA,NA,NA,0
741,6,160,NA,NA,NA,0
742,6,160,NA,NA,NA,0
743,6,160,NA,NA,NA,0
744,3,161,NA,NA,NA,0
745,3,161,NA,NA,NA,0
746,3,161,NA,NA,NA,0
747,5,162,NA,NA,NA,0
748,5,162,NA,NA,NA,0
749,5,162,NA,NA,NA,0
750,5,162,NA,NA,NA,0
751,5,162,NA,NA,NA,0
752,6,163,NA,NA,NA,0
753,6,163,NA,NA,NA,0
754,6,163,NA,NA,NA,0
755,6,163,NA,NA,NA,0
756,6,163,NA,NA,NA,0
757,6,163,NA,NA,NA,0
758,6,164,NA,NA,NA,0
759,6,164,NA,NA,NA,0
760,6,164,NA,NA,NA,0
761,6,164,NA,NA,NA,0
762,6,164,NA,NA,NA,0
763,6,164,NA,NA,NA,0
764,6,165,NA,NA,NA,0
765,6,165,NA,NA,NA,0
766,6,165,NA,NA,NA,0
767,6,165,NA,NA,NA,0
768,6,165,NA,NA,NA,0
769,6,165,NA,NA,NA,0
770,3,166,NA,NA,NA,0
771,3,166,NA,NA,NA,0
772,3,166,NA,NA,NA,0
773,4,167,NA,NA,NA,0
774,4,167,NA,NA,NA,0
775,4,167,NA,NA,NA,0
776,4,167,NA,NA,NA,0
777,3,168,NA,NA,NA,0
778,3,168,NA,NA,NA,0
779,3,168,NA,NA,NA,0
780,5,169,NA,NA,NA,0
781,5,169,NA,NA,NA,0
782,5,169,NA,NA,NA,0
783,5,169,NA,NA,NA,0
784,5,169,NA,NA,NA,0
785,5,170,NA,NA,NA,0
786,5,170,NA,NA,NA,0
787,5,170,NA,NA,NA,0
788,5,170,NA,NA,NA,0
789,5,170,NA,NA,NA,0
790,3,171,NA,NA,NA,0
791,3,171,NA,NA,NA,0
792,3,171,NA,NA,NA,0
793,3,172,NA,NA,NA,0
794,3,172,NA,NA,NA,0
795,3,172,NA,NA,NA,0
796,3,173,NA,NA,NA,0
797,3,173,NA,NA,NA,0
798,3,173,NA,NA,NA,0
799,3,174,NA,NA,NA,0
800,3,174,NA,NA,NA,0
801,3,174,NA,NA,NA,0
802,4,175,NA,NA,NA,0
803,4,175,NA,NA,NA,0
804,4,175,NA,NA,NA,0
805,4,175,NA,NA,NA,0
806,5,176,NA,NA,NA,0
807,5,176,NA,NA,NA,0
808,5,176,NA,NA,NA,0
809,5,176,NA,NA,NA,0
810,5,176,NA,NA,NA,0
811,3,177,NA,NA,NA,0
812,3,177,NA,NA,NA,0
813,3,177,NA,NA,NA,0
814,3,178,NA,NA,NA,0
815,3,178,NA,NA,NA,0
816,3,178,NA,NA,NA,0
817,6,179,NA,NA,NA,0
818,6,179,NA,NA,NA,0
819,6,179,NA,NA,NA,0
820,6,179,NA,NA,NA,0
821,6,179,NA,NA,NA,0
822,6,179,NA,NA,NA,0
823,5,180,NA,NA,NA,0
824,5,180,NA,NA,NA,0
825,5,180,NA,NA,NA,0
826,5,180,NA,NA,NA,0
827,5,180,NA,NA,NA,0
828,5,181,NA,NA,NA,0
829,5,181,NA,NA,NA,0
830,5,181,NA,NA,NA,0
831,5,181,NA,NA,NA,0
832,5,181,NA,NA,NA,0
833,4,182,NA,NA,NA,0
834,4,182,NA,NA,NA,0
835,4,182,NA,NA,NA,0
836,4,182,NA,NA,NA,0
837,3,183,NA,NA,NA,0
838,3,183,NA,NA,NA,0
839,3,183,NA,NA,NA,0
840,6,184,NA,NA,NA,0
841,6,184,NA,NA,NA,0
842,6,184,NA,NA,NA,0
843,6,184,NA,NA,NA,0
844,6,184,NA,NA,NA,0
845,6,184,NA,NA,NA,0
846,3,185,NA,NA,NA,0
847,3,185,NA,NA,NA,0
848,3,185,NA,NA,NA,0
849,4,186,NA,NA,NA,0
850,4,186,NA,NA,NA,0
851,4,186,NA,NA,NA,0
852,4,186,NA,NA,NA,0
853,5,187,NA,NA,NA,0
854,5,187,NA,NA,NA,0
855,5,187,NA,NA,NA,0
856,5,187,NA,NA,NA,0
857,5,187,NA,NA,NA,0
858,4,188,NA,NA,NA,0
859,4,188,NA,NA,NA,0
860,4,188,NA,NA,NA,0
861,4,188,NA,NA,NA,0
862,5,189,NA,NA,NA,0
863,5,189,NA,NA,NA,0
864,5,189,NA,NA,NA,0
865,5,189,NA,NA,NA,0
866,5,189,NA,NA,NA,0
867,3,190,NA,NA,NA,0
868,3,190,NA,NA,NA,0
869,3,190,NA,NA,NA,0
870,3,191,NA,NA,NA,0
871,3,191,NA,NA,NA,0
872,3,191,NA,NA,NA,0
873,6,192,NA,NA,NA,0
874,6,192,NA,NA,NA,0
875,6,192,NA,NA,NA,0
876,6,192,NA,NA,NA,0
877,6,192,NA,NA,NA,0
878,6,192,NA,NA,NA,0
879,6,193,NA,NA,NA,0
880,6,193,NA,NA,NA,0
881,6,193,NA,NA,NA,0
882,6,193,NA,NA,NA,0
883,6,193,NA,NA,NA,0
884,6,193,NA,NA,NA,0
885,3,194,NA,NA,NA,0
886,3,194,"C",NA,NA,0
887,3,194,NA,NA,NA,0
888,3,195,NA,NA,NA,0
889,3,195,NA,NA,NA,0
890,3,195,NA,NA,NA,0
891,5,196,NA,NA,NA,0
892,5,196,NA,NA,NA,0
893,5,196,NA,NA,NA,0
894,5,196,NA,NA,NA,0
895,5,196,NA,NA,NA,0
896,6,197,"H",141,2,1
897,6,197,"C",87,5,1
898,6,197,NA,NA,NA,0
899,6,197,"H",150,1,0
900,6,197,"H",107,4,2
901,6,197,"H",165,1,0
902,5,198,NA,NA,NA,0
903,5,198,NA,NA,NA,0
904,5,198,NA,NA,NA,0
905,5,198,NA,NA,NA,0
906,5,198,NA,NA,NA,0
907,3,199,"C",284,2,0
908,3,199,NA,NA,NA,0
909,3,199,NA,NA,NA,0
910,3,200,NA,NA,NA,0
911,3,200,NA,NA,NA,0
912,3,200,NA,NA,NA,0
913,6,201,NA,NA,NA,0
914,6,201,NA,NA,NA,0
915,6,201,NA,NA,NA,0
916,6,201,NA,NA,NA,0
917,6,201,NA,NA,NA,0
918,6,201,NA,NA,NA,0
919,4,202,NA,NA,NA,0
920,4,202,NA,NA,NA,0
921,4,202,NA,NA,NA,0
922,4,202,NA,NA,NA,0
923,3,203,NA,NA,NA,0
924,3,203,NA,NA,NA,0
925,3,203,NA,NA,NA,0
926,3,204,NA,NA,NA,0
927,3,204,NA,NA,NA,0
928,3,204,NA,NA,NA,0
929,3,205,NA,NA,NA,0
930,3,205,NA,NA,NA,0
931,3,205,NA,NA,NA,0
932,4,206,"C",351,3,0
933,4,206,NA,NA,NA,0
934,4,206,NA,NA,NA,0
935,4,206,NA,NA,NA,0
936,5,207,"H",209,0,0
937,5,207,"C",173,4,4
938,5,207,"H",184,0,0
939,5,207,"H",220,0,0
940,5,207,"H",201,0,0
941,6,208,NA,NA,NA,0
942,6,208,NA,NA,NA,0
943,6,208,NA,NA,NA,0
944,6,208,NA,NA,NA,0
945,6,208,NA,NA,NA,0
946,6,208,NA,NA,NA,0
947,4,209,NA,NA,NA,0
948,4,209,NA,NA,NA,0
949,4,209,NA,NA,NA,0
950,4,209,NA,NA,NA,0
951,4,210,NA,NA,NA,0
952,4,210,NA,NA,NA,0
953,4,210,NA,NA,NA,0
954,4,210,NA,NA,NA,0
955,6,211,NA,NA,NA,0
956,6,211,NA,NA,NA,0
957,6,211,NA,NA,NA,0
958,6,211,NA,NA,NA,0
959,6,211,NA,NA,NA,0
960,6,211,NA,NA,NA,0
961,3,212,NA,NA,NA,0
962,3,212,NA,NA,NA,0
963,3,212,NA,NA,NA,0
964,5,213,NA,NA,NA,0
965,5,213,NA,NA,NA,0
966,5,213,NA,NA,NA,0
967,5,213,NA,NA,NA,0
968,5,213,NA,NA,NA,0
969,3,214,NA,NA,NA,0
970,3,214,NA,NA,NA,0
971,3,214,NA,NA,NA,0
972,6,215,NA,NA,NA,0
973,6,215,NA,NA,NA,0
974,6,215,NA,NA,NA,0
975,6,215,NA,NA,NA,0
976,6,215,NA,NA,NA,0
977,6,215,"C",NA,NA,0
978,5,216,NA,NA,NA,0
979,5,216,NA,NA,NA,0
980,5,216,NA,NA,NA,0
981,5,216,NA,NA,NA,0
982,5,216,NA,NA,NA,0
983,5,217,NA,NA,NA,0
984,5,217,NA,NA,NA,0
985,5,217,NA,NA,NA,0
986,5,217,NA,NA,NA,0
987,5,217,NA,NA,NA,0
988,6,218,NA,NA,NA,0
989,6,218,NA,NA,NA,0
990,6,218,NA,NA,NA,0
991,6,218,NA,NA,NA,0
992,6,218,NA,NA,NA,0
993,6,218,NA,NA,NA,0
994,3,219,NA,NA,NA,0
995,3,219,NA,NA,NA,0
996,3,219,NA,NA,NA,0
997,4,220,NA,NA,NA,0
998,4,220,NA,NA,NA,0
999,4,220,NA,NA,NA,0
1000,4,220,NA,NA,NA,0
