"ID","SIZE","HH","TYPE","TIME","S_NUM","I_NUM"
1,5,1,"0",20,4,2
2,5,1,"H",43,1,0
3,5,1,"H",40,2,1
4,5,1,NA,NA,NA,0
5,5,1,"H",74,1,0
6,6,2,NA,NA,NA,0
7,6,2,NA,NA,NA,0
8,6,2,NA,NA,NA,0
9,6,2,NA,NA,NA,0
10,6,2,NA,NA,NA,0
11,6,2,NA,NA,NA,0
12,4,3,NA,NA,NA,0
13,4,3,NA,NA,NA,0
14,4,3,NA,NA,NA,0
15,4,3,NA,NA,NA,0
16,4,4,NA,NA,NA,0
17,4,4,NA,NA,NA,0
18,4,4,NA,NA,NA,0
19,4,4,NA,NA,NA,0
20,4,5,NA,NA,NA,0
21,4,5,NA,NA,NA,0
22,4,5,NA,NA,NA,0
23,4,5,NA,NA,NA,0
24,3,6,NA,NA,NA,0
25,3,6,NA,NA,NA,0
26,3,6,NA,NA,NA,0
27,6,7,NA,NA,NA,0
28,6,7,NA,NA,NA,0
29,6,7,"C",365,5,0
30,6,7,NA,NA,NA,0
31,6,7,NA,NA,NA,0
32,6,7,NA,NA,NA,0
33,6,8,NA,NA,NA,0
34,6,8,NA,NA,NA,0
35,6,8,NA,NA,NA,0
36,6,8,NA,NA,NA,0
37,6,8,NA,NA,NA,0
38,6,8,NA,NA,NA,0
39,3,9,NA,NA,NA,0
40,3,9,NA,NA,NA,0
41,3,9,NA,NA,NA,0
42,5,10,NA,NA,NA,0
43,5,10,NA,NA,NA,0
44,5,10,NA,NA,NA,0
45,5,10,NA,NA,NA,0
46,5,10,NA,NA,NA,0
47,4,11,NA,NA,NA,0
48,4,11,NA,NA,NA,0
49,4,11,NA,NA,NA,0
50,4,11,NA,NA,NA,0
51,5,12,NA,NA,NA,0
52,5,12,NA,NA,NA,0
53,5,12,NA,NA,NA,0
54,5,12,NA,NA,NA,0
55,5,12,NA,NA,NA,0
56,5,13,NA,NA,NA,0
57,5,13,NA,NA,NA,0
58,5,13,NA,NA,NA,0
59,5,13,NA,NA,NA,0
60,5,13,NA,NA,NA,0
61,3,14,NA,NA,NA,0
62,3,14,NA,NA,NA,0
63,3,14,NA,NA,NA,0
64,4,15,NA,NA,NA,0
65,4,15,NA,NA,NA,0
66,4,15,NA,NA,NA,0
67,4,15,NA,NA,NA,0
68,3,16,NA,NA,NA,0
69,3,16,NA,NA,NA,0
70,3,16,NA,NA,NA,0
71,6,17,"C",320,5,0
72,6,17,NA,NA,NA,0
73,6,17,NA,NA,NA,0
74,6,17,NA,NA,NA,0
75,6,17,NA,NA,NA,0
76,6,17,NA,NA,NA,0
77,5,18,NA,NA,NA,0
78,5,18,NA,NA,NA,0
79,5,18,NA,NA,NA,0
80,5,18,NA,NA,NA,0
81,5,18,NA,NA,NA,0
82,6,19,NA,NA,NA,0
83,6,19,NA,NA,NA,0
84,6,19,NA,NA,NA,0
85,6,19,NA,NA,NA,0
86,6,19,NA,NA,NA,0
87,6,19,NA,NA,NA,0
88,5,20,NA,NA,NA,0
89,5,20,NA,NA,NA,0
90,5,20,NA,NA,NA,0
91,5,20,NA,NA,NA,0
92,5,20,NA,NA,NA,0
93,4,21,NA,NA,NA,0
94,4,21,NA,NA,NA,0
95,4,21,NA,NA,NA,0
96,4,21,NA,NA,NA,0
97,5,22,NA,NA,NA,0
98,5,22,NA,NA,NA,0
99,5,22,NA,NA,NA,0
100,5,22,NA,NA,NA,0
101,5,22,NA,NA,NA,0
102,6,23,NA,NA,NA,0
103,6,23,NA,NA,NA,0
104,6,23,NA,NA,NA,0
105,6,23,NA,NA,NA,0
106,6,23,NA,NA,NA,0
107,6,23,NA,NA,NA,0
108,3,24,NA,NA,NA,0
109,3,24,NA,NA,NA,0
110,3,24,NA,NA,NA,0
111,6,25,NA,NA,NA,0
112,6,25,NA,NA,NA,0
113,6,25,NA,NA,NA,0
114,6,25,NA,NA,NA,0
115,6,25,NA,NA,NA,0
116,6,25,NA,NA,NA,0
117,5,26,NA,NA,NA,0
118,5,26,NA,NA,NA,0
119,5,26,NA,NA,NA,0
120,5,26,NA,NA,NA,0
121,5,26,NA,NA,NA,0
122,5,27,NA,NA,NA,0
123,5,27,NA,NA,NA,0
124,5,27,NA,NA,NA,0
125,5,27,NA,NA,NA,0
126,5,27,NA,NA,NA,0
127,3,28,NA,NA,NA,0
128,3,28,"C",195,2,0
129,3,28,NA,NA,NA,0
130,4,29,NA,NA,NA,0
131,4,29,NA,NA,NA,0
132,4,29,NA,NA,NA,0
133,4,29,NA,NA,NA,0
134,3,30,NA,NA,NA,0
135,3,30,NA,NA,NA,0
136,3,30,NA,NA,NA,0
137,5,31,NA,NA,NA,0
138,5,31,NA,NA,NA,0
139,5,31,NA,NA,NA,0
140,5,31,NA,NA,NA,0
141,5,31,NA,NA,NA,0
142,5,32,NA,NA,NA,0
143,5,32,NA,NA,NA,0
144,5,32,NA,NA,NA,0
145,5,32,NA,NA,NA,0
146,5,32,NA,NA,NA,0
147,3,33,NA,NA,NA,0
148,3,33,NA,NA,NA,0
149,3,33,NA,NA,NA,0
150,4,34,NA,NA,NA,0
151,4,34,NA,NA,NA,0
152,4,34,NA,NA,NA,0
153,4,34,NA,NA,NA,0
154,6,35,NA,NA,NA,0
155,6,35,NA,NA,NA,0
156,6,35,NA,NA,NA,0
157,6,35,NA,NA,NA,0
158,6,35,NA,NA,NA,0
159,6,35,NA,NA,NA,0
160,3,36,NA,NA,NA,0
161,3,36,NA,NA,NA,0
162,3,36,NA,NA,NA,0
163,3,37,NA,NA,NA,0
164,3,37,NA,NA,NA,0
165,3,37,NA,NA,NA,0
166,5,38,NA,NA,NA,0
167,5,38,NA,NA,NA,0
168,5,38,NA,NA,NA,0
169,5,38,NA,NA,NA,0
170,5,38,NA,NA,NA,0
171,5,39,NA,NA,NA,0
172,5,39,NA,NA,NA,0
173,5,39,NA,NA,NA,0
174,5,39,NA,NA,NA,0
175,5,39,NA,NA,NA,0
176,6,40,NA,NA,NA,0
177,6,40,NA,NA,NA,0
178,6,40,NA,NA,NA,0
179,6,40,NA,NA,NA,0
180,6,40,NA,NA,NA,0
181,6,40,NA,NA,NA,0
182,3,41,NA,NA,NA,0
183,3,41,NA,NA,NA,0
184,3,41,NA,NA,NA,0
185,3,42,NA,NA,NA,0
186,3,42,NA,NA,NA,0
187,3,42,NA,NA,NA,0
188,4,43,NA,NA,NA,0
189,4,43,NA,NA,NA,0
190,4,43,NA,NA,NA,0
191,4,43,NA,NA,NA,0
192,5,44,NA,NA,NA,0
193,5,44,NA,NA,NA,0
194,5,44,NA,NA,NA,0
195,5,44,NA,NA,NA,0
196,5,44,NA,NA,NA,0
197,3,45,NA,NA,NA,0
198,3,45,NA,NA,NA,0
199,3,45,NA,NA,NA,0
200,4,46,NA,NA,NA,0
201,4,46,NA,NA,NA,0
202,4,46,NA,NA,NA,0
203,4,46,NA,NA,NA,0
204,5,47,NA,NA,NA,0
205,5,47,NA,NA,NA,0
206,5,47,NA,NA,NA,0
207,5,47,NA,NA,NA,0
208,5,47,NA,NA,NA,0
209,6,48,"H",249,1,0
210,6,48,"H",223,2,1
211,6,48,NA,NA,NA,0
212,6,48,"H",249,1,0
213,6,48,"C",195,5,2
214,6,48,"H",219,3,1
215,4,49,NA,NA,NA,0
216,4,49,NA,NA,NA,0
217,4,49,NA,NA,NA,0
218,4,49,NA,NA,NA,0
219,5,50,NA,NA,NA,0
220,5,50,NA,NA,NA,0
221,5,50,NA,NA,NA,0
222,5,50,NA,NA,NA,0
223,5,50,NA,NA,NA,0
224,5,51,NA,NA,NA,0
225,5,51,NA,NA,NA,0
226,5,51,NA,NA,NA,0
227,5,51,NA,NA,NA,0
228,5,51,NA,NA,NA,0
229,3,52,NA,NA,NA,0
230,3,52,NA,NA,NA,0
231,3,52,NA,NA,NA,0
232,4,53,NA,NA,NA,0
233,4,53,NA,NA,NA,0
234,4,53,NA,NA,NA,0
235,4,53,NA,NA,NA,0
236,6,54,NA,NA,NA,0
237,6,54,NA,NA,NA,0
238,6,54,NA,NA,NA,0
239,6,54,NA,NA,NA,0
240,6,54,NA,NA,NA,0
241,6,54,NA,NA,NA,0
242,4,55,NA,NA,NA,0
243,4,55,NA,NA,NA,0
244,4,55,NA,NA,NA,0
245,4,55,NA,NA,NA,0
246,3,56,NA,NA,NA,0
247,3,56,NA,NA,NA,0
248,3,56,NA,NA,NA,0
249,3,57,NA,NA,NA,0
250,3,57,NA,NA,NA,0
251,3,57,"C",146,2,0
252,4,58,NA,NA,NA,0
253,4,58,NA,NA,NA,0
254,4,58,NA,NA,NA,0
255,4,58,NA,NA,NA,0
256,5,59,NA,NA,NA,0
257,5,59,NA,NA,NA,0
258,5,59,NA,NA,NA,0
259,5,59,NA,NA,NA,0
260,5,59,NA,NA,NA,0
261,6,60,NA,NA,NA,0
262,6,60,NA,NA,NA,0
263,6,60,NA,NA,NA,0
264,6,60,NA,NA,NA,0
265,6,60,NA,NA,NA,0
266,6,60,NA,NA,NA,0
267,4,61,NA,NA,NA,0
268,4,61,NA,NA,NA,0
269,4,61,NA,NA,NA,0
270,4,61,NA,NA,NA,0
271,5,62,NA,NA,NA,0
272,5,62,NA,NA,NA,0
273,5,62,NA,NA,NA,0
274,5,62,NA,NA,NA,0
275,5,62,NA,NA,NA,0
276,6,63,NA,NA,NA,0
277,6,63,NA,NA,NA,0
278,6,63,NA,NA,NA,0
279,6,63,NA,NA,NA,0
280,6,63,NA,NA,NA,0
281,6,63,NA,NA,NA,0
282,3,64,NA,NA,NA,0
283,3,64,NA,NA,NA,0
284,3,64,NA,NA,NA,0
285,3,65,NA,NA,NA,0
286,3,65,NA,NA,NA,0
287,3,65,NA,NA,NA,0
288,3,66,NA,NA,NA,0
289,3,66,NA,NA,NA,0
290,3,66,NA,NA,NA,0
291,3,67,NA,NA,NA,0
292,3,67,NA,NA,NA,0
293,3,67,NA,NA,NA,0
294,6,68,"H",NA,NA,0
295,6,68,"H",337,3,1
296,6,68,"H",338,3,1
297,6,68,"C",303,5,2
298,6,68,"H",NA,NA,0
299,6,68,NA,NA,NA,0
300,6,69,NA,NA,NA,0
301,6,69,NA,NA,NA,0
302,6,69,NA,NA,NA,0
303,6,69,NA,NA,NA,0
304,6,69,NA,NA,NA,0
305,6,69,NA,NA,NA,0
306,4,70,NA,NA,NA,0
307,4,70,NA,NA,NA,0
308,4,70,NA,NA,NA,0
309,4,70,NA,NA,NA,0
310,6,71,NA,NA,NA,0
311,6,71,NA,NA,NA,0
312,6,71,NA,NA,NA,0
313,6,71,NA,NA,NA,0
314,6,71,NA,NA,NA,0
315,6,71,NA,NA,NA,0
316,5,72,NA,NA,NA,0
317,5,72,NA,NA,NA,0
318,5,72,NA,NA,NA,0
319,5,72,NA,NA,NA,0
320,5,72,NA,NA,NA,0
321,5,73,NA,NA,NA,0
322,5,73,NA,NA,NA,0
323,5,73,NA,NA,NA,0
324,5,73,NA,NA,NA,0
325,5,73,NA,NA,NA,0
326,6,74,NA,NA,NA,0
327,6,74,NA,NA,NA,0
328,6,74,NA,NA,NA,0
329,6,74,NA,NA,NA,0
330,6,74,NA,NA,NA,0
331,6,74,NA,NA,NA,0
332,4,75,NA,NA,NA,0
333,4,75,NA,NA,NA,0
334,4,75,NA,NA,NA,0
335,4,75,NA,NA,NA,0
336,5,76,NA,NA,NA,0
337,5,76,NA,NA,NA,0
338,5,76,NA,NA,NA,0
339,5,76,NA,NA,NA,0
340,5,76,NA,NA,NA,0
341,3,77,NA,NA,NA,0
342,3,77,NA,NA,NA,0
343,3,77,NA,NA,NA,0
344,6,78,"H",258,3,2
345,6,78,NA,NA,NA,0
346,6,78,"H",307,1,0
347,6,78,"H",288,1,0
348,6,78,"C",237,5,2
349,6,78,"H",290,1,0
350,5,79,NA,NA,NA,0
351,5,79,NA,NA,NA,0
352,5,79,NA,NA,NA,0
353,5,79,NA,NA,NA,0
354,5,79,NA,NA,NA,0
355,3,80,NA,NA,NA,0
356,3,80,NA,NA,NA,0
357,3,80,NA,NA,NA,0
358,3,81,NA,NA,NA,0
359,3,81,NA,NA,NA,0
360,3,81,NA,NA,NA,0
361,6,82,NA,NA,NA,0
362,6,82,"H",NA,NA,0
363,6,82,"H",365,3,1
364,6,82,NA,NA,NA,0
365,6,82,"C",351,5,2
366,6,82,"H",NA,NA,0
367,4,83,NA,NA,NA,0
368,4,83,NA,NA,NA,0
369,4,83,NA,NA,NA,0
370,4,83,NA,NA,NA,0
371,4,84,NA,NA,NA,0
372,4,84,NA,NA,NA,0
373,4,84,NA,NA,NA,0
374,4,84,NA,NA,NA,0
375,5,85,NA,NA,NA,0
376,5,85,NA,NA,NA,0
377,5,85,NA,NA,NA,0
378,5,85,NA,NA,NA,0
379,5,85,NA,NA,NA,0
380,6,86,"C",331,5,0
381,6,86,NA,NA,NA,0
382,6,86,NA,NA,NA,0
383,6,86,NA,NA,NA,0
384,6,86,NA,NA,NA,0
385,6,86,NA,NA,NA,0
386,4,87,NA,NA,NA,0
387,4,87,NA,NA,NA,0
388,4,87,NA,NA,NA,0
389,4,87,NA,NA,NA,0
390,4,88,NA,NA,NA,0
391,4,88,NA,NA,NA,0
392,4,88,NA,NA,NA,0
393,4,88,NA,NA,NA,0
394,3,89,NA,NA,NA,0
395,3,89,NA,NA,NA,0
396,3,89,NA,NA,NA,0
397,4,90,NA,NA,NA,0
398,4,90,NA,NA,NA,0
399,4,90,NA,NA,NA,0
400,4,90,NA,NA,NA,0
401,3,91,NA,NA,NA,0
402,3,91,NA,NA,NA,0
403,3,91,NA,NA,NA,0
404,4,92,NA,NA,NA,0
405,4,92,NA,NA,NA,0
406,4,92,NA,NA,NA,0
407,4,92,NA,NA,NA,0
408,4,93,NA,NA,NA,0
409,4,93,NA,NA,NA,0
410,4,93,NA,NA,NA,0
411,4,93,NA,NA,NA,0
412,6,94,NA,NA,NA,0
413,6,94,NA,NA,NA,0
414,6,94,NA,NA,NA,0
415,6,94,NA,NA,NA,0
416,6,94,NA,NA,NA,0
417,6,94,NA,NA,NA,0
418,6,95,NA,NA,NA,0
419,6,95,NA,NA,NA,0
420,6,95,NA,NA,NA,0
421,6,95,NA,NA,NA,0
422,6,95,NA,NA,NA,0
423,6,95,NA,NA,NA,0
424,6,96,NA,NA,NA,0
425,6,96,NA,NA,NA,0
426,6,96,NA,NA,NA,0
427,6,96,NA,NA,NA,0
428,6,96,NA,NA,NA,0
429,6,96,NA,NA,NA,0
430,5,97,NA,NA,NA,0
431,5,97,NA,NA,NA,0
432,5,97,NA,NA,NA,0
433,5,97,NA,NA,NA,0
434,5,97,NA,NA,NA,0
435,4,98,NA,NA,NA,0
436,4,98,NA,NA,NA,0
437,4,98,NA,NA,NA,0
438,4,98,NA,NA,NA,0
439,6,99,NA,NA,NA,0
440,6,99,NA,NA,NA,0
441,6,99,NA,NA,NA,0
442,6,99,NA,NA,NA,0
443,6,99,NA,NA,NA,0
444,6,99,NA,NA,NA,0
445,3,100,NA,NA,NA,0
446,3,100,NA,NA,NA,0
447,3,100,NA,NA,NA,0
448,5,101,NA,NA,NA,0
449,5,101,NA,NA,NA,0
450,5,101,NA,NA,NA,0
451,5,101,NA,NA,NA,0
452,5,101,NA,NA,NA,0
453,4,102,NA,NA,NA,0
454,4,102,NA,NA,NA,0
455,4,102,NA,NA,NA,0
456,4,102,NA,NA,NA,0
457,4,103,NA,NA,NA,0
458,4,103,NA,NA,NA,0
459,4,103,NA,NA,NA,0
460,4,103,NA,NA,NA,0
461,5,104,NA,NA,NA,0
462,5,104,NA,NA,NA,0
463,5,104,NA,NA,NA,0
464,5,104,NA,NA,NA,0
465,5,104,NA,NA,NA,0
466,6,105,NA,NA,NA,0
467,6,105,NA,NA,NA,0
468,6,105,NA,NA,NA,0
469,6,105,NA,NA,NA,0
470,6,105,NA,NA,NA,0
471,6,105,NA,NA,NA,0
472,5,106,NA,NA,NA,0
473,5,106,NA,NA,NA,0
474,5,106,NA,NA,NA,0
475,5,106,NA,NA,NA,0
476,5,106,NA,NA,NA,0
477,3,107,NA,NA,NA,0
478,3,107,NA,NA,NA,0
479,3,107,NA,NA,NA,0
480,5,108,NA,NA,NA,0
481,5,108,NA,NA,NA,0
482,5,108,NA,NA,NA,0
483,5,108,NA,NA,NA,0
484,5,108,NA,NA,NA,0
485,3,109,NA,NA,NA,0
486,3,109,NA,NA,NA,0
487,3,109,NA,NA,NA,0
488,3,110,NA,NA,NA,0
489,3,110,NA,NA,NA,0
490,3,110,NA,NA,NA,0
491,6,111,NA,NA,NA,0
492,6,111,NA,NA,NA,0
493,6,111,NA,NA,NA,0
494,6,111,NA,NA,NA,0
495,6,111,NA,NA,NA,0
496,6,111,NA,NA,NA,0
497,5,112,"H",353,1,0
498,5,112,NA,NA,NA,0
499,5,112,"C",338,4,3
500,5,112,"H",NA,NA,0
501,5,112,"H",NA,NA,0
502,4,113,NA,NA,NA,0
503,4,113,NA,NA,NA,0
504,4,113,NA,NA,NA,0
505,4,113,NA,NA,NA,0
506,4,114,NA,NA,NA,0
507,4,114,NA,NA,NA,0
508,4,114,NA,NA,NA,0
509,4,114,NA,NA,NA,0
510,6,115,NA,NA,NA,0
511,6,115,NA,NA,NA,0
512,6,115,NA,NA,NA,0
513,6,115,NA,NA,NA,0
514,6,115,NA,NA,NA,0
515,6,115,NA,NA,NA,0
516,5,116,NA,NA,NA,0
517,5,116,NA,NA,NA,0
518,5,116,NA,NA,NA,0
519,5,116,NA,NA,NA,0
520,5,116,NA,NA,NA,0
521,3,117,NA,NA,NA,0
522,3,117,NA,NA,NA,0
523,3,117,NA,NA,NA,0
524,5,118,NA,NA,NA,0
525,5,118,NA,NA,NA,0
526,5,118,NA,NA,NA,0
527,5,118,NA,NA,NA,0
528,5,118,NA,NA,NA,0
529,3,119,NA,NA,NA,0
530,3,119,NA,NA,NA,0
531,3,119,NA,NA,NA,0
532,5,120,NA,NA,NA,0
533,5,120,NA,NA,NA,0
534,5,120,NA,NA,NA,0
535,5,120,NA,NA,NA,0
536,5,120,NA,NA,NA,0
537,3,121,NA,NA,NA,0
538,3,121,NA,NA,NA,0
539,3,121,NA,NA,NA,0
540,5,122,NA,NA,NA,0
541,5,122,NA,NA,NA,0
542,5,122,NA,NA,NA,0
543,5,122,NA,NA,NA,0
544,5,122,NA,NA,NA,0
545,4,123,NA,NA,NA,0
546,4,123,NA,NA,NA,0
547,4,123,NA,NA,NA,0
548,4,123,NA,NA,NA,0
549,3,124,NA,NA,NA,0
550,3,124,NA,NA,NA,0
551,3,124,NA,NA,NA,0
552,3,125,NA,NA,NA,0
553,3,125,NA,NA,NA,0
554,3,125,NA,NA,NA,0
555,4,126,NA,NA,NA,0
556,4,126,NA,NA,NA,0
557,4,126,NA,NA,NA,0
558,4,126,NA,NA,NA,0
559,4,127,NA,NA,NA,0
560,4,127,NA,NA,NA,0
561,4,127,NA,NA,NA,0
562,4,127,NA,NA,NA,0
563,6,128,NA,NA,NA,0
564,6,128,NA,NA,NA,0
565,6,128,NA,NA,NA,0
566,6,128,NA,NA,NA,0
567,6,128,NA,NA,NA,0
568,6,128,NA,NA,NA,0
569,5,129,NA,NA,NA,0
570,5,129,NA,NA,NA,0
571,5,129,NA,NA,NA,0
572,5,129,NA,NA,NA,0
573,5,129,NA,NA,NA,0
574,6,130,NA,NA,NA,0
575,6,130,NA,NA,NA,0
576,6,130,NA,NA,NA,0
577,6,130,NA,NA,NA,0
578,6,130,NA,NA,NA,0
579,6,130,NA,NA,NA,0
580,4,131,NA,NA,NA,0
581,4,131,NA,NA,NA,0
582,4,131,NA,NA,NA,0
583,4,131,NA,NA,NA,0
584,4,132,NA,NA,NA,0
585,4,132,NA,NA,NA,0
586,4,132,NA,NA,NA,0
587,4,132,NA,NA,NA,0
588,3,133,NA,NA,NA,0
589,3,133,NA,NA,NA,0
590,3,133,NA,NA,NA,0
591,3,134,NA,NA,NA,0
592,3,134,NA,NA,NA,0
593,3,134,NA,NA,NA,0
594,5,135,NA,NA,NA,0
595,5,135,NA,NA,NA,0
596,5,135,NA,NA,NA,0
597,5,135,NA,NA,NA,0
598,5,135,NA,NA,NA,0
599,3,136,NA,NA,NA,0
600,3,136,NA,NA,NA,0
601,3,136,NA,NA,NA,0
602,3,137,NA,NA,NA,0
603,3,137,NA,NA,NA,0
604,3,137,NA,NA,NA,0
605,4,138,NA,NA,NA,0
606,4,138,NA,NA,NA,0
607,4,138,NA,NA,NA,0
608,4,138,NA,NA,NA,0
609,3,139,NA,NA,NA,0
610,3,139,NA,NA,NA,0
611,3,139,NA,NA,NA,0
612,4,140,"C",76,3,1
613,4,140,"H",263,0,0
614,4,140,"H",156,1,1
615,4,140,"H",111,2,1
616,5,141,NA,NA,NA,0
617,5,141,NA,NA,NA,0
618,5,141,NA,NA,NA,0
619,5,141,NA,NA,NA,0
620,5,141,NA,NA,NA,0
621,3,142,NA,NA,NA,0
622,3,142,NA,NA,NA,0
623,3,142,NA,NA,NA,0
624,6,143,"C",244,5,2
625,6,143,"H",266,3,2
626,6,143,"H",299,1,1
627,6,143,"H",315,0,0
628,6,143,"H",322,0,0
629,6,143,"H",301,0,0
630,6,144,NA,NA,NA,0
631,6,144,NA,NA,NA,0
632,6,144,NA,NA,NA,0
633,6,144,NA,NA,NA,0
634,6,144,NA,NA,NA,0
635,6,144,NA,NA,NA,0
636,5,145,NA,NA,NA,0
637,5,145,NA,NA,NA,0
638,5,145,"C",352,4,1
639,5,145,NA,NA,NA,0
640,5,145,"H",NA,NA,0
641,4,146,NA,NA,NA,0
642,4,146,NA,NA,NA,0
643,4,146,NA,NA,NA,0
644,4,146,NA,NA,NA,0
645,3,147,NA,NA,NA,0
646,3,147,NA,NA,NA,0
647,3,147,NA,NA,NA,0
648,6,148,NA,NA,NA,0
649,6,148,NA,NA,NA,0
650,6,148,NA,NA,NA,0
651,6,148,NA,NA,NA,0
652,6,148,NA,NA,NA,0
653,6,148,NA,NA,NA,0
654,6,149,NA,NA,NA,0
655,6,149,NA,NA,NA,0
656,6,149,NA,NA,NA,0
657,6,149,NA,NA,NA,0
658,6,149,NA,NA,NA,0
659,6,149,NA,NA,NA,0
660,4,150,NA,NA,NA,0
661,4,150,NA,NA,NA,0
662,4,150,NA,NA,NA,0
663,4,150,NA,NA,NA,0
664,5,151,NA,NA,NA,0
665,5,151,NA,NA,NA,0
666,5,151,NA,NA,NA,0
667,5,151,NA,NA,NA,0
668,5,151,NA,NA,NA,0
669,4,152,NA,NA,NA,0
670,4,152,NA,NA,NA,0
671,4,152,NA,NA,NA,0
672,4,152,NA,NA,NA,0
673,6,153,NA,NA,NA,0
674,6,153,NA,NA,NA,0
675,6,153,NA,NA,NA,0
676,6,153,NA,NA,NA,0
677,6,153,NA,NA,NA,0
678,6,153,NA,NA,NA,0
679,3,154,NA,NA,NA,0
680,3,154,NA,NA,NA,0
681,3,154,NA,NA,NA,0
682,3,155,NA,NA,NA,0
683,3,155,NA,NA,NA,0
684,3,155,NA,NA,NA,0
685,6,156,NA,NA,NA,0
686,6,156,NA,NA,NA,0
687,6,156,NA,NA,NA,0
688,6,156,NA,NA,NA,0
689,6,156,NA,NA,NA,0
690,6,156,NA,NA,NA,0
691,6,157,NA,NA,NA,0
692,6,157,NA,NA,NA,0
693,6,157,NA,NA,NA,0
694,6,157,NA,NA,NA,0
695,6,157,NA,NA,NA,0
696,6,157,NA,NA,NA,0
697,4,158,NA,NA,NA,0
698,4,158,NA,NA,NA,0
699,4,158,NA,NA,NA,0
700,4,158,NA,NA,NA,0
701,5,159,NA,NA,NA,0
702,5,159,NA,NA,NA,0
703,5,159,NA,NA,NA,0
704,5,159,NA,NA,NA,0
705,5,159,NA,NA,NA,0
706,4,160,NA,NA,NA,0
707,4,160,NA,NA,NA,0
708,4,160,NA,NA,NA,0
709,4,160,NA,NA,NA,0
710,3,161,"H",NA,NA,0
711,3,161,"H",NA,NA,0
712,3,161,"C",357,2,2
713,3,162,NA,NA,NA,0
714,3,162,NA,NA,NA,0
715,3,162,NA,NA,NA,0
716,5,163,NA,NA,NA,0
717,5,163,NA,NA,NA,0
718,5,163,NA,NA,NA,0
719,5,163,NA,NA,NA,0
720,5,163,NA,NA,NA,0
721,6,164,NA,NA,NA,0
722,6,164,NA,NA,NA,0
723,6,164,NA,NA,NA,0
724,6,164,NA,NA,NA,0
725,6,164,NA,NA,NA,0
726,6,164,NA,NA,NA,0
727,3,165,NA,NA,NA,0
728,3,165,NA,NA,NA,0
729,3,165,NA,NA,NA,0
730,6,166,NA,NA,NA,0
731,6,166,NA,NA,NA,0
732,6,166,NA,NA,NA,0
733,6,166,"C",NA,NA,0
734,6,166,NA,NA,NA,0
735,6,166,NA,NA,NA,0
736,4,167,NA,NA,NA,0
737,4,167,NA,NA,NA,0
738,4,167,NA,NA,NA,0
739,4,167,NA,NA,NA,0
740,5,168,NA,NA,NA,0
741,5,168,NA,NA,NA,0
742,5,168,NA,NA,NA,0
743,5,168,NA,NA,NA,0
744,5,168,NA,NA,NA,0
745,6,169,NA,NA,NA,0
746,6,169,NA,NA,NA,0
747,6,169,NA,NA,NA,0
748,6,169,NA,NA,NA,0
749,6,169,NA,NA,NA,0
750,6,169,NA,NA,NA,0
751,5,170,"H",92,2,1
752,5,170,NA,NA,NA,0
753,5,170,"H",123,1,0
754,5,170,"H",112,1,0
755,5,170,"C",77,4,2
756,5,171,NA,NA,NA,0
757,5,171,NA,NA,NA,0
758,5,171,NA,NA,NA,0
759,5,171,NA,NA,NA,0
760,5,171,NA,NA,NA,0
761,4,172,"C",113,3,1
762,4,172,NA,NA,NA,0
763,4,172,"H",158,2,0
764,4,172,NA,NA,NA,0
765,3,173,NA,NA,NA,0
766,3,173,NA,NA,NA,0
767,3,173,NA,NA,NA,0
768,4,174,NA,NA,NA,0
769,4,174,NA,NA,NA,0
770,4,174,NA,NA,NA,0
771,4,174,NA,NA,NA,0
772,4,175,NA,NA,NA,0
773,4,175,NA,NA,NA,0
774,4,175,NA,NA,NA,0
775,4,175,NA,NA,NA,0
776,6,176,NA,NA,NA,0
777,6,176,NA,NA,NA,0
778,6,176,NA,NA,NA,0
779,6,176,NA,NA,NA,0
780,6,176,NA,NA,NA,0
781,6,176,NA,NA,NA,0
782,5,177,"H",NA,NA,0
783,5,177,"H",NA,NA,0
784,5,177,NA,NA,NA,0
785,5,177,"C",342,4,2
786,5,177,NA,NA,NA,0
787,6,178,NA,NA,NA,0
788,6,178,NA,NA,NA,0
789,6,178,NA,NA,NA,0
790,6,178,NA,NA,NA,0
791,6,178,NA,NA,NA,0
792,6,178,NA,NA,NA,0
793,4,179,NA,NA,NA,0
794,4,179,NA,NA,NA,0
795,4,179,NA,NA,NA,0
796,4,179,NA,NA,NA,0
797,4,180,NA,NA,NA,0
798,4,180,NA,NA,NA,0
799,4,180,NA,NA,NA,0
800,4,180,NA,NA,NA,0
801,4,181,NA,NA,NA,0
802,4,181,NA,NA,NA,0
803,4,181,NA,NA,NA,0
804,4,181,NA,NA,NA,0
805,5,182,NA,NA,NA,0
806,5,182,NA,NA,NA,0
807,5,182,NA,NA,NA,0
808,5,182,NA,NA,NA,0
809,5,182,NA,NA,NA,0
810,5,183,NA,NA,NA,0
811,5,183,NA,NA,NA,0
812,5,183,NA,NA,NA,0
813,5,183,NA,NA,NA,0
814,5,183,NA,NA,NA,0
815,4,184,NA,NA,NA,0
816,4,184,NA,NA,NA,0
817,4,184,NA,NA,NA,0
818,4,184,NA,NA,NA,0
819,4,185,NA,NA,NA,0
820,4,185,NA,NA,NA,0
821,4,185,NA,NA,NA,0
822,4,185,NA,NA,NA,0
823,5,186,NA,NA,NA,0
824,5,186,NA,NA,NA,0
825,5,186,NA,NA,NA,0
826,5,186,NA,NA,NA,0
827,5,186,NA,NA,NA,0
828,5,187,NA,NA,NA,0
829,5,187,NA,NA,NA,0
830,5,187,NA,NA,NA,0
831,5,187,NA,NA,NA,0
832,5,187,NA,NA,NA,0
833,5,188,"H",335,1,0
834,5,188,"H",308,3,1
835,5,188,"H",323,2,1
836,5,188,NA,NA,NA,0
837,5,188,"C",271,4,1
838,6,189,NA,NA,NA,0
839,6,189,NA,NA,NA,0
840,6,189,NA,NA,NA,0
841,6,189,NA,NA,NA,0
842,6,189,NA,NA,NA,0
843,6,189,NA,NA,NA,0
844,6,190,NA,NA,NA,0
845,6,190,NA,NA,NA,0
846,6,190,NA,NA,NA,0
847,6,190,NA,NA,NA,0
848,6,190,NA,NA,NA,0
849,6,190,NA,NA,NA,0
850,6,191,NA,NA,NA,0
851,6,191,NA,NA,NA,0
852,6,191,NA,NA,NA,0
853,6,191,NA,NA,NA,0
854,6,191,NA,NA,NA,0
855,6,191,NA,NA,NA,0
856,3,192,NA,NA,NA,0
857,3,192,NA,NA,NA,0
858,3,192,NA,NA,NA,0
859,5,193,NA,NA,NA,0
860,5,193,NA,NA,NA,0
861,5,193,NA,NA,NA,0
862,5,193,NA,NA,NA,0
863,5,193,NA,NA,NA,0
864,4,194,NA,NA,NA,0
865,4,194,NA,NA,NA,0
866,4,194,NA,NA,NA,0
867,4,194,NA,NA,NA,0
868,6,195,NA,NA,NA,0
869,6,195,NA,NA,NA,0
870,6,195,NA,NA,NA,0
871,6,195,NA,NA,NA,0
872,6,195,NA,NA,NA,0
873,6,195,NA,NA,NA,0
874,6,196,NA,NA,NA,0
875,6,196,NA,NA,NA,0
876,6,196,NA,NA,NA,0
877,6,196,NA,NA,NA,0
878,6,196,NA,NA,NA,0
879,6,196,NA,NA,NA,0
880,6,197,NA,NA,NA,0
881,6,197,NA,NA,NA,0
882,6,197,NA,NA,NA,0
883,6,197,NA,NA,NA,0
884,6,197,NA,NA,NA,0
885,6,197,NA,NA,NA,0
886,5,198,NA,NA,NA,0
887,5,198,NA,NA,NA,0
888,5,198,NA,NA,NA,0
889,5,198,NA,NA,NA,0
890,5,198,NA,NA,NA,0
891,4,199,NA,NA,NA,0
892,4,199,NA,NA,NA,0
893,4,199,NA,NA,NA,0
894,4,199,NA,NA,NA,0
895,5,200,NA,NA,NA,0
896,5,200,NA,NA,NA,0
897,5,200,NA,NA,NA,0
898,5,200,NA,NA,NA,0
899,5,200,NA,NA,NA,0
900,4,201,NA,NA,NA,0
901,4,201,NA,NA,NA,0
902,4,201,NA,NA,NA,0
903,4,201,NA,NA,NA,0
904,3,202,NA,NA,NA,0
905,3,202,NA,NA,NA,0
906,3,202,NA,NA,NA,0
907,5,203,NA,NA,NA,0
908,5,203,NA,NA,NA,0
909,5,203,NA,NA,NA,0
910,5,203,NA,NA,NA,0
911,5,203,NA,NA,NA,0
912,6,204,NA,NA,NA,0
913,6,204,NA,NA,NA,0
914,6,204,NA,NA,NA,0
915,6,204,NA,NA,NA,0
916,6,204,NA,NA,NA,0
917,6,204,NA,NA,NA,0
918,4,205,NA,NA,NA,0
919,4,205,NA,NA,NA,0
920,4,205,NA,NA,NA,0
921,4,205,NA,NA,NA,0
922,4,206,NA,NA,NA,0
923,4,206,NA,NA,NA,0
924,4,206,NA,NA,NA,0
925,4,206,NA,NA,NA,0
926,3,207,NA,NA,NA,0
927,3,207,NA,NA,NA,0
928,3,207,NA,NA,NA,0
929,5,208,NA,NA,NA,0
930,5,208,NA,NA,NA,0
931,5,208,NA,NA,NA,0
932,5,208,NA,NA,NA,0
933,5,208,NA,NA,NA,0
934,5,209,NA,NA,NA,0
935,5,209,NA,NA,NA,0
936,5,209,NA,NA,NA,0
937,5,209,NA,NA,NA,0
938,5,209,NA,NA,NA,0
939,4,210,NA,NA,NA,0
940,4,210,NA,NA,NA,0
941,4,210,NA,NA,NA,0
942,4,210,NA,NA,NA,0
943,3,211,NA,NA,NA,0
944,3,211,NA,NA,NA,0
945,3,211,NA,NA,NA,0
946,6,212,NA,NA,NA,0
947,6,212,NA,NA,NA,0
948,6,212,NA,NA,NA,0
949,6,212,NA,NA,NA,0
950,6,212,NA,NA,NA,0
951,6,212,NA,NA,NA,0
952,4,213,NA,NA,NA,0
953,4,213,NA,NA,NA,0
954,4,213,NA,NA,NA,0
955,4,213,NA,NA,NA,0
956,4,214,NA,NA,NA,0
957,4,214,NA,NA,NA,0
958,4,214,NA,NA,NA,0
959,4,214,NA,NA,NA,0
960,3,215,NA,NA,NA,0
961,3,215,NA,NA,NA,0
962,3,215,NA,NA,NA,0
963,4,216,NA,NA,NA,0
964,4,216,NA,NA,NA,0
965,4,216,NA,NA,NA,0
966,4,216,NA,NA,NA,0
967,5,217,NA,NA,NA,0
968,5,217,NA,NA,NA,0
969,5,217,NA,NA,NA,0
970,5,217,NA,NA,NA,0
971,5,217,NA,NA,NA,0
972,5,218,NA,NA,NA,0
973,5,218,NA,NA,NA,0
974,5,218,NA,NA,NA,0
975,5,218,NA,NA,NA,0
976,5,218,NA,NA,NA,0
977,6,219,NA,NA,NA,0
978,6,219,NA,NA,NA,0
979,6,219,NA,NA,NA,0
980,6,219,NA,NA,NA,0
981,6,219,NA,NA,NA,0
982,6,219,NA,NA,NA,0
983,5,220,NA,NA,NA,0
984,5,220,NA,NA,NA,0
985,5,220,NA,NA,NA,0
986,5,220,NA,NA,NA,0
987,5,220,NA,NA,NA,0
988,3,221,NA,NA,NA,0
989,3,221,NA,NA,NA,0
990,3,221,NA,NA,NA,0
991,5,222,NA,NA,NA,0
992,5,222,NA,NA,NA,0
993,5,222,NA,NA,NA,0
994,5,222,NA,NA,NA,0
995,5,222,NA,NA,NA,0
996,5,223,NA,NA,NA,0
997,5,223,NA,NA,NA,0
998,5,223,NA,NA,NA,0
999,5,223,NA,NA,NA,0
1000,5,223,NA,NA,NA,0
