"ID","SIZE","HH","TYPE","TIME","S_num","I_num"
1,6,1,"0",49,5,0
2,6,1,NA,NA,NA,0
3,6,1,NA,NA,NA,0
4,6,1,NA,NA,NA,0
5,6,1,NA,NA,NA,0
6,6,1,NA,NA,NA,0
7,4,2,"C",244,3,2
8,4,2,"H",292,0,0
9,4,2,"H",267,1,1
10,4,2,"H",267,1,0
11,5,3,NA,NA,NA,0
12,5,3,NA,NA,NA,0
13,5,3,NA,NA,NA,0
14,5,3,NA,NA,NA,0
15,5,3,NA,NA,NA,0
16,5,4,NA,NA,NA,0
17,5,4,NA,NA,NA,0
18,5,4,NA,NA,NA,0
19,5,4,NA,NA,NA,0
20,5,4,NA,NA,NA,0
21,4,5,NA,NA,NA,0
22,4,5,NA,NA,NA,0
23,4,5,NA,NA,NA,0
24,4,5,NA,NA,NA,0
25,3,6,NA,NA,NA,0
26,3,6,NA,NA,NA,0
27,3,6,NA,NA,NA,0
28,4,7,"H",115,1,1
29,4,7,"C",90,3,2
30,4,7,"H",123,0,0
31,4,7,"H",138,0,0
32,5,8,NA,NA,NA,0
33,5,8,NA,NA,NA,0
34,5,8,"C",NA,NA,0
35,5,8,NA,NA,NA,0
36,5,8,NA,NA,NA,0
37,5,9,"C",190,4,3
38,5,9,"H",238,0,0
39,5,9,"H",219,1,1
40,5,9,"H",239,0,0
41,5,9,"H",223,0,0
42,6,10,NA,NA,NA,0
43,6,10,NA,NA,NA,0
44,6,10,NA,NA,NA,0
45,6,10,"C",334,5,0
46,6,10,NA,NA,NA,0
47,6,10,NA,NA,NA,0
48,6,11,"H",291,3,0
49,6,11,NA,NA,NA,0
50,6,11,NA,NA,NA,0
51,6,11,NA,NA,NA,0
52,6,11,"C",271,4,1
53,6,11,"C",245,5,0
54,5,12,NA,NA,NA,0
55,5,12,NA,NA,NA,0
56,5,12,NA,NA,NA,0
57,5,12,NA,NA,NA,0
58,5,12,NA,NA,NA,0
59,4,13,"H",245,2,0
60,4,13,"C",217,3,1
61,4,13,NA,NA,NA,0
62,4,13,NA,NA,NA,0
63,6,14,NA,NA,NA,0
64,6,14,NA,NA,NA,0
65,6,14,NA,NA,NA,0
66,6,14,NA,NA,NA,0
67,6,14,NA,NA,NA,0
68,6,14,NA,NA,NA,0
69,5,15,"H",311,2,2
70,5,15,"C",292,4,2
71,5,15,"H",318,0,0
72,5,15,"H",360,0,0
73,5,15,"H",347,0,0
74,6,16,NA,NA,NA,0
75,6,16,NA,NA,NA,0
76,6,16,NA,NA,NA,0
77,6,16,NA,NA,NA,0
78,6,16,NA,NA,NA,0
79,6,16,NA,NA,NA,0
80,3,17,"H",NA,NA,0
81,3,17,"C",321,2,1
82,3,17,"H",344,1,1
83,6,18,"C",148,5,1
84,6,18,NA,NA,NA,0
85,6,18,"H",218,3,0
86,6,18,NA,NA,NA,0
87,6,18,"H",190,4,1
88,6,18,NA,NA,NA,0
89,5,19,NA,NA,NA,0
90,5,19,NA,NA,NA,0
91,5,19,NA,NA,NA,0
92,5,19,NA,NA,NA,0
93,5,19,NA,NA,NA,0
94,4,20,NA,NA,NA,0
95,4,20,NA,NA,NA,0
96,4,20,NA,NA,NA,0
97,4,20,NA,NA,NA,0
98,3,21,NA,NA,NA,0
99,3,21,NA,NA,NA,0
100,3,21,NA,NA,NA,0
101,3,22,NA,NA,NA,0
102,3,22,NA,NA,NA,0
103,3,22,NA,NA,NA,0
104,6,23,NA,NA,NA,0
105,6,23,NA,NA,NA,0
106,6,23,NA,NA,NA,0
107,6,23,NA,NA,NA,0
108,6,23,NA,NA,NA,0
109,6,23,NA,NA,NA,0
110,4,24,"C",285,3,1
111,4,24,"H",NA,NA,0
112,4,24,"H",315,2,1
113,4,24,NA,NA,NA,0
114,3,25,NA,NA,NA,0
115,3,25,NA,NA,NA,0
116,3,25,NA,NA,NA,0
117,6,26,"H",178,1,0
118,6,26,"H",169,1,0
119,6,26,"H",185,1,0
120,6,26,"C",142,5,4
121,6,26,NA,NA,NA,0
122,6,26,"H",177,1,0
123,4,27,NA,NA,NA,0
124,4,27,NA,NA,NA,0
125,4,27,NA,NA,NA,0
126,4,27,NA,NA,NA,0
127,6,28,NA,NA,NA,0
128,6,28,NA,NA,NA,0
129,6,28,NA,NA,NA,0
130,6,28,NA,NA,NA,0
131,6,28,NA,NA,NA,0
132,6,28,NA,NA,NA,0
133,6,29,"H",NA,NA,0
134,6,29,NA,NA,NA,0
135,6,29,NA,NA,NA,0
136,6,29,NA,NA,NA,0
137,6,29,"C",166,5,0
138,6,29,"C",363,4,1
139,4,30,NA,NA,NA,0
140,4,30,NA,NA,NA,0
141,4,30,NA,NA,NA,0
142,4,30,NA,NA,NA,0
143,4,31,NA,NA,NA,0
144,4,31,"C",83,3,1
145,4,31,"H",124,1,0
146,4,31,"H",116,2,1
147,5,32,"H",207,2,1
148,5,32,"H",248,1,0
149,5,32,"C",193,2,0
150,5,32,"C",188,3,1
151,5,32,NA,NA,NA,0
152,6,33,"C",328,5,2
153,6,33,NA,NA,NA,0
154,6,33,"H",NA,NA,0
155,6,33,NA,NA,NA,0
156,6,33,NA,NA,NA,0
157,6,33,"H",NA,NA,0
158,6,34,"C",251,5,1
159,6,34,NA,NA,NA,0
160,6,34,"H",296,2,1
161,6,34,"H",275,4,2
162,6,34,"H",356,1,0
163,6,34,"H",300,2,0
164,5,35,NA,NA,NA,0
165,5,35,NA,NA,NA,0
166,5,35,NA,NA,NA,0
167,5,35,NA,NA,NA,0
168,5,35,NA,NA,NA,0
169,6,36,NA,NA,NA,0
170,6,36,"H",NA,NA,0
171,6,36,"C",357,5,1
172,6,36,NA,NA,NA,0
173,6,36,NA,NA,NA,0
174,6,36,NA,NA,NA,0
175,3,37,NA,NA,NA,0
176,3,37,NA,NA,NA,0
177,3,37,NA,NA,NA,0
178,6,38,NA,NA,NA,0
179,6,38,NA,NA,NA,0
180,6,38,NA,NA,NA,0
181,6,38,NA,NA,NA,0
182,6,38,NA,NA,NA,0
183,6,38,NA,NA,NA,0
184,6,39,NA,NA,NA,0
185,6,39,NA,NA,NA,0
186,6,39,NA,NA,NA,0
187,6,39,NA,NA,NA,0
188,6,39,NA,NA,NA,0
189,6,39,NA,NA,NA,0
190,5,40,NA,NA,NA,0
191,5,40,NA,NA,NA,0
192,5,40,NA,NA,NA,0
193,5,40,NA,NA,NA,0
194,5,40,NA,NA,NA,0
195,4,41,"C",286,3,1
196,4,41,"H",365,2,0
197,4,41,NA,NA,NA,0
198,4,41,NA,NA,NA,0
199,6,42,NA,NA,NA,0
200,6,42,NA,NA,NA,0
201,6,42,NA,NA,NA,0
202,6,42,NA,NA,NA,0
203,6,42,NA,NA,NA,0
204,6,42,NA,NA,NA,0
205,3,43,NA,NA,NA,0
206,3,43,NA,NA,NA,0
207,3,43,NA,NA,NA,0
208,4,44,NA,NA,NA,0
209,4,44,NA,NA,NA,0
210,4,44,NA,NA,NA,0
211,4,44,NA,NA,NA,0
212,5,45,NA,NA,NA,0
213,5,45,NA,NA,NA,0
214,5,45,NA,NA,NA,0
215,5,45,NA,NA,NA,0
216,5,45,NA,NA,NA,0
217,4,46,NA,NA,NA,0
218,4,46,NA,NA,NA,0
219,4,46,NA,NA,NA,0
220,4,46,NA,NA,NA,0
221,5,47,NA,NA,NA,0
222,5,47,NA,NA,NA,0
223,5,47,NA,NA,NA,0
224,5,47,NA,NA,NA,0
225,5,47,NA,NA,NA,0
226,3,48,NA,NA,NA,0
227,3,48,NA,NA,NA,0
228,3,48,NA,NA,NA,0
229,3,49,NA,NA,NA,0
230,3,49,NA,NA,NA,0
231,3,49,NA,NA,NA,0
232,6,50,NA,NA,NA,0
233,6,50,NA,NA,NA,0
234,6,50,NA,NA,NA,0
235,6,50,NA,NA,NA,0
236,6,50,NA,NA,NA,0
237,6,50,NA,NA,NA,0
238,6,51,NA,NA,NA,0
239,6,51,"C",NA,NA,0
240,6,51,NA,NA,NA,0
241,6,51,NA,NA,NA,0
242,6,51,NA,NA,NA,0
243,6,51,NA,NA,NA,0
244,6,52,"C",258,5,0
245,6,52,"H",NA,NA,0
246,6,52,"H",NA,NA,0
247,6,52,"H",NA,NA,0
248,6,52,"C",350,4,3
249,6,52,"H",365,1,1
250,3,53,NA,NA,NA,0
251,3,53,"C",332,2,1
252,3,53,"H",362,1,0
253,4,54,NA,NA,NA,0
254,4,54,"C",NA,NA,0
255,4,54,NA,NA,NA,0
256,4,54,NA,NA,NA,0
257,5,55,NA,NA,NA,0
258,5,55,NA,NA,NA,0
259,5,55,NA,NA,NA,0
260,5,55,NA,NA,NA,0
261,5,55,NA,NA,NA,0
262,6,56,NA,NA,NA,0
263,6,56,NA,NA,NA,0
264,6,56,NA,NA,NA,0
265,6,56,NA,NA,NA,0
266,6,56,"C",301,5,1
267,6,56,"H",338,4,0
268,3,57,NA,NA,NA,0
269,3,57,NA,NA,NA,0
270,3,57,NA,NA,NA,0
271,3,58,"C",269,2,1
272,3,58,"H",NA,NA,0
273,3,58,"H",310,1,1
274,4,59,NA,NA,NA,0
275,4,59,NA,NA,NA,0
276,4,59,NA,NA,NA,0
277,4,59,NA,NA,NA,0
278,3,60,NA,NA,NA,0
279,3,60,NA,NA,NA,0
280,3,60,NA,NA,NA,0
281,6,61,NA,NA,NA,0
282,6,61,NA,NA,NA,0
283,6,61,NA,NA,NA,0
284,6,61,NA,NA,NA,0
285,6,61,NA,NA,NA,0
286,6,61,NA,NA,NA,0
287,4,62,NA,NA,NA,0
288,4,62,"C",275,3,1
289,4,62,NA,NA,NA,0
290,4,62,"H",314,2,0
291,6,63,"H",211,3,0
292,6,63,"H",241,1,1
293,6,63,"H",262,0,0
294,6,63,"H",261,0,0
295,6,63,"C",190,5,2
296,6,63,"H",219,3,2
297,5,64,"C",302,4,3
298,5,64,"H",311,1,0
299,5,64,"H",336,0,0
300,5,64,"H",328,1,1
301,5,64,"H",358,0,0
302,4,65,"C",326,2,0
303,4,65,"C",249,3,0
304,4,65,NA,NA,NA,0
305,4,65,NA,NA,NA,0
306,5,66,NA,NA,NA,0
307,5,66,NA,NA,NA,0
308,5,66,"C",347,4,0
309,5,66,"C",NA,NA,0
310,5,66,NA,NA,NA,0
311,5,67,"H",292,3,2
312,5,67,"C",271,4,1
313,5,67,"H",318,1,0
314,5,67,"H",313,1,0
315,5,67,NA,NA,NA,0
316,6,68,NA,NA,NA,0
317,6,68,NA,NA,NA,0
318,6,68,NA,NA,NA,0
319,6,68,NA,NA,NA,0
320,6,68,NA,NA,NA,0
321,6,68,NA,NA,NA,0
322,4,69,NA,NA,NA,0
323,4,69,"C",63,3,1
324,4,69,NA,NA,NA,0
325,4,69,"H",134,2,0
326,6,70,"C",318,5,2
327,6,70,"H",348,3,1
328,6,70,"H",NA,NA,0
329,6,70,"H",353,3,1
330,6,70,"H",NA,NA,0
331,6,70,NA,NA,NA,0
332,6,71,"C",217,5,2
333,6,71,"H",303,0,0
334,6,71,"H",276,1,1
335,6,71,"H",231,3,2
336,6,71,"H",325,0,0
337,6,71,"H",235,3,0
338,3,72,NA,NA,NA,0
339,3,72,NA,NA,NA,0
340,3,72,NA,NA,NA,0
341,5,73,NA,NA,NA,0
342,5,73,NA,NA,NA,0
343,5,73,NA,NA,NA,0
344,5,73,NA,NA,NA,0
345,5,73,NA,NA,NA,0
346,5,74,NA,NA,NA,0
347,5,74,NA,NA,NA,0
348,5,74,NA,NA,NA,0
349,5,74,NA,NA,NA,0
350,5,74,NA,NA,NA,0
351,5,75,NA,NA,NA,0
352,5,75,NA,NA,NA,0
353,5,75,NA,NA,NA,0
354,5,75,NA,NA,NA,0
355,5,75,NA,NA,NA,0
356,3,76,"C",115,2,1
357,3,76,NA,NA,NA,0
358,3,76,"H",158,1,0
359,4,77,NA,NA,NA,0
360,4,77,NA,NA,NA,0
361,4,77,NA,NA,NA,0
362,4,77,"C",NA,NA,0
363,5,78,"C",NA,NA,0
364,5,78,NA,NA,NA,0
365,5,78,NA,NA,NA,0
366,5,78,"H",361,3,0
367,5,78,"C",327,4,1
368,6,79,NA,NA,NA,0
369,6,79,NA,NA,NA,0
370,6,79,NA,NA,NA,0
371,6,79,NA,NA,NA,0
372,6,79,NA,NA,NA,0
373,6,79,NA,NA,NA,0
374,3,80,NA,NA,NA,0
375,3,80,NA,NA,NA,0
376,3,80,NA,NA,NA,0
377,4,81,NA,NA,NA,0
378,4,81,NA,NA,NA,0
379,4,81,NA,NA,NA,0
380,4,81,NA,NA,NA,0
381,4,82,NA,NA,NA,0
382,4,82,NA,NA,NA,0
383,4,82,NA,NA,NA,0
384,4,82,"C",NA,NA,0
385,4,83,NA,NA,NA,0
386,4,83,NA,NA,NA,0
387,4,83,NA,NA,NA,0
388,4,83,"C",NA,NA,0
389,3,84,"H",236,1,0
390,3,84,"C",209,2,1
391,3,84,NA,NA,NA,0
392,3,85,NA,NA,NA,0
393,3,85,NA,NA,NA,0
394,3,85,NA,NA,NA,0
395,3,86,NA,NA,NA,0
396,3,86,NA,NA,NA,0
397,3,86,NA,NA,NA,0
398,5,87,"H",253,2,1
399,5,87,NA,NA,NA,0
400,5,87,"C",173,4,1
401,5,87,"H",283,1,0
402,5,87,"H",193,3,1
403,5,88,NA,NA,NA,0
404,5,88,NA,NA,NA,0
405,5,88,NA,NA,NA,0
406,5,88,NA,NA,NA,0
407,5,88,NA,NA,NA,0
408,3,89,NA,NA,NA,0
409,3,89,NA,NA,NA,0
410,3,89,NA,NA,NA,0
411,3,90,"C",342,2,0
412,3,90,NA,NA,NA,0
413,3,90,NA,NA,NA,0
414,6,91,"H",280,1,1
415,6,91,"H",272,1,0
416,6,91,"H",295,0,0
417,6,91,"H",284,1,0
418,6,91,"H",306,0,0
419,6,91,"C",248,5,4
420,3,92,NA,NA,NA,0
421,3,92,NA,NA,NA,0
422,3,92,NA,NA,NA,0
423,6,93,NA,NA,NA,0
424,6,93,NA,NA,NA,0
425,6,93,NA,NA,NA,0
426,6,93,NA,NA,NA,0
427,6,93,NA,NA,NA,0
428,6,93,NA,NA,NA,0
429,6,94,NA,NA,NA,0
430,6,94,NA,NA,NA,0
431,6,94,NA,NA,NA,0
432,6,94,NA,NA,NA,0
433,6,94,NA,NA,NA,0
434,6,94,NA,NA,NA,0
435,3,95,NA,NA,NA,0
436,3,95,NA,NA,NA,0
437,3,95,NA,NA,NA,0
438,3,96,"C",346,2,0
439,3,96,NA,NA,NA,0
440,3,96,NA,NA,NA,0
441,3,97,NA,NA,NA,0
442,3,97,NA,NA,NA,0
443,3,97,NA,NA,NA,0
444,6,98,NA,NA,NA,0
445,6,98,NA,NA,NA,0
446,6,98,NA,NA,NA,0
447,6,98,NA,NA,NA,0
448,6,98,NA,NA,NA,0
449,6,98,NA,NA,NA,0
450,4,99,NA,NA,NA,0
451,4,99,NA,NA,NA,0
452,4,99,NA,NA,NA,0
453,4,99,NA,NA,NA,0
454,4,100,NA,NA,NA,0
455,4,100,NA,NA,NA,0
456,4,100,NA,NA,NA,0
457,4,100,NA,NA,NA,0
458,3,101,NA,NA,NA,0
459,3,101,NA,NA,NA,0
460,3,101,NA,NA,NA,0
461,3,102,NA,NA,NA,0
462,3,102,"C",NA,NA,0
463,3,102,NA,NA,NA,0
464,3,103,NA,NA,NA,0
465,3,103,NA,NA,NA,0
466,3,103,NA,NA,NA,0
467,5,104,NA,NA,NA,0
468,5,104,NA,NA,NA,0
469,5,104,NA,NA,NA,0
470,5,104,NA,NA,NA,0
471,5,104,"C",185,4,0
472,3,105,NA,NA,NA,0
473,3,105,NA,NA,NA,0
474,3,105,NA,NA,NA,0
475,3,106,NA,NA,NA,0
476,3,106,NA,NA,NA,0
477,3,106,NA,NA,NA,0
478,3,107,NA,NA,NA,0
479,3,107,NA,NA,NA,0
480,3,107,"C",NA,NA,0
481,3,108,"C",306,2,0
482,3,108,NA,NA,NA,0
483,3,108,NA,NA,NA,0
484,3,109,NA,NA,NA,0
485,3,109,NA,NA,NA,0
486,3,109,"C",176,2,0
487,6,110,NA,NA,NA,0
488,6,110,"H",355,3,0
489,6,110,"H",NA,NA,0
490,6,110,NA,NA,NA,0
491,6,110,"C",326,5,2
492,6,110,"H",357,3,1
493,3,111,"C",235,2,1
494,3,111,"H",328,0,0
495,3,111,"H",273,1,1
496,6,112,NA,NA,NA,0
497,6,112,NA,NA,NA,0
498,6,112,NA,NA,NA,0
499,6,112,NA,NA,NA,0
500,6,112,NA,NA,NA,0
501,6,112,NA,NA,NA,0
502,6,113,"C",253,5,1
503,6,113,"C",279,3,1
504,6,113,"H",294,2,1
505,6,113,"H",311,1,0
506,6,113,NA,NA,NA,0
507,6,113,"H",NA,NA,0
508,5,114,NA,NA,NA,0
509,5,114,NA,NA,NA,0
510,5,114,NA,NA,NA,0
511,5,114,NA,NA,NA,0
512,5,114,NA,NA,NA,0
513,4,115,NA,NA,NA,0
514,4,115,NA,NA,NA,0
515,4,115,NA,NA,NA,0
516,4,115,NA,NA,NA,0
517,4,116,NA,NA,NA,0
518,4,116,NA,NA,NA,0
519,4,116,NA,NA,NA,0
520,4,116,"C",NA,NA,0
521,3,117,NA,NA,NA,0
522,3,117,NA,NA,NA,0
523,3,117,NA,NA,NA,0
524,6,118,"H",287,4,3
525,6,118,"H",313,1,1
526,6,118,"H",360,0,0
527,6,118,"H",308,1,0
528,6,118,"C",234,5,1
529,6,118,"H",316,1,0
530,4,119,NA,NA,NA,0
531,4,119,NA,NA,NA,0
532,4,119,NA,NA,NA,0
533,4,119,NA,NA,NA,0
534,3,120,NA,NA,NA,0
535,3,120,NA,NA,NA,0
536,3,120,NA,NA,NA,0
537,6,121,NA,NA,NA,0
538,6,121,NA,NA,NA,0
539,6,121,NA,NA,NA,0
540,6,121,NA,NA,NA,0
541,6,121,NA,NA,NA,0
542,6,121,NA,NA,NA,0
543,3,122,NA,NA,NA,0
544,3,122,"C",350,2,0
545,3,122,NA,NA,NA,0
546,4,123,NA,NA,NA,0
547,4,123,NA,NA,NA,0
548,4,123,NA,NA,NA,0
549,4,123,"C",NA,NA,0
550,4,124,NA,NA,NA,0
551,4,124,NA,NA,NA,0
552,4,124,NA,NA,NA,0
553,4,124,NA,NA,NA,0
554,6,125,NA,NA,NA,0
555,6,125,NA,NA,NA,0
556,6,125,NA,NA,NA,0
557,6,125,NA,NA,NA,0
558,6,125,NA,NA,NA,0
559,6,125,NA,NA,NA,0
560,5,126,"C",NA,NA,0
561,5,126,NA,NA,NA,0
562,5,126,NA,NA,NA,0
563,5,126,NA,NA,NA,0
564,5,126,NA,NA,NA,0
565,6,127,"C",226,5,0
566,6,127,NA,NA,NA,0
567,6,127,NA,NA,NA,0
568,6,127,NA,NA,NA,0
569,6,127,"C",329,4,0
570,6,127,NA,NA,NA,0
571,3,128,NA,NA,NA,0
572,3,128,NA,NA,NA,0
573,3,128,NA,NA,NA,0
574,4,129,NA,NA,NA,0
575,4,129,NA,NA,NA,0
576,4,129,NA,NA,NA,0
577,4,129,NA,NA,NA,0
578,5,130,NA,NA,NA,0
579,5,130,"C",NA,NA,0
580,5,130,"C",309,4,0
581,5,130,NA,NA,NA,0
582,5,130,NA,NA,NA,0
583,3,131,NA,NA,NA,0
584,3,131,NA,NA,NA,0
585,3,131,NA,NA,NA,0
586,5,132,NA,NA,NA,0
587,5,132,NA,NA,NA,0
588,5,132,NA,NA,NA,0
589,5,132,NA,NA,NA,0
590,5,132,NA,NA,NA,0
591,3,133,NA,NA,NA,0
592,3,133,NA,NA,NA,0
593,3,133,NA,NA,NA,0
594,6,134,NA,NA,NA,0
595,6,134,NA,NA,NA,0
596,6,134,NA,NA,NA,0
597,6,134,NA,NA,NA,0
598,6,134,NA,NA,NA,0
599,6,134,NA,NA,NA,0
600,3,135,NA,NA,NA,0
601,3,135,NA,NA,NA,0
602,3,135,NA,NA,NA,0
603,3,136,NA,NA,NA,0
604,3,136,NA,NA,NA,0
605,3,136,NA,NA,NA,0
606,3,137,"H",209,1,1
607,3,137,"C",150,2,1
608,3,137,"H",232,0,0
609,4,138,NA,NA,NA,0
610,4,138,NA,NA,NA,0
611,4,138,NA,NA,NA,0
612,4,138,NA,NA,NA,0
613,5,139,NA,NA,NA,0
614,5,139,NA,NA,NA,0
615,5,139,NA,NA,NA,0
616,5,139,NA,NA,NA,0
617,5,139,NA,NA,NA,0
618,4,140,NA,NA,NA,0
619,4,140,"C",355,3,1
620,4,140,NA,NA,NA,0
621,4,140,"H",NA,NA,0
622,4,141,NA,NA,NA,0
623,4,141,NA,NA,NA,0
624,4,141,NA,NA,NA,0
625,4,141,NA,NA,NA,0
626,5,142,NA,NA,NA,0
627,5,142,NA,NA,NA,0
628,5,142,NA,NA,NA,0
629,5,142,NA,NA,NA,0
630,5,142,NA,NA,NA,0
631,3,143,NA,NA,NA,0
632,3,143,NA,NA,NA,0
633,3,143,NA,NA,NA,0
634,4,144,NA,NA,NA,0
635,4,144,NA,NA,NA,0
636,4,144,NA,NA,NA,0
637,4,144,NA,NA,NA,0
638,3,145,NA,NA,NA,0
639,3,145,NA,NA,NA,0
640,3,145,NA,NA,NA,0
641,5,146,NA,NA,NA,0
642,5,146,NA,NA,NA,0
643,5,146,NA,NA,NA,0
644,5,146,NA,NA,NA,0
645,5,146,NA,NA,NA,0
646,6,147,"C",209,5,2
647,6,147,"H",253,1,0
648,6,147,"H",287,1,1
649,6,147,"H",327,0,0
650,6,147,"H",267,1,0
651,6,147,"H",240,3,2
652,3,148,NA,NA,NA,0
653,3,148,NA,NA,NA,0
654,3,148,NA,NA,NA,0
655,4,149,"C",224,3,1
656,4,149,NA,NA,NA,0
657,4,149,"H",239,2,0
658,4,149,NA,NA,NA,0
659,3,150,NA,NA,NA,0
660,3,150,"C",NA,NA,0
661,3,150,NA,NA,NA,0
662,4,151,NA,NA,NA,0
663,4,151,NA,NA,NA,0
664,4,151,NA,NA,NA,0
665,4,151,NA,NA,NA,0
666,5,152,NA,NA,NA,0
667,5,152,NA,NA,NA,0
668,5,152,NA,NA,NA,0
669,5,152,NA,NA,NA,0
670,5,152,NA,NA,NA,0
671,6,153,NA,NA,NA,0
672,6,153,NA,NA,NA,0
673,6,153,NA,NA,NA,0
674,6,153,NA,NA,NA,0
675,6,153,NA,NA,NA,0
676,6,153,NA,NA,NA,0
677,4,154,"H",NA,NA,0
678,4,154,"H",NA,NA,0
679,4,154,"H",357,1,1
680,4,154,"C",343,3,2
681,3,155,NA,NA,NA,0
682,3,155,NA,NA,NA,0
683,3,155,NA,NA,NA,0
684,5,156,NA,NA,NA,0
685,5,156,NA,NA,NA,0
686,5,156,NA,NA,NA,0
687,5,156,NA,NA,NA,0
688,5,156,"C",NA,NA,0
689,6,157,"C",211,5,2
690,6,157,"H",307,0,0
691,6,157,"H",251,1,0
692,6,157,"H",278,1,1
693,6,157,"H",253,1,0
694,6,157,"H",221,3,2
695,4,158,NA,NA,NA,0
696,4,158,NA,NA,NA,0
697,4,158,NA,NA,NA,0
698,4,158,NA,NA,NA,0
699,6,159,"H",335,2,1
700,6,159,"H",365,0,0
701,6,159,"C",313,5,3
702,6,159,"H",362,0,0
703,6,159,"H",346,1,1
704,6,159,"H",NA,NA,0
705,5,160,NA,NA,NA,0
706,5,160,NA,NA,NA,0
707,5,160,NA,NA,NA,0
708,5,160,NA,NA,NA,0
709,5,160,NA,NA,NA,0
710,4,161,"C",307,3,0
711,4,161,NA,NA,NA,0
712,4,161,NA,NA,NA,0
713,4,161,NA,NA,NA,0
714,4,162,NA,NA,NA,0
715,4,162,"H",349,1,0
716,4,162,"C",318,3,2
717,4,162,"H",341,1,0
718,3,163,NA,NA,NA,0
719,3,163,NA,NA,NA,0
720,3,163,NA,NA,NA,0
721,4,164,NA,NA,NA,0
722,4,164,NA,NA,NA,0
723,4,164,NA,NA,NA,0
724,4,164,NA,NA,NA,0
725,6,165,NA,NA,NA,0
726,6,165,NA,NA,NA,0
727,6,165,NA,NA,NA,0
728,6,165,NA,NA,NA,0
729,6,165,NA,NA,NA,0
730,6,165,NA,NA,NA,0
731,4,166,NA,NA,NA,0
732,4,166,NA,NA,NA,0
733,4,166,NA,NA,NA,0
734,4,166,NA,NA,NA,0
735,3,167,NA,NA,NA,0
736,3,167,NA,NA,NA,0
737,3,167,NA,NA,NA,0
738,3,168,"C",315,2,2
739,3,168,"H",343,0,0
740,3,168,"H",341,0,0
741,4,169,NA,NA,NA,0
742,4,169,NA,NA,NA,0
743,4,169,NA,NA,NA,0
744,4,169,NA,NA,NA,0
745,4,170,NA,NA,NA,0
746,4,170,NA,NA,NA,0
747,4,170,NA,NA,NA,0
748,4,170,NA,NA,NA,0
749,3,171,"C",NA,NA,0
750,3,171,NA,NA,NA,0
751,3,171,NA,NA,NA,0
752,4,172,NA,NA,NA,0
753,4,172,NA,NA,NA,0
754,4,172,NA,NA,NA,0
755,4,172,NA,NA,NA,0
756,6,173,NA,NA,NA,0
757,6,173,NA,NA,NA,0
758,6,173,"C",240,5,0
759,6,173,NA,NA,NA,0
760,6,173,NA,NA,NA,0
761,6,173,NA,NA,NA,0
762,4,174,NA,NA,NA,0
763,4,174,NA,NA,NA,0
764,4,174,NA,NA,NA,0
765,4,174,NA,NA,NA,0
766,6,175,NA,NA,NA,0
767,6,175,NA,NA,NA,0
768,6,175,NA,NA,NA,0
769,6,175,NA,NA,NA,0
770,6,175,NA,NA,NA,0
771,6,175,NA,NA,NA,0
772,5,176,NA,NA,NA,0
773,5,176,NA,NA,NA,0
774,5,176,NA,NA,NA,0
775,5,176,NA,NA,NA,0
776,5,176,NA,NA,NA,0
777,4,177,NA,NA,NA,0
778,4,177,NA,NA,NA,0
779,4,177,NA,NA,NA,0
780,4,177,NA,NA,NA,0
781,6,178,NA,NA,NA,0
782,6,178,"C",353,4,2
783,6,178,"H",NA,NA,0
784,6,178,"C",339,4,0
785,6,178,NA,NA,NA,0
786,6,178,"H",NA,NA,0
787,6,179,NA,NA,NA,0
788,6,179,NA,NA,NA,0
789,6,179,NA,NA,NA,0
790,6,179,NA,NA,NA,0
791,6,179,NA,NA,NA,0
792,6,179,NA,NA,NA,0
793,3,180,NA,NA,NA,0
794,3,180,NA,NA,NA,0
795,3,180,NA,NA,NA,0
796,6,181,"C",301,5,0
797,6,181,NA,NA,NA,0
798,6,181,NA,NA,NA,0
799,6,181,NA,NA,NA,0
800,6,181,NA,NA,NA,0
801,6,181,NA,NA,NA,0
802,5,182,NA,NA,NA,0
803,5,182,NA,NA,NA,0
804,5,182,NA,NA,NA,0
805,5,182,NA,NA,NA,0
806,5,182,NA,NA,NA,0
807,5,183,"H",310,1,0
808,5,183,NA,NA,NA,0
809,5,183,"H",284,2,1
810,5,183,"C",308,1,0
811,5,183,"C",241,4,1
812,5,184,NA,NA,NA,0
813,5,184,NA,NA,NA,0
814,5,184,"C",NA,NA,0
815,5,184,NA,NA,NA,0
816,5,184,NA,NA,NA,0
817,4,185,NA,NA,NA,0
818,4,185,NA,NA,NA,0
819,4,185,NA,NA,NA,0
820,4,185,NA,NA,NA,0
821,3,186,NA,NA,NA,0
822,3,186,NA,NA,NA,0
823,3,186,NA,NA,NA,0
824,3,187,NA,NA,NA,0
825,3,187,NA,NA,NA,0
826,3,187,"C",NA,NA,0
827,6,188,"H",NA,NA,0
828,6,188,NA,NA,NA,0
829,6,188,"C",340,4,1
830,6,188,"C",355,3,2
831,6,188,"H",NA,NA,0
832,6,188,"H",NA,NA,0
833,4,189,NA,NA,NA,0
834,4,189,NA,NA,NA,0
835,4,189,NA,NA,NA,0
836,4,189,NA,NA,NA,0
837,5,190,NA,NA,NA,0
838,5,190,NA,NA,NA,0
839,5,190,NA,NA,NA,0
840,5,190,NA,NA,NA,0
841,5,190,"C",NA,NA,0
842,3,191,NA,NA,NA,0
843,3,191,NA,NA,NA,0
844,3,191,NA,NA,NA,0
845,4,192,NA,NA,NA,0
846,4,192,NA,NA,NA,0
847,4,192,"H",343,2,0
848,4,192,"C",324,3,1
849,6,193,NA,NA,NA,0
850,6,193,NA,NA,NA,0
851,6,193,NA,NA,NA,0
852,6,193,NA,NA,NA,0
853,6,193,"C",NA,NA,0
854,6,193,NA,NA,NA,0
855,5,194,"C",201,4,1
856,5,194,NA,NA,NA,0
857,5,194,"H",259,2,1
858,5,194,"H",298,1,0
859,5,194,"H",232,3,1
860,4,195,NA,NA,NA,0
861,4,195,NA,NA,NA,0
862,4,195,NA,NA,NA,0
863,4,195,NA,NA,NA,0
864,3,196,NA,NA,NA,0
865,3,196,NA,NA,NA,0
866,3,196,NA,NA,NA,0
867,5,197,"C",NA,NA,0
868,5,197,NA,NA,NA,0
869,5,197,NA,NA,NA,0
870,5,197,NA,NA,NA,0
871,5,197,NA,NA,NA,0
872,6,198,"C",340,5,2
873,6,198,NA,NA,NA,0
874,6,198,NA,NA,NA,0
875,6,198,"H",361,3,1
876,6,198,"H",NA,NA,0
877,6,198,"H",NA,NA,0
878,3,199,NA,NA,NA,0
879,3,199,NA,NA,NA,0
880,3,199,NA,NA,NA,0
881,5,200,"H",310,0,0
882,5,200,"C",164,4,1
883,5,200,"H",272,0,0
884,5,200,"C",224,2,1
885,5,200,"H",262,1,1
886,3,201,NA,NA,NA,0
887,3,201,NA,NA,NA,0
888,3,201,NA,NA,NA,0
889,5,202,NA,NA,NA,0
890,5,202,NA,NA,NA,0
891,5,202,NA,NA,NA,0
892,5,202,NA,NA,NA,0
893,5,202,NA,NA,NA,0
894,5,203,NA,NA,NA,0
895,5,203,"C",241,4,1
896,5,203,"H",286,3,1
897,5,203,"H",314,2,0
898,5,203,NA,NA,NA,0
899,3,204,NA,NA,NA,0
900,3,204,NA,NA,NA,0
901,3,204,"C",NA,NA,0
902,6,205,"C",311,5,0
903,6,205,NA,NA,NA,0
904,6,205,"C",362,4,0
905,6,205,NA,NA,NA,0
906,6,205,NA,NA,NA,0
907,6,205,NA,NA,NA,0
908,4,206,"H",190,1,0
909,4,206,"C",167,3,2
910,4,206,"H",187,1,0
911,4,206,NA,NA,NA,0
912,4,207,NA,NA,NA,0
913,4,207,NA,NA,NA,0
914,4,207,NA,NA,NA,0
915,4,207,NA,NA,NA,0
916,4,208,NA,NA,NA,0
917,4,208,NA,NA,NA,0
918,4,208,NA,NA,NA,0
919,4,208,NA,NA,NA,0
920,6,209,"H",349,0,0
921,6,209,"C",274,5,3
922,6,209,"H",353,0,0
923,6,209,"H",346,0,0
924,6,209,"H",359,0,0
925,6,209,"H",311,2,2
926,4,210,"H",185,2,1
927,4,210,"H",208,1,1
928,4,210,"H",230,0,0
929,4,210,"C",168,3,1
930,3,211,NA,NA,NA,0
931,3,211,NA,NA,NA,0
932,3,211,NA,NA,NA,0
933,4,212,NA,NA,NA,0
934,4,212,NA,NA,NA,0
935,4,212,NA,NA,NA,0
936,4,212,NA,NA,NA,0
937,6,213,NA,NA,NA,0
938,6,213,NA,NA,NA,0
939,6,213,NA,NA,NA,0
940,6,213,NA,NA,NA,0
941,6,213,NA,NA,NA,0
942,6,213,NA,NA,NA,0
943,3,214,NA,NA,NA,0
944,3,214,NA,NA,NA,0
945,3,214,NA,NA,NA,0
946,5,215,NA,NA,NA,0
947,5,215,NA,NA,NA,0
948,5,215,NA,NA,NA,0
949,5,215,NA,NA,NA,0
950,5,215,NA,NA,NA,0
951,5,216,NA,NA,NA,0
952,5,216,NA,NA,NA,0
953,5,216,NA,NA,NA,0
954,5,216,NA,NA,NA,0
955,5,216,NA,NA,NA,0
956,5,217,NA,NA,NA,0
957,5,217,NA,NA,NA,0
958,5,217,NA,NA,NA,0
959,5,217,NA,NA,NA,0
960,5,217,NA,NA,NA,0
961,6,218,NA,NA,NA,0
962,6,218,NA,NA,NA,0
963,6,218,NA,NA,NA,0
964,6,218,NA,NA,NA,0
965,6,218,NA,NA,NA,0
966,6,218,NA,NA,NA,0
967,5,219,NA,NA,NA,0
968,5,219,NA,NA,NA,0
969,5,219,NA,NA,NA,0
970,5,219,NA,NA,NA,0
971,5,219,NA,NA,NA,0
972,6,220,NA,NA,NA,0
973,6,220,"C",325,3,0
974,6,220,"H",269,4,0
975,6,220,NA,NA,NA,0
976,6,220,NA,NA,NA,0
977,6,220,"C",216,5,1
978,3,221,NA,NA,NA,0
979,3,221,NA,NA,NA,0
980,3,221,"C",NA,NA,0
981,4,222,NA,NA,NA,0
982,4,222,NA,NA,NA,0
983,4,222,NA,NA,NA,0
984,4,222,NA,NA,NA,0
985,4,223,"C",299,3,1
986,4,223,"H",322,2,1
987,4,223,"H",365,0,0
988,4,223,"H",346,1,1
989,6,224,"H",297,1,0
990,6,224,"C",261,5,3
991,6,224,"H",311,1,0
992,6,224,"H",NA,NA,0
993,6,224,"H",318,1,1
994,6,224,"H",291,2,1
995,3,225,NA,NA,NA,0
996,3,225,NA,NA,NA,0
997,3,225,NA,NA,NA,0
998,3,226,NA,NA,NA,0
999,3,226,NA,NA,NA,0
1000,3,226,NA,NA,NA,0
