"ID","SIZE","HH","TYPE","TIME","S_num","I_num"
1,4,1,"0",27,3,2
2,4,1,NA,NA,NA,0
3,4,1,"H",58,1,0
4,4,1,"H",48,1,0
5,5,2,NA,NA,NA,0
6,5,2,NA,NA,NA,0
7,5,2,NA,NA,NA,0
8,5,2,NA,NA,NA,0
9,5,2,NA,NA,NA,0
10,5,3,NA,NA,NA,0
11,5,3,NA,NA,NA,0
12,5,3,NA,NA,NA,0
13,5,3,NA,NA,NA,0
14,5,3,NA,NA,NA,0
15,4,4,"C",308,3,1
16,4,4,"H",332,2,1
17,4,4,"H",NA,NA,0
18,4,4,NA,NA,NA,0
19,6,5,NA,NA,NA,0
20,6,5,NA,NA,NA,0
21,6,5,NA,NA,NA,0
22,6,5,NA,NA,NA,0
23,6,5,NA,NA,NA,0
24,6,5,NA,NA,NA,0
25,5,6,NA,NA,NA,0
26,5,6,NA,NA,NA,0
27,5,6,NA,NA,NA,0
28,5,6,NA,NA,NA,0
29,5,6,NA,NA,NA,0
30,6,7,NA,NA,NA,0
31,6,7,NA,NA,NA,0
32,6,7,NA,NA,NA,0
33,6,7,NA,NA,NA,0
34,6,7,NA,NA,NA,0
35,6,7,NA,NA,NA,0
36,6,8,NA,NA,NA,0
37,6,8,NA,NA,NA,0
38,6,8,NA,NA,NA,0
39,6,8,NA,NA,NA,0
40,6,8,NA,NA,NA,0
41,6,8,NA,NA,NA,0
42,4,9,NA,NA,NA,0
43,4,9,NA,NA,NA,0
44,4,9,NA,NA,NA,0
45,4,9,NA,NA,NA,0
46,4,10,NA,NA,NA,0
47,4,10,NA,NA,NA,0
48,4,10,NA,NA,NA,0
49,4,10,NA,NA,NA,0
50,4,11,NA,NA,NA,0
51,4,11,NA,NA,NA,0
52,4,11,NA,NA,NA,0
53,4,11,NA,NA,NA,0
54,3,12,NA,NA,NA,0
55,3,12,NA,NA,NA,0
56,3,12,NA,NA,NA,0
57,6,13,NA,NA,NA,0
58,6,13,NA,NA,NA,0
59,6,13,NA,NA,NA,0
60,6,13,NA,NA,NA,0
61,6,13,NA,NA,NA,0
62,6,13,NA,NA,NA,0
63,5,14,NA,NA,NA,0
64,5,14,NA,NA,NA,0
65,5,14,NA,NA,NA,0
66,5,14,NA,NA,NA,0
67,5,14,NA,NA,NA,0
68,4,15,NA,NA,NA,0
69,4,15,NA,NA,NA,0
70,4,15,NA,NA,NA,0
71,4,15,NA,NA,NA,0
72,4,16,NA,NA,NA,0
73,4,16,NA,NA,NA,0
74,4,16,NA,NA,NA,0
75,4,16,NA,NA,NA,0
76,4,17,NA,NA,NA,0
77,4,17,NA,NA,NA,0
78,4,17,NA,NA,NA,0
79,4,17,NA,NA,NA,0
80,4,18,NA,NA,NA,0
81,4,18,NA,NA,NA,0
82,4,18,NA,NA,NA,0
83,4,18,NA,NA,NA,0
84,4,19,NA,NA,NA,0
85,4,19,NA,NA,NA,0
86,4,19,NA,NA,NA,0
87,4,19,NA,NA,NA,0
88,6,20,NA,NA,NA,0
89,6,20,NA,NA,NA,0
90,6,20,NA,NA,NA,0
91,6,20,NA,NA,NA,0
92,6,20,NA,NA,NA,0
93,6,20,NA,NA,NA,0
94,3,21,NA,NA,NA,0
95,3,21,NA,NA,NA,0
96,3,21,NA,NA,NA,0
97,3,22,NA,NA,NA,0
98,3,22,NA,NA,NA,0
99,3,22,NA,NA,NA,0
100,3,23,NA,NA,NA,0
101,3,23,NA,NA,NA,0
102,3,23,NA,NA,NA,0
103,6,24,NA,NA,NA,0
104,6,24,NA,NA,NA,0
105,6,24,NA,NA,NA,0
106,6,24,NA,NA,NA,0
107,6,24,NA,NA,NA,0
108,6,24,NA,NA,NA,0
109,4,25,NA,NA,NA,0
110,4,25,NA,NA,NA,0
111,4,25,NA,NA,NA,0
112,4,25,NA,NA,NA,0
113,3,26,NA,NA,NA,0
114,3,26,NA,NA,NA,0
115,3,26,NA,NA,NA,0
116,3,27,NA,NA,NA,0
117,3,27,NA,NA,NA,0
118,3,27,NA,NA,NA,0
119,3,28,NA,NA,NA,0
120,3,28,NA,NA,NA,0
121,3,28,NA,NA,NA,0
122,5,29,NA,NA,NA,0
123,5,29,NA,NA,NA,0
124,5,29,NA,NA,NA,0
125,5,29,NA,NA,NA,0
126,5,29,NA,NA,NA,0
127,3,30,NA,NA,NA,0
128,3,30,NA,NA,NA,0
129,3,30,NA,NA,NA,0
130,4,31,NA,NA,NA,0
131,4,31,NA,NA,NA,0
132,4,31,NA,NA,NA,0
133,4,31,NA,NA,NA,0
134,6,32,NA,NA,NA,0
135,6,32,NA,NA,NA,0
136,6,32,NA,NA,NA,0
137,6,32,NA,NA,NA,0
138,6,32,NA,NA,NA,0
139,6,32,NA,NA,NA,0
140,3,33,NA,NA,NA,0
141,3,33,NA,NA,NA,0
142,3,33,NA,NA,NA,0
143,5,34,NA,NA,NA,0
144,5,34,NA,NA,NA,0
145,5,34,NA,NA,NA,0
146,5,34,NA,NA,NA,0
147,5,34,NA,NA,NA,0
148,4,35,NA,NA,NA,0
149,4,35,NA,NA,NA,0
150,4,35,NA,NA,NA,0
151,4,35,NA,NA,NA,0
152,5,36,NA,NA,NA,0
153,5,36,"C",NA,NA,0
154,5,36,NA,NA,NA,0
155,5,36,NA,NA,NA,0
156,5,36,NA,NA,NA,0
157,6,37,NA,NA,NA,0
158,6,37,NA,NA,NA,0
159,6,37,NA,NA,NA,0
160,6,37,NA,NA,NA,0
161,6,37,NA,NA,NA,0
162,6,37,NA,NA,NA,0
163,6,38,NA,NA,NA,0
164,6,38,NA,NA,NA,0
165,6,38,NA,NA,NA,0
166,6,38,NA,NA,NA,0
167,6,38,NA,NA,NA,0
168,6,38,NA,NA,NA,0
169,3,39,NA,NA,NA,0
170,3,39,NA,NA,NA,0
171,3,39,NA,NA,NA,0
172,6,40,NA,NA,NA,0
173,6,40,NA,NA,NA,0
174,6,40,NA,NA,NA,0
175,6,40,NA,NA,NA,0
176,6,40,NA,NA,NA,0
177,6,40,NA,NA,NA,0
178,5,41,NA,NA,NA,0
179,5,41,NA,NA,NA,0
180,5,41,NA,NA,NA,0
181,5,41,NA,NA,NA,0
182,5,41,NA,NA,NA,0
183,3,42,NA,NA,NA,0
184,3,42,NA,NA,NA,0
185,3,42,"C",NA,NA,0
186,6,43,NA,NA,NA,0
187,6,43,NA,NA,NA,0
188,6,43,NA,NA,NA,0
189,6,43,NA,NA,NA,0
190,6,43,NA,NA,NA,0
191,6,43,NA,NA,NA,0
192,6,44,NA,NA,NA,0
193,6,44,NA,NA,NA,0
194,6,44,NA,NA,NA,0
195,6,44,NA,NA,NA,0
196,6,44,NA,NA,NA,0
197,6,44,NA,NA,NA,0
198,6,45,NA,NA,NA,0
199,6,45,NA,NA,NA,0
200,6,45,NA,NA,NA,0
201,6,45,NA,NA,NA,0
202,6,45,NA,NA,NA,0
203,6,45,NA,NA,NA,0
204,5,46,NA,NA,NA,0
205,5,46,NA,NA,NA,0
206,5,46,NA,NA,NA,0
207,5,46,NA,NA,NA,0
208,5,46,NA,NA,NA,0
209,6,47,NA,NA,NA,0
210,6,47,NA,NA,NA,0
211,6,47,NA,NA,NA,0
212,6,47,NA,NA,NA,0
213,6,47,NA,NA,NA,0
214,6,47,NA,NA,NA,0
215,5,48,NA,NA,NA,0
216,5,48,NA,NA,NA,0
217,5,48,NA,NA,NA,0
218,5,48,NA,NA,NA,0
219,5,48,NA,NA,NA,0
220,5,49,NA,NA,NA,0
221,5,49,NA,NA,NA,0
222,5,49,NA,NA,NA,0
223,5,49,NA,NA,NA,0
224,5,49,NA,NA,NA,0
225,6,50,NA,NA,NA,0
226,6,50,NA,NA,NA,0
227,6,50,NA,NA,NA,0
228,6,50,NA,NA,NA,0
229,6,50,NA,NA,NA,0
230,6,50,NA,NA,NA,0
231,5,51,NA,NA,NA,0
232,5,51,NA,NA,NA,0
233,5,51,NA,NA,NA,0
234,5,51,NA,NA,NA,0
235,5,51,NA,NA,NA,0
236,4,52,NA,NA,NA,0
237,4,52,NA,NA,NA,0
238,4,52,NA,NA,NA,0
239,4,52,NA,NA,NA,0
240,3,53,NA,NA,NA,0
241,3,53,NA,NA,NA,0
242,3,53,NA,NA,NA,0
243,6,54,NA,NA,NA,0
244,6,54,NA,NA,NA,0
245,6,54,NA,NA,NA,0
246,6,54,NA,NA,NA,0
247,6,54,NA,NA,NA,0
248,6,54,NA,NA,NA,0
249,4,55,NA,NA,NA,0
250,4,55,NA,NA,NA,0
251,4,55,NA,NA,NA,0
252,4,55,NA,NA,NA,0
253,4,56,NA,NA,NA,0
254,4,56,NA,NA,NA,0
255,4,56,NA,NA,NA,0
256,4,56,NA,NA,NA,0
257,6,57,NA,NA,NA,0
258,6,57,NA,NA,NA,0
259,6,57,NA,NA,NA,0
260,6,57,NA,NA,NA,0
261,6,57,NA,NA,NA,0
262,6,57,NA,NA,NA,0
263,3,58,NA,NA,NA,0
264,3,58,NA,NA,NA,0
265,3,58,NA,NA,NA,0
266,5,59,NA,NA,NA,0
267,5,59,NA,NA,NA,0
268,5,59,NA,NA,NA,0
269,5,59,NA,NA,NA,0
270,5,59,NA,NA,NA,0
271,4,60,NA,NA,NA,0
272,4,60,NA,NA,NA,0
273,4,60,NA,NA,NA,0
274,4,60,NA,NA,NA,0
275,5,61,NA,NA,NA,0
276,5,61,NA,NA,NA,0
277,5,61,NA,NA,NA,0
278,5,61,NA,NA,NA,0
279,5,61,NA,NA,NA,0
280,4,62,NA,NA,NA,0
281,4,62,NA,NA,NA,0
282,4,62,NA,NA,NA,0
283,4,62,NA,NA,NA,0
284,5,63,NA,NA,NA,0
285,5,63,NA,NA,NA,0
286,5,63,NA,NA,NA,0
287,5,63,NA,NA,NA,0
288,5,63,NA,NA,NA,0
289,3,64,NA,NA,NA,0
290,3,64,NA,NA,NA,0
291,3,64,NA,NA,NA,0
292,4,65,NA,NA,NA,0
293,4,65,NA,NA,NA,0
294,4,65,NA,NA,NA,0
295,4,65,NA,NA,NA,0
296,4,66,NA,NA,NA,0
297,4,66,NA,NA,NA,0
298,4,66,NA,NA,NA,0
299,4,66,NA,NA,NA,0
300,5,67,NA,NA,NA,0
301,5,67,NA,NA,NA,0
302,5,67,NA,NA,NA,0
303,5,67,NA,NA,NA,0
304,5,67,NA,NA,NA,0
305,5,68,NA,NA,NA,0
306,5,68,NA,NA,NA,0
307,5,68,NA,NA,NA,0
308,5,68,NA,NA,NA,0
309,5,68,NA,NA,NA,0
310,3,69,NA,NA,NA,0
311,3,69,NA,NA,NA,0
312,3,69,NA,NA,NA,0
313,5,70,NA,NA,NA,0
314,5,70,NA,NA,NA,0
315,5,70,NA,NA,NA,0
316,5,70,NA,NA,NA,0
317,5,70,NA,NA,NA,0
318,6,71,"H",338,2,1
319,6,71,"H",317,3,1
320,6,71,"C",278,5,2
321,6,71,"H",NA,NA,0
322,6,71,NA,NA,NA,0
323,6,71,"H",311,3,0
324,6,72,NA,NA,NA,0
325,6,72,NA,NA,NA,0
326,6,72,NA,NA,NA,0
327,6,72,NA,NA,NA,0
328,6,72,NA,NA,NA,0
329,6,72,NA,NA,NA,0
330,4,73,NA,NA,NA,0
331,4,73,NA,NA,NA,0
332,4,73,NA,NA,NA,0
333,4,73,NA,NA,NA,0
334,4,74,NA,NA,NA,0
335,4,74,NA,NA,NA,0
336,4,74,NA,NA,NA,0
337,4,74,NA,NA,NA,0
338,3,75,NA,NA,NA,0
339,3,75,NA,NA,NA,0
340,3,75,NA,NA,NA,0
341,3,76,"C",325,2,0
342,3,76,NA,NA,NA,0
343,3,76,NA,NA,NA,0
344,4,77,NA,NA,NA,0
345,4,77,NA,NA,NA,0
346,4,77,NA,NA,NA,0
347,4,77,NA,NA,NA,0
348,5,78,NA,NA,NA,0
349,5,78,NA,NA,NA,0
350,5,78,NA,NA,NA,0
351,5,78,NA,NA,NA,0
352,5,78,NA,NA,NA,0
353,6,79,NA,NA,NA,0
354,6,79,NA,NA,NA,0
355,6,79,NA,NA,NA,0
356,6,79,NA,NA,NA,0
357,6,79,NA,NA,NA,0
358,6,79,NA,NA,NA,0
359,6,80,NA,NA,NA,0
360,6,80,NA,NA,NA,0
361,6,80,NA,NA,NA,0
362,6,80,NA,NA,NA,0
363,6,80,NA,NA,NA,0
364,6,80,NA,NA,NA,0
365,5,81,NA,NA,NA,0
366,5,81,NA,NA,NA,0
367,5,81,NA,NA,NA,0
368,5,81,NA,NA,NA,0
369,5,81,NA,NA,NA,0
370,5,82,NA,NA,NA,0
371,5,82,NA,NA,NA,0
372,5,82,NA,NA,NA,0
373,5,82,NA,NA,NA,0
374,5,82,NA,NA,NA,0
375,5,83,NA,NA,NA,0
376,5,83,NA,NA,NA,0
377,5,83,NA,NA,NA,0
378,5,83,NA,NA,NA,0
379,5,83,NA,NA,NA,0
380,6,84,NA,NA,NA,0
381,6,84,NA,NA,NA,0
382,6,84,NA,NA,NA,0
383,6,84,NA,NA,NA,0
384,6,84,NA,NA,NA,0
385,6,84,NA,NA,NA,0
386,5,85,NA,NA,NA,0
387,5,85,NA,NA,NA,0
388,5,85,NA,NA,NA,0
389,5,85,NA,NA,NA,0
390,5,85,NA,NA,NA,0
391,4,86,NA,NA,NA,0
392,4,86,NA,NA,NA,0
393,4,86,NA,NA,NA,0
394,4,86,NA,NA,NA,0
395,3,87,NA,NA,NA,0
396,3,87,NA,NA,NA,0
397,3,87,"C",255,2,0
398,3,88,NA,NA,NA,0
399,3,88,NA,NA,NA,0
400,3,88,NA,NA,NA,0
401,4,89,NA,NA,NA,0
402,4,89,NA,NA,NA,0
403,4,89,NA,NA,NA,0
404,4,89,NA,NA,NA,0
405,5,90,NA,NA,NA,0
406,5,90,NA,NA,NA,0
407,5,90,NA,NA,NA,0
408,5,90,NA,NA,NA,0
409,5,90,NA,NA,NA,0
410,6,91,NA,NA,NA,0
411,6,91,NA,NA,NA,0
412,6,91,NA,NA,NA,0
413,6,91,NA,NA,NA,0
414,6,91,NA,NA,NA,0
415,6,91,NA,NA,NA,0
416,5,92,NA,NA,NA,0
417,5,92,NA,NA,NA,0
418,5,92,NA,NA,NA,0
419,5,92,NA,NA,NA,0
420,5,92,NA,NA,NA,0
421,3,93,NA,NA,NA,0
422,3,93,NA,NA,NA,0
423,3,93,NA,NA,NA,0
424,6,94,NA,NA,NA,0
425,6,94,NA,NA,NA,0
426,6,94,NA,NA,NA,0
427,6,94,NA,NA,NA,0
428,6,94,NA,NA,NA,0
429,6,94,NA,NA,NA,0
430,5,95,NA,NA,NA,0
431,5,95,NA,NA,NA,0
432,5,95,NA,NA,NA,0
433,5,95,NA,NA,NA,0
434,5,95,NA,NA,NA,0
435,4,96,"C",320,3,1
436,4,96,"H",NA,NA,0
437,4,96,NA,NA,NA,0
438,4,96,NA,NA,NA,0
439,4,97,NA,NA,NA,0
440,4,97,NA,NA,NA,0
441,4,97,NA,NA,NA,0
442,4,97,NA,NA,NA,0
443,3,98,NA,NA,NA,0
444,3,98,NA,NA,NA,0
445,3,98,NA,NA,NA,0
446,5,99,NA,NA,NA,0
447,5,99,NA,NA,NA,0
448,5,99,NA,NA,NA,0
449,5,99,NA,NA,NA,0
450,5,99,NA,NA,NA,0
451,5,100,NA,NA,NA,0
452,5,100,NA,NA,NA,0
453,5,100,NA,NA,NA,0
454,5,100,NA,NA,NA,0
455,5,100,NA,NA,NA,0
456,5,101,"C",123,4,1
457,5,101,"H",154,3,2
458,5,101,"H",216,0,0
459,5,101,"H",180,1,1
460,5,101,"H",202,0,0
461,4,102,NA,NA,NA,0
462,4,102,NA,NA,NA,0
463,4,102,NA,NA,NA,0
464,4,102,NA,NA,NA,0
465,6,103,NA,NA,NA,0
466,6,103,NA,NA,NA,0
467,6,103,NA,NA,NA,0
468,6,103,NA,NA,NA,0
469,6,103,NA,NA,NA,0
470,6,103,NA,NA,NA,0
471,6,104,NA,NA,NA,0
472,6,104,NA,NA,NA,0
473,6,104,NA,NA,NA,0
474,6,104,NA,NA,NA,0
475,6,104,NA,NA,NA,0
476,6,104,NA,NA,NA,0
477,5,105,NA,NA,NA,0
478,5,105,NA,NA,NA,0
479,5,105,NA,NA,NA,0
480,5,105,NA,NA,NA,0
481,5,105,NA,NA,NA,0
482,3,106,NA,NA,NA,0
483,3,106,NA,NA,NA,0
484,3,106,NA,NA,NA,0
485,3,107,NA,NA,NA,0
486,3,107,NA,NA,NA,0
487,3,107,NA,NA,NA,0
488,6,108,NA,NA,NA,0
489,6,108,NA,NA,NA,0
490,6,108,NA,NA,NA,0
491,6,108,NA,NA,NA,0
492,6,108,NA,NA,NA,0
493,6,108,NA,NA,NA,0
494,4,109,NA,NA,NA,0
495,4,109,NA,NA,NA,0
496,4,109,NA,NA,NA,0
497,4,109,NA,NA,NA,0
498,4,110,NA,NA,NA,0
499,4,110,NA,NA,NA,0
500,4,110,NA,NA,NA,0
501,4,110,NA,NA,NA,0
502,3,111,NA,NA,NA,0
503,3,111,NA,NA,NA,0
504,3,111,NA,NA,NA,0
505,3,112,NA,NA,NA,0
506,3,112,NA,NA,NA,0
507,3,112,NA,NA,NA,0
508,3,113,NA,NA,NA,0
509,3,113,NA,NA,NA,0
510,3,113,NA,NA,NA,0
511,3,114,NA,NA,NA,0
512,3,114,NA,NA,NA,0
513,3,114,NA,NA,NA,0
514,6,115,NA,NA,NA,0
515,6,115,NA,NA,NA,0
516,6,115,NA,NA,NA,0
517,6,115,NA,NA,NA,0
518,6,115,NA,NA,NA,0
519,6,115,NA,NA,NA,0
520,5,116,NA,NA,NA,0
521,5,116,NA,NA,NA,0
522,5,116,NA,NA,NA,0
523,5,116,NA,NA,NA,0
524,5,116,NA,NA,NA,0
525,4,117,NA,NA,NA,0
526,4,117,NA,NA,NA,0
527,4,117,NA,NA,NA,0
528,4,117,NA,NA,NA,0
529,5,118,NA,NA,NA,0
530,5,118,NA,NA,NA,0
531,5,118,NA,NA,NA,0
532,5,118,NA,NA,NA,0
533,5,118,NA,NA,NA,0
534,5,119,NA,NA,NA,0
535,5,119,NA,NA,NA,0
536,5,119,NA,NA,NA,0
537,5,119,NA,NA,NA,0
538,5,119,NA,NA,NA,0
539,6,120,NA,NA,NA,0
540,6,120,NA,NA,NA,0
541,6,120,NA,NA,NA,0
542,6,120,NA,NA,NA,0
543,6,120,NA,NA,NA,0
544,6,120,NA,NA,NA,0
545,6,121,"H",360,2,1
546,6,121,"C",293,5,2
547,6,121,"H",NA,NA,0
548,6,121,"H",310,3,1
549,6,121,"H",363,2,0
550,6,121,NA,NA,NA,0
551,3,122,NA,NA,NA,0
552,3,122,NA,NA,NA,0
553,3,122,NA,NA,NA,0
554,5,123,NA,NA,NA,0
555,5,123,NA,NA,NA,0
556,5,123,NA,NA,NA,0
557,5,123,NA,NA,NA,0
558,5,123,NA,NA,NA,0
559,5,124,NA,NA,NA,0
560,5,124,NA,NA,NA,0
561,5,124,NA,NA,NA,0
562,5,124,NA,NA,NA,0
563,5,124,NA,NA,NA,0
564,3,125,NA,NA,NA,0
565,3,125,NA,NA,NA,0
566,3,125,NA,NA,NA,0
567,4,126,NA,NA,NA,0
568,4,126,NA,NA,NA,0
569,4,126,NA,NA,NA,0
570,4,126,NA,NA,NA,0
571,5,127,NA,NA,NA,0
572,5,127,NA,NA,NA,0
573,5,127,NA,NA,NA,0
574,5,127,NA,NA,NA,0
575,5,127,NA,NA,NA,0
576,3,128,NA,NA,NA,0
577,3,128,NA,NA,NA,0
578,3,128,NA,NA,NA,0
579,4,129,NA,NA,NA,0
580,4,129,NA,NA,NA,0
581,4,129,NA,NA,NA,0
582,4,129,NA,NA,NA,0
583,6,130,NA,NA,NA,0
584,6,130,NA,NA,NA,0
585,6,130,NA,NA,NA,0
586,6,130,NA,NA,NA,0
587,6,130,NA,NA,NA,0
588,6,130,NA,NA,NA,0
589,6,131,NA,NA,NA,0
590,6,131,NA,NA,NA,0
591,6,131,NA,NA,NA,0
592,6,131,NA,NA,NA,0
593,6,131,NA,NA,NA,0
594,6,131,NA,NA,NA,0
595,5,132,NA,NA,NA,0
596,5,132,NA,NA,NA,0
597,5,132,NA,NA,NA,0
598,5,132,NA,NA,NA,0
599,5,132,NA,NA,NA,0
600,6,133,NA,NA,NA,0
601,6,133,"C",336,5,2
602,6,133,"H",351,3,1
603,6,133,NA,NA,NA,0
604,6,133,"H",363,2,0
605,6,133,"H",NA,NA,0
606,5,134,NA,NA,NA,0
607,5,134,NA,NA,NA,0
608,5,134,NA,NA,NA,0
609,5,134,NA,NA,NA,0
610,5,134,NA,NA,NA,0
611,4,135,NA,NA,NA,0
612,4,135,NA,NA,NA,0
613,4,135,NA,NA,NA,0
614,4,135,NA,NA,NA,0
615,4,136,NA,NA,NA,0
616,4,136,NA,NA,NA,0
617,4,136,NA,NA,NA,0
618,4,136,NA,NA,NA,0
619,4,137,NA,NA,NA,0
620,4,137,NA,NA,NA,0
621,4,137,NA,NA,NA,0
622,4,137,NA,NA,NA,0
623,4,138,NA,NA,NA,0
624,4,138,NA,NA,NA,0
625,4,138,NA,NA,NA,0
626,4,138,NA,NA,NA,0
627,5,139,NA,NA,NA,0
628,5,139,NA,NA,NA,0
629,5,139,NA,NA,NA,0
630,5,139,NA,NA,NA,0
631,5,139,NA,NA,NA,0
632,4,140,NA,NA,NA,0
633,4,140,NA,NA,NA,0
634,4,140,NA,NA,NA,0
635,4,140,NA,NA,NA,0
636,5,141,NA,NA,NA,0
637,5,141,NA,NA,NA,0
638,5,141,NA,NA,NA,0
639,5,141,NA,NA,NA,0
640,5,141,NA,NA,NA,0
641,6,142,NA,NA,NA,0
642,6,142,"C",333,5,2
643,6,142,NA,NA,NA,0
644,6,142,"H",NA,NA,0
645,6,142,NA,NA,NA,0
646,6,142,"H",357,3,0
647,4,143,NA,NA,NA,0
648,4,143,NA,NA,NA,0
649,4,143,NA,NA,NA,0
650,4,143,NA,NA,NA,0
651,6,144,NA,NA,NA,0
652,6,144,NA,NA,NA,0
653,6,144,NA,NA,NA,0
654,6,144,NA,NA,NA,0
655,6,144,NA,NA,NA,0
656,6,144,NA,NA,NA,0
657,5,145,NA,NA,NA,0
658,5,145,NA,NA,NA,0
659,5,145,NA,NA,NA,0
660,5,145,NA,NA,NA,0
661,5,145,NA,NA,NA,0
662,6,146,NA,NA,NA,0
663,6,146,NA,NA,NA,0
664,6,146,NA,NA,NA,0
665,6,146,NA,NA,NA,0
666,6,146,NA,NA,NA,0
667,6,146,NA,NA,NA,0
668,4,147,NA,NA,NA,0
669,4,147,NA,NA,NA,0
670,4,147,NA,NA,NA,0
671,4,147,NA,NA,NA,0
672,4,148,NA,NA,NA,0
673,4,148,NA,NA,NA,0
674,4,148,NA,NA,NA,0
675,4,148,NA,NA,NA,0
676,5,149,NA,NA,NA,0
677,5,149,NA,NA,NA,0
678,5,149,NA,NA,NA,0
679,5,149,NA,NA,NA,0
680,5,149,NA,NA,NA,0
681,5,150,NA,NA,NA,0
682,5,150,NA,NA,NA,0
683,5,150,NA,NA,NA,0
684,5,150,NA,NA,NA,0
685,5,150,NA,NA,NA,0
686,3,151,NA,NA,NA,0
687,3,151,NA,NA,NA,0
688,3,151,NA,NA,NA,0
689,5,152,NA,NA,NA,0
690,5,152,NA,NA,NA,0
691,5,152,NA,NA,NA,0
692,5,152,NA,NA,NA,0
693,5,152,NA,NA,NA,0
694,4,153,NA,NA,NA,0
695,4,153,NA,NA,NA,0
696,4,153,NA,NA,NA,0
697,4,153,NA,NA,NA,0
698,5,154,"H",290,0,0
699,5,154,"H",331,0,0
700,5,154,"C",253,4,2
701,5,154,"H",317,0,0
702,5,154,"H",281,2,2
703,5,155,NA,NA,NA,0
704,5,155,NA,NA,NA,0
705,5,155,NA,NA,NA,0
706,5,155,"C",NA,NA,0
707,5,155,NA,NA,NA,0
708,3,156,NA,NA,NA,0
709,3,156,NA,NA,NA,0
710,3,156,NA,NA,NA,0
711,6,157,NA,NA,NA,0
712,6,157,NA,NA,NA,0
713,6,157,NA,NA,NA,0
714,6,157,NA,NA,NA,0
715,6,157,"C",NA,NA,0
716,6,157,NA,NA,NA,0
717,5,158,NA,NA,NA,0
718,5,158,NA,NA,NA,0
719,5,158,NA,NA,NA,0
720,5,158,NA,NA,NA,0
721,5,158,NA,NA,NA,0
722,3,159,NA,NA,NA,0
723,3,159,NA,NA,NA,0
724,3,159,NA,NA,NA,0
725,3,160,"H",NA,NA,0
726,3,160,"C",348,2,2
727,3,160,"H",364,0,0
728,6,161,NA,NA,NA,0
729,6,161,NA,NA,NA,0
730,6,161,NA,NA,NA,0
731,6,161,NA,NA,NA,0
732,6,161,NA,NA,NA,0
733,6,161,NA,NA,NA,0
734,3,162,NA,NA,NA,0
735,3,162,NA,NA,NA,0
736,3,162,NA,NA,NA,0
737,4,163,NA,NA,NA,0
738,4,163,NA,NA,NA,0
739,4,163,NA,NA,NA,0
740,4,163,NA,NA,NA,0
741,5,164,NA,NA,NA,0
742,5,164,NA,NA,NA,0
743,5,164,NA,NA,NA,0
744,5,164,NA,NA,NA,0
745,5,164,NA,NA,NA,0
746,3,165,NA,NA,NA,0
747,3,165,NA,NA,NA,0
748,3,165,NA,NA,NA,0
749,6,166,NA,NA,NA,0
750,6,166,NA,NA,NA,0
751,6,166,NA,NA,NA,0
752,6,166,NA,NA,NA,0
753,6,166,NA,NA,NA,0
754,6,166,NA,NA,NA,0
755,4,167,NA,NA,NA,0
756,4,167,NA,NA,NA,0
757,4,167,NA,NA,NA,0
758,4,167,NA,NA,NA,0
759,6,168,NA,NA,NA,0
760,6,168,NA,NA,NA,0
761,6,168,NA,NA,NA,0
762,6,168,NA,NA,NA,0
763,6,168,NA,NA,NA,0
764,6,168,NA,NA,NA,0
765,5,169,NA,NA,NA,0
766,5,169,NA,NA,NA,0
767,5,169,NA,NA,NA,0
768,5,169,NA,NA,NA,0
769,5,169,NA,NA,NA,0
770,6,170,NA,NA,NA,0
771,6,170,NA,NA,NA,0
772,6,170,NA,NA,NA,0
773,6,170,NA,NA,NA,0
774,6,170,NA,NA,NA,0
775,6,170,NA,NA,NA,0
776,3,171,NA,NA,NA,0
777,3,171,NA,NA,NA,0
778,3,171,NA,NA,NA,0
779,6,172,NA,NA,NA,0
780,6,172,NA,NA,NA,0
781,6,172,NA,NA,NA,0
782,6,172,NA,NA,NA,0
783,6,172,NA,NA,NA,0
784,6,172,NA,NA,NA,0
785,6,173,NA,NA,NA,0
786,6,173,NA,NA,NA,0
787,6,173,NA,NA,NA,0
788,6,173,NA,NA,NA,0
789,6,173,NA,NA,NA,0
790,6,173,NA,NA,NA,0
791,3,174,NA,NA,NA,0
792,3,174,NA,NA,NA,0
793,3,174,NA,NA,NA,0
794,5,175,NA,NA,NA,0
795,5,175,NA,NA,NA,0
796,5,175,NA,NA,NA,0
797,5,175,NA,NA,NA,0
798,5,175,"C",NA,NA,0
799,6,176,NA,NA,NA,0
800,6,176,NA,NA,NA,0
801,6,176,NA,NA,NA,0
802,6,176,NA,NA,NA,0
803,6,176,NA,NA,NA,0
804,6,176,NA,NA,NA,0
805,5,177,NA,NA,NA,0
806,5,177,NA,NA,NA,0
807,5,177,NA,NA,NA,0
808,5,177,NA,NA,NA,0
809,5,177,NA,NA,NA,0
810,5,178,NA,NA,NA,0
811,5,178,NA,NA,NA,0
812,5,178,NA,NA,NA,0
813,5,178,NA,NA,NA,0
814,5,178,NA,NA,NA,0
815,5,179,NA,NA,NA,0
816,5,179,NA,NA,NA,0
817,5,179,NA,NA,NA,0
818,5,179,NA,NA,NA,0
819,5,179,NA,NA,NA,0
820,4,180,NA,NA,NA,0
821,4,180,NA,NA,NA,0
822,4,180,NA,NA,NA,0
823,4,180,NA,NA,NA,0
824,5,181,NA,NA,NA,0
825,5,181,NA,NA,NA,0
826,5,181,NA,NA,NA,0
827,5,181,NA,NA,NA,0
828,5,181,NA,NA,NA,0
829,6,182,NA,NA,NA,0
830,6,182,NA,NA,NA,0
831,6,182,NA,NA,NA,0
832,6,182,NA,NA,NA,0
833,6,182,NA,NA,NA,0
834,6,182,NA,NA,NA,0
835,4,183,NA,NA,NA,0
836,4,183,NA,NA,NA,0
837,4,183,NA,NA,NA,0
838,4,183,NA,NA,NA,0
839,3,184,NA,NA,NA,0
840,3,184,NA,NA,NA,0
841,3,184,NA,NA,NA,0
842,5,185,NA,NA,NA,0
843,5,185,NA,NA,NA,0
844,5,185,NA,NA,NA,0
845,5,185,NA,NA,NA,0
846,5,185,NA,NA,NA,0
847,5,186,NA,NA,NA,0
848,5,186,NA,NA,NA,0
849,5,186,"C",NA,NA,0
850,5,186,NA,NA,NA,0
851,5,186,NA,NA,NA,0
852,6,187,"H",312,0,0
853,6,187,"H",290,3,2
854,6,187,"H",290,3,1
855,6,187,"H",311,0,0
856,6,187,"H",310,0,0
857,6,187,"C",237,5,2
858,3,188,NA,NA,NA,0
859,3,188,NA,NA,NA,0
860,3,188,NA,NA,NA,0
861,6,189,NA,NA,NA,0
862,6,189,NA,NA,NA,0
863,6,189,NA,NA,NA,0
864,6,189,NA,NA,NA,0
865,6,189,NA,NA,NA,0
866,6,189,NA,NA,NA,0
867,6,190,NA,NA,NA,0
868,6,190,NA,NA,NA,0
869,6,190,NA,NA,NA,0
870,6,190,NA,NA,NA,0
871,6,190,NA,NA,NA,0
872,6,190,NA,NA,NA,0
873,6,191,NA,NA,NA,0
874,6,191,NA,NA,NA,0
875,6,191,NA,NA,NA,0
876,6,191,NA,NA,NA,0
877,6,191,NA,NA,NA,0
878,6,191,NA,NA,NA,0
879,6,192,NA,NA,NA,0
880,6,192,NA,NA,NA,0
881,6,192,NA,NA,NA,0
882,6,192,NA,NA,NA,0
883,6,192,NA,NA,NA,0
884,6,192,NA,NA,NA,0
885,4,193,NA,NA,NA,0
886,4,193,NA,NA,NA,0
887,4,193,NA,NA,NA,0
888,4,193,NA,NA,NA,0
889,4,194,NA,NA,NA,0
890,4,194,NA,NA,NA,0
891,4,194,NA,NA,NA,0
892,4,194,NA,NA,NA,0
893,4,195,NA,NA,NA,0
894,4,195,NA,NA,NA,0
895,4,195,NA,NA,NA,0
896,4,195,NA,NA,NA,0
897,5,196,"H",296,3,0
898,5,196,NA,NA,NA,0
899,5,196,"C",241,4,1
900,5,196,NA,NA,NA,0
901,5,196,NA,NA,NA,0
902,6,197,NA,NA,NA,0
903,6,197,NA,NA,NA,0
904,6,197,NA,NA,NA,0
905,6,197,NA,NA,NA,0
906,6,197,NA,NA,NA,0
907,6,197,NA,NA,NA,0
908,6,198,NA,NA,NA,0
909,6,198,NA,NA,NA,0
910,6,198,NA,NA,NA,0
911,6,198,NA,NA,NA,0
912,6,198,NA,NA,NA,0
913,6,198,NA,NA,NA,0
914,6,199,NA,NA,NA,0
915,6,199,NA,NA,NA,0
916,6,199,NA,NA,NA,0
917,6,199,NA,NA,NA,0
918,6,199,NA,NA,NA,0
919,6,199,NA,NA,NA,0
920,4,200,NA,NA,NA,0
921,4,200,NA,NA,NA,0
922,4,200,NA,NA,NA,0
923,4,200,NA,NA,NA,0
924,3,201,NA,NA,NA,0
925,3,201,NA,NA,NA,0
926,3,201,NA,NA,NA,0
927,3,202,NA,NA,NA,0
928,3,202,NA,NA,NA,0
929,3,202,NA,NA,NA,0
930,5,203,NA,NA,NA,0
931,5,203,NA,NA,NA,0
932,5,203,NA,NA,NA,0
933,5,203,NA,NA,NA,0
934,5,203,NA,NA,NA,0
935,3,204,NA,NA,NA,0
936,3,204,NA,NA,NA,0
937,3,204,NA,NA,NA,0
938,6,205,NA,NA,NA,0
939,6,205,NA,NA,NA,0
940,6,205,NA,NA,NA,0
941,6,205,NA,NA,NA,0
942,6,205,NA,NA,NA,0
943,6,205,NA,NA,NA,0
944,3,206,NA,NA,NA,0
945,3,206,NA,NA,NA,0
946,3,206,NA,NA,NA,0
947,5,207,NA,NA,NA,0
948,5,207,NA,NA,NA,0
949,5,207,NA,NA,NA,0
950,5,207,NA,NA,NA,0
951,5,207,NA,NA,NA,0
952,4,208,NA,NA,NA,0
953,4,208,NA,NA,NA,0
954,4,208,NA,NA,NA,0
955,4,208,NA,NA,NA,0
956,4,209,NA,NA,NA,0
957,4,209,NA,NA,NA,0
958,4,209,NA,NA,NA,0
959,4,209,NA,NA,NA,0
960,5,210,NA,NA,NA,0
961,5,210,NA,NA,NA,0
962,5,210,NA,NA,NA,0
963,5,210,NA,NA,NA,0
964,5,210,NA,NA,NA,0
965,5,211,NA,NA,NA,0
966,5,211,NA,NA,NA,0
967,5,211,NA,NA,NA,0
968,5,211,NA,NA,NA,0
969,5,211,NA,NA,NA,0
970,4,212,NA,NA,NA,0
971,4,212,NA,NA,NA,0
972,4,212,NA,NA,NA,0
973,4,212,NA,NA,NA,0
974,4,213,NA,NA,NA,0
975,4,213,NA,NA,NA,0
976,4,213,NA,NA,NA,0
977,4,213,NA,NA,NA,0
978,3,214,NA,NA,NA,0
979,3,214,NA,NA,NA,0
980,3,214,NA,NA,NA,0
981,6,215,NA,NA,NA,0
982,6,215,NA,NA,NA,0
983,6,215,NA,NA,NA,0
984,6,215,NA,NA,NA,0
985,6,215,NA,NA,NA,0
986,6,215,NA,NA,NA,0
987,6,216,NA,NA,NA,0
988,6,216,NA,NA,NA,0
989,6,216,NA,NA,NA,0
990,6,216,NA,NA,NA,0
991,6,216,NA,NA,NA,0
992,6,216,NA,NA,NA,0
993,5,217,NA,NA,NA,0
994,5,217,NA,NA,NA,0
995,5,217,NA,NA,NA,0
996,5,217,NA,NA,NA,0
997,5,217,NA,NA,NA,0
998,3,218,NA,NA,NA,0
999,3,218,NA,NA,NA,0
1000,3,218,NA,NA,NA,0
