"ID","SIZE","HH","TYPE","TIME","S_num","I_num"
1,3,1,"0",26,2,2
2,3,1,"H",39,0,0
3,3,1,"H",52,0,0
4,4,2,NA,NA,NA,0
5,4,2,NA,NA,NA,0
6,4,2,NA,NA,NA,0
7,4,2,NA,NA,NA,0
8,6,3,NA,NA,NA,0
9,6,3,NA,NA,NA,0
10,6,3,NA,NA,NA,0
11,6,3,NA,NA,NA,0
12,6,3,NA,NA,NA,0
13,6,3,NA,NA,NA,0
14,6,4,NA,NA,NA,0
15,6,4,NA,NA,NA,0
16,6,4,NA,NA,NA,0
17,6,4,NA,NA,NA,0
18,6,4,NA,NA,NA,0
19,6,4,NA,NA,NA,0
20,4,5,NA,NA,NA,0
21,4,5,NA,NA,NA,0
22,4,5,NA,NA,NA,0
23,4,5,NA,NA,NA,0
24,4,6,NA,NA,NA,0
25,4,6,NA,NA,NA,0
26,4,6,NA,NA,NA,0
27,4,6,NA,NA,NA,0
28,5,7,NA,NA,NA,0
29,5,7,NA,NA,NA,0
30,5,7,NA,NA,NA,0
31,5,7,NA,NA,NA,0
32,5,7,NA,NA,NA,0
33,3,8,NA,NA,NA,0
34,3,8,NA,NA,NA,0
35,3,8,NA,NA,NA,0
36,4,9,NA,NA,NA,0
37,4,9,NA,NA,NA,0
38,4,9,NA,NA,NA,0
39,4,9,NA,NA,NA,0
40,6,10,NA,NA,NA,0
41,6,10,NA,NA,NA,0
42,6,10,NA,NA,NA,0
43,6,10,NA,NA,NA,0
44,6,10,NA,NA,NA,0
45,6,10,NA,NA,NA,0
46,6,11,NA,NA,NA,0
47,6,11,NA,NA,NA,0
48,6,11,NA,NA,NA,0
49,6,11,NA,NA,NA,0
50,6,11,NA,NA,NA,0
51,6,11,NA,NA,NA,0
52,4,12,NA,NA,NA,0
53,4,12,NA,NA,NA,0
54,4,12,NA,NA,NA,0
55,4,12,NA,NA,NA,0
56,4,13,NA,NA,NA,0
57,4,13,NA,NA,NA,0
58,4,13,NA,NA,NA,0
59,4,13,NA,NA,NA,0
60,6,14,NA,NA,NA,0
61,6,14,NA,NA,NA,0
62,6,14,NA,NA,NA,0
63,6,14,NA,NA,NA,0
64,6,14,NA,NA,NA,0
65,6,14,NA,NA,NA,0
66,6,15,NA,NA,NA,0
67,6,15,NA,NA,NA,0
68,6,15,NA,NA,NA,0
69,6,15,NA,NA,NA,0
70,6,15,NA,NA,NA,0
71,6,15,NA,NA,NA,0
72,3,16,NA,NA,NA,0
73,3,16,NA,NA,NA,0
74,3,16,NA,NA,NA,0
75,6,17,NA,NA,NA,0
76,6,17,NA,NA,NA,0
77,6,17,NA,NA,NA,0
78,6,17,NA,NA,NA,0
79,6,17,NA,NA,NA,0
80,6,17,NA,NA,NA,0
81,6,18,NA,NA,NA,0
82,6,18,NA,NA,NA,0
83,6,18,NA,NA,NA,0
84,6,18,NA,NA,NA,0
85,6,18,NA,NA,NA,0
86,6,18,NA,NA,NA,0
87,6,19,NA,NA,NA,0
88,6,19,NA,NA,NA,0
89,6,19,NA,NA,NA,0
90,6,19,NA,NA,NA,0
91,6,19,NA,NA,NA,0
92,6,19,NA,NA,NA,0
93,4,20,NA,NA,NA,0
94,4,20,NA,NA,NA,0
95,4,20,NA,NA,NA,0
96,4,20,NA,NA,NA,0
97,3,21,NA,NA,NA,0
98,3,21,NA,NA,NA,0
99,3,21,NA,NA,NA,0
100,5,22,NA,NA,NA,0
101,5,22,NA,NA,NA,0
102,5,22,NA,NA,NA,0
103,5,22,NA,NA,NA,0
104,5,22,NA,NA,NA,0
105,3,23,NA,NA,NA,0
106,3,23,NA,NA,NA,0
107,3,23,NA,NA,NA,0
108,3,24,NA,NA,NA,0
109,3,24,NA,NA,NA,0
110,3,24,NA,NA,NA,0
111,4,25,NA,NA,NA,0
112,4,25,NA,NA,NA,0
113,4,25,NA,NA,NA,0
114,4,25,NA,NA,NA,0
115,4,26,NA,NA,NA,0
116,4,26,NA,NA,NA,0
117,4,26,NA,NA,NA,0
118,4,26,NA,NA,NA,0
119,4,27,NA,NA,NA,0
120,4,27,NA,NA,NA,0
121,4,27,NA,NA,NA,0
122,4,27,NA,NA,NA,0
123,6,28,NA,NA,NA,0
124,6,28,NA,NA,NA,0
125,6,28,NA,NA,NA,0
126,6,28,NA,NA,NA,0
127,6,28,NA,NA,NA,0
128,6,28,NA,NA,NA,0
129,4,29,NA,NA,NA,0
130,4,29,NA,NA,NA,0
131,4,29,NA,NA,NA,0
132,4,29,NA,NA,NA,0
133,4,30,NA,NA,NA,0
134,4,30,NA,NA,NA,0
135,4,30,NA,NA,NA,0
136,4,30,NA,NA,NA,0
137,4,31,NA,NA,NA,0
138,4,31,NA,NA,NA,0
139,4,31,NA,NA,NA,0
140,4,31,NA,NA,NA,0
141,4,32,NA,NA,NA,0
142,4,32,NA,NA,NA,0
143,4,32,NA,NA,NA,0
144,4,32,NA,NA,NA,0
145,5,33,NA,NA,NA,0
146,5,33,NA,NA,NA,0
147,5,33,NA,NA,NA,0
148,5,33,NA,NA,NA,0
149,5,33,NA,NA,NA,0
150,4,34,NA,NA,NA,0
151,4,34,NA,NA,NA,0
152,4,34,NA,NA,NA,0
153,4,34,NA,NA,NA,0
154,4,35,NA,NA,NA,0
155,4,35,NA,NA,NA,0
156,4,35,NA,NA,NA,0
157,4,35,NA,NA,NA,0
158,6,36,NA,NA,NA,0
159,6,36,NA,NA,NA,0
160,6,36,NA,NA,NA,0
161,6,36,NA,NA,NA,0
162,6,36,NA,NA,NA,0
163,6,36,NA,NA,NA,0
164,3,37,NA,NA,NA,0
165,3,37,NA,NA,NA,0
166,3,37,NA,NA,NA,0
167,6,38,NA,NA,NA,0
168,6,38,NA,NA,NA,0
169,6,38,NA,NA,NA,0
170,6,38,NA,NA,NA,0
171,6,38,NA,NA,NA,0
172,6,38,NA,NA,NA,0
173,3,39,NA,NA,NA,0
174,3,39,NA,NA,NA,0
175,3,39,NA,NA,NA,0
176,3,40,NA,NA,NA,0
177,3,40,NA,NA,NA,0
178,3,40,NA,NA,NA,0
179,3,41,NA,NA,NA,0
180,3,41,NA,NA,NA,0
181,3,41,NA,NA,NA,0
182,3,42,NA,NA,NA,0
183,3,42,NA,NA,NA,0
184,3,42,NA,NA,NA,0
185,5,43,NA,NA,NA,0
186,5,43,NA,NA,NA,0
187,5,43,NA,NA,NA,0
188,5,43,NA,NA,NA,0
189,5,43,NA,NA,NA,0
190,4,44,NA,NA,NA,0
191,4,44,NA,NA,NA,0
192,4,44,NA,NA,NA,0
193,4,44,NA,NA,NA,0
194,4,45,NA,NA,NA,0
195,4,45,NA,NA,NA,0
196,4,45,NA,NA,NA,0
197,4,45,NA,NA,NA,0
198,4,46,NA,NA,NA,0
199,4,46,NA,NA,NA,0
200,4,46,NA,NA,NA,0
201,4,46,NA,NA,NA,0
202,4,47,NA,NA,NA,0
203,4,47,NA,NA,NA,0
204,4,47,NA,NA,NA,0
205,4,47,NA,NA,NA,0
206,6,48,NA,NA,NA,0
207,6,48,NA,NA,NA,0
208,6,48,NA,NA,NA,0
209,6,48,NA,NA,NA,0
210,6,48,NA,NA,NA,0
211,6,48,NA,NA,NA,0
212,6,49,NA,NA,NA,0
213,6,49,NA,NA,NA,0
214,6,49,NA,NA,NA,0
215,6,49,NA,NA,NA,0
216,6,49,NA,NA,NA,0
217,6,49,NA,NA,NA,0
218,4,50,NA,NA,NA,0
219,4,50,NA,NA,NA,0
220,4,50,NA,NA,NA,0
221,4,50,NA,NA,NA,0
222,4,51,NA,NA,NA,0
223,4,51,NA,NA,NA,0
224,4,51,NA,NA,NA,0
225,4,51,NA,NA,NA,0
226,3,52,NA,NA,NA,0
227,3,52,NA,NA,NA,0
228,3,52,NA,NA,NA,0
229,4,53,NA,NA,NA,0
230,4,53,NA,NA,NA,0
231,4,53,NA,NA,NA,0
232,4,53,NA,NA,NA,0
233,5,54,NA,NA,NA,0
234,5,54,NA,NA,NA,0
235,5,54,NA,NA,NA,0
236,5,54,NA,NA,NA,0
237,5,54,NA,NA,NA,0
238,4,55,NA,NA,NA,0
239,4,55,NA,NA,NA,0
240,4,55,NA,NA,NA,0
241,4,55,NA,NA,NA,0
242,3,56,NA,NA,NA,0
243,3,56,NA,NA,NA,0
244,3,56,NA,NA,NA,0
245,4,57,NA,NA,NA,0
246,4,57,NA,NA,NA,0
247,4,57,NA,NA,NA,0
248,4,57,NA,NA,NA,0
249,4,58,NA,NA,NA,0
250,4,58,NA,NA,NA,0
251,4,58,NA,NA,NA,0
252,4,58,NA,NA,NA,0
253,5,59,NA,NA,NA,0
254,5,59,NA,NA,NA,0
255,5,59,NA,NA,NA,0
256,5,59,NA,NA,NA,0
257,5,59,NA,NA,NA,0
258,3,60,NA,NA,NA,0
259,3,60,NA,NA,NA,0
260,3,60,NA,NA,NA,0
261,6,61,NA,NA,NA,0
262,6,61,NA,NA,NA,0
263,6,61,NA,NA,NA,0
264,6,61,NA,NA,NA,0
265,6,61,NA,NA,NA,0
266,6,61,NA,NA,NA,0
267,3,62,NA,NA,NA,0
268,3,62,NA,NA,NA,0
269,3,62,"C",188,2,0
270,6,63,NA,NA,NA,0
271,6,63,NA,NA,NA,0
272,6,63,NA,NA,NA,0
273,6,63,NA,NA,NA,0
274,6,63,NA,NA,NA,0
275,6,63,NA,NA,NA,0
276,6,64,NA,NA,NA,0
277,6,64,NA,NA,NA,0
278,6,64,NA,NA,NA,0
279,6,64,NA,NA,NA,0
280,6,64,NA,NA,NA,0
281,6,64,NA,NA,NA,0
282,5,65,NA,NA,NA,0
283,5,65,NA,NA,NA,0
284,5,65,NA,NA,NA,0
285,5,65,NA,NA,NA,0
286,5,65,NA,NA,NA,0
287,4,66,NA,NA,NA,0
288,4,66,NA,NA,NA,0
289,4,66,NA,NA,NA,0
290,4,66,NA,NA,NA,0
291,6,67,"H",131,0,0
292,6,67,"C",68,5,1
293,6,67,"H",125,0,0
294,6,67,"H",87,4,2
295,6,67,"H",104,2,1
296,6,67,"H",109,1,1
297,5,68,NA,NA,NA,0
298,5,68,NA,NA,NA,0
299,5,68,NA,NA,NA,0
300,5,68,NA,NA,NA,0
301,5,68,NA,NA,NA,0
302,6,69,NA,NA,NA,0
303,6,69,NA,NA,NA,0
304,6,69,NA,NA,NA,0
305,6,69,NA,NA,NA,0
306,6,69,NA,NA,NA,0
307,6,69,NA,NA,NA,0
308,5,70,NA,NA,NA,0
309,5,70,NA,NA,NA,0
310,5,70,NA,NA,NA,0
311,5,70,NA,NA,NA,0
312,5,70,NA,NA,NA,0
313,4,71,NA,NA,NA,0
314,4,71,"H",173,2,1
315,4,71,"C",155,3,1
316,4,71,"H",196,1,0
317,3,72,NA,NA,NA,0
318,3,72,NA,NA,NA,0
319,3,72,NA,NA,NA,0
320,4,73,NA,NA,NA,0
321,4,73,NA,NA,NA,0
322,4,73,NA,NA,NA,0
323,4,73,NA,NA,NA,0
324,5,74,NA,NA,NA,0
325,5,74,NA,NA,NA,0
326,5,74,NA,NA,NA,0
327,5,74,NA,NA,NA,0
328,5,74,NA,NA,NA,0
329,6,75,NA,NA,NA,0
330,6,75,NA,NA,NA,0
331,6,75,NA,NA,NA,0
332,6,75,NA,NA,NA,0
333,6,75,NA,NA,NA,0
334,6,75,NA,NA,NA,0
335,6,76,NA,NA,NA,0
336,6,76,NA,NA,NA,0
337,6,76,NA,NA,NA,0
338,6,76,NA,NA,NA,0
339,6,76,NA,NA,NA,0
340,6,76,NA,NA,NA,0
341,6,77,NA,NA,NA,0
342,6,77,NA,NA,NA,0
343,6,77,NA,NA,NA,0
344,6,77,NA,NA,NA,0
345,6,77,NA,NA,NA,0
346,6,77,NA,NA,NA,0
347,3,78,NA,NA,NA,0
348,3,78,NA,NA,NA,0
349,3,78,NA,NA,NA,0
350,6,79,NA,NA,NA,0
351,6,79,NA,NA,NA,0
352,6,79,NA,NA,NA,0
353,6,79,NA,NA,NA,0
354,6,79,NA,NA,NA,0
355,6,79,NA,NA,NA,0
356,4,80,NA,NA,NA,0
357,4,80,NA,NA,NA,0
358,4,80,NA,NA,NA,0
359,4,80,NA,NA,NA,0
360,5,81,NA,NA,NA,0
361,5,81,"H",166,1,0
362,5,81,"H",143,2,1
363,5,81,"C",119,4,2
364,5,81,"H",155,1,0
365,5,82,NA,NA,NA,0
366,5,82,NA,NA,NA,0
367,5,82,NA,NA,NA,0
368,5,82,NA,NA,NA,0
369,5,82,NA,NA,NA,0
370,3,83,NA,NA,NA,0
371,3,83,NA,NA,NA,0
372,3,83,NA,NA,NA,0
373,5,84,NA,NA,NA,0
374,5,84,NA,NA,NA,0
375,5,84,NA,NA,NA,0
376,5,84,NA,NA,NA,0
377,5,84,NA,NA,NA,0
378,4,85,NA,NA,NA,0
379,4,85,NA,NA,NA,0
380,4,85,NA,NA,NA,0
381,4,85,NA,NA,NA,0
382,4,86,NA,NA,NA,0
383,4,86,NA,NA,NA,0
384,4,86,NA,NA,NA,0
385,4,86,NA,NA,NA,0
386,4,87,NA,NA,NA,0
387,4,87,NA,NA,NA,0
388,4,87,NA,NA,NA,0
389,4,87,NA,NA,NA,0
390,3,88,NA,NA,NA,0
391,3,88,NA,NA,NA,0
392,3,88,NA,NA,NA,0
393,4,89,NA,NA,NA,0
394,4,89,NA,NA,NA,0
395,4,89,NA,NA,NA,0
396,4,89,NA,NA,NA,0
397,5,90,NA,NA,NA,0
398,5,90,NA,NA,NA,0
399,5,90,NA,NA,NA,0
400,5,90,NA,NA,NA,0
401,5,90,NA,NA,NA,0
402,6,91,"H",NA,NA,0
403,6,91,"H",283,4,1
404,6,91,"H",NA,NA,0
405,6,91,"H",316,3,2
406,6,91,"C",224,5,1
407,6,91,"H",345,1,1
408,3,92,NA,NA,NA,0
409,3,92,NA,NA,NA,0
410,3,92,NA,NA,NA,0
411,4,93,NA,NA,NA,0
412,4,93,NA,NA,NA,0
413,4,93,NA,NA,NA,0
414,4,93,NA,NA,NA,0
415,3,94,NA,NA,NA,0
416,3,94,NA,NA,NA,0
417,3,94,NA,NA,NA,0
418,5,95,NA,NA,NA,0
419,5,95,NA,NA,NA,0
420,5,95,NA,NA,NA,0
421,5,95,NA,NA,NA,0
422,5,95,NA,NA,NA,0
423,3,96,NA,NA,NA,0
424,3,96,NA,NA,NA,0
425,3,96,NA,NA,NA,0
426,3,97,NA,NA,NA,0
427,3,97,NA,NA,NA,0
428,3,97,NA,NA,NA,0
429,3,98,NA,NA,NA,0
430,3,98,NA,NA,NA,0
431,3,98,NA,NA,NA,0
432,3,99,NA,NA,NA,0
433,3,99,NA,NA,NA,0
434,3,99,NA,NA,NA,0
435,4,100,NA,NA,NA,0
436,4,100,NA,NA,NA,0
437,4,100,NA,NA,NA,0
438,4,100,NA,NA,NA,0
439,5,101,NA,NA,NA,0
440,5,101,NA,NA,NA,0
441,5,101,NA,NA,NA,0
442,5,101,NA,NA,NA,0
443,5,101,NA,NA,NA,0
444,4,102,NA,NA,NA,0
445,4,102,NA,NA,NA,0
446,4,102,NA,NA,NA,0
447,4,102,NA,NA,NA,0
448,3,103,NA,NA,NA,0
449,3,103,NA,NA,NA,0
450,3,103,NA,NA,NA,0
451,6,104,NA,NA,NA,0
452,6,104,NA,NA,NA,0
453,6,104,NA,NA,NA,0
454,6,104,NA,NA,NA,0
455,6,104,NA,NA,NA,0
456,6,104,NA,NA,NA,0
457,3,105,NA,NA,NA,0
458,3,105,NA,NA,NA,0
459,3,105,NA,NA,NA,0
460,5,106,NA,NA,NA,0
461,5,106,NA,NA,NA,0
462,5,106,NA,NA,NA,0
463,5,106,NA,NA,NA,0
464,5,106,NA,NA,NA,0
465,5,107,NA,NA,NA,0
466,5,107,NA,NA,NA,0
467,5,107,NA,NA,NA,0
468,5,107,NA,NA,NA,0
469,5,107,NA,NA,NA,0
470,5,108,NA,NA,NA,0
471,5,108,NA,NA,NA,0
472,5,108,NA,NA,NA,0
473,5,108,NA,NA,NA,0
474,5,108,NA,NA,NA,0
475,4,109,NA,NA,NA,0
476,4,109,NA,NA,NA,0
477,4,109,NA,NA,NA,0
478,4,109,NA,NA,NA,0
479,6,110,NA,NA,NA,0
480,6,110,NA,NA,NA,0
481,6,110,NA,NA,NA,0
482,6,110,NA,NA,NA,0
483,6,110,NA,NA,NA,0
484,6,110,NA,NA,NA,0
485,6,111,NA,NA,NA,0
486,6,111,NA,NA,NA,0
487,6,111,NA,NA,NA,0
488,6,111,NA,NA,NA,0
489,6,111,NA,NA,NA,0
490,6,111,NA,NA,NA,0
491,3,112,NA,NA,NA,0
492,3,112,NA,NA,NA,0
493,3,112,NA,NA,NA,0
494,6,113,NA,NA,NA,0
495,6,113,NA,NA,NA,0
496,6,113,NA,NA,NA,0
497,6,113,NA,NA,NA,0
498,6,113,NA,NA,NA,0
499,6,113,NA,NA,NA,0
500,6,114,NA,NA,NA,0
501,6,114,NA,NA,NA,0
502,6,114,NA,NA,NA,0
503,6,114,NA,NA,NA,0
504,6,114,NA,NA,NA,0
505,6,114,NA,NA,NA,0
506,5,115,NA,NA,NA,0
507,5,115,NA,NA,NA,0
508,5,115,NA,NA,NA,0
509,5,115,NA,NA,NA,0
510,5,115,NA,NA,NA,0
511,5,116,NA,NA,NA,0
512,5,116,NA,NA,NA,0
513,5,116,NA,NA,NA,0
514,5,116,NA,NA,NA,0
515,5,116,NA,NA,NA,0
516,5,117,NA,NA,NA,0
517,5,117,NA,NA,NA,0
518,5,117,NA,NA,NA,0
519,5,117,NA,NA,NA,0
520,5,117,NA,NA,NA,0
521,4,118,NA,NA,NA,0
522,4,118,NA,NA,NA,0
523,4,118,NA,NA,NA,0
524,4,118,NA,NA,NA,0
525,3,119,NA,NA,NA,0
526,3,119,NA,NA,NA,0
527,3,119,NA,NA,NA,0
528,5,120,NA,NA,NA,0
529,5,120,NA,NA,NA,0
530,5,120,NA,NA,NA,0
531,5,120,NA,NA,NA,0
532,5,120,NA,NA,NA,0
533,4,121,NA,NA,NA,0
534,4,121,NA,NA,NA,0
535,4,121,NA,NA,NA,0
536,4,121,NA,NA,NA,0
537,4,122,NA,NA,NA,0
538,4,122,NA,NA,NA,0
539,4,122,NA,NA,NA,0
540,4,122,NA,NA,NA,0
541,4,123,"H",243,2,2
542,4,123,"H",276,0,0
543,4,123,"C",201,3,1
544,4,123,"H",276,0,0
545,3,124,"C",NA,NA,0
546,3,124,NA,NA,NA,0
547,3,124,NA,NA,NA,0
548,4,125,NA,NA,NA,0
549,4,125,NA,NA,NA,0
550,4,125,NA,NA,NA,0
551,4,125,NA,NA,NA,0
552,6,126,NA,NA,NA,0
553,6,126,NA,NA,NA,0
554,6,126,NA,NA,NA,0
555,6,126,NA,NA,NA,0
556,6,126,NA,NA,NA,0
557,6,126,NA,NA,NA,0
558,4,127,NA,NA,NA,0
559,4,127,NA,NA,NA,0
560,4,127,NA,NA,NA,0
561,4,127,NA,NA,NA,0
562,5,128,NA,NA,NA,0
563,5,128,NA,NA,NA,0
564,5,128,NA,NA,NA,0
565,5,128,NA,NA,NA,0
566,5,128,NA,NA,NA,0
567,6,129,NA,NA,NA,0
568,6,129,NA,NA,NA,0
569,6,129,NA,NA,NA,0
570,6,129,NA,NA,NA,0
571,6,129,NA,NA,NA,0
572,6,129,NA,NA,NA,0
573,3,130,NA,NA,NA,0
574,3,130,NA,NA,NA,0
575,3,130,NA,NA,NA,0
576,5,131,NA,NA,NA,0
577,5,131,NA,NA,NA,0
578,5,131,NA,NA,NA,0
579,5,131,NA,NA,NA,0
580,5,131,NA,NA,NA,0
581,3,132,NA,NA,NA,0
582,3,132,NA,NA,NA,0
583,3,132,NA,NA,NA,0
584,5,133,NA,NA,NA,0
585,5,133,NA,NA,NA,0
586,5,133,NA,NA,NA,0
587,5,133,NA,NA,NA,0
588,5,133,NA,NA,NA,0
589,5,134,NA,NA,NA,0
590,5,134,NA,NA,NA,0
591,5,134,NA,NA,NA,0
592,5,134,NA,NA,NA,0
593,5,134,NA,NA,NA,0
594,3,135,NA,NA,NA,0
595,3,135,NA,NA,NA,0
596,3,135,NA,NA,NA,0
597,3,136,NA,NA,NA,0
598,3,136,NA,NA,NA,0
599,3,136,NA,NA,NA,0
600,5,137,NA,NA,NA,0
601,5,137,NA,NA,NA,0
602,5,137,NA,NA,NA,0
603,5,137,NA,NA,NA,0
604,5,137,NA,NA,NA,0
605,5,138,NA,NA,NA,0
606,5,138,NA,NA,NA,0
607,5,138,NA,NA,NA,0
608,5,138,NA,NA,NA,0
609,5,138,NA,NA,NA,0
610,6,139,NA,NA,NA,0
611,6,139,NA,NA,NA,0
612,6,139,NA,NA,NA,0
613,6,139,NA,NA,NA,0
614,6,139,NA,NA,NA,0
615,6,139,NA,NA,NA,0
616,4,140,NA,NA,NA,0
617,4,140,NA,NA,NA,0
618,4,140,NA,NA,NA,0
619,4,140,NA,NA,NA,0
620,6,141,NA,NA,NA,0
621,6,141,NA,NA,NA,0
622,6,141,NA,NA,NA,0
623,6,141,NA,NA,NA,0
624,6,141,NA,NA,NA,0
625,6,141,"C",NA,NA,0
626,6,142,NA,NA,NA,0
627,6,142,NA,NA,NA,0
628,6,142,NA,NA,NA,0
629,6,142,NA,NA,NA,0
630,6,142,NA,NA,NA,0
631,6,142,NA,NA,NA,0
632,3,143,NA,NA,NA,0
633,3,143,NA,NA,NA,0
634,3,143,NA,NA,NA,0
635,3,144,NA,NA,NA,0
636,3,144,NA,NA,NA,0
637,3,144,NA,NA,NA,0
638,3,145,NA,NA,NA,0
639,3,145,NA,NA,NA,0
640,3,145,NA,NA,NA,0
641,5,146,NA,NA,NA,0
642,5,146,NA,NA,NA,0
643,5,146,NA,NA,NA,0
644,5,146,NA,NA,NA,0
645,5,146,NA,NA,NA,0
646,6,147,NA,NA,NA,0
647,6,147,NA,NA,NA,0
648,6,147,NA,NA,NA,0
649,6,147,NA,NA,NA,0
650,6,147,NA,NA,NA,0
651,6,147,NA,NA,NA,0
652,3,148,NA,NA,NA,0
653,3,148,NA,NA,NA,0
654,3,148,NA,NA,NA,0
655,6,149,NA,NA,NA,0
656,6,149,NA,NA,NA,0
657,6,149,NA,NA,NA,0
658,6,149,NA,NA,NA,0
659,6,149,NA,NA,NA,0
660,6,149,NA,NA,NA,0
661,3,150,NA,NA,NA,0
662,3,150,NA,NA,NA,0
663,3,150,NA,NA,NA,0
664,5,151,NA,NA,NA,0
665,5,151,NA,NA,NA,0
666,5,151,NA,NA,NA,0
667,5,151,NA,NA,NA,0
668,5,151,NA,NA,NA,0
669,3,152,NA,NA,NA,0
670,3,152,NA,NA,NA,0
671,3,152,NA,NA,NA,0
672,3,153,NA,NA,NA,0
673,3,153,NA,NA,NA,0
674,3,153,NA,NA,NA,0
675,6,154,NA,NA,NA,0
676,6,154,NA,NA,NA,0
677,6,154,NA,NA,NA,0
678,6,154,NA,NA,NA,0
679,6,154,"C",NA,NA,0
680,6,154,NA,NA,NA,0
681,4,155,NA,NA,NA,0
682,4,155,NA,NA,NA,0
683,4,155,NA,NA,NA,0
684,4,155,NA,NA,NA,0
685,5,156,NA,NA,NA,0
686,5,156,NA,NA,NA,0
687,5,156,NA,NA,NA,0
688,5,156,NA,NA,NA,0
689,5,156,NA,NA,NA,0
690,3,157,NA,NA,NA,0
691,3,157,NA,NA,NA,0
692,3,157,NA,NA,NA,0
693,6,158,NA,NA,NA,0
694,6,158,NA,NA,NA,0
695,6,158,NA,NA,NA,0
696,6,158,NA,NA,NA,0
697,6,158,NA,NA,NA,0
698,6,158,NA,NA,NA,0
699,4,159,NA,NA,NA,0
700,4,159,NA,NA,NA,0
701,4,159,NA,NA,NA,0
702,4,159,NA,NA,NA,0
703,6,160,NA,NA,NA,0
704,6,160,NA,NA,NA,0
705,6,160,NA,NA,NA,0
706,6,160,NA,NA,NA,0
707,6,160,NA,NA,NA,0
708,6,160,NA,NA,NA,0
709,6,161,"C",356,5,3
710,6,161,"H",NA,NA,0
711,6,161,NA,NA,NA,0
712,6,161,"H",NA,NA,0
713,6,161,"H",NA,NA,0
714,6,161,NA,NA,NA,0
715,6,162,NA,NA,NA,0
716,6,162,"H",152,3,0
717,6,162,NA,NA,NA,0
718,6,162,"H",128,3,0
719,6,162,NA,NA,NA,0
720,6,162,"C",85,5,2
721,4,163,NA,NA,NA,0
722,4,163,NA,NA,NA,0
723,4,163,NA,NA,NA,0
724,4,163,NA,NA,NA,0
725,3,164,NA,NA,NA,0
726,3,164,NA,NA,NA,0
727,3,164,NA,NA,NA,0
728,4,165,NA,NA,NA,0
729,4,165,NA,NA,NA,0
730,4,165,NA,NA,NA,0
731,4,165,NA,NA,NA,0
732,3,166,NA,NA,NA,0
733,3,166,NA,NA,NA,0
734,3,166,NA,NA,NA,0
735,4,167,NA,NA,NA,0
736,4,167,NA,NA,NA,0
737,4,167,NA,NA,NA,0
738,4,167,NA,NA,NA,0
739,5,168,NA,NA,NA,0
740,5,168,NA,NA,NA,0
741,5,168,NA,NA,NA,0
742,5,168,NA,NA,NA,0
743,5,168,NA,NA,NA,0
744,6,169,NA,NA,NA,0
745,6,169,"C",74,5,1
746,6,169,NA,NA,NA,0
747,6,169,"H",93,4,0
748,6,169,NA,NA,NA,0
749,6,169,NA,NA,NA,0
750,6,170,NA,NA,NA,0
751,6,170,NA,NA,NA,0
752,6,170,NA,NA,NA,0
753,6,170,"C",NA,NA,0
754,6,170,NA,NA,NA,0
755,6,170,NA,NA,NA,0
756,6,171,NA,NA,NA,0
757,6,171,NA,NA,NA,0
758,6,171,NA,NA,NA,0
759,6,171,NA,NA,NA,0
760,6,171,NA,NA,NA,0
761,6,171,"C",185,5,0
762,3,172,NA,NA,NA,0
763,3,172,NA,NA,NA,0
764,3,172,NA,NA,NA,0
765,3,173,NA,NA,NA,0
766,3,173,NA,NA,NA,0
767,3,173,NA,NA,NA,0
768,4,174,NA,NA,NA,0
769,4,174,NA,NA,NA,0
770,4,174,NA,NA,NA,0
771,4,174,NA,NA,NA,0
772,3,175,NA,NA,NA,0
773,3,175,NA,NA,NA,0
774,3,175,NA,NA,NA,0
775,4,176,NA,NA,NA,0
776,4,176,NA,NA,NA,0
777,4,176,NA,NA,NA,0
778,4,176,NA,NA,NA,0
779,5,177,NA,NA,NA,0
780,5,177,"C",327,4,0
781,5,177,NA,NA,NA,0
782,5,177,NA,NA,NA,0
783,5,177,NA,NA,NA,0
784,6,178,NA,NA,NA,0
785,6,178,NA,NA,NA,0
786,6,178,NA,NA,NA,0
787,6,178,NA,NA,NA,0
788,6,178,NA,NA,NA,0
789,6,178,NA,NA,NA,0
790,3,179,NA,NA,NA,0
791,3,179,NA,NA,NA,0
792,3,179,NA,NA,NA,0
793,6,180,NA,NA,NA,0
794,6,180,"H",NA,NA,0
795,6,180,NA,NA,NA,0
796,6,180,NA,NA,NA,0
797,6,180,NA,NA,NA,0
798,6,180,"C",361,5,1
799,5,181,NA,NA,NA,0
800,5,181,NA,NA,NA,0
801,5,181,NA,NA,NA,0
802,5,181,NA,NA,NA,0
803,5,181,NA,NA,NA,0
804,5,182,NA,NA,NA,0
805,5,182,NA,NA,NA,0
806,5,182,NA,NA,NA,0
807,5,182,NA,NA,NA,0
808,5,182,NA,NA,NA,0
809,5,183,NA,NA,NA,0
810,5,183,NA,NA,NA,0
811,5,183,NA,NA,NA,0
812,5,183,NA,NA,NA,0
813,5,183,NA,NA,NA,0
814,6,184,NA,NA,NA,0
815,6,184,NA,NA,NA,0
816,6,184,NA,NA,NA,0
817,6,184,NA,NA,NA,0
818,6,184,NA,NA,NA,0
819,6,184,NA,NA,NA,0
820,5,185,NA,NA,NA,0
821,5,185,NA,NA,NA,0
822,5,185,NA,NA,NA,0
823,5,185,NA,NA,NA,0
824,5,185,NA,NA,NA,0
825,5,186,NA,NA,NA,0
826,5,186,NA,NA,NA,0
827,5,186,NA,NA,NA,0
828,5,186,NA,NA,NA,0
829,5,186,NA,NA,NA,0
830,3,187,NA,NA,NA,0
831,3,187,NA,NA,NA,0
832,3,187,NA,NA,NA,0
833,4,188,"C",77,3,1
834,4,188,"H",183,0,0
835,4,188,"H",149,1,1
836,4,188,"H",102,2,1
837,5,189,NA,NA,NA,0
838,5,189,NA,NA,NA,0
839,5,189,NA,NA,NA,0
840,5,189,NA,NA,NA,0
841,5,189,NA,NA,NA,0
842,3,190,NA,NA,NA,0
843,3,190,NA,NA,NA,0
844,3,190,NA,NA,NA,0
845,6,191,"H",346,0,0
846,6,191,"H",NA,NA,0
847,6,191,"H",330,1,1
848,6,191,"H",326,2,1
849,6,191,"H",NA,NA,0
850,6,191,"C",303,5,3
851,5,192,NA,NA,NA,0
852,5,192,NA,NA,NA,0
853,5,192,NA,NA,NA,0
854,5,192,NA,NA,NA,0
855,5,192,NA,NA,NA,0
856,5,193,NA,NA,NA,0
857,5,193,NA,NA,NA,0
858,5,193,NA,NA,NA,0
859,5,193,NA,NA,NA,0
860,5,193,NA,NA,NA,0
861,4,194,NA,NA,NA,0
862,4,194,NA,NA,NA,0
863,4,194,NA,NA,NA,0
864,4,194,NA,NA,NA,0
865,6,195,NA,NA,NA,0
866,6,195,NA,NA,NA,0
867,6,195,NA,NA,NA,0
868,6,195,NA,NA,NA,0
869,6,195,NA,NA,NA,0
870,6,195,NA,NA,NA,0
871,6,196,NA,NA,NA,0
872,6,196,NA,NA,NA,0
873,6,196,NA,NA,NA,0
874,6,196,NA,NA,NA,0
875,6,196,NA,NA,NA,0
876,6,196,NA,NA,NA,0
877,6,197,NA,NA,NA,0
878,6,197,NA,NA,NA,0
879,6,197,NA,NA,NA,0
880,6,197,NA,NA,NA,0
881,6,197,NA,NA,NA,0
882,6,197,NA,NA,NA,0
883,5,198,NA,NA,NA,0
884,5,198,NA,NA,NA,0
885,5,198,NA,NA,NA,0
886,5,198,NA,NA,NA,0
887,5,198,NA,NA,NA,0
888,4,199,NA,NA,NA,0
889,4,199,NA,NA,NA,0
890,4,199,NA,NA,NA,0
891,4,199,NA,NA,NA,0
892,3,200,NA,NA,NA,0
893,3,200,NA,NA,NA,0
894,3,200,NA,NA,NA,0
895,3,201,NA,NA,NA,0
896,3,201,NA,NA,NA,0
897,3,201,NA,NA,NA,0
898,5,202,NA,NA,NA,0
899,5,202,NA,NA,NA,0
900,5,202,NA,NA,NA,0
901,5,202,NA,NA,NA,0
902,5,202,NA,NA,NA,0
903,5,203,NA,NA,NA,0
904,5,203,NA,NA,NA,0
905,5,203,NA,NA,NA,0
906,5,203,NA,NA,NA,0
907,5,203,NA,NA,NA,0
908,5,204,NA,NA,NA,0
909,5,204,NA,NA,NA,0
910,5,204,NA,NA,NA,0
911,5,204,NA,NA,NA,0
912,5,204,NA,NA,NA,0
913,4,205,NA,NA,NA,0
914,4,205,NA,NA,NA,0
915,4,205,NA,NA,NA,0
916,4,205,NA,NA,NA,0
917,5,206,NA,NA,NA,0
918,5,206,NA,NA,NA,0
919,5,206,NA,NA,NA,0
920,5,206,NA,NA,NA,0
921,5,206,NA,NA,NA,0
922,4,207,NA,NA,NA,0
923,4,207,NA,NA,NA,0
924,4,207,NA,NA,NA,0
925,4,207,NA,NA,NA,0
926,4,208,NA,NA,NA,0
927,4,208,NA,NA,NA,0
928,4,208,NA,NA,NA,0
929,4,208,NA,NA,NA,0
930,6,209,NA,NA,NA,0
931,6,209,NA,NA,NA,0
932,6,209,NA,NA,NA,0
933,6,209,NA,NA,NA,0
934,6,209,NA,NA,NA,0
935,6,209,NA,NA,NA,0
936,5,210,NA,NA,NA,0
937,5,210,NA,NA,NA,0
938,5,210,NA,NA,NA,0
939,5,210,NA,NA,NA,0
940,5,210,NA,NA,NA,0
941,4,211,NA,NA,NA,0
942,4,211,NA,NA,NA,0
943,4,211,NA,NA,NA,0
944,4,211,NA,NA,NA,0
945,3,212,NA,NA,NA,0
946,3,212,NA,NA,NA,0
947,3,212,NA,NA,NA,0
948,6,213,NA,NA,NA,0
949,6,213,NA,NA,NA,0
950,6,213,NA,NA,NA,0
951,6,213,NA,NA,NA,0
952,6,213,NA,NA,NA,0
953,6,213,NA,NA,NA,0
954,6,214,NA,NA,NA,0
955,6,214,NA,NA,NA,0
956,6,214,NA,NA,NA,0
957,6,214,NA,NA,NA,0
958,6,214,NA,NA,NA,0
959,6,214,NA,NA,NA,0
960,3,215,NA,NA,NA,0
961,3,215,NA,NA,NA,0
962,3,215,NA,NA,NA,0
963,4,216,NA,NA,NA,0
964,4,216,NA,NA,NA,0
965,4,216,NA,NA,NA,0
966,4,216,NA,NA,NA,0
967,5,217,NA,NA,NA,0
968,5,217,NA,NA,NA,0
969,5,217,NA,NA,NA,0
970,5,217,NA,NA,NA,0
971,5,217,NA,NA,NA,0
972,6,218,NA,NA,NA,0
973,6,218,NA,NA,NA,0
974,6,218,NA,NA,NA,0
975,6,218,NA,NA,NA,0
976,6,218,NA,NA,NA,0
977,6,218,NA,NA,NA,0
978,5,219,NA,NA,NA,0
979,5,219,NA,NA,NA,0
980,5,219,NA,NA,NA,0
981,5,219,NA,NA,NA,0
982,5,219,NA,NA,NA,0
983,3,220,NA,NA,NA,0
984,3,220,NA,NA,NA,0
985,3,220,NA,NA,NA,0
986,3,221,NA,NA,NA,0
987,3,221,NA,NA,NA,0
988,3,221,NA,NA,NA,0
989,5,222,NA,NA,NA,0
990,5,222,NA,NA,NA,0
991,5,222,NA,NA,NA,0
992,5,222,NA,NA,NA,0
993,5,222,NA,NA,NA,0
994,4,223,NA,NA,NA,0
995,4,223,NA,NA,NA,0
996,4,223,NA,NA,NA,0
997,4,223,NA,NA,NA,0
998,3,224,NA,NA,NA,0
999,3,224,NA,NA,NA,0
1000,3,224,NA,NA,NA,0
