"ID","SIZE","HH","TYPE","TIME","S_NUM","I_NUM"
1,6,1,"0",52,5,2
2,6,1,"H",92,3,0
3,6,1,NA,NA,NA,0
4,6,1,NA,NA,NA,0
5,6,1,NA,NA,NA,0
6,6,1,"H",84,3,0
7,3,2,"C",365,2,1
8,3,2,"H",NA,NA,0
9,3,2,NA,NA,NA,0
10,5,3,NA,NA,NA,0
11,5,3,NA,NA,NA,0
12,5,3,NA,NA,NA,0
13,5,3,NA,NA,NA,0
14,5,3,NA,NA,NA,0
15,6,4,NA,NA,NA,0
16,6,4,NA,NA,NA,0
17,6,4,NA,NA,NA,0
18,6,4,NA,NA,NA,0
19,6,4,NA,NA,NA,0
20,6,4,NA,NA,NA,0
21,4,5,NA,NA,NA,0
22,4,5,NA,NA,NA,0
23,4,5,NA,NA,NA,0
24,4,5,NA,NA,NA,0
25,5,6,NA,NA,NA,0
26,5,6,NA,NA,NA,0
27,5,6,NA,NA,NA,0
28,5,6,NA,NA,NA,0
29,5,6,NA,NA,NA,0
30,6,7,NA,NA,NA,0
31,6,7,NA,NA,NA,0
32,6,7,NA,NA,NA,0
33,6,7,NA,NA,NA,0
34,6,7,NA,NA,NA,0
35,6,7,NA,NA,NA,0
36,5,8,NA,NA,NA,0
37,5,8,NA,NA,NA,0
38,5,8,NA,NA,NA,0
39,5,8,NA,NA,NA,0
40,5,8,NA,NA,NA,0
41,6,9,NA,NA,NA,0
42,6,9,NA,NA,NA,0
43,6,9,NA,NA,NA,0
44,6,9,NA,NA,NA,0
45,6,9,NA,NA,NA,0
46,6,9,NA,NA,NA,0
47,4,10,NA,NA,NA,0
48,4,10,NA,NA,NA,0
49,4,10,NA,NA,NA,0
50,4,10,NA,NA,NA,0
51,3,11,NA,NA,NA,0
52,3,11,NA,NA,NA,0
53,3,11,NA,NA,NA,0
54,6,12,NA,NA,NA,0
55,6,12,NA,NA,NA,0
56,6,12,NA,NA,NA,0
57,6,12,NA,NA,NA,0
58,6,12,NA,NA,NA,0
59,6,12,NA,NA,NA,0
60,5,13,NA,NA,NA,0
61,5,13,NA,NA,NA,0
62,5,13,NA,NA,NA,0
63,5,13,NA,NA,NA,0
64,5,13,NA,NA,NA,0
65,6,14,NA,NA,NA,0
66,6,14,NA,NA,NA,0
67,6,14,NA,NA,NA,0
68,6,14,NA,NA,NA,0
69,6,14,NA,NA,NA,0
70,6,14,NA,NA,NA,0
71,4,15,NA,NA,NA,0
72,4,15,NA,NA,NA,0
73,4,15,NA,NA,NA,0
74,4,15,NA,NA,NA,0
75,6,16,NA,NA,NA,0
76,6,16,NA,NA,NA,0
77,6,16,NA,NA,NA,0
78,6,16,NA,NA,NA,0
79,6,16,NA,NA,NA,0
80,6,16,NA,NA,NA,0
81,5,17,NA,NA,NA,0
82,5,17,NA,NA,NA,0
83,5,17,NA,NA,NA,0
84,5,17,NA,NA,NA,0
85,5,17,NA,NA,NA,0
86,5,18,NA,NA,NA,0
87,5,18,NA,NA,NA,0
88,5,18,NA,NA,NA,0
89,5,18,NA,NA,NA,0
90,5,18,NA,NA,NA,0
91,4,19,NA,NA,NA,0
92,4,19,NA,NA,NA,0
93,4,19,NA,NA,NA,0
94,4,19,NA,NA,NA,0
95,4,20,NA,NA,NA,0
96,4,20,NA,NA,NA,0
97,4,20,NA,NA,NA,0
98,4,20,NA,NA,NA,0
99,6,21,NA,NA,NA,0
100,6,21,NA,NA,NA,0
101,6,21,NA,NA,NA,0
102,6,21,NA,NA,NA,0
103,6,21,NA,NA,NA,0
104,6,21,NA,NA,NA,0
105,3,22,NA,NA,NA,0
106,3,22,NA,NA,NA,0
107,3,22,NA,NA,NA,0
108,6,23,NA,NA,NA,0
109,6,23,NA,NA,NA,0
110,6,23,NA,NA,NA,0
111,6,23,NA,NA,NA,0
112,6,23,NA,NA,NA,0
113,6,23,NA,NA,NA,0
114,5,24,"H",245,1,1
115,5,24,"H",292,0,0
116,5,24,"H",263,0,0
117,5,24,"C",218,4,3
118,5,24,"H",250,1,0
119,4,25,NA,NA,NA,0
120,4,25,NA,NA,NA,0
121,4,25,NA,NA,NA,0
122,4,25,NA,NA,NA,0
123,3,26,NA,NA,NA,0
124,3,26,NA,NA,NA,0
125,3,26,NA,NA,NA,0
126,4,27,NA,NA,NA,0
127,4,27,NA,NA,NA,0
128,4,27,NA,NA,NA,0
129,4,27,NA,NA,NA,0
130,5,28,NA,NA,NA,0
131,5,28,NA,NA,NA,0
132,5,28,NA,NA,NA,0
133,5,28,NA,NA,NA,0
134,5,28,NA,NA,NA,0
135,5,29,"C",353,4,0
136,5,29,NA,NA,NA,0
137,5,29,NA,NA,NA,0
138,5,29,NA,NA,NA,0
139,5,29,NA,NA,NA,0
140,3,30,NA,NA,NA,0
141,3,30,NA,NA,NA,0
142,3,30,NA,NA,NA,0
143,5,31,NA,NA,NA,0
144,5,31,NA,NA,NA,0
145,5,31,NA,NA,NA,0
146,5,31,NA,NA,NA,0
147,5,31,NA,NA,NA,0
148,5,32,NA,NA,NA,0
149,5,32,NA,NA,NA,0
150,5,32,NA,NA,NA,0
151,5,32,NA,NA,NA,0
152,5,32,NA,NA,NA,0
153,5,33,NA,NA,NA,0
154,5,33,NA,NA,NA,0
155,5,33,NA,NA,NA,0
156,5,33,NA,NA,NA,0
157,5,33,NA,NA,NA,0
158,3,34,NA,NA,NA,0
159,3,34,NA,NA,NA,0
160,3,34,NA,NA,NA,0
161,6,35,NA,NA,NA,0
162,6,35,NA,NA,NA,0
163,6,35,NA,NA,NA,0
164,6,35,NA,NA,NA,0
165,6,35,NA,NA,NA,0
166,6,35,NA,NA,NA,0
167,4,36,NA,NA,NA,0
168,4,36,NA,NA,NA,0
169,4,36,NA,NA,NA,0
170,4,36,NA,NA,NA,0
171,4,37,NA,NA,NA,0
172,4,37,NA,NA,NA,0
173,4,37,NA,NA,NA,0
174,4,37,NA,NA,NA,0
175,4,38,NA,NA,NA,0
176,4,38,NA,NA,NA,0
177,4,38,NA,NA,NA,0
178,4,38,NA,NA,NA,0
179,6,39,NA,NA,NA,0
180,6,39,NA,NA,NA,0
181,6,39,NA,NA,NA,0
182,6,39,NA,NA,NA,0
183,6,39,NA,NA,NA,0
184,6,39,NA,NA,NA,0
185,4,40,NA,NA,NA,0
186,4,40,NA,NA,NA,0
187,4,40,NA,NA,NA,0
188,4,40,NA,NA,NA,0
189,6,41,NA,NA,NA,0
190,6,41,NA,NA,NA,0
191,6,41,NA,NA,NA,0
192,6,41,NA,NA,NA,0
193,6,41,NA,NA,NA,0
194,6,41,NA,NA,NA,0
195,6,42,NA,NA,NA,0
196,6,42,NA,NA,NA,0
197,6,42,NA,NA,NA,0
198,6,42,NA,NA,NA,0
199,6,42,NA,NA,NA,0
200,6,42,NA,NA,NA,0
201,4,43,"C",167,3,0
202,4,43,NA,NA,NA,0
203,4,43,NA,NA,NA,0
204,4,43,NA,NA,NA,0
205,4,44,NA,NA,NA,0
206,4,44,NA,NA,NA,0
207,4,44,NA,NA,NA,0
208,4,44,NA,NA,NA,0
209,4,45,NA,NA,NA,0
210,4,45,NA,NA,NA,0
211,4,45,NA,NA,NA,0
212,4,45,NA,NA,NA,0
213,5,46,NA,NA,NA,0
214,5,46,NA,NA,NA,0
215,5,46,NA,NA,NA,0
216,5,46,NA,NA,NA,0
217,5,46,NA,NA,NA,0
218,6,47,NA,NA,NA,0
219,6,47,NA,NA,NA,0
220,6,47,NA,NA,NA,0
221,6,47,NA,NA,NA,0
222,6,47,NA,NA,NA,0
223,6,47,NA,NA,NA,0
224,3,48,NA,NA,NA,0
225,3,48,NA,NA,NA,0
226,3,48,NA,NA,NA,0
227,5,49,NA,NA,NA,0
228,5,49,NA,NA,NA,0
229,5,49,NA,NA,NA,0
230,5,49,NA,NA,NA,0
231,5,49,NA,NA,NA,0
232,4,50,NA,NA,NA,0
233,4,50,NA,NA,NA,0
234,4,50,NA,NA,NA,0
235,4,50,NA,NA,NA,0
236,5,51,NA,NA,NA,0
237,5,51,NA,NA,NA,0
238,5,51,NA,NA,NA,0
239,5,51,NA,NA,NA,0
240,5,51,NA,NA,NA,0
241,4,52,NA,NA,NA,0
242,4,52,NA,NA,NA,0
243,4,52,NA,NA,NA,0
244,4,52,NA,NA,NA,0
245,5,53,NA,NA,NA,0
246,5,53,NA,NA,NA,0
247,5,53,NA,NA,NA,0
248,5,53,NA,NA,NA,0
249,5,53,NA,NA,NA,0
250,6,54,NA,NA,NA,0
251,6,54,NA,NA,NA,0
252,6,54,NA,NA,NA,0
253,6,54,NA,NA,NA,0
254,6,54,NA,NA,NA,0
255,6,54,NA,NA,NA,0
256,4,55,NA,NA,NA,0
257,4,55,NA,NA,NA,0
258,4,55,NA,NA,NA,0
259,4,55,NA,NA,NA,0
260,4,56,NA,NA,NA,0
261,4,56,NA,NA,NA,0
262,4,56,NA,NA,NA,0
263,4,56,NA,NA,NA,0
264,3,57,NA,NA,NA,0
265,3,57,NA,NA,NA,0
266,3,57,NA,NA,NA,0
267,6,58,NA,NA,NA,0
268,6,58,NA,NA,NA,0
269,6,58,NA,NA,NA,0
270,6,58,NA,NA,NA,0
271,6,58,NA,NA,NA,0
272,6,58,NA,NA,NA,0
273,6,59,NA,NA,NA,0
274,6,59,NA,NA,NA,0
275,6,59,NA,NA,NA,0
276,6,59,NA,NA,NA,0
277,6,59,NA,NA,NA,0
278,6,59,NA,NA,NA,0
279,4,60,NA,NA,NA,0
280,4,60,NA,NA,NA,0
281,4,60,NA,NA,NA,0
282,4,60,NA,NA,NA,0
283,5,61,NA,NA,NA,0
284,5,61,NA,NA,NA,0
285,5,61,NA,NA,NA,0
286,5,61,NA,NA,NA,0
287,5,61,NA,NA,NA,0
288,6,62,NA,NA,NA,0
289,6,62,NA,NA,NA,0
290,6,62,"C",NA,NA,0
291,6,62,NA,NA,NA,0
292,6,62,NA,NA,NA,0
293,6,62,NA,NA,NA,0
294,5,63,NA,NA,NA,0
295,5,63,NA,NA,NA,0
296,5,63,NA,NA,NA,0
297,5,63,NA,NA,NA,0
298,5,63,NA,NA,NA,0
299,3,64,NA,NA,NA,0
300,3,64,NA,NA,NA,0
301,3,64,NA,NA,NA,0
302,3,65,NA,NA,NA,0
303,3,65,NA,NA,NA,0
304,3,65,NA,NA,NA,0
305,6,66,NA,NA,NA,0
306,6,66,NA,NA,NA,0
307,6,66,NA,NA,NA,0
308,6,66,NA,NA,NA,0
309,6,66,NA,NA,NA,0
310,6,66,NA,NA,NA,0
311,6,67,NA,NA,NA,0
312,6,67,NA,NA,NA,0
313,6,67,NA,NA,NA,0
314,6,67,NA,NA,NA,0
315,6,67,NA,NA,NA,0
316,6,67,NA,NA,NA,0
317,3,68,NA,NA,NA,0
318,3,68,NA,NA,NA,0
319,3,68,NA,NA,NA,0
320,6,69,NA,NA,NA,0
321,6,69,NA,NA,NA,0
322,6,69,NA,NA,NA,0
323,6,69,NA,NA,NA,0
324,6,69,"C",364,5,0
325,6,69,NA,NA,NA,0
326,6,70,NA,NA,NA,0
327,6,70,NA,NA,NA,0
328,6,70,NA,NA,NA,0
329,6,70,NA,NA,NA,0
330,6,70,NA,NA,NA,0
331,6,70,NA,NA,NA,0
332,4,71,NA,NA,NA,0
333,4,71,NA,NA,NA,0
334,4,71,NA,NA,NA,0
335,4,71,NA,NA,NA,0
336,6,72,NA,NA,NA,0
337,6,72,NA,NA,NA,0
338,6,72,NA,NA,NA,0
339,6,72,NA,NA,NA,0
340,6,72,NA,NA,NA,0
341,6,72,NA,NA,NA,0
342,5,73,NA,NA,NA,0
343,5,73,NA,NA,NA,0
344,5,73,NA,NA,NA,0
345,5,73,NA,NA,NA,0
346,5,73,NA,NA,NA,0
347,5,74,NA,NA,NA,0
348,5,74,NA,NA,NA,0
349,5,74,NA,NA,NA,0
350,5,74,NA,NA,NA,0
351,5,74,NA,NA,NA,0
352,5,75,"H",306,2,1
353,5,75,"H",318,1,0
354,5,75,NA,NA,NA,0
355,5,75,"C",276,4,2
356,5,75,"H",342,1,0
357,6,76,"H",318,2,2
358,6,76,"H",364,0,0
359,6,76,"H",354,0,0
360,6,76,"H",324,0,0
361,6,76,"H",337,0,0
362,6,76,"C",295,5,3
363,3,77,NA,NA,NA,0
364,3,77,NA,NA,NA,0
365,3,77,NA,NA,NA,0
366,5,78,NA,NA,NA,0
367,5,78,NA,NA,NA,0
368,5,78,NA,NA,NA,0
369,5,78,NA,NA,NA,0
370,5,78,NA,NA,NA,0
371,6,79,NA,NA,NA,0
372,6,79,NA,NA,NA,0
373,6,79,NA,NA,NA,0
374,6,79,NA,NA,NA,0
375,6,79,NA,NA,NA,0
376,6,79,NA,NA,NA,0
377,5,80,NA,NA,NA,0
378,5,80,NA,NA,NA,0
379,5,80,NA,NA,NA,0
380,5,80,NA,NA,NA,0
381,5,80,NA,NA,NA,0
382,5,81,NA,NA,NA,0
383,5,81,NA,NA,NA,0
384,5,81,NA,NA,NA,0
385,5,81,NA,NA,NA,0
386,5,81,NA,NA,NA,0
387,3,82,NA,NA,NA,0
388,3,82,NA,NA,NA,0
389,3,82,NA,NA,NA,0
390,4,83,NA,NA,NA,0
391,4,83,NA,NA,NA,0
392,4,83,NA,NA,NA,0
393,4,83,NA,NA,NA,0
394,4,84,NA,NA,NA,0
395,4,84,NA,NA,NA,0
396,4,84,NA,NA,NA,0
397,4,84,NA,NA,NA,0
398,5,85,NA,NA,NA,0
399,5,85,NA,NA,NA,0
400,5,85,NA,NA,NA,0
401,5,85,NA,NA,NA,0
402,5,85,NA,NA,NA,0
403,3,86,NA,NA,NA,0
404,3,86,NA,NA,NA,0
405,3,86,NA,NA,NA,0
406,5,87,NA,NA,NA,0
407,5,87,NA,NA,NA,0
408,5,87,NA,NA,NA,0
409,5,87,NA,NA,NA,0
410,5,87,NA,NA,NA,0
411,6,88,NA,NA,NA,0
412,6,88,NA,NA,NA,0
413,6,88,NA,NA,NA,0
414,6,88,NA,NA,NA,0
415,6,88,NA,NA,NA,0
416,6,88,NA,NA,NA,0
417,3,89,NA,NA,NA,0
418,3,89,NA,NA,NA,0
419,3,89,NA,NA,NA,0
420,5,90,NA,NA,NA,0
421,5,90,NA,NA,NA,0
422,5,90,NA,NA,NA,0
423,5,90,NA,NA,NA,0
424,5,90,NA,NA,NA,0
425,3,91,NA,NA,NA,0
426,3,91,NA,NA,NA,0
427,3,91,NA,NA,NA,0
428,6,92,NA,NA,NA,0
429,6,92,NA,NA,NA,0
430,6,92,NA,NA,NA,0
431,6,92,NA,NA,NA,0
432,6,92,NA,NA,NA,0
433,6,92,NA,NA,NA,0
434,5,93,NA,NA,NA,0
435,5,93,NA,NA,NA,0
436,5,93,NA,NA,NA,0
437,5,93,NA,NA,NA,0
438,5,93,NA,NA,NA,0
439,5,94,NA,NA,NA,0
440,5,94,NA,NA,NA,0
441,5,94,NA,NA,NA,0
442,5,94,NA,NA,NA,0
443,5,94,NA,NA,NA,0
444,6,95,NA,NA,NA,0
445,6,95,NA,NA,NA,0
446,6,95,NA,NA,NA,0
447,6,95,NA,NA,NA,0
448,6,95,NA,NA,NA,0
449,6,95,NA,NA,NA,0
450,3,96,NA,NA,NA,0
451,3,96,NA,NA,NA,0
452,3,96,NA,NA,NA,0
453,5,97,NA,NA,NA,0
454,5,97,NA,NA,NA,0
455,5,97,NA,NA,NA,0
456,5,97,NA,NA,NA,0
457,5,97,NA,NA,NA,0
458,6,98,NA,NA,NA,0
459,6,98,NA,NA,NA,0
460,6,98,NA,NA,NA,0
461,6,98,NA,NA,NA,0
462,6,98,NA,NA,NA,0
463,6,98,NA,NA,NA,0
464,4,99,NA,NA,NA,0
465,4,99,NA,NA,NA,0
466,4,99,NA,NA,NA,0
467,4,99,NA,NA,NA,0
468,4,100,NA,NA,NA,0
469,4,100,NA,NA,NA,0
470,4,100,NA,NA,NA,0
471,4,100,NA,NA,NA,0
472,6,101,NA,NA,NA,0
473,6,101,NA,NA,NA,0
474,6,101,NA,NA,NA,0
475,6,101,NA,NA,NA,0
476,6,101,NA,NA,NA,0
477,6,101,NA,NA,NA,0
478,5,102,NA,NA,NA,0
479,5,102,NA,NA,NA,0
480,5,102,NA,NA,NA,0
481,5,102,NA,NA,NA,0
482,5,102,NA,NA,NA,0
483,5,103,NA,NA,NA,0
484,5,103,NA,NA,NA,0
485,5,103,NA,NA,NA,0
486,5,103,NA,NA,NA,0
487,5,103,NA,NA,NA,0
488,4,104,NA,NA,NA,0
489,4,104,NA,NA,NA,0
490,4,104,NA,NA,NA,0
491,4,104,NA,NA,NA,0
492,5,105,NA,NA,NA,0
493,5,105,NA,NA,NA,0
494,5,105,NA,NA,NA,0
495,5,105,NA,NA,NA,0
496,5,105,NA,NA,NA,0
497,6,106,NA,NA,NA,0
498,6,106,NA,NA,NA,0
499,6,106,NA,NA,NA,0
500,6,106,NA,NA,NA,0
501,6,106,NA,NA,NA,0
502,6,106,NA,NA,NA,0
503,6,107,NA,NA,NA,0
504,6,107,"C",321,5,1
505,6,107,NA,NA,NA,0
506,6,107,"H",NA,NA,0
507,6,107,NA,NA,NA,0
508,6,107,NA,NA,NA,0
509,5,108,NA,NA,NA,0
510,5,108,NA,NA,NA,0
511,5,108,NA,NA,NA,0
512,5,108,NA,NA,NA,0
513,5,108,NA,NA,NA,0
514,4,109,NA,NA,NA,0
515,4,109,NA,NA,NA,0
516,4,109,NA,NA,NA,0
517,4,109,NA,NA,NA,0
518,6,110,NA,NA,NA,0
519,6,110,NA,NA,NA,0
520,6,110,NA,NA,NA,0
521,6,110,NA,NA,NA,0
522,6,110,NA,NA,NA,0
523,6,110,NA,NA,NA,0
524,3,111,NA,NA,NA,0
525,3,111,NA,NA,NA,0
526,3,111,NA,NA,NA,0
527,5,112,NA,NA,NA,0
528,5,112,NA,NA,NA,0
529,5,112,NA,NA,NA,0
530,5,112,NA,NA,NA,0
531,5,112,NA,NA,NA,0
532,3,113,NA,NA,NA,0
533,3,113,NA,NA,NA,0
534,3,113,NA,NA,NA,0
535,5,114,NA,NA,NA,0
536,5,114,NA,NA,NA,0
537,5,114,NA,NA,NA,0
538,5,114,NA,NA,NA,0
539,5,114,NA,NA,NA,0
540,6,115,"H",266,1,0
541,6,115,"H",187,4,2
542,6,115,"H",234,2,1
543,6,115,"C",140,5,1
544,6,115,"H",210,2,0
545,6,115,NA,NA,NA,0
546,4,116,NA,NA,NA,0
547,4,116,NA,NA,NA,0
548,4,116,NA,NA,NA,0
549,4,116,NA,NA,NA,0
550,3,117,NA,NA,NA,0
551,3,117,NA,NA,NA,0
552,3,117,NA,NA,NA,0
553,6,118,NA,NA,NA,0
554,6,118,NA,NA,NA,0
555,6,118,NA,NA,NA,0
556,6,118,NA,NA,NA,0
557,6,118,NA,NA,NA,0
558,6,118,NA,NA,NA,0
559,3,119,NA,NA,NA,0
560,3,119,NA,NA,NA,0
561,3,119,NA,NA,NA,0
562,5,120,NA,NA,NA,0
563,5,120,NA,NA,NA,0
564,5,120,NA,NA,NA,0
565,5,120,NA,NA,NA,0
566,5,120,NA,NA,NA,0
567,5,121,NA,NA,NA,0
568,5,121,NA,NA,NA,0
569,5,121,NA,NA,NA,0
570,5,121,NA,NA,NA,0
571,5,121,NA,NA,NA,0
572,3,122,NA,NA,NA,0
573,3,122,NA,NA,NA,0
574,3,122,NA,NA,NA,0
575,4,123,NA,NA,NA,0
576,4,123,NA,NA,NA,0
577,4,123,NA,NA,NA,0
578,4,123,NA,NA,NA,0
579,3,124,NA,NA,NA,0
580,3,124,NA,NA,NA,0
581,3,124,NA,NA,NA,0
582,3,125,NA,NA,NA,0
583,3,125,NA,NA,NA,0
584,3,125,NA,NA,NA,0
585,4,126,NA,NA,NA,0
586,4,126,NA,NA,NA,0
587,4,126,NA,NA,NA,0
588,4,126,NA,NA,NA,0
589,6,127,NA,NA,NA,0
590,6,127,NA,NA,NA,0
591,6,127,NA,NA,NA,0
592,6,127,NA,NA,NA,0
593,6,127,NA,NA,NA,0
594,6,127,NA,NA,NA,0
595,6,128,NA,NA,NA,0
596,6,128,NA,NA,NA,0
597,6,128,NA,NA,NA,0
598,6,128,NA,NA,NA,0
599,6,128,NA,NA,NA,0
600,6,128,NA,NA,NA,0
601,5,129,"C",162,4,2
602,5,129,"H",205,1,1
603,5,129,"H",184,2,1
604,5,129,"H",263,0,0
605,5,129,"H",214,0,0
606,4,130,NA,NA,NA,0
607,4,130,NA,NA,NA,0
608,4,130,NA,NA,NA,0
609,4,130,NA,NA,NA,0
610,6,131,NA,NA,NA,0
611,6,131,NA,NA,NA,0
612,6,131,NA,NA,NA,0
613,6,131,NA,NA,NA,0
614,6,131,NA,NA,NA,0
615,6,131,NA,NA,NA,0
616,6,132,NA,NA,NA,0
617,6,132,NA,NA,NA,0
618,6,132,NA,NA,NA,0
619,6,132,NA,NA,NA,0
620,6,132,NA,NA,NA,0
621,6,132,NA,NA,NA,0
622,3,133,NA,NA,NA,0
623,3,133,NA,NA,NA,0
624,3,133,NA,NA,NA,0
625,6,134,NA,NA,NA,0
626,6,134,NA,NA,NA,0
627,6,134,NA,NA,NA,0
628,6,134,NA,NA,NA,0
629,6,134,NA,NA,NA,0
630,6,134,NA,NA,NA,0
631,5,135,NA,NA,NA,0
632,5,135,NA,NA,NA,0
633,5,135,NA,NA,NA,0
634,5,135,NA,NA,NA,0
635,5,135,NA,NA,NA,0
636,4,136,NA,NA,NA,0
637,4,136,NA,NA,NA,0
638,4,136,NA,NA,NA,0
639,4,136,NA,NA,NA,0
640,5,137,NA,NA,NA,0
641,5,137,NA,NA,NA,0
642,5,137,NA,NA,NA,0
643,5,137,NA,NA,NA,0
644,5,137,NA,NA,NA,0
645,4,138,NA,NA,NA,0
646,4,138,NA,NA,NA,0
647,4,138,NA,NA,NA,0
648,4,138,NA,NA,NA,0
649,5,139,NA,NA,NA,0
650,5,139,NA,NA,NA,0
651,5,139,NA,NA,NA,0
652,5,139,NA,NA,NA,0
653,5,139,NA,NA,NA,0
654,6,140,NA,NA,NA,0
655,6,140,NA,NA,NA,0
656,6,140,NA,NA,NA,0
657,6,140,NA,NA,NA,0
658,6,140,NA,NA,NA,0
659,6,140,NA,NA,NA,0
660,4,141,NA,NA,NA,0
661,4,141,NA,NA,NA,0
662,4,141,NA,NA,NA,0
663,4,141,NA,NA,NA,0
664,3,142,NA,NA,NA,0
665,3,142,NA,NA,NA,0
666,3,142,NA,NA,NA,0
667,5,143,NA,NA,NA,0
668,5,143,NA,NA,NA,0
669,5,143,NA,NA,NA,0
670,5,143,NA,NA,NA,0
671,5,143,NA,NA,NA,0
672,5,144,NA,NA,NA,0
673,5,144,NA,NA,NA,0
674,5,144,NA,NA,NA,0
675,5,144,NA,NA,NA,0
676,5,144,NA,NA,NA,0
677,3,145,NA,NA,NA,0
678,3,145,NA,NA,NA,0
679,3,145,NA,NA,NA,0
680,3,146,NA,NA,NA,0
681,3,146,NA,NA,NA,0
682,3,146,NA,NA,NA,0
683,3,147,NA,NA,NA,0
684,3,147,NA,NA,NA,0
685,3,147,NA,NA,NA,0
686,4,148,NA,NA,NA,0
687,4,148,NA,NA,NA,0
688,4,148,NA,NA,NA,0
689,4,148,NA,NA,NA,0
690,6,149,"H",NA,NA,0
691,6,149,"C",307,5,1
692,6,149,"H",NA,NA,0
693,6,149,"H",NA,NA,0
694,6,149,NA,NA,NA,0
695,6,149,"H",354,4,3
696,5,150,NA,NA,NA,0
697,5,150,NA,NA,NA,0
698,5,150,NA,NA,NA,0
699,5,150,NA,NA,NA,0
700,5,150,NA,NA,NA,0
701,5,151,NA,NA,NA,0
702,5,151,NA,NA,NA,0
703,5,151,NA,NA,NA,0
704,5,151,NA,NA,NA,0
705,5,151,NA,NA,NA,0
706,6,152,NA,NA,NA,0
707,6,152,NA,NA,NA,0
708,6,152,"H",NA,NA,0
709,6,152,"C",345,5,1
710,6,152,NA,NA,NA,0
711,6,152,NA,NA,NA,0
712,5,153,NA,NA,NA,0
713,5,153,NA,NA,NA,0
714,5,153,NA,NA,NA,0
715,5,153,NA,NA,NA,0
716,5,153,NA,NA,NA,0
717,4,154,NA,NA,NA,0
718,4,154,NA,NA,NA,0
719,4,154,NA,NA,NA,0
720,4,154,NA,NA,NA,0
721,3,155,NA,NA,NA,0
722,3,155,NA,NA,NA,0
723,3,155,NA,NA,NA,0
724,5,156,NA,NA,NA,0
725,5,156,NA,NA,NA,0
726,5,156,NA,NA,NA,0
727,5,156,NA,NA,NA,0
728,5,156,NA,NA,NA,0
729,3,157,NA,NA,NA,0
730,3,157,NA,NA,NA,0
731,3,157,NA,NA,NA,0
732,6,158,NA,NA,NA,0
733,6,158,NA,NA,NA,0
734,6,158,NA,NA,NA,0
735,6,158,NA,NA,NA,0
736,6,158,NA,NA,NA,0
737,6,158,NA,NA,NA,0
738,4,159,NA,NA,NA,0
739,4,159,NA,NA,NA,0
740,4,159,NA,NA,NA,0
741,4,159,NA,NA,NA,0
742,4,160,NA,NA,NA,0
743,4,160,NA,NA,NA,0
744,4,160,NA,NA,NA,0
745,4,160,NA,NA,NA,0
746,4,161,NA,NA,NA,0
747,4,161,NA,NA,NA,0
748,4,161,NA,NA,NA,0
749,4,161,NA,NA,NA,0
750,4,162,NA,NA,NA,0
751,4,162,NA,NA,NA,0
752,4,162,NA,NA,NA,0
753,4,162,NA,NA,NA,0
754,3,163,NA,NA,NA,0
755,3,163,"C",333,2,0
756,3,163,NA,NA,NA,0
757,5,164,NA,NA,NA,0
758,5,164,NA,NA,NA,0
759,5,164,NA,NA,NA,0
760,5,164,NA,NA,NA,0
761,5,164,NA,NA,NA,0
762,6,165,NA,NA,NA,0
763,6,165,NA,NA,NA,0
764,6,165,NA,NA,NA,0
765,6,165,NA,NA,NA,0
766,6,165,NA,NA,NA,0
767,6,165,NA,NA,NA,0
768,3,166,NA,NA,NA,0
769,3,166,NA,NA,NA,0
770,3,166,NA,NA,NA,0
771,5,167,NA,NA,NA,0
772,5,167,"C",244,4,1
773,5,167,"H",303,3,0
774,5,167,NA,NA,NA,0
775,5,167,NA,NA,NA,0
776,6,168,NA,NA,NA,0
777,6,168,NA,NA,NA,0
778,6,168,NA,NA,NA,0
779,6,168,NA,NA,NA,0
780,6,168,NA,NA,NA,0
781,6,168,NA,NA,NA,0
782,3,169,NA,NA,NA,0
783,3,169,NA,NA,NA,0
784,3,169,NA,NA,NA,0
785,3,170,NA,NA,NA,0
786,3,170,NA,NA,NA,0
787,3,170,NA,NA,NA,0
788,5,171,NA,NA,NA,0
789,5,171,NA,NA,NA,0
790,5,171,NA,NA,NA,0
791,5,171,NA,NA,NA,0
792,5,171,NA,NA,NA,0
793,4,172,NA,NA,NA,0
794,4,172,NA,NA,NA,0
795,4,172,NA,NA,NA,0
796,4,172,NA,NA,NA,0
797,6,173,NA,NA,NA,0
798,6,173,NA,NA,NA,0
799,6,173,NA,NA,NA,0
800,6,173,NA,NA,NA,0
801,6,173,NA,NA,NA,0
802,6,173,NA,NA,NA,0
803,5,174,NA,NA,NA,0
804,5,174,NA,NA,NA,0
805,5,174,NA,NA,NA,0
806,5,174,NA,NA,NA,0
807,5,174,NA,NA,NA,0
808,4,175,"H",159,2,1
809,4,175,"H",233,0,0
810,4,175,"H",197,1,1
811,4,175,"C",122,3,1
812,6,176,NA,NA,NA,0
813,6,176,NA,NA,NA,0
814,6,176,NA,NA,NA,0
815,6,176,NA,NA,NA,0
816,6,176,NA,NA,NA,0
817,6,176,NA,NA,NA,0
818,3,177,NA,NA,NA,0
819,3,177,NA,NA,NA,0
820,3,177,NA,NA,NA,0
821,6,178,NA,NA,NA,0
822,6,178,NA,NA,NA,0
823,6,178,NA,NA,NA,0
824,6,178,NA,NA,NA,0
825,6,178,NA,NA,NA,0
826,6,178,NA,NA,NA,0
827,3,179,NA,NA,NA,0
828,3,179,NA,NA,NA,0
829,3,179,NA,NA,NA,0
830,6,180,NA,NA,NA,0
831,6,180,NA,NA,NA,0
832,6,180,NA,NA,NA,0
833,6,180,NA,NA,NA,0
834,6,180,NA,NA,NA,0
835,6,180,NA,NA,NA,0
836,3,181,NA,NA,NA,0
837,3,181,NA,NA,NA,0
838,3,181,NA,NA,NA,0
839,3,182,NA,NA,NA,0
840,3,182,NA,NA,NA,0
841,3,182,NA,NA,NA,0
842,4,183,NA,NA,NA,0
843,4,183,NA,NA,NA,0
844,4,183,NA,NA,NA,0
845,4,183,NA,NA,NA,0
846,5,184,NA,NA,NA,0
847,5,184,NA,NA,NA,0
848,5,184,NA,NA,NA,0
849,5,184,NA,NA,NA,0
850,5,184,NA,NA,NA,0
851,3,185,NA,NA,NA,0
852,3,185,NA,NA,NA,0
853,3,185,NA,NA,NA,0
854,6,186,NA,NA,NA,0
855,6,186,NA,NA,NA,0
856,6,186,NA,NA,NA,0
857,6,186,NA,NA,NA,0
858,6,186,NA,NA,NA,0
859,6,186,NA,NA,NA,0
860,5,187,NA,NA,NA,0
861,5,187,NA,NA,NA,0
862,5,187,NA,NA,NA,0
863,5,187,NA,NA,NA,0
864,5,187,NA,NA,NA,0
865,3,188,NA,NA,NA,0
866,3,188,NA,NA,NA,0
867,3,188,NA,NA,NA,0
868,4,189,"H",331,1,1
869,4,189,"H",349,0,0
870,4,189,"H",326,1,0
871,4,189,"C",306,3,2
872,5,190,NA,NA,NA,0
873,5,190,NA,NA,NA,0
874,5,190,NA,NA,NA,0
875,5,190,NA,NA,NA,0
876,5,190,NA,NA,NA,0
877,6,191,NA,NA,NA,0
878,6,191,NA,NA,NA,0
879,6,191,NA,NA,NA,0
880,6,191,NA,NA,NA,0
881,6,191,NA,NA,NA,0
882,6,191,NA,NA,NA,0
883,6,192,NA,NA,NA,0
884,6,192,NA,NA,NA,0
885,6,192,"C",NA,NA,0
886,6,192,NA,NA,NA,0
887,6,192,NA,NA,NA,0
888,6,192,NA,NA,NA,0
889,6,193,NA,NA,NA,0
890,6,193,NA,NA,NA,0
891,6,193,NA,NA,NA,0
892,6,193,NA,NA,NA,0
893,6,193,NA,NA,NA,0
894,6,193,NA,NA,NA,0
895,6,194,NA,NA,NA,0
896,6,194,NA,NA,NA,0
897,6,194,NA,NA,NA,0
898,6,194,NA,NA,NA,0
899,6,194,NA,NA,NA,0
900,6,194,NA,NA,NA,0
901,5,195,NA,NA,NA,0
902,5,195,NA,NA,NA,0
903,5,195,NA,NA,NA,0
904,5,195,NA,NA,NA,0
905,5,195,NA,NA,NA,0
906,4,196,NA,NA,NA,0
907,4,196,NA,NA,NA,0
908,4,196,NA,NA,NA,0
909,4,196,NA,NA,NA,0
910,5,197,NA,NA,NA,0
911,5,197,NA,NA,NA,0
912,5,197,NA,NA,NA,0
913,5,197,NA,NA,NA,0
914,5,197,NA,NA,NA,0
915,3,198,NA,NA,NA,0
916,3,198,NA,NA,NA,0
917,3,198,NA,NA,NA,0
918,4,199,NA,NA,NA,0
919,4,199,NA,NA,NA,0
920,4,199,NA,NA,NA,0
921,4,199,NA,NA,NA,0
922,6,200,NA,NA,NA,0
923,6,200,NA,NA,NA,0
924,6,200,NA,NA,NA,0
925,6,200,NA,NA,NA,0
926,6,200,NA,NA,NA,0
927,6,200,NA,NA,NA,0
928,4,201,NA,NA,NA,0
929,4,201,NA,NA,NA,0
930,4,201,NA,NA,NA,0
931,4,201,NA,NA,NA,0
932,5,202,NA,NA,NA,0
933,5,202,NA,NA,NA,0
934,5,202,NA,NA,NA,0
935,5,202,NA,NA,NA,0
936,5,202,NA,NA,NA,0
937,5,203,NA,NA,NA,0
938,5,203,NA,NA,NA,0
939,5,203,NA,NA,NA,0
940,5,203,NA,NA,NA,0
941,5,203,NA,NA,NA,0
942,3,204,NA,NA,NA,0
943,3,204,NA,NA,NA,0
944,3,204,NA,NA,NA,0
945,4,205,NA,NA,NA,0
946,4,205,NA,NA,NA,0
947,4,205,NA,NA,NA,0
948,4,205,NA,NA,NA,0
949,3,206,NA,NA,NA,0
950,3,206,NA,NA,NA,0
951,3,206,NA,NA,NA,0
952,3,207,"C",248,2,1
953,3,207,"H",286,0,0
954,3,207,"H",268,1,1
955,4,208,NA,NA,NA,0
956,4,208,NA,NA,NA,0
957,4,208,NA,NA,NA,0
958,4,208,NA,NA,NA,0
959,3,209,"C",310,2,0
960,3,209,NA,NA,NA,0
961,3,209,NA,NA,NA,0
962,5,210,NA,NA,NA,0
963,5,210,NA,NA,NA,0
964,5,210,NA,NA,NA,0
965,5,210,NA,NA,NA,0
966,5,210,NA,NA,NA,0
967,6,211,NA,NA,NA,0
968,6,211,NA,NA,NA,0
969,6,211,NA,NA,NA,0
970,6,211,NA,NA,NA,0
971,6,211,NA,NA,NA,0
972,6,211,NA,NA,NA,0
973,5,212,NA,NA,NA,0
974,5,212,NA,NA,NA,0
975,5,212,NA,NA,NA,0
976,5,212,NA,NA,NA,0
977,5,212,NA,NA,NA,0
978,5,213,NA,NA,NA,0
979,5,213,NA,NA,NA,0
980,5,213,NA,NA,NA,0
981,5,213,NA,NA,NA,0
982,5,213,NA,NA,NA,0
983,4,214,NA,NA,NA,0
984,4,214,NA,NA,NA,0
985,4,214,NA,NA,NA,0
986,4,214,NA,NA,NA,0
987,6,215,NA,NA,NA,0
988,6,215,NA,NA,NA,0
989,6,215,NA,NA,NA,0
990,6,215,NA,NA,NA,0
991,6,215,NA,NA,NA,0
992,6,215,"C",185,5,0
993,3,216,NA,NA,NA,0
994,3,216,NA,NA,NA,0
995,3,216,NA,NA,NA,0
996,5,217,"C",267,4,2
997,5,217,NA,NA,NA,0
998,5,217,"H",312,2,0
999,5,217,"H",290,2,0
1000,5,217,NA,NA,NA,0
