"ID","SIZE","HH","TYPE","TIME","S_num","I_num"
1,6,1,"0",24,5,1
2,6,1,"H",60,4,1
3,6,1,"H",133,2,0
4,6,1,NA,NA,NA,0
5,6,1,"H",83,3,1
6,6,1,NA,NA,NA,0
7,3,2,NA,NA,NA,0
8,3,2,NA,NA,NA,0
9,3,2,NA,NA,NA,0
10,4,3,NA,NA,NA,0
11,4,3,NA,NA,NA,0
12,4,3,NA,NA,NA,0
13,4,3,NA,NA,NA,0
14,6,4,NA,NA,NA,0
15,6,4,NA,NA,NA,0
16,6,4,NA,NA,NA,0
17,6,4,NA,NA,NA,0
18,6,4,NA,NA,NA,0
19,6,4,NA,NA,NA,0
20,4,5,NA,NA,NA,0
21,4,5,NA,NA,NA,0
22,4,5,NA,NA,NA,0
23,4,5,NA,NA,NA,0
24,6,6,NA,NA,NA,0
25,6,6,NA,NA,NA,0
26,6,6,NA,NA,NA,0
27,6,6,NA,NA,NA,0
28,6,6,NA,NA,NA,0
29,6,6,NA,NA,NA,0
30,4,7,NA,NA,NA,0
31,4,7,NA,NA,NA,0
32,4,7,NA,NA,NA,0
33,4,7,NA,NA,NA,0
34,3,8,NA,NA,NA,0
35,3,8,NA,NA,NA,0
36,3,8,NA,NA,NA,0
37,6,9,NA,NA,NA,0
38,6,9,NA,NA,NA,0
39,6,9,NA,NA,NA,0
40,6,9,NA,NA,NA,0
41,6,9,NA,NA,NA,0
42,6,9,NA,NA,NA,0
43,3,10,NA,NA,NA,0
44,3,10,NA,NA,NA,0
45,3,10,NA,NA,NA,0
46,6,11,NA,NA,NA,0
47,6,11,NA,NA,NA,0
48,6,11,NA,NA,NA,0
49,6,11,NA,NA,NA,0
50,6,11,NA,NA,NA,0
51,6,11,NA,NA,NA,0
52,6,12,NA,NA,NA,0
53,6,12,NA,NA,NA,0
54,6,12,NA,NA,NA,0
55,6,12,NA,NA,NA,0
56,6,12,NA,NA,NA,0
57,6,12,NA,NA,NA,0
58,4,13,NA,NA,NA,0
59,4,13,NA,NA,NA,0
60,4,13,NA,NA,NA,0
61,4,13,NA,NA,NA,0
62,4,14,NA,NA,NA,0
63,4,14,NA,NA,NA,0
64,4,14,NA,NA,NA,0
65,4,14,NA,NA,NA,0
66,3,15,NA,NA,NA,0
67,3,15,NA,NA,NA,0
68,3,15,NA,NA,NA,0
69,3,16,NA,NA,NA,0
70,3,16,NA,NA,NA,0
71,3,16,NA,NA,NA,0
72,6,17,NA,NA,NA,0
73,6,17,NA,NA,NA,0
74,6,17,NA,NA,NA,0
75,6,17,NA,NA,NA,0
76,6,17,NA,NA,NA,0
77,6,17,NA,NA,NA,0
78,3,18,NA,NA,NA,0
79,3,18,NA,NA,NA,0
80,3,18,NA,NA,NA,0
81,3,19,NA,NA,NA,0
82,3,19,NA,NA,NA,0
83,3,19,NA,NA,NA,0
84,3,20,NA,NA,NA,0
85,3,20,NA,NA,NA,0
86,3,20,NA,NA,NA,0
87,3,21,NA,NA,NA,0
88,3,21,NA,NA,NA,0
89,3,21,NA,NA,NA,0
90,4,22,NA,NA,NA,0
91,4,22,NA,NA,NA,0
92,4,22,NA,NA,NA,0
93,4,22,NA,NA,NA,0
94,6,23,NA,NA,NA,0
95,6,23,NA,NA,NA,0
96,6,23,NA,NA,NA,0
97,6,23,"C",317,5,1
98,6,23,NA,NA,NA,0
99,6,23,"H",356,4,0
100,3,24,NA,NA,NA,0
101,3,24,NA,NA,NA,0
102,3,24,NA,NA,NA,0
103,4,25,NA,NA,NA,0
104,4,25,NA,NA,NA,0
105,4,25,NA,NA,NA,0
106,4,25,NA,NA,NA,0
107,6,26,NA,NA,NA,0
108,6,26,NA,NA,NA,0
109,6,26,NA,NA,NA,0
110,6,26,NA,NA,NA,0
111,6,26,NA,NA,NA,0
112,6,26,NA,NA,NA,0
113,3,27,NA,NA,NA,0
114,3,27,NA,NA,NA,0
115,3,27,NA,NA,NA,0
116,3,28,NA,NA,NA,0
117,3,28,NA,NA,NA,0
118,3,28,NA,NA,NA,0
119,4,29,NA,NA,NA,0
120,4,29,NA,NA,NA,0
121,4,29,NA,NA,NA,0
122,4,29,NA,NA,NA,0
123,3,30,NA,NA,NA,0
124,3,30,NA,NA,NA,0
125,3,30,NA,NA,NA,0
126,3,31,NA,NA,NA,0
127,3,31,NA,NA,NA,0
128,3,31,NA,NA,NA,0
129,4,32,NA,NA,NA,0
130,4,32,NA,NA,NA,0
131,4,32,NA,NA,NA,0
132,4,32,NA,NA,NA,0
133,4,33,NA,NA,NA,0
134,4,33,NA,NA,NA,0
135,4,33,NA,NA,NA,0
136,4,33,NA,NA,NA,0
137,4,34,NA,NA,NA,0
138,4,34,NA,NA,NA,0
139,4,34,NA,NA,NA,0
140,4,34,NA,NA,NA,0
141,6,35,NA,NA,NA,0
142,6,35,NA,NA,NA,0
143,6,35,NA,NA,NA,0
144,6,35,NA,NA,NA,0
145,6,35,NA,NA,NA,0
146,6,35,NA,NA,NA,0
147,3,36,NA,NA,NA,0
148,3,36,NA,NA,NA,0
149,3,36,NA,NA,NA,0
150,3,37,NA,NA,NA,0
151,3,37,NA,NA,NA,0
152,3,37,NA,NA,NA,0
153,6,38,NA,NA,NA,0
154,6,38,NA,NA,NA,0
155,6,38,NA,NA,NA,0
156,6,38,NA,NA,NA,0
157,6,38,NA,NA,NA,0
158,6,38,NA,NA,NA,0
159,5,39,NA,NA,NA,0
160,5,39,NA,NA,NA,0
161,5,39,NA,NA,NA,0
162,5,39,NA,NA,NA,0
163,5,39,NA,NA,NA,0
164,5,40,NA,NA,NA,0
165,5,40,NA,NA,NA,0
166,5,40,NA,NA,NA,0
167,5,40,NA,NA,NA,0
168,5,40,NA,NA,NA,0
169,5,41,NA,NA,NA,0
170,5,41,NA,NA,NA,0
171,5,41,NA,NA,NA,0
172,5,41,NA,NA,NA,0
173,5,41,NA,NA,NA,0
174,5,42,NA,NA,NA,0
175,5,42,NA,NA,NA,0
176,5,42,NA,NA,NA,0
177,5,42,NA,NA,NA,0
178,5,42,NA,NA,NA,0
179,6,43,NA,NA,NA,0
180,6,43,NA,NA,NA,0
181,6,43,NA,NA,NA,0
182,6,43,NA,NA,NA,0
183,6,43,NA,NA,NA,0
184,6,43,NA,NA,NA,0
185,6,44,NA,NA,NA,0
186,6,44,NA,NA,NA,0
187,6,44,NA,NA,NA,0
188,6,44,NA,NA,NA,0
189,6,44,NA,NA,NA,0
190,6,44,NA,NA,NA,0
191,5,45,NA,NA,NA,0
192,5,45,NA,NA,NA,0
193,5,45,NA,NA,NA,0
194,5,45,NA,NA,NA,0
195,5,45,NA,NA,NA,0
196,4,46,NA,NA,NA,0
197,4,46,NA,NA,NA,0
198,4,46,NA,NA,NA,0
199,4,46,NA,NA,NA,0
200,6,47,NA,NA,NA,0
201,6,47,NA,NA,NA,0
202,6,47,NA,NA,NA,0
203,6,47,NA,NA,NA,0
204,6,47,NA,NA,NA,0
205,6,47,NA,NA,NA,0
206,3,48,NA,NA,NA,0
207,3,48,NA,NA,NA,0
208,3,48,NA,NA,NA,0
209,6,49,NA,NA,NA,0
210,6,49,NA,NA,NA,0
211,6,49,NA,NA,NA,0
212,6,49,NA,NA,NA,0
213,6,49,NA,NA,NA,0
214,6,49,NA,NA,NA,0
215,5,50,NA,NA,NA,0
216,5,50,NA,NA,NA,0
217,5,50,NA,NA,NA,0
218,5,50,NA,NA,NA,0
219,5,50,NA,NA,NA,0
220,3,51,NA,NA,NA,0
221,3,51,NA,NA,NA,0
222,3,51,NA,NA,NA,0
223,4,52,NA,NA,NA,0
224,4,52,NA,NA,NA,0
225,4,52,NA,NA,NA,0
226,4,52,NA,NA,NA,0
227,6,53,NA,NA,NA,0
228,6,53,NA,NA,NA,0
229,6,53,NA,NA,NA,0
230,6,53,NA,NA,NA,0
231,6,53,NA,NA,NA,0
232,6,53,NA,NA,NA,0
233,4,54,NA,NA,NA,0
234,4,54,NA,NA,NA,0
235,4,54,NA,NA,NA,0
236,4,54,NA,NA,NA,0
237,3,55,NA,NA,NA,0
238,3,55,NA,NA,NA,0
239,3,55,NA,NA,NA,0
240,5,56,NA,NA,NA,0
241,5,56,NA,NA,NA,0
242,5,56,NA,NA,NA,0
243,5,56,NA,NA,NA,0
244,5,56,NA,NA,NA,0
245,4,57,NA,NA,NA,0
246,4,57,NA,NA,NA,0
247,4,57,NA,NA,NA,0
248,4,57,NA,NA,NA,0
249,6,58,NA,NA,NA,0
250,6,58,NA,NA,NA,0
251,6,58,NA,NA,NA,0
252,6,58,NA,NA,NA,0
253,6,58,NA,NA,NA,0
254,6,58,NA,NA,NA,0
255,5,59,NA,NA,NA,0
256,5,59,NA,NA,NA,0
257,5,59,NA,NA,NA,0
258,5,59,NA,NA,NA,0
259,5,59,NA,NA,NA,0
260,6,60,NA,NA,NA,0
261,6,60,NA,NA,NA,0
262,6,60,NA,NA,NA,0
263,6,60,NA,NA,NA,0
264,6,60,NA,NA,NA,0
265,6,60,NA,NA,NA,0
266,5,61,NA,NA,NA,0
267,5,61,NA,NA,NA,0
268,5,61,NA,NA,NA,0
269,5,61,NA,NA,NA,0
270,5,61,NA,NA,NA,0
271,3,62,NA,NA,NA,0
272,3,62,NA,NA,NA,0
273,3,62,NA,NA,NA,0
274,4,63,NA,NA,NA,0
275,4,63,NA,NA,NA,0
276,4,63,NA,NA,NA,0
277,4,63,NA,NA,NA,0
278,6,64,NA,NA,NA,0
279,6,64,NA,NA,NA,0
280,6,64,NA,NA,NA,0
281,6,64,NA,NA,NA,0
282,6,64,NA,NA,NA,0
283,6,64,NA,NA,NA,0
284,4,65,NA,NA,NA,0
285,4,65,NA,NA,NA,0
286,4,65,NA,NA,NA,0
287,4,65,NA,NA,NA,0
288,6,66,NA,NA,NA,0
289,6,66,NA,NA,NA,0
290,6,66,NA,NA,NA,0
291,6,66,NA,NA,NA,0
292,6,66,NA,NA,NA,0
293,6,66,NA,NA,NA,0
294,4,67,NA,NA,NA,0
295,4,67,NA,NA,NA,0
296,4,67,NA,NA,NA,0
297,4,67,NA,NA,NA,0
298,5,68,NA,NA,NA,0
299,5,68,NA,NA,NA,0
300,5,68,NA,NA,NA,0
301,5,68,NA,NA,NA,0
302,5,68,NA,NA,NA,0
303,3,69,NA,NA,NA,0
304,3,69,NA,NA,NA,0
305,3,69,NA,NA,NA,0
306,4,70,NA,NA,NA,0
307,4,70,NA,NA,NA,0
308,4,70,NA,NA,NA,0
309,4,70,NA,NA,NA,0
310,6,71,NA,NA,NA,0
311,6,71,NA,NA,NA,0
312,6,71,NA,NA,NA,0
313,6,71,NA,NA,NA,0
314,6,71,NA,NA,NA,0
315,6,71,NA,NA,NA,0
316,3,72,NA,NA,NA,0
317,3,72,NA,NA,NA,0
318,3,72,NA,NA,NA,0
319,4,73,NA,NA,NA,0
320,4,73,NA,NA,NA,0
321,4,73,NA,NA,NA,0
322,4,73,NA,NA,NA,0
323,4,74,NA,NA,NA,0
324,4,74,NA,NA,NA,0
325,4,74,NA,NA,NA,0
326,4,74,NA,NA,NA,0
327,6,75,NA,NA,NA,0
328,6,75,"H",162,1,0
329,6,75,"H",123,2,1
330,6,75,"H",193,1,0
331,6,75,"H",112,3,1
332,6,75,"C",79,5,2
333,3,76,NA,NA,NA,0
334,3,76,NA,NA,NA,0
335,3,76,NA,NA,NA,0
336,3,77,NA,NA,NA,0
337,3,77,NA,NA,NA,0
338,3,77,"C",278,2,0
339,5,78,NA,NA,NA,0
340,5,78,NA,NA,NA,0
341,5,78,NA,NA,NA,0
342,5,78,NA,NA,NA,0
343,5,78,NA,NA,NA,0
344,3,79,NA,NA,NA,0
345,3,79,NA,NA,NA,0
346,3,79,NA,NA,NA,0
347,5,80,NA,NA,NA,0
348,5,80,NA,NA,NA,0
349,5,80,NA,NA,NA,0
350,5,80,NA,NA,NA,0
351,5,80,NA,NA,NA,0
352,6,81,NA,NA,NA,0
353,6,81,NA,NA,NA,0
354,6,81,NA,NA,NA,0
355,6,81,NA,NA,NA,0
356,6,81,NA,NA,NA,0
357,6,81,NA,NA,NA,0
358,3,82,NA,NA,NA,0
359,3,82,NA,NA,NA,0
360,3,82,NA,NA,NA,0
361,4,83,NA,NA,NA,0
362,4,83,NA,NA,NA,0
363,4,83,NA,NA,NA,0
364,4,83,NA,NA,NA,0
365,3,84,NA,NA,NA,0
366,3,84,NA,NA,NA,0
367,3,84,NA,NA,NA,0
368,6,85,NA,NA,NA,0
369,6,85,NA,NA,NA,0
370,6,85,NA,NA,NA,0
371,6,85,NA,NA,NA,0
372,6,85,NA,NA,NA,0
373,6,85,NA,NA,NA,0
374,4,86,NA,NA,NA,0
375,4,86,NA,NA,NA,0
376,4,86,NA,NA,NA,0
377,4,86,NA,NA,NA,0
378,4,87,NA,NA,NA,0
379,4,87,NA,NA,NA,0
380,4,87,NA,NA,NA,0
381,4,87,NA,NA,NA,0
382,6,88,NA,NA,NA,0
383,6,88,NA,NA,NA,0
384,6,88,NA,NA,NA,0
385,6,88,NA,NA,NA,0
386,6,88,NA,NA,NA,0
387,6,88,NA,NA,NA,0
388,6,89,NA,NA,NA,0
389,6,89,NA,NA,NA,0
390,6,89,NA,NA,NA,0
391,6,89,NA,NA,NA,0
392,6,89,NA,NA,NA,0
393,6,89,NA,NA,NA,0
394,5,90,NA,NA,NA,0
395,5,90,NA,NA,NA,0
396,5,90,NA,NA,NA,0
397,5,90,NA,NA,NA,0
398,5,90,NA,NA,NA,0
399,5,91,NA,NA,NA,0
400,5,91,NA,NA,NA,0
401,5,91,NA,NA,NA,0
402,5,91,NA,NA,NA,0
403,5,91,NA,NA,NA,0
404,4,92,NA,NA,NA,0
405,4,92,NA,NA,NA,0
406,4,92,NA,NA,NA,0
407,4,92,NA,NA,NA,0
408,4,93,NA,NA,NA,0
409,4,93,NA,NA,NA,0
410,4,93,NA,NA,NA,0
411,4,93,NA,NA,NA,0
412,6,94,NA,NA,NA,0
413,6,94,NA,NA,NA,0
414,6,94,NA,NA,NA,0
415,6,94,NA,NA,NA,0
416,6,94,NA,NA,NA,0
417,6,94,NA,NA,NA,0
418,5,95,NA,NA,NA,0
419,5,95,NA,NA,NA,0
420,5,95,NA,NA,NA,0
421,5,95,NA,NA,NA,0
422,5,95,NA,NA,NA,0
423,6,96,NA,NA,NA,0
424,6,96,NA,NA,NA,0
425,6,96,NA,NA,NA,0
426,6,96,NA,NA,NA,0
427,6,96,NA,NA,NA,0
428,6,96,NA,NA,NA,0
429,6,97,NA,NA,NA,0
430,6,97,NA,NA,NA,0
431,6,97,NA,NA,NA,0
432,6,97,NA,NA,NA,0
433,6,97,NA,NA,NA,0
434,6,97,NA,NA,NA,0
435,5,98,NA,NA,NA,0
436,5,98,NA,NA,NA,0
437,5,98,NA,NA,NA,0
438,5,98,NA,NA,NA,0
439,5,98,NA,NA,NA,0
440,3,99,NA,NA,NA,0
441,3,99,NA,NA,NA,0
442,3,99,NA,NA,NA,0
443,5,100,NA,NA,NA,0
444,5,100,NA,NA,NA,0
445,5,100,NA,NA,NA,0
446,5,100,NA,NA,NA,0
447,5,100,NA,NA,NA,0
448,6,101,NA,NA,NA,0
449,6,101,NA,NA,NA,0
450,6,101,NA,NA,NA,0
451,6,101,NA,NA,NA,0
452,6,101,NA,NA,NA,0
453,6,101,NA,NA,NA,0
454,3,102,NA,NA,NA,0
455,3,102,NA,NA,NA,0
456,3,102,NA,NA,NA,0
457,3,103,NA,NA,NA,0
458,3,103,NA,NA,NA,0
459,3,103,NA,NA,NA,0
460,4,104,NA,NA,NA,0
461,4,104,NA,NA,NA,0
462,4,104,NA,NA,NA,0
463,4,104,NA,NA,NA,0
464,5,105,NA,NA,NA,0
465,5,105,NA,NA,NA,0
466,5,105,NA,NA,NA,0
467,5,105,NA,NA,NA,0
468,5,105,NA,NA,NA,0
469,3,106,NA,NA,NA,0
470,3,106,NA,NA,NA,0
471,3,106,NA,NA,NA,0
472,4,107,NA,NA,NA,0
473,4,107,NA,NA,NA,0
474,4,107,NA,NA,NA,0
475,4,107,NA,NA,NA,0
476,6,108,NA,NA,NA,0
477,6,108,NA,NA,NA,0
478,6,108,NA,NA,NA,0
479,6,108,NA,NA,NA,0
480,6,108,NA,NA,NA,0
481,6,108,NA,NA,NA,0
482,5,109,NA,NA,NA,0
483,5,109,NA,NA,NA,0
484,5,109,NA,NA,NA,0
485,5,109,NA,NA,NA,0
486,5,109,NA,NA,NA,0
487,5,110,NA,NA,NA,0
488,5,110,NA,NA,NA,0
489,5,110,NA,NA,NA,0
490,5,110,NA,NA,NA,0
491,5,110,NA,NA,NA,0
492,4,111,NA,NA,NA,0
493,4,111,NA,NA,NA,0
494,4,111,NA,NA,NA,0
495,4,111,NA,NA,NA,0
496,6,112,"H",290,0,0
497,6,112,"H",250,1,1
498,6,112,"H",268,0,0
499,6,112,"H",243,2,1
500,6,112,"C",189,5,3
501,6,112,"H",245,1,0
502,6,113,NA,NA,NA,0
503,6,113,NA,NA,NA,0
504,6,113,NA,NA,NA,0
505,6,113,NA,NA,NA,0
506,6,113,NA,NA,NA,0
507,6,113,NA,NA,NA,0
508,3,114,NA,NA,NA,0
509,3,114,NA,NA,NA,0
510,3,114,NA,NA,NA,0
511,4,115,NA,NA,NA,0
512,4,115,NA,NA,NA,0
513,4,115,NA,NA,NA,0
514,4,115,NA,NA,NA,0
515,4,116,NA,NA,NA,0
516,4,116,NA,NA,NA,0
517,4,116,NA,NA,NA,0
518,4,116,NA,NA,NA,0
519,6,117,NA,NA,NA,0
520,6,117,NA,NA,NA,0
521,6,117,NA,NA,NA,0
522,6,117,NA,NA,NA,0
523,6,117,NA,NA,NA,0
524,6,117,NA,NA,NA,0
525,5,118,NA,NA,NA,0
526,5,118,NA,NA,NA,0
527,5,118,NA,NA,NA,0
528,5,118,NA,NA,NA,0
529,5,118,NA,NA,NA,0
530,6,119,NA,NA,NA,0
531,6,119,NA,NA,NA,0
532,6,119,NA,NA,NA,0
533,6,119,NA,NA,NA,0
534,6,119,NA,NA,NA,0
535,6,119,NA,NA,NA,0
536,6,120,NA,NA,NA,0
537,6,120,NA,NA,NA,0
538,6,120,NA,NA,NA,0
539,6,120,NA,NA,NA,0
540,6,120,NA,NA,NA,0
541,6,120,NA,NA,NA,0
542,3,121,"H",347,1,0
543,3,121,"C",318,2,1
544,3,121,NA,NA,NA,0
545,6,122,NA,NA,NA,0
546,6,122,NA,NA,NA,0
547,6,122,NA,NA,NA,0
548,6,122,NA,NA,NA,0
549,6,122,NA,NA,NA,0
550,6,122,NA,NA,NA,0
551,4,123,NA,NA,NA,0
552,4,123,NA,NA,NA,0
553,4,123,NA,NA,NA,0
554,4,123,NA,NA,NA,0
555,5,124,NA,NA,NA,0
556,5,124,NA,NA,NA,0
557,5,124,NA,NA,NA,0
558,5,124,NA,NA,NA,0
559,5,124,NA,NA,NA,0
560,6,125,NA,NA,NA,0
561,6,125,"H",279,4,0
562,6,125,NA,NA,NA,0
563,6,125,NA,NA,NA,0
564,6,125,"C",236,5,1
565,6,125,NA,NA,NA,0
566,6,126,"H",NA,NA,0
567,6,126,"H",352,1,1
568,6,126,"H",323,2,0
569,6,126,"C",306,5,3
570,6,126,"H",349,1,0
571,6,126,"H",328,2,1
572,6,127,NA,NA,NA,0
573,6,127,NA,NA,NA,0
574,6,127,NA,NA,NA,0
575,6,127,NA,NA,NA,0
576,6,127,NA,NA,NA,0
577,6,127,NA,NA,NA,0
578,3,128,NA,NA,NA,0
579,3,128,NA,NA,NA,0
580,3,128,NA,NA,NA,0
581,4,129,NA,NA,NA,0
582,4,129,NA,NA,NA,0
583,4,129,NA,NA,NA,0
584,4,129,NA,NA,NA,0
585,3,130,NA,NA,NA,0
586,3,130,NA,NA,NA,0
587,3,130,NA,NA,NA,0
588,6,131,NA,NA,NA,0
589,6,131,NA,NA,NA,0
590,6,131,NA,NA,NA,0
591,6,131,NA,NA,NA,0
592,6,131,NA,NA,NA,0
593,6,131,NA,NA,NA,0
594,6,132,NA,NA,NA,0
595,6,132,NA,NA,NA,0
596,6,132,NA,NA,NA,0
597,6,132,NA,NA,NA,0
598,6,132,NA,NA,NA,0
599,6,132,NA,NA,NA,0
600,6,133,NA,NA,NA,0
601,6,133,NA,NA,NA,0
602,6,133,NA,NA,NA,0
603,6,133,NA,NA,NA,0
604,6,133,NA,NA,NA,0
605,6,133,NA,NA,NA,0
606,3,134,NA,NA,NA,0
607,3,134,NA,NA,NA,0
608,3,134,NA,NA,NA,0
609,6,135,NA,NA,NA,0
610,6,135,NA,NA,NA,0
611,6,135,NA,NA,NA,0
612,6,135,NA,NA,NA,0
613,6,135,NA,NA,NA,0
614,6,135,NA,NA,NA,0
615,5,136,NA,NA,NA,0
616,5,136,NA,NA,NA,0
617,5,136,NA,NA,NA,0
618,5,136,NA,NA,NA,0
619,5,136,NA,NA,NA,0
620,6,137,NA,NA,NA,0
621,6,137,NA,NA,NA,0
622,6,137,NA,NA,NA,0
623,6,137,NA,NA,NA,0
624,6,137,NA,NA,NA,0
625,6,137,NA,NA,NA,0
626,4,138,NA,NA,NA,0
627,4,138,NA,NA,NA,0
628,4,138,NA,NA,NA,0
629,4,138,NA,NA,NA,0
630,4,139,NA,NA,NA,0
631,4,139,NA,NA,NA,0
632,4,139,NA,NA,NA,0
633,4,139,NA,NA,NA,0
634,6,140,NA,NA,NA,0
635,6,140,NA,NA,NA,0
636,6,140,NA,NA,NA,0
637,6,140,NA,NA,NA,0
638,6,140,NA,NA,NA,0
639,6,140,NA,NA,NA,0
640,3,141,NA,NA,NA,0
641,3,141,NA,NA,NA,0
642,3,141,NA,NA,NA,0
643,3,142,NA,NA,NA,0
644,3,142,NA,NA,NA,0
645,3,142,NA,NA,NA,0
646,3,143,NA,NA,NA,0
647,3,143,NA,NA,NA,0
648,3,143,NA,NA,NA,0
649,3,144,NA,NA,NA,0
650,3,144,NA,NA,NA,0
651,3,144,NA,NA,NA,0
652,3,145,NA,NA,NA,0
653,3,145,NA,NA,NA,0
654,3,145,NA,NA,NA,0
655,5,146,NA,NA,NA,0
656,5,146,NA,NA,NA,0
657,5,146,NA,NA,NA,0
658,5,146,NA,NA,NA,0
659,5,146,NA,NA,NA,0
660,3,147,NA,NA,NA,0
661,3,147,NA,NA,NA,0
662,3,147,NA,NA,NA,0
663,5,148,NA,NA,NA,0
664,5,148,NA,NA,NA,0
665,5,148,NA,NA,NA,0
666,5,148,NA,NA,NA,0
667,5,148,NA,NA,NA,0
668,4,149,NA,NA,NA,0
669,4,149,NA,NA,NA,0
670,4,149,NA,NA,NA,0
671,4,149,NA,NA,NA,0
672,5,150,NA,NA,NA,0
673,5,150,NA,NA,NA,0
674,5,150,NA,NA,NA,0
675,5,150,NA,NA,NA,0
676,5,150,NA,NA,NA,0
677,3,151,NA,NA,NA,0
678,3,151,NA,NA,NA,0
679,3,151,NA,NA,NA,0
680,6,152,NA,NA,NA,0
681,6,152,NA,NA,NA,0
682,6,152,NA,NA,NA,0
683,6,152,NA,NA,NA,0
684,6,152,NA,NA,NA,0
685,6,152,NA,NA,NA,0
686,4,153,NA,NA,NA,0
687,4,153,NA,NA,NA,0
688,4,153,NA,NA,NA,0
689,4,153,NA,NA,NA,0
690,6,154,NA,NA,NA,0
691,6,154,NA,NA,NA,0
692,6,154,NA,NA,NA,0
693,6,154,NA,NA,NA,0
694,6,154,NA,NA,NA,0
695,6,154,NA,NA,NA,0
696,3,155,NA,NA,NA,0
697,3,155,NA,NA,NA,0
698,3,155,NA,NA,NA,0
699,5,156,NA,NA,NA,0
700,5,156,NA,NA,NA,0
701,5,156,NA,NA,NA,0
702,5,156,NA,NA,NA,0
703,5,156,NA,NA,NA,0
704,3,157,NA,NA,NA,0
705,3,157,NA,NA,NA,0
706,3,157,NA,NA,NA,0
707,4,158,NA,NA,NA,0
708,4,158,NA,NA,NA,0
709,4,158,NA,NA,NA,0
710,4,158,NA,NA,NA,0
711,5,159,NA,NA,NA,0
712,5,159,NA,NA,NA,0
713,5,159,NA,NA,NA,0
714,5,159,NA,NA,NA,0
715,5,159,NA,NA,NA,0
716,6,160,NA,NA,NA,0
717,6,160,NA,NA,NA,0
718,6,160,NA,NA,NA,0
719,6,160,NA,NA,NA,0
720,6,160,NA,NA,NA,0
721,6,160,NA,NA,NA,0
722,3,161,NA,NA,NA,0
723,3,161,NA,NA,NA,0
724,3,161,NA,NA,NA,0
725,4,162,NA,NA,NA,0
726,4,162,NA,NA,NA,0
727,4,162,NA,NA,NA,0
728,4,162,NA,NA,NA,0
729,3,163,NA,NA,NA,0
730,3,163,NA,NA,NA,0
731,3,163,NA,NA,NA,0
732,3,164,NA,NA,NA,0
733,3,164,NA,NA,NA,0
734,3,164,NA,NA,NA,0
735,4,165,NA,NA,NA,0
736,4,165,NA,NA,NA,0
737,4,165,NA,NA,NA,0
738,4,165,NA,NA,NA,0
739,3,166,NA,NA,NA,0
740,3,166,NA,NA,NA,0
741,3,166,NA,NA,NA,0
742,6,167,NA,NA,NA,0
743,6,167,NA,NA,NA,0
744,6,167,NA,NA,NA,0
745,6,167,NA,NA,NA,0
746,6,167,NA,NA,NA,0
747,6,167,NA,NA,NA,0
748,3,168,NA,NA,NA,0
749,3,168,NA,NA,NA,0
750,3,168,NA,NA,NA,0
751,4,169,NA,NA,NA,0
752,4,169,NA,NA,NA,0
753,4,169,NA,NA,NA,0
754,4,169,NA,NA,NA,0
755,4,170,NA,NA,NA,0
756,4,170,NA,NA,NA,0
757,4,170,NA,NA,NA,0
758,4,170,NA,NA,NA,0
759,6,171,NA,NA,NA,0
760,6,171,NA,NA,NA,0
761,6,171,NA,NA,NA,0
762,6,171,NA,NA,NA,0
763,6,171,NA,NA,NA,0
764,6,171,NA,NA,NA,0
765,6,172,NA,NA,NA,0
766,6,172,NA,NA,NA,0
767,6,172,NA,NA,NA,0
768,6,172,NA,NA,NA,0
769,6,172,NA,NA,NA,0
770,6,172,NA,NA,NA,0
771,5,173,NA,NA,NA,0
772,5,173,NA,NA,NA,0
773,5,173,NA,NA,NA,0
774,5,173,NA,NA,NA,0
775,5,173,NA,NA,NA,0
776,4,174,NA,NA,NA,0
777,4,174,NA,NA,NA,0
778,4,174,NA,NA,NA,0
779,4,174,NA,NA,NA,0
780,3,175,NA,NA,NA,0
781,3,175,NA,NA,NA,0
782,3,175,NA,NA,NA,0
783,5,176,NA,NA,NA,0
784,5,176,NA,NA,NA,0
785,5,176,NA,NA,NA,0
786,5,176,NA,NA,NA,0
787,5,176,NA,NA,NA,0
788,6,177,NA,NA,NA,0
789,6,177,NA,NA,NA,0
790,6,177,NA,NA,NA,0
791,6,177,NA,NA,NA,0
792,6,177,NA,NA,NA,0
793,6,177,NA,NA,NA,0
794,5,178,NA,NA,NA,0
795,5,178,NA,NA,NA,0
796,5,178,NA,NA,NA,0
797,5,178,NA,NA,NA,0
798,5,178,NA,NA,NA,0
799,3,179,NA,NA,NA,0
800,3,179,NA,NA,NA,0
801,3,179,NA,NA,NA,0
802,3,180,NA,NA,NA,0
803,3,180,NA,NA,NA,0
804,3,180,NA,NA,NA,0
805,4,181,NA,NA,NA,0
806,4,181,NA,NA,NA,0
807,4,181,NA,NA,NA,0
808,4,181,NA,NA,NA,0
809,5,182,NA,NA,NA,0
810,5,182,NA,NA,NA,0
811,5,182,NA,NA,NA,0
812,5,182,NA,NA,NA,0
813,5,182,NA,NA,NA,0
814,5,183,NA,NA,NA,0
815,5,183,NA,NA,NA,0
816,5,183,NA,NA,NA,0
817,5,183,NA,NA,NA,0
818,5,183,NA,NA,NA,0
819,6,184,NA,NA,NA,0
820,6,184,NA,NA,NA,0
821,6,184,NA,NA,NA,0
822,6,184,NA,NA,NA,0
823,6,184,NA,NA,NA,0
824,6,184,NA,NA,NA,0
825,5,185,NA,NA,NA,0
826,5,185,NA,NA,NA,0
827,5,185,NA,NA,NA,0
828,5,185,NA,NA,NA,0
829,5,185,NA,NA,NA,0
830,4,186,NA,NA,NA,0
831,4,186,NA,NA,NA,0
832,4,186,NA,NA,NA,0
833,4,186,NA,NA,NA,0
834,3,187,NA,NA,NA,0
835,3,187,NA,NA,NA,0
836,3,187,NA,NA,NA,0
837,6,188,NA,NA,NA,0
838,6,188,NA,NA,NA,0
839,6,188,NA,NA,NA,0
840,6,188,NA,NA,NA,0
841,6,188,NA,NA,NA,0
842,6,188,NA,NA,NA,0
843,3,189,NA,NA,NA,0
844,3,189,NA,NA,NA,0
845,3,189,NA,NA,NA,0
846,6,190,NA,NA,NA,0
847,6,190,NA,NA,NA,0
848,6,190,NA,NA,NA,0
849,6,190,NA,NA,NA,0
850,6,190,NA,NA,NA,0
851,6,190,NA,NA,NA,0
852,6,191,NA,NA,NA,0
853,6,191,"H",253,3,1
854,6,191,NA,NA,NA,0
855,6,191,"C",205,5,2
856,6,191,"H",223,3,0
857,6,191,"H",319,2,0
858,4,192,NA,NA,NA,0
859,4,192,NA,NA,NA,0
860,4,192,NA,NA,NA,0
861,4,192,NA,NA,NA,0
862,3,193,NA,NA,NA,0
863,3,193,NA,NA,NA,0
864,3,193,NA,NA,NA,0
865,5,194,NA,NA,NA,0
866,5,194,"C",156,4,2
867,5,194,"H",175,2,0
868,5,194,"H",195,2,0
869,5,194,NA,NA,NA,0
870,5,195,NA,NA,NA,0
871,5,195,NA,NA,NA,0
872,5,195,NA,NA,NA,0
873,5,195,NA,NA,NA,0
874,5,195,NA,NA,NA,0
875,6,196,NA,NA,NA,0
876,6,196,NA,NA,NA,0
877,6,196,NA,NA,NA,0
878,6,196,NA,NA,NA,0
879,6,196,NA,NA,NA,0
880,6,196,NA,NA,NA,0
881,3,197,NA,NA,NA,0
882,3,197,NA,NA,NA,0
883,3,197,NA,NA,NA,0
884,4,198,"H",332,1,0
885,4,198,"H",351,1,1
886,4,198,"C",311,3,2
887,4,198,"H",NA,NA,0
888,5,199,NA,NA,NA,0
889,5,199,NA,NA,NA,0
890,5,199,NA,NA,NA,0
891,5,199,NA,NA,NA,0
892,5,199,NA,NA,NA,0
893,3,200,NA,NA,NA,0
894,3,200,NA,NA,NA,0
895,3,200,NA,NA,NA,0
896,3,201,NA,NA,NA,0
897,3,201,NA,NA,NA,0
898,3,201,NA,NA,NA,0
899,3,202,NA,NA,NA,0
900,3,202,NA,NA,NA,0
901,3,202,NA,NA,NA,0
902,6,203,NA,NA,NA,0
903,6,203,NA,NA,NA,0
904,6,203,NA,NA,NA,0
905,6,203,NA,NA,NA,0
906,6,203,NA,NA,NA,0
907,6,203,NA,NA,NA,0
908,6,204,NA,NA,NA,0
909,6,204,NA,NA,NA,0
910,6,204,NA,NA,NA,0
911,6,204,NA,NA,NA,0
912,6,204,NA,NA,NA,0
913,6,204,NA,NA,NA,0
914,3,205,NA,NA,NA,0
915,3,205,NA,NA,NA,0
916,3,205,NA,NA,NA,0
917,4,206,NA,NA,NA,0
918,4,206,NA,NA,NA,0
919,4,206,NA,NA,NA,0
920,4,206,NA,NA,NA,0
921,3,207,NA,NA,NA,0
922,3,207,NA,NA,NA,0
923,3,207,NA,NA,NA,0
924,6,208,NA,NA,NA,0
925,6,208,NA,NA,NA,0
926,6,208,NA,NA,NA,0
927,6,208,NA,NA,NA,0
928,6,208,NA,NA,NA,0
929,6,208,NA,NA,NA,0
930,5,209,NA,NA,NA,0
931,5,209,NA,NA,NA,0
932,5,209,NA,NA,NA,0
933,5,209,NA,NA,NA,0
934,5,209,NA,NA,NA,0
935,4,210,NA,NA,NA,0
936,4,210,NA,NA,NA,0
937,4,210,NA,NA,NA,0
938,4,210,NA,NA,NA,0
939,6,211,NA,NA,NA,0
940,6,211,NA,NA,NA,0
941,6,211,NA,NA,NA,0
942,6,211,NA,NA,NA,0
943,6,211,NA,NA,NA,0
944,6,211,NA,NA,NA,0
945,6,212,NA,NA,NA,0
946,6,212,NA,NA,NA,0
947,6,212,NA,NA,NA,0
948,6,212,NA,NA,NA,0
949,6,212,NA,NA,NA,0
950,6,212,NA,NA,NA,0
951,6,213,NA,NA,NA,0
952,6,213,NA,NA,NA,0
953,6,213,NA,NA,NA,0
954,6,213,NA,NA,NA,0
955,6,213,NA,NA,NA,0
956,6,213,NA,NA,NA,0
957,5,214,"H",291,2,1
958,5,214,"C",254,4,2
959,5,214,"H",320,1,1
960,5,214,"H",353,0,0
961,5,214,"H",279,2,0
962,4,215,NA,NA,NA,0
963,4,215,NA,NA,NA,0
964,4,215,NA,NA,NA,0
965,4,215,NA,NA,NA,0
966,5,216,NA,NA,NA,0
967,5,216,NA,NA,NA,0
968,5,216,NA,NA,NA,0
969,5,216,NA,NA,NA,0
970,5,216,NA,NA,NA,0
971,5,217,NA,NA,NA,0
972,5,217,NA,NA,NA,0
973,5,217,NA,NA,NA,0
974,5,217,NA,NA,NA,0
975,5,217,NA,NA,NA,0
976,4,218,NA,NA,NA,0
977,4,218,NA,NA,NA,0
978,4,218,NA,NA,NA,0
979,4,218,NA,NA,NA,0
980,3,219,NA,NA,NA,0
981,3,219,NA,NA,NA,0
982,3,219,NA,NA,NA,0
983,5,220,NA,NA,NA,0
984,5,220,NA,NA,NA,0
985,5,220,NA,NA,NA,0
986,5,220,NA,NA,NA,0
987,5,220,NA,NA,NA,0
988,4,221,NA,NA,NA,0
989,4,221,NA,NA,NA,0
990,4,221,NA,NA,NA,0
991,4,221,NA,NA,NA,0
992,3,222,NA,NA,NA,0
993,3,222,NA,NA,NA,0
994,3,222,NA,NA,NA,0
995,6,223,NA,NA,NA,0
996,6,223,NA,NA,NA,0
997,6,223,NA,NA,NA,0
998,6,223,NA,NA,NA,0
999,6,223,NA,NA,NA,0
1000,6,223,NA,NA,NA,0
