"ID","SIZE","HH","TYPE","TIME","S_NUM","I_NUM"
1,5,1,"0",89,4,1
2,5,1,"H",134,3,2
3,5,1,"H",166,1,0
4,5,1,NA,NA,NA,0
5,5,1,"H",157,1,0
6,6,2,NA,NA,NA,0
7,6,2,NA,NA,NA,0
8,6,2,NA,NA,NA,0
9,6,2,NA,NA,NA,0
10,6,2,NA,NA,NA,0
11,6,2,NA,NA,NA,0
12,4,3,NA,NA,NA,0
13,4,3,NA,NA,NA,0
14,4,3,NA,NA,NA,0
15,4,3,NA,NA,NA,0
16,4,4,NA,NA,NA,0
17,4,4,"C",NA,NA,0
18,4,4,NA,NA,NA,0
19,4,4,NA,NA,NA,0
20,6,5,NA,NA,NA,0
21,6,5,NA,NA,NA,0
22,6,5,NA,NA,NA,0
23,6,5,NA,NA,NA,0
24,6,5,NA,NA,NA,0
25,6,5,NA,NA,NA,0
26,3,6,"C",223,2,1
27,3,6,NA,NA,NA,0
28,3,6,"H",243,1,0
29,6,7,NA,NA,NA,0
30,6,7,NA,NA,NA,0
31,6,7,NA,NA,NA,0
32,6,7,NA,NA,NA,0
33,6,7,NA,NA,NA,0
34,6,7,NA,NA,NA,0
35,4,8,NA,NA,NA,0
36,4,8,NA,NA,NA,0
37,4,8,NA,NA,NA,0
38,4,8,NA,NA,NA,0
39,5,9,NA,NA,NA,0
40,5,9,NA,NA,NA,0
41,5,9,NA,NA,NA,0
42,5,9,NA,NA,NA,0
43,5,9,NA,NA,NA,0
44,6,10,NA,NA,NA,0
45,6,10,NA,NA,NA,0
46,6,10,NA,NA,NA,0
47,6,10,NA,NA,NA,0
48,6,10,NA,NA,NA,0
49,6,10,NA,NA,NA,0
50,4,11,NA,NA,NA,0
51,4,11,NA,NA,NA,0
52,4,11,NA,NA,NA,0
53,4,11,NA,NA,NA,0
54,4,12,NA,NA,NA,0
55,4,12,NA,NA,NA,0
56,4,12,NA,NA,NA,0
57,4,12,NA,NA,NA,0
58,6,13,NA,NA,NA,0
59,6,13,NA,NA,NA,0
60,6,13,NA,NA,NA,0
61,6,13,NA,NA,NA,0
62,6,13,NA,NA,NA,0
63,6,13,NA,NA,NA,0
64,5,14,NA,NA,NA,0
65,5,14,NA,NA,NA,0
66,5,14,NA,NA,NA,0
67,5,14,NA,NA,NA,0
68,5,14,NA,NA,NA,0
69,5,15,NA,NA,NA,0
70,5,15,NA,NA,NA,0
71,5,15,NA,NA,NA,0
72,5,15,NA,NA,NA,0
73,5,15,NA,NA,NA,0
74,6,16,NA,NA,NA,0
75,6,16,NA,NA,NA,0
76,6,16,NA,NA,NA,0
77,6,16,NA,NA,NA,0
78,6,16,NA,NA,NA,0
79,6,16,NA,NA,NA,0
80,4,17,NA,NA,NA,0
81,4,17,NA,NA,NA,0
82,4,17,NA,NA,NA,0
83,4,17,NA,NA,NA,0
84,4,18,"H",NA,NA,0
85,4,18,"C",349,3,2
86,4,18,"H",NA,NA,0
87,4,18,NA,NA,NA,0
88,5,19,"H",352,2,1
89,5,19,"C",329,4,2
90,5,19,NA,NA,NA,0
91,5,19,"H",NA,NA,0
92,5,19,"H",NA,NA,0
93,5,20,NA,NA,NA,0
94,5,20,NA,NA,NA,0
95,5,20,NA,NA,NA,0
96,5,20,NA,NA,NA,0
97,5,20,NA,NA,NA,0
98,4,21,NA,NA,NA,0
99,4,21,NA,NA,NA,0
100,4,21,NA,NA,NA,0
101,4,21,NA,NA,NA,0
102,4,22,NA,NA,NA,0
103,4,22,NA,NA,NA,0
104,4,22,NA,NA,NA,0
105,4,22,NA,NA,NA,0
106,5,23,NA,NA,NA,0
107,5,23,NA,NA,NA,0
108,5,23,"C",295,4,0
109,5,23,"C",NA,NA,0
110,5,23,NA,NA,NA,0
111,4,24,NA,NA,NA,0
112,4,24,NA,NA,NA,0
113,4,24,NA,NA,NA,0
114,4,24,NA,NA,NA,0
115,6,25,NA,NA,NA,0
116,6,25,NA,NA,NA,0
117,6,25,NA,NA,NA,0
118,6,25,NA,NA,NA,0
119,6,25,NA,NA,NA,0
120,6,25,NA,NA,NA,0
121,6,26,NA,NA,NA,0
122,6,26,NA,NA,NA,0
123,6,26,NA,NA,NA,0
124,6,26,NA,NA,NA,0
125,6,26,NA,NA,NA,0
126,6,26,NA,NA,NA,0
127,4,27,NA,NA,NA,0
128,4,27,NA,NA,NA,0
129,4,27,"C",268,3,0
130,4,27,NA,NA,NA,0
131,4,28,NA,NA,NA,0
132,4,28,NA,NA,NA,0
133,4,28,NA,NA,NA,0
134,4,28,NA,NA,NA,0
135,6,29,NA,NA,NA,0
136,6,29,NA,NA,NA,0
137,6,29,NA,NA,NA,0
138,6,29,NA,NA,NA,0
139,6,29,NA,NA,NA,0
140,6,29,NA,NA,NA,0
141,5,30,NA,NA,NA,0
142,5,30,NA,NA,NA,0
143,5,30,NA,NA,NA,0
144,5,30,NA,NA,NA,0
145,5,30,NA,NA,NA,0
146,5,31,NA,NA,NA,0
147,5,31,NA,NA,NA,0
148,5,31,NA,NA,NA,0
149,5,31,NA,NA,NA,0
150,5,31,NA,NA,NA,0
151,5,32,NA,NA,NA,0
152,5,32,NA,NA,NA,0
153,5,32,NA,NA,NA,0
154,5,32,NA,NA,NA,0
155,5,32,NA,NA,NA,0
156,3,33,NA,NA,NA,0
157,3,33,NA,NA,NA,0
158,3,33,NA,NA,NA,0
159,4,34,NA,NA,NA,0
160,4,34,NA,NA,NA,0
161,4,34,NA,NA,NA,0
162,4,34,NA,NA,NA,0
163,4,35,NA,NA,NA,0
164,4,35,NA,NA,NA,0
165,4,35,NA,NA,NA,0
166,4,35,NA,NA,NA,0
167,5,36,NA,NA,NA,0
168,5,36,NA,NA,NA,0
169,5,36,NA,NA,NA,0
170,5,36,NA,NA,NA,0
171,5,36,NA,NA,NA,0
172,3,37,NA,NA,NA,0
173,3,37,NA,NA,NA,0
174,3,37,NA,NA,NA,0
175,3,38,NA,NA,NA,0
176,3,38,NA,NA,NA,0
177,3,38,NA,NA,NA,0
178,6,39,"C",254,5,1
179,6,39,NA,NA,NA,0
180,6,39,"H",352,2,1
181,6,39,"H",340,3,1
182,6,39,"H",282,4,1
183,6,39,"H",NA,NA,0
184,5,40,NA,NA,NA,0
185,5,40,NA,NA,NA,0
186,5,40,NA,NA,NA,0
187,5,40,NA,NA,NA,0
188,5,40,NA,NA,NA,0
189,3,41,NA,NA,NA,0
190,3,41,NA,NA,NA,0
191,3,41,NA,NA,NA,0
192,6,42,NA,NA,NA,0
193,6,42,NA,NA,NA,0
194,6,42,NA,NA,NA,0
195,6,42,NA,NA,NA,0
196,6,42,NA,NA,NA,0
197,6,42,NA,NA,NA,0
198,6,43,NA,NA,NA,0
199,6,43,NA,NA,NA,0
200,6,43,NA,NA,NA,0
201,6,43,NA,NA,NA,0
202,6,43,NA,NA,NA,0
203,6,43,NA,NA,NA,0
204,3,44,"C",NA,NA,0
205,3,44,NA,NA,NA,0
206,3,44,NA,NA,NA,0
207,3,45,NA,NA,NA,0
208,3,45,NA,NA,NA,0
209,3,45,NA,NA,NA,0
210,3,46,NA,NA,NA,0
211,3,46,NA,NA,NA,0
212,3,46,NA,NA,NA,0
213,4,47,NA,NA,NA,0
214,4,47,NA,NA,NA,0
215,4,47,NA,NA,NA,0
216,4,47,NA,NA,NA,0
217,5,48,NA,NA,NA,0
218,5,48,NA,NA,NA,0
219,5,48,NA,NA,NA,0
220,5,48,NA,NA,NA,0
221,5,48,NA,NA,NA,0
222,6,49,NA,NA,NA,0
223,6,49,NA,NA,NA,0
224,6,49,NA,NA,NA,0
225,6,49,NA,NA,NA,0
226,6,49,NA,NA,NA,0
227,6,49,NA,NA,NA,0
228,5,50,NA,NA,NA,0
229,5,50,NA,NA,NA,0
230,5,50,NA,NA,NA,0
231,5,50,NA,NA,NA,0
232,5,50,NA,NA,NA,0
233,3,51,NA,NA,NA,0
234,3,51,NA,NA,NA,0
235,3,51,NA,NA,NA,0
236,6,52,NA,NA,NA,0
237,6,52,NA,NA,NA,0
238,6,52,"H",262,4,0
239,6,52,NA,NA,NA,0
240,6,52,NA,NA,NA,0
241,6,52,"C",229,5,1
242,6,53,NA,NA,NA,0
243,6,53,NA,NA,NA,0
244,6,53,NA,NA,NA,0
245,6,53,NA,NA,NA,0
246,6,53,NA,NA,NA,0
247,6,53,NA,NA,NA,0
248,4,54,NA,NA,NA,0
249,4,54,NA,NA,NA,0
250,4,54,NA,NA,NA,0
251,4,54,NA,NA,NA,0
252,4,55,NA,NA,NA,0
253,4,55,NA,NA,NA,0
254,4,55,NA,NA,NA,0
255,4,55,NA,NA,NA,0
256,6,56,NA,NA,NA,0
257,6,56,NA,NA,NA,0
258,6,56,NA,NA,NA,0
259,6,56,NA,NA,NA,0
260,6,56,NA,NA,NA,0
261,6,56,NA,NA,NA,0
262,3,57,NA,NA,NA,0
263,3,57,NA,NA,NA,0
264,3,57,NA,NA,NA,0
265,4,58,"H",NA,NA,0
266,4,58,"H",NA,NA,0
267,4,58,NA,NA,NA,0
268,4,58,"C",349,3,2
269,6,59,NA,NA,NA,0
270,6,59,NA,NA,NA,0
271,6,59,NA,NA,NA,0
272,6,59,NA,NA,NA,0
273,6,59,NA,NA,NA,0
274,6,59,NA,NA,NA,0
275,6,60,NA,NA,NA,0
276,6,60,NA,NA,NA,0
277,6,60,NA,NA,NA,0
278,6,60,NA,NA,NA,0
279,6,60,NA,NA,NA,0
280,6,60,NA,NA,NA,0
281,4,61,NA,NA,NA,0
282,4,61,NA,NA,NA,0
283,4,61,NA,NA,NA,0
284,4,61,NA,NA,NA,0
285,6,62,NA,NA,NA,0
286,6,62,NA,NA,NA,0
287,6,62,NA,NA,NA,0
288,6,62,NA,NA,NA,0
289,6,62,NA,NA,NA,0
290,6,62,NA,NA,NA,0
291,4,63,NA,NA,NA,0
292,4,63,NA,NA,NA,0
293,4,63,NA,NA,NA,0
294,4,63,NA,NA,NA,0
295,4,64,NA,NA,NA,0
296,4,64,NA,NA,NA,0
297,4,64,NA,NA,NA,0
298,4,64,NA,NA,NA,0
299,4,65,NA,NA,NA,0
300,4,65,NA,NA,NA,0
301,4,65,NA,NA,NA,0
302,4,65,NA,NA,NA,0
303,5,66,NA,NA,NA,0
304,5,66,NA,NA,NA,0
305,5,66,"C",NA,NA,0
306,5,66,NA,NA,NA,0
307,5,66,NA,NA,NA,0
308,3,67,NA,NA,NA,0
309,3,67,NA,NA,NA,0
310,3,67,NA,NA,NA,0
311,6,68,NA,NA,NA,0
312,6,68,NA,NA,NA,0
313,6,68,NA,NA,NA,0
314,6,68,NA,NA,NA,0
315,6,68,NA,NA,NA,0
316,6,68,NA,NA,NA,0
317,3,69,NA,NA,NA,0
318,3,69,NA,NA,NA,0
319,3,69,NA,NA,NA,0
320,6,70,NA,NA,NA,0
321,6,70,NA,NA,NA,0
322,6,70,NA,NA,NA,0
323,6,70,NA,NA,NA,0
324,6,70,NA,NA,NA,0
325,6,70,NA,NA,NA,0
326,4,71,NA,NA,NA,0
327,4,71,NA,NA,NA,0
328,4,71,NA,NA,NA,0
329,4,71,NA,NA,NA,0
330,3,72,NA,NA,NA,0
331,3,72,NA,NA,NA,0
332,3,72,NA,NA,NA,0
333,3,73,NA,NA,NA,0
334,3,73,NA,NA,NA,0
335,3,73,NA,NA,NA,0
336,4,74,NA,NA,NA,0
337,4,74,NA,NA,NA,0
338,4,74,NA,NA,NA,0
339,4,74,NA,NA,NA,0
340,3,75,NA,NA,NA,0
341,3,75,NA,NA,NA,0
342,3,75,NA,NA,NA,0
343,3,76,NA,NA,NA,0
344,3,76,NA,NA,NA,0
345,3,76,NA,NA,NA,0
346,6,77,NA,NA,NA,0
347,6,77,NA,NA,NA,0
348,6,77,NA,NA,NA,0
349,6,77,NA,NA,NA,0
350,6,77,"C",NA,NA,0
351,6,77,NA,NA,NA,0
352,5,78,NA,NA,NA,0
353,5,78,NA,NA,NA,0
354,5,78,NA,NA,NA,0
355,5,78,NA,NA,NA,0
356,5,78,NA,NA,NA,0
357,5,79,NA,NA,NA,0
358,5,79,NA,NA,NA,0
359,5,79,NA,NA,NA,0
360,5,79,NA,NA,NA,0
361,5,79,NA,NA,NA,0
362,3,80,NA,NA,NA,0
363,3,80,NA,NA,NA,0
364,3,80,NA,NA,NA,0
365,6,81,NA,NA,NA,0
366,6,81,NA,NA,NA,0
367,6,81,NA,NA,NA,0
368,6,81,NA,NA,NA,0
369,6,81,NA,NA,NA,0
370,6,81,NA,NA,NA,0
371,6,82,NA,NA,NA,0
372,6,82,NA,NA,NA,0
373,6,82,NA,NA,NA,0
374,6,82,NA,NA,NA,0
375,6,82,NA,NA,NA,0
376,6,82,NA,NA,NA,0
377,4,83,NA,NA,NA,0
378,4,83,NA,NA,NA,0
379,4,83,NA,NA,NA,0
380,4,83,NA,NA,NA,0
381,3,84,NA,NA,NA,0
382,3,84,NA,NA,NA,0
383,3,84,NA,NA,NA,0
384,3,85,NA,NA,NA,0
385,3,85,NA,NA,NA,0
386,3,85,NA,NA,NA,0
387,3,86,NA,NA,NA,0
388,3,86,NA,NA,NA,0
389,3,86,NA,NA,NA,0
390,3,87,NA,NA,NA,0
391,3,87,NA,NA,NA,0
392,3,87,NA,NA,NA,0
393,5,88,NA,NA,NA,0
394,5,88,NA,NA,NA,0
395,5,88,NA,NA,NA,0
396,5,88,NA,NA,NA,0
397,5,88,NA,NA,NA,0
398,5,89,NA,NA,NA,0
399,5,89,NA,NA,NA,0
400,5,89,NA,NA,NA,0
401,5,89,NA,NA,NA,0
402,5,89,NA,NA,NA,0
403,5,90,NA,NA,NA,0
404,5,90,NA,NA,NA,0
405,5,90,NA,NA,NA,0
406,5,90,NA,NA,NA,0
407,5,90,NA,NA,NA,0
408,3,91,NA,NA,NA,0
409,3,91,NA,NA,NA,0
410,3,91,NA,NA,NA,0
411,6,92,"C",192,5,2
412,6,92,"H",302,1,0
413,6,92,NA,NA,NA,0
414,6,92,"H",270,2,1
415,6,92,"H",215,3,0
416,6,92,"H",226,3,1
417,3,93,NA,NA,NA,0
418,3,93,NA,NA,NA,0
419,3,93,NA,NA,NA,0
420,3,94,NA,NA,NA,0
421,3,94,NA,NA,NA,0
422,3,94,NA,NA,NA,0
423,4,95,NA,NA,NA,0
424,4,95,NA,NA,NA,0
425,4,95,NA,NA,NA,0
426,4,95,NA,NA,NA,0
427,4,96,NA,NA,NA,0
428,4,96,NA,NA,NA,0
429,4,96,NA,NA,NA,0
430,4,96,NA,NA,NA,0
431,4,97,"H",300,2,1
432,4,97,"H",322,1,1
433,4,97,"H",347,0,0
434,4,97,"C",264,3,1
435,3,98,NA,NA,NA,0
436,3,98,NA,NA,NA,0
437,3,98,NA,NA,NA,0
438,4,99,NA,NA,NA,0
439,4,99,NA,NA,NA,0
440,4,99,NA,NA,NA,0
441,4,99,NA,NA,NA,0
442,5,100,NA,NA,NA,0
443,5,100,NA,NA,NA,0
444,5,100,NA,NA,NA,0
445,5,100,NA,NA,NA,0
446,5,100,NA,NA,NA,0
447,4,101,NA,NA,NA,0
448,4,101,NA,NA,NA,0
449,4,101,NA,NA,NA,0
450,4,101,NA,NA,NA,0
451,4,102,NA,NA,NA,0
452,4,102,NA,NA,NA,0
453,4,102,NA,NA,NA,0
454,4,102,NA,NA,NA,0
455,3,103,NA,NA,NA,0
456,3,103,NA,NA,NA,0
457,3,103,NA,NA,NA,0
458,5,104,NA,NA,NA,0
459,5,104,NA,NA,NA,0
460,5,104,NA,NA,NA,0
461,5,104,NA,NA,NA,0
462,5,104,NA,NA,NA,0
463,3,105,"H",287,1,0
464,3,105,NA,NA,NA,0
465,3,105,"C",259,2,1
466,5,106,NA,NA,NA,0
467,5,106,NA,NA,NA,0
468,5,106,NA,NA,NA,0
469,5,106,NA,NA,NA,0
470,5,106,NA,NA,NA,0
471,3,107,NA,NA,NA,0
472,3,107,NA,NA,NA,0
473,3,107,NA,NA,NA,0
474,3,108,NA,NA,NA,0
475,3,108,NA,NA,NA,0
476,3,108,NA,NA,NA,0
477,4,109,NA,NA,NA,0
478,4,109,NA,NA,NA,0
479,4,109,NA,NA,NA,0
480,4,109,NA,NA,NA,0
481,6,110,NA,NA,NA,0
482,6,110,NA,NA,NA,0
483,6,110,NA,NA,NA,0
484,6,110,NA,NA,NA,0
485,6,110,NA,NA,NA,0
486,6,110,NA,NA,NA,0
487,6,111,NA,NA,NA,0
488,6,111,NA,NA,NA,0
489,6,111,NA,NA,NA,0
490,6,111,NA,NA,NA,0
491,6,111,NA,NA,NA,0
492,6,111,NA,NA,NA,0
493,3,112,NA,NA,NA,0
494,3,112,NA,NA,NA,0
495,3,112,NA,NA,NA,0
496,5,113,NA,NA,NA,0
497,5,113,NA,NA,NA,0
498,5,113,NA,NA,NA,0
499,5,113,NA,NA,NA,0
500,5,113,NA,NA,NA,0
501,6,114,NA,NA,NA,0
502,6,114,NA,NA,NA,0
503,6,114,NA,NA,NA,0
504,6,114,NA,NA,NA,0
505,6,114,NA,NA,NA,0
506,6,114,NA,NA,NA,0
507,5,115,NA,NA,NA,0
508,5,115,NA,NA,NA,0
509,5,115,NA,NA,NA,0
510,5,115,NA,NA,NA,0
511,5,115,NA,NA,NA,0
512,4,116,NA,NA,NA,0
513,4,116,NA,NA,NA,0
514,4,116,NA,NA,NA,0
515,4,116,NA,NA,NA,0
516,5,117,NA,NA,NA,0
517,5,117,NA,NA,NA,0
518,5,117,NA,NA,NA,0
519,5,117,NA,NA,NA,0
520,5,117,NA,NA,NA,0
521,3,118,NA,NA,NA,0
522,3,118,NA,NA,NA,0
523,3,118,NA,NA,NA,0
524,6,119,NA,NA,NA,0
525,6,119,NA,NA,NA,0
526,6,119,NA,NA,NA,0
527,6,119,NA,NA,NA,0
528,6,119,NA,NA,NA,0
529,6,119,NA,NA,NA,0
530,3,120,NA,NA,NA,0
531,3,120,NA,NA,NA,0
532,3,120,NA,NA,NA,0
533,5,121,NA,NA,NA,0
534,5,121,NA,NA,NA,0
535,5,121,NA,NA,NA,0
536,5,121,NA,NA,NA,0
537,5,121,NA,NA,NA,0
538,6,122,NA,NA,NA,0
539,6,122,NA,NA,NA,0
540,6,122,NA,NA,NA,0
541,6,122,NA,NA,NA,0
542,6,122,NA,NA,NA,0
543,6,122,NA,NA,NA,0
544,5,123,NA,NA,NA,0
545,5,123,NA,NA,NA,0
546,5,123,NA,NA,NA,0
547,5,123,NA,NA,NA,0
548,5,123,NA,NA,NA,0
549,4,124,NA,NA,NA,0
550,4,124,NA,NA,NA,0
551,4,124,NA,NA,NA,0
552,4,124,NA,NA,NA,0
553,4,125,NA,NA,NA,0
554,4,125,NA,NA,NA,0
555,4,125,NA,NA,NA,0
556,4,125,NA,NA,NA,0
557,5,126,NA,NA,NA,0
558,5,126,NA,NA,NA,0
559,5,126,NA,NA,NA,0
560,5,126,NA,NA,NA,0
561,5,126,NA,NA,NA,0
562,6,127,NA,NA,NA,0
563,6,127,NA,NA,NA,0
564,6,127,NA,NA,NA,0
565,6,127,NA,NA,NA,0
566,6,127,NA,NA,NA,0
567,6,127,NA,NA,NA,0
568,3,128,NA,NA,NA,0
569,3,128,NA,NA,NA,0
570,3,128,NA,NA,NA,0
571,4,129,NA,NA,NA,0
572,4,129,NA,NA,NA,0
573,4,129,NA,NA,NA,0
574,4,129,NA,NA,NA,0
575,5,130,NA,NA,NA,0
576,5,130,NA,NA,NA,0
577,5,130,NA,NA,NA,0
578,5,130,NA,NA,NA,0
579,5,130,NA,NA,NA,0
580,6,131,NA,NA,NA,0
581,6,131,NA,NA,NA,0
582,6,131,NA,NA,NA,0
583,6,131,NA,NA,NA,0
584,6,131,NA,NA,NA,0
585,6,131,NA,NA,NA,0
586,3,132,NA,NA,NA,0
587,3,132,NA,NA,NA,0
588,3,132,NA,NA,NA,0
589,6,133,NA,NA,NA,0
590,6,133,NA,NA,NA,0
591,6,133,NA,NA,NA,0
592,6,133,NA,NA,NA,0
593,6,133,NA,NA,NA,0
594,6,133,NA,NA,NA,0
595,5,134,NA,NA,NA,0
596,5,134,NA,NA,NA,0
597,5,134,NA,NA,NA,0
598,5,134,NA,NA,NA,0
599,5,134,NA,NA,NA,0
600,6,135,"C",NA,NA,0
601,6,135,NA,NA,NA,0
602,6,135,NA,NA,NA,0
603,6,135,NA,NA,NA,0
604,6,135,NA,NA,NA,0
605,6,135,NA,NA,NA,0
606,6,136,NA,NA,NA,0
607,6,136,NA,NA,NA,0
608,6,136,NA,NA,NA,0
609,6,136,NA,NA,NA,0
610,6,136,NA,NA,NA,0
611,6,136,NA,NA,NA,0
612,4,137,NA,NA,NA,0
613,4,137,NA,NA,NA,0
614,4,137,NA,NA,NA,0
615,4,137,NA,NA,NA,0
616,6,138,NA,NA,NA,0
617,6,138,NA,NA,NA,0
618,6,138,NA,NA,NA,0
619,6,138,NA,NA,NA,0
620,6,138,NA,NA,NA,0
621,6,138,NA,NA,NA,0
622,3,139,NA,NA,NA,0
623,3,139,NA,NA,NA,0
624,3,139,NA,NA,NA,0
625,4,140,NA,NA,NA,0
626,4,140,NA,NA,NA,0
627,4,140,NA,NA,NA,0
628,4,140,NA,NA,NA,0
629,6,141,NA,NA,NA,0
630,6,141,"C",NA,NA,0
631,6,141,NA,NA,NA,0
632,6,141,NA,NA,NA,0
633,6,141,NA,NA,NA,0
634,6,141,NA,NA,NA,0
635,5,142,NA,NA,NA,0
636,5,142,NA,NA,NA,0
637,5,142,NA,NA,NA,0
638,5,142,NA,NA,NA,0
639,5,142,NA,NA,NA,0
640,5,143,NA,NA,NA,0
641,5,143,NA,NA,NA,0
642,5,143,NA,NA,NA,0
643,5,143,NA,NA,NA,0
644,5,143,NA,NA,NA,0
645,4,144,NA,NA,NA,0
646,4,144,NA,NA,NA,0
647,4,144,NA,NA,NA,0
648,4,144,NA,NA,NA,0
649,3,145,NA,NA,NA,0
650,3,145,NA,NA,NA,0
651,3,145,NA,NA,NA,0
652,4,146,NA,NA,NA,0
653,4,146,NA,NA,NA,0
654,4,146,NA,NA,NA,0
655,4,146,NA,NA,NA,0
656,5,147,NA,NA,NA,0
657,5,147,NA,NA,NA,0
658,5,147,NA,NA,NA,0
659,5,147,NA,NA,NA,0
660,5,147,NA,NA,NA,0
661,3,148,NA,NA,NA,0
662,3,148,NA,NA,NA,0
663,3,148,NA,NA,NA,0
664,5,149,NA,NA,NA,0
665,5,149,NA,NA,NA,0
666,5,149,NA,NA,NA,0
667,5,149,NA,NA,NA,0
668,5,149,NA,NA,NA,0
669,5,150,NA,NA,NA,0
670,5,150,NA,NA,NA,0
671,5,150,NA,NA,NA,0
672,5,150,NA,NA,NA,0
673,5,150,NA,NA,NA,0
674,4,151,NA,NA,NA,0
675,4,151,NA,NA,NA,0
676,4,151,NA,NA,NA,0
677,4,151,NA,NA,NA,0
678,3,152,NA,NA,NA,0
679,3,152,NA,NA,NA,0
680,3,152,NA,NA,NA,0
681,6,153,"C",317,5,2
682,6,153,NA,NA,NA,0
683,6,153,"H",353,3,0
684,6,153,NA,NA,NA,0
685,6,153,"H",NA,NA,0
686,6,153,"H",361,3,1
687,6,154,NA,NA,NA,0
688,6,154,NA,NA,NA,0
689,6,154,NA,NA,NA,0
690,6,154,NA,NA,NA,0
691,6,154,NA,NA,NA,0
692,6,154,NA,NA,NA,0
693,5,155,NA,NA,NA,0
694,5,155,NA,NA,NA,0
695,5,155,NA,NA,NA,0
696,5,155,NA,NA,NA,0
697,5,155,NA,NA,NA,0
698,3,156,NA,NA,NA,0
699,3,156,NA,NA,NA,0
700,3,156,NA,NA,NA,0
701,6,157,NA,NA,NA,0
702,6,157,NA,NA,NA,0
703,6,157,NA,NA,NA,0
704,6,157,NA,NA,NA,0
705,6,157,NA,NA,NA,0
706,6,157,NA,NA,NA,0
707,4,158,NA,NA,NA,0
708,4,158,NA,NA,NA,0
709,4,158,NA,NA,NA,0
710,4,158,NA,NA,NA,0
711,4,159,NA,NA,NA,0
712,4,159,NA,NA,NA,0
713,4,159,NA,NA,NA,0
714,4,159,NA,NA,NA,0
715,4,160,NA,NA,NA,0
716,4,160,NA,NA,NA,0
717,4,160,NA,NA,NA,0
718,4,160,NA,NA,NA,0
719,3,161,NA,NA,NA,0
720,3,161,NA,NA,NA,0
721,3,161,NA,NA,NA,0
722,3,162,NA,NA,NA,0
723,3,162,NA,NA,NA,0
724,3,162,NA,NA,NA,0
725,4,163,NA,NA,NA,0
726,4,163,NA,NA,NA,0
727,4,163,NA,NA,NA,0
728,4,163,NA,NA,NA,0
729,4,164,NA,NA,NA,0
730,4,164,NA,NA,NA,0
731,4,164,NA,NA,NA,0
732,4,164,NA,NA,NA,0
733,5,165,NA,NA,NA,0
734,5,165,"H",264,2,1
735,5,165,"C",226,4,1
736,5,165,"H",251,3,1
737,5,165,"H",297,1,0
738,6,166,NA,NA,NA,0
739,6,166,NA,NA,NA,0
740,6,166,NA,NA,NA,0
741,6,166,NA,NA,NA,0
742,6,166,NA,NA,NA,0
743,6,166,NA,NA,NA,0
744,4,167,NA,NA,NA,0
745,4,167,NA,NA,NA,0
746,4,167,NA,NA,NA,0
747,4,167,NA,NA,NA,0
748,3,168,NA,NA,NA,0
749,3,168,NA,NA,NA,0
750,3,168,NA,NA,NA,0
751,6,169,NA,NA,NA,0
752,6,169,NA,NA,NA,0
753,6,169,NA,NA,NA,0
754,6,169,NA,NA,NA,0
755,6,169,NA,NA,NA,0
756,6,169,NA,NA,NA,0
757,6,170,NA,NA,NA,0
758,6,170,NA,NA,NA,0
759,6,170,NA,NA,NA,0
760,6,170,NA,NA,NA,0
761,6,170,NA,NA,NA,0
762,6,170,NA,NA,NA,0
763,4,171,NA,NA,NA,0
764,4,171,NA,NA,NA,0
765,4,171,NA,NA,NA,0
766,4,171,NA,NA,NA,0
767,5,172,NA,NA,NA,0
768,5,172,NA,NA,NA,0
769,5,172,NA,NA,NA,0
770,5,172,NA,NA,NA,0
771,5,172,NA,NA,NA,0
772,5,173,NA,NA,NA,0
773,5,173,NA,NA,NA,0
774,5,173,NA,NA,NA,0
775,5,173,NA,NA,NA,0
776,5,173,NA,NA,NA,0
777,3,174,NA,NA,NA,0
778,3,174,NA,NA,NA,0
779,3,174,NA,NA,NA,0
780,5,175,NA,NA,NA,0
781,5,175,NA,NA,NA,0
782,5,175,NA,NA,NA,0
783,5,175,NA,NA,NA,0
784,5,175,NA,NA,NA,0
785,3,176,NA,NA,NA,0
786,3,176,NA,NA,NA,0
787,3,176,NA,NA,NA,0
788,5,177,NA,NA,NA,0
789,5,177,NA,NA,NA,0
790,5,177,NA,NA,NA,0
791,5,177,NA,NA,NA,0
792,5,177,NA,NA,NA,0
793,6,178,NA,NA,NA,0
794,6,178,NA,NA,NA,0
795,6,178,NA,NA,NA,0
796,6,178,NA,NA,NA,0
797,6,178,NA,NA,NA,0
798,6,178,NA,NA,NA,0
799,5,179,NA,NA,NA,0
800,5,179,NA,NA,NA,0
801,5,179,NA,NA,NA,0
802,5,179,NA,NA,NA,0
803,5,179,NA,NA,NA,0
804,6,180,NA,NA,NA,0
805,6,180,NA,NA,NA,0
806,6,180,NA,NA,NA,0
807,6,180,NA,NA,NA,0
808,6,180,NA,NA,NA,0
809,6,180,NA,NA,NA,0
810,5,181,"H",240,2,0
811,5,181,NA,NA,NA,0
812,5,181,"H",218,2,0
813,5,181,NA,NA,NA,0
814,5,181,"C",188,4,2
815,5,182,NA,NA,NA,0
816,5,182,NA,NA,NA,0
817,5,182,NA,NA,NA,0
818,5,182,NA,NA,NA,0
819,5,182,NA,NA,NA,0
820,5,183,NA,NA,NA,0
821,5,183,NA,NA,NA,0
822,5,183,NA,NA,NA,0
823,5,183,NA,NA,NA,0
824,5,183,NA,NA,NA,0
825,5,184,NA,NA,NA,0
826,5,184,NA,NA,NA,0
827,5,184,NA,NA,NA,0
828,5,184,NA,NA,NA,0
829,5,184,NA,NA,NA,0
830,5,185,NA,NA,NA,0
831,5,185,NA,NA,NA,0
832,5,185,NA,NA,NA,0
833,5,185,NA,NA,NA,0
834,5,185,NA,NA,NA,0
835,6,186,NA,NA,NA,0
836,6,186,NA,NA,NA,0
837,6,186,NA,NA,NA,0
838,6,186,NA,NA,NA,0
839,6,186,NA,NA,NA,0
840,6,186,NA,NA,NA,0
841,6,187,NA,NA,NA,0
842,6,187,NA,NA,NA,0
843,6,187,NA,NA,NA,0
844,6,187,NA,NA,NA,0
845,6,187,NA,NA,NA,0
846,6,187,NA,NA,NA,0
847,6,188,NA,NA,NA,0
848,6,188,NA,NA,NA,0
849,6,188,NA,NA,NA,0
850,6,188,NA,NA,NA,0
851,6,188,NA,NA,NA,0
852,6,188,NA,NA,NA,0
853,6,189,NA,NA,NA,0
854,6,189,NA,NA,NA,0
855,6,189,NA,NA,NA,0
856,6,189,NA,NA,NA,0
857,6,189,NA,NA,NA,0
858,6,189,NA,NA,NA,0
859,5,190,NA,NA,NA,0
860,5,190,NA,NA,NA,0
861,5,190,NA,NA,NA,0
862,5,190,NA,NA,NA,0
863,5,190,NA,NA,NA,0
864,4,191,NA,NA,NA,0
865,4,191,NA,NA,NA,0
866,4,191,NA,NA,NA,0
867,4,191,NA,NA,NA,0
868,4,192,NA,NA,NA,0
869,4,192,NA,NA,NA,0
870,4,192,NA,NA,NA,0
871,4,192,NA,NA,NA,0
872,6,193,NA,NA,NA,0
873,6,193,NA,NA,NA,0
874,6,193,NA,NA,NA,0
875,6,193,NA,NA,NA,0
876,6,193,NA,NA,NA,0
877,6,193,NA,NA,NA,0
878,6,194,NA,NA,NA,0
879,6,194,NA,NA,NA,0
880,6,194,NA,NA,NA,0
881,6,194,NA,NA,NA,0
882,6,194,NA,NA,NA,0
883,6,194,NA,NA,NA,0
884,6,195,NA,NA,NA,0
885,6,195,NA,NA,NA,0
886,6,195,NA,NA,NA,0
887,6,195,NA,NA,NA,0
888,6,195,NA,NA,NA,0
889,6,195,NA,NA,NA,0
890,6,196,NA,NA,NA,0
891,6,196,NA,NA,NA,0
892,6,196,NA,NA,NA,0
893,6,196,NA,NA,NA,0
894,6,196,NA,NA,NA,0
895,6,196,NA,NA,NA,0
896,3,197,NA,NA,NA,0
897,3,197,NA,NA,NA,0
898,3,197,NA,NA,NA,0
899,3,198,NA,NA,NA,0
900,3,198,NA,NA,NA,0
901,3,198,NA,NA,NA,0
902,6,199,NA,NA,NA,0
903,6,199,NA,NA,NA,0
904,6,199,NA,NA,NA,0
905,6,199,NA,NA,NA,0
906,6,199,NA,NA,NA,0
907,6,199,NA,NA,NA,0
908,3,200,NA,NA,NA,0
909,3,200,NA,NA,NA,0
910,3,200,NA,NA,NA,0
911,5,201,NA,NA,NA,0
912,5,201,NA,NA,NA,0
913,5,201,NA,NA,NA,0
914,5,201,NA,NA,NA,0
915,5,201,NA,NA,NA,0
916,6,202,NA,NA,NA,0
917,6,202,NA,NA,NA,0
918,6,202,NA,NA,NA,0
919,6,202,NA,NA,NA,0
920,6,202,NA,NA,NA,0
921,6,202,NA,NA,NA,0
922,4,203,NA,NA,NA,0
923,4,203,NA,NA,NA,0
924,4,203,NA,NA,NA,0
925,4,203,NA,NA,NA,0
926,3,204,NA,NA,NA,0
927,3,204,NA,NA,NA,0
928,3,204,NA,NA,NA,0
929,4,205,NA,NA,NA,0
930,4,205,NA,NA,NA,0
931,4,205,NA,NA,NA,0
932,4,205,NA,NA,NA,0
933,3,206,NA,NA,NA,0
934,3,206,NA,NA,NA,0
935,3,206,NA,NA,NA,0
936,5,207,NA,NA,NA,0
937,5,207,NA,NA,NA,0
938,5,207,NA,NA,NA,0
939,5,207,NA,NA,NA,0
940,5,207,NA,NA,NA,0
941,6,208,NA,NA,NA,0
942,6,208,NA,NA,NA,0
943,6,208,NA,NA,NA,0
944,6,208,NA,NA,NA,0
945,6,208,NA,NA,NA,0
946,6,208,NA,NA,NA,0
947,3,209,NA,NA,NA,0
948,3,209,NA,NA,NA,0
949,3,209,NA,NA,NA,0
950,5,210,NA,NA,NA,0
951,5,210,NA,NA,NA,0
952,5,210,NA,NA,NA,0
953,5,210,NA,NA,NA,0
954,5,210,NA,NA,NA,0
955,6,211,NA,NA,NA,0
956,6,211,NA,NA,NA,0
957,6,211,NA,NA,NA,0
958,6,211,NA,NA,NA,0
959,6,211,NA,NA,NA,0
960,6,211,NA,NA,NA,0
961,4,212,NA,NA,NA,0
962,4,212,NA,NA,NA,0
963,4,212,NA,NA,NA,0
964,4,212,NA,NA,NA,0
965,4,213,NA,NA,NA,0
966,4,213,NA,NA,NA,0
967,4,213,NA,NA,NA,0
968,4,213,NA,NA,NA,0
969,3,214,NA,NA,NA,0
970,3,214,NA,NA,NA,0
971,3,214,NA,NA,NA,0
972,6,215,"H",NA,NA,0
973,6,215,"H",NA,NA,0
974,6,215,NA,NA,NA,0
975,6,215,"H",350,3,1
976,6,215,"C",323,5,2
977,6,215,NA,NA,NA,0
978,4,216,NA,NA,NA,0
979,4,216,NA,NA,NA,0
980,4,216,NA,NA,NA,0
981,4,216,NA,NA,NA,0
982,3,217,NA,NA,NA,0
983,3,217,NA,NA,NA,0
984,3,217,NA,NA,NA,0
985,3,218,NA,NA,NA,0
986,3,218,NA,NA,NA,0
987,3,218,NA,NA,NA,0
988,5,219,NA,NA,NA,0
989,5,219,NA,NA,NA,0
990,5,219,NA,NA,NA,0
991,5,219,NA,NA,NA,0
992,5,219,NA,NA,NA,0
993,5,220,NA,NA,NA,0
994,5,220,NA,NA,NA,0
995,5,220,NA,NA,NA,0
996,5,220,NA,NA,NA,0
997,5,220,NA,NA,NA,0
998,3,221,NA,NA,NA,0
999,3,221,NA,NA,NA,0
1000,3,221,NA,NA,NA,0
