"ID","SIZE","HH","TYPE","TIME","S_NUM","I_NUM"
1,5,1,"0",14,4,1
2,5,1,"H",44,3,1
3,5,1,"H",82,2,0
4,5,1,"C",234,1,0
5,5,1,NA,NA,NA,0
6,5,2,NA,NA,NA,0
7,5,2,NA,NA,NA,0
8,5,2,NA,NA,NA,0
9,5,2,NA,NA,NA,0
10,5,2,NA,NA,NA,0
11,3,3,NA,NA,NA,0
12,3,3,NA,NA,NA,0
13,3,3,NA,NA,NA,0
14,6,4,"H",354,4,0
15,6,4,NA,NA,NA,0
16,6,4,NA,NA,NA,0
17,6,4,"C",318,5,1
18,6,4,NA,NA,NA,0
19,6,4,NA,NA,NA,0
20,5,5,NA,NA,NA,0
21,5,5,NA,NA,NA,0
22,5,5,NA,NA,NA,0
23,5,5,NA,NA,NA,0
24,5,5,NA,NA,NA,0
25,4,6,NA,NA,NA,0
26,4,6,NA,NA,NA,0
27,4,6,NA,NA,NA,0
28,4,6,NA,NA,NA,0
29,6,7,NA,NA,NA,0
30,6,7,NA,NA,NA,0
31,6,7,NA,NA,NA,0
32,6,7,NA,NA,NA,0
33,6,7,NA,NA,NA,0
34,6,7,NA,NA,NA,0
35,6,8,NA,NA,NA,0
36,6,8,NA,NA,NA,0
37,6,8,NA,NA,NA,0
38,6,8,NA,NA,NA,0
39,6,8,NA,NA,NA,0
40,6,8,NA,NA,NA,0
41,4,9,NA,NA,NA,0
42,4,9,NA,NA,NA,0
43,4,9,NA,NA,NA,0
44,4,9,NA,NA,NA,0
45,4,10,NA,NA,NA,0
46,4,10,NA,NA,NA,0
47,4,10,NA,NA,NA,0
48,4,10,NA,NA,NA,0
49,3,11,NA,NA,NA,0
50,3,11,NA,NA,NA,0
51,3,11,NA,NA,NA,0
52,3,12,NA,NA,NA,0
53,3,12,NA,NA,NA,0
54,3,12,NA,NA,NA,0
55,6,13,"H",316,2,1
56,6,13,"H",NA,NA,0
57,6,13,"H",NA,NA,0
58,6,13,"C",301,5,3
59,6,13,"H",346,1,1
60,6,13,"H",318,2,0
61,6,14,NA,NA,NA,0
62,6,14,NA,NA,NA,0
63,6,14,NA,NA,NA,0
64,6,14,NA,NA,NA,0
65,6,14,NA,NA,NA,0
66,6,14,NA,NA,NA,0
67,4,15,NA,NA,NA,0
68,4,15,NA,NA,NA,0
69,4,15,NA,NA,NA,0
70,4,15,NA,NA,NA,0
71,5,16,NA,NA,NA,0
72,5,16,"C",343,2,0
73,5,16,"H",NA,NA,0
74,5,16,NA,NA,NA,0
75,5,16,"C",337,3,1
76,6,17,NA,NA,NA,0
77,6,17,NA,NA,NA,0
78,6,17,NA,NA,NA,0
79,6,17,NA,NA,NA,0
80,6,17,NA,NA,NA,0
81,6,17,NA,NA,NA,0
82,6,18,NA,NA,NA,0
83,6,18,NA,NA,NA,0
84,6,18,NA,NA,NA,0
85,6,18,NA,NA,NA,0
86,6,18,NA,NA,NA,0
87,6,18,NA,NA,NA,0
88,4,19,NA,NA,NA,0
89,4,19,NA,NA,NA,0
90,4,19,NA,NA,NA,0
91,4,19,NA,NA,NA,0
92,3,20,NA,NA,NA,0
93,3,20,NA,NA,NA,0
94,3,20,NA,NA,NA,0
95,3,21,NA,NA,NA,0
96,3,21,NA,NA,NA,0
97,3,21,NA,NA,NA,0
98,5,22,NA,NA,NA,0
99,5,22,NA,NA,NA,0
100,5,22,NA,NA,NA,0
101,5,22,NA,NA,NA,0
102,5,22,NA,NA,NA,0
103,5,23,NA,NA,NA,0
104,5,23,NA,NA,NA,0
105,5,23,NA,NA,NA,0
106,5,23,"C",NA,NA,0
107,5,23,NA,NA,NA,0
108,6,24,"H",262,0,0
109,6,24,"H",219,0,0
110,6,24,"H",200,0,0
111,6,24,"H",174,3,2
112,6,24,"H",178,1,1
113,6,24,"C",141,5,2
114,6,25,NA,NA,NA,0
115,6,25,NA,NA,NA,0
116,6,25,NA,NA,NA,0
117,6,25,NA,NA,NA,0
118,6,25,NA,NA,NA,0
119,6,25,NA,NA,NA,0
120,4,26,NA,NA,NA,0
121,4,26,NA,NA,NA,0
122,4,26,NA,NA,NA,0
123,4,26,NA,NA,NA,0
124,5,27,"H",189,0,0
125,5,27,"H",149,1,1
126,5,27,"H",162,0,0
127,5,27,"H",133,2,1
128,5,27,"C",106,4,2
129,4,28,NA,NA,NA,0
130,4,28,NA,NA,NA,0
131,4,28,NA,NA,NA,0
132,4,28,NA,NA,NA,0
133,3,29,NA,NA,NA,0
134,3,29,NA,NA,NA,0
135,3,29,NA,NA,NA,0
136,4,30,NA,NA,NA,0
137,4,30,"C",311,3,0
138,4,30,NA,NA,NA,0
139,4,30,NA,NA,NA,0
140,3,31,"C",353,2,0
141,3,31,NA,NA,NA,0
142,3,31,NA,NA,NA,0
143,6,32,"C",363,5,1
144,6,32,"H",NA,NA,0
145,6,32,NA,NA,NA,0
146,6,32,NA,NA,NA,0
147,6,32,NA,NA,NA,0
148,6,32,NA,NA,NA,0
149,3,33,NA,NA,NA,0
150,3,33,NA,NA,NA,0
151,3,33,NA,NA,NA,0
152,4,34,NA,NA,NA,0
153,4,34,NA,NA,NA,0
154,4,34,NA,NA,NA,0
155,4,34,NA,NA,NA,0
156,3,35,NA,NA,NA,0
157,3,35,NA,NA,NA,0
158,3,35,NA,NA,NA,0
159,5,36,NA,NA,NA,0
160,5,36,NA,NA,NA,0
161,5,36,NA,NA,NA,0
162,5,36,NA,NA,NA,0
163,5,36,NA,NA,NA,0
164,5,37,NA,NA,NA,0
165,5,37,NA,NA,NA,0
166,5,37,NA,NA,NA,0
167,5,37,NA,NA,NA,0
168,5,37,NA,NA,NA,0
169,6,38,NA,NA,NA,0
170,6,38,NA,NA,NA,0
171,6,38,NA,NA,NA,0
172,6,38,NA,NA,NA,0
173,6,38,NA,NA,NA,0
174,6,38,NA,NA,NA,0
175,4,39,NA,NA,NA,0
176,4,39,NA,NA,NA,0
177,4,39,NA,NA,NA,0
178,4,39,NA,NA,NA,0
179,3,40,NA,NA,NA,0
180,3,40,NA,NA,NA,0
181,3,40,NA,NA,NA,0
182,5,41,"H",NA,NA,0
183,5,41,NA,NA,NA,0
184,5,41,"H",NA,NA,0
185,5,41,"C",NA,NA,0
186,5,41,"C",354,3,2
187,5,42,NA,NA,NA,0
188,5,42,NA,NA,NA,0
189,5,42,NA,NA,NA,0
190,5,42,NA,NA,NA,0
191,5,42,NA,NA,NA,0
192,6,43,NA,NA,NA,0
193,6,43,NA,NA,NA,0
194,6,43,NA,NA,NA,0
195,6,43,NA,NA,NA,0
196,6,43,NA,NA,NA,0
197,6,43,NA,NA,NA,0
198,5,44,NA,NA,NA,0
199,5,44,NA,NA,NA,0
200,5,44,NA,NA,NA,0
201,5,44,NA,NA,NA,0
202,5,44,NA,NA,NA,0
203,4,45,NA,NA,NA,0
204,4,45,NA,NA,NA,0
205,4,45,NA,NA,NA,0
206,4,45,NA,NA,NA,0
207,6,46,NA,NA,NA,0
208,6,46,NA,NA,NA,0
209,6,46,NA,NA,NA,0
210,6,46,NA,NA,NA,0
211,6,46,NA,NA,NA,0
212,6,46,NA,NA,NA,0
213,6,47,NA,NA,NA,0
214,6,47,NA,NA,NA,0
215,6,47,NA,NA,NA,0
216,6,47,NA,NA,NA,0
217,6,47,NA,NA,NA,0
218,6,47,NA,NA,NA,0
219,6,48,NA,NA,NA,0
220,6,48,"H",NA,NA,0
221,6,48,"C",357,5,1
222,6,48,NA,NA,NA,0
223,6,48,NA,NA,NA,0
224,6,48,NA,NA,NA,0
225,5,49,NA,NA,NA,0
226,5,49,NA,NA,NA,0
227,5,49,"C",NA,NA,0
228,5,49,NA,NA,NA,0
229,5,49,NA,NA,NA,0
230,3,50,NA,NA,NA,0
231,3,50,NA,NA,NA,0
232,3,50,NA,NA,NA,0
233,6,51,NA,NA,NA,0
234,6,51,NA,NA,NA,0
235,6,51,NA,NA,NA,0
236,6,51,NA,NA,NA,0
237,6,51,NA,NA,NA,0
238,6,51,NA,NA,NA,0
239,4,52,NA,NA,NA,0
240,4,52,NA,NA,NA,0
241,4,52,NA,NA,NA,0
242,4,52,NA,NA,NA,0
243,4,53,NA,NA,NA,0
244,4,53,NA,NA,NA,0
245,4,53,NA,NA,NA,0
246,4,53,NA,NA,NA,0
247,5,54,"H",349,2,0
248,5,54,"H",333,3,1
249,5,54,"C",313,4,1
250,5,54,NA,NA,NA,0
251,5,54,NA,NA,NA,0
252,3,55,NA,NA,NA,0
253,3,55,NA,NA,NA,0
254,3,55,NA,NA,NA,0
255,5,56,NA,NA,NA,0
256,5,56,NA,NA,NA,0
257,5,56,NA,NA,NA,0
258,5,56,NA,NA,NA,0
259,5,56,NA,NA,NA,0
260,3,57,NA,NA,NA,0
261,3,57,NA,NA,NA,0
262,3,57,NA,NA,NA,0
263,5,58,NA,NA,NA,0
264,5,58,NA,NA,NA,0
265,5,58,NA,NA,NA,0
266,5,58,NA,NA,NA,0
267,5,58,NA,NA,NA,0
268,5,59,NA,NA,NA,0
269,5,59,NA,NA,NA,0
270,5,59,NA,NA,NA,0
271,5,59,NA,NA,NA,0
272,5,59,"C",NA,NA,0
273,4,60,NA,NA,NA,0
274,4,60,NA,NA,NA,0
275,4,60,NA,NA,NA,0
276,4,60,NA,NA,NA,0
277,5,61,NA,NA,NA,0
278,5,61,NA,NA,NA,0
279,5,61,NA,NA,NA,0
280,5,61,NA,NA,NA,0
281,5,61,NA,NA,NA,0
282,6,62,NA,NA,NA,0
283,6,62,NA,NA,NA,0
284,6,62,NA,NA,NA,0
285,6,62,NA,NA,NA,0
286,6,62,NA,NA,NA,0
287,6,62,NA,NA,NA,0
288,5,63,NA,NA,NA,0
289,5,63,NA,NA,NA,0
290,5,63,NA,NA,NA,0
291,5,63,NA,NA,NA,0
292,5,63,NA,NA,NA,0
293,3,64,NA,NA,NA,0
294,3,64,NA,NA,NA,0
295,3,64,NA,NA,NA,0
296,6,65,NA,NA,NA,0
297,6,65,NA,NA,NA,0
298,6,65,NA,NA,NA,0
299,6,65,NA,NA,NA,0
300,6,65,NA,NA,NA,0
301,6,65,NA,NA,NA,0
302,5,66,NA,NA,NA,0
303,5,66,NA,NA,NA,0
304,5,66,NA,NA,NA,0
305,5,66,NA,NA,NA,0
306,5,66,NA,NA,NA,0
307,6,67,NA,NA,NA,0
308,6,67,NA,NA,NA,0
309,6,67,NA,NA,NA,0
310,6,67,NA,NA,NA,0
311,6,67,NA,NA,NA,0
312,6,67,NA,NA,NA,0
313,3,68,"C",363,2,0
314,3,68,NA,NA,NA,0
315,3,68,NA,NA,NA,0
316,6,69,NA,NA,NA,0
317,6,69,NA,NA,NA,0
318,6,69,"C",NA,NA,0
319,6,69,NA,NA,NA,0
320,6,69,NA,NA,NA,0
321,6,69,NA,NA,NA,0
322,4,70,NA,NA,NA,0
323,4,70,NA,NA,NA,0
324,4,70,NA,NA,NA,0
325,4,70,NA,NA,NA,0
326,5,71,NA,NA,NA,0
327,5,71,NA,NA,NA,0
328,5,71,NA,NA,NA,0
329,5,71,NA,NA,NA,0
330,5,71,NA,NA,NA,0
331,5,72,NA,NA,NA,0
332,5,72,NA,NA,NA,0
333,5,72,NA,NA,NA,0
334,5,72,NA,NA,NA,0
335,5,72,NA,NA,NA,0
336,6,73,NA,NA,NA,0
337,6,73,NA,NA,NA,0
338,6,73,NA,NA,NA,0
339,6,73,NA,NA,NA,0
340,6,73,NA,NA,NA,0
341,6,73,NA,NA,NA,0
342,4,74,"H",NA,NA,0
343,4,74,"C",344,3,2
344,4,74,"H",NA,NA,0
345,4,74,NA,NA,NA,0
346,6,75,NA,NA,NA,0
347,6,75,NA,NA,NA,0
348,6,75,NA,NA,NA,0
349,6,75,NA,NA,NA,0
350,6,75,NA,NA,NA,0
351,6,75,NA,NA,NA,0
352,6,76,NA,NA,NA,0
353,6,76,NA,NA,NA,0
354,6,76,NA,NA,NA,0
355,6,76,NA,NA,NA,0
356,6,76,NA,NA,NA,0
357,6,76,NA,NA,NA,0
358,4,77,NA,NA,NA,0
359,4,77,NA,NA,NA,0
360,4,77,NA,NA,NA,0
361,4,77,NA,NA,NA,0
362,5,78,NA,NA,NA,0
363,5,78,NA,NA,NA,0
364,5,78,NA,NA,NA,0
365,5,78,NA,NA,NA,0
366,5,78,NA,NA,NA,0
367,5,79,NA,NA,NA,0
368,5,79,NA,NA,NA,0
369,5,79,NA,NA,NA,0
370,5,79,NA,NA,NA,0
371,5,79,NA,NA,NA,0
372,6,80,NA,NA,NA,0
373,6,80,NA,NA,NA,0
374,6,80,NA,NA,NA,0
375,6,80,NA,NA,NA,0
376,6,80,"H",352,4,0
377,6,80,"C",296,5,1
378,6,81,NA,NA,NA,0
379,6,81,NA,NA,NA,0
380,6,81,NA,NA,NA,0
381,6,81,NA,NA,NA,0
382,6,81,NA,NA,NA,0
383,6,81,NA,NA,NA,0
384,4,82,NA,NA,NA,0
385,4,82,NA,NA,NA,0
386,4,82,NA,NA,NA,0
387,4,82,NA,NA,NA,0
388,6,83,NA,NA,NA,0
389,6,83,NA,NA,NA,0
390,6,83,NA,NA,NA,0
391,6,83,NA,NA,NA,0
392,6,83,NA,NA,NA,0
393,6,83,NA,NA,NA,0
394,4,84,NA,NA,NA,0
395,4,84,"C",158,3,0
396,4,84,NA,NA,NA,0
397,4,84,NA,NA,NA,0
398,3,85,NA,NA,NA,0
399,3,85,NA,NA,NA,0
400,3,85,NA,NA,NA,0
401,4,86,"H",237,1,0
402,4,86,"H",223,2,1
403,4,86,NA,NA,NA,0
404,4,86,"C",206,3,1
405,3,87,NA,NA,NA,0
406,3,87,NA,NA,NA,0
407,3,87,NA,NA,NA,0
408,4,88,NA,NA,NA,0
409,4,88,NA,NA,NA,0
410,4,88,NA,NA,NA,0
411,4,88,NA,NA,NA,0
412,5,89,NA,NA,NA,0
413,5,89,NA,NA,NA,0
414,5,89,NA,NA,NA,0
415,5,89,NA,NA,NA,0
416,5,89,NA,NA,NA,0
417,5,90,NA,NA,NA,0
418,5,90,NA,NA,NA,0
419,5,90,NA,NA,NA,0
420,5,90,NA,NA,NA,0
421,5,90,NA,NA,NA,0
422,6,91,NA,NA,NA,0
423,6,91,NA,NA,NA,0
424,6,91,NA,NA,NA,0
425,6,91,NA,NA,NA,0
426,6,91,NA,NA,NA,0
427,6,91,NA,NA,NA,0
428,6,92,NA,NA,NA,0
429,6,92,NA,NA,NA,0
430,6,92,NA,NA,NA,0
431,6,92,NA,NA,NA,0
432,6,92,NA,NA,NA,0
433,6,92,NA,NA,NA,0
434,5,93,NA,NA,NA,0
435,5,93,NA,NA,NA,0
436,5,93,NA,NA,NA,0
437,5,93,NA,NA,NA,0
438,5,93,NA,NA,NA,0
439,3,94,NA,NA,NA,0
440,3,94,NA,NA,NA,0
441,3,94,NA,NA,NA,0
442,3,95,NA,NA,NA,0
443,3,95,NA,NA,NA,0
444,3,95,NA,NA,NA,0
445,6,96,"H",276,2,1
446,6,96,"H",298,1,1
447,6,96,"C",175,5,1
448,6,96,"H",346,0,0
449,6,96,"H",195,4,1
450,6,96,"H",235,3,1
451,5,97,NA,NA,NA,0
452,5,97,NA,NA,NA,0
453,5,97,NA,NA,NA,0
454,5,97,NA,NA,NA,0
455,5,97,NA,NA,NA,0
456,3,98,NA,NA,NA,0
457,3,98,NA,NA,NA,0
458,3,98,NA,NA,NA,0
459,6,99,NA,NA,NA,0
460,6,99,"C",120,5,1
461,6,99,"H",162,3,0
462,6,99,"H",139,4,1
463,6,99,NA,NA,NA,0
464,6,99,NA,NA,NA,0
465,6,100,NA,NA,NA,0
466,6,100,NA,NA,NA,0
467,6,100,NA,NA,NA,0
468,6,100,NA,NA,NA,0
469,6,100,NA,NA,NA,0
470,6,100,NA,NA,NA,0
471,4,101,"C",NA,NA,0
472,4,101,NA,NA,NA,0
473,4,101,NA,NA,NA,0
474,4,101,NA,NA,NA,0
475,4,102,NA,NA,NA,0
476,4,102,NA,NA,NA,0
477,4,102,NA,NA,NA,0
478,4,102,NA,NA,NA,0
479,5,103,NA,NA,NA,0
480,5,103,NA,NA,NA,0
481,5,103,NA,NA,NA,0
482,5,103,NA,NA,NA,0
483,5,103,NA,NA,NA,0
484,5,104,NA,NA,NA,0
485,5,104,NA,NA,NA,0
486,5,104,NA,NA,NA,0
487,5,104,NA,NA,NA,0
488,5,104,NA,NA,NA,0
489,4,105,NA,NA,NA,0
490,4,105,NA,NA,NA,0
491,4,105,NA,NA,NA,0
492,4,105,NA,NA,NA,0
493,3,106,NA,NA,NA,0
494,3,106,NA,NA,NA,0
495,3,106,NA,NA,NA,0
496,5,107,NA,NA,NA,0
497,5,107,NA,NA,NA,0
498,5,107,NA,NA,NA,0
499,5,107,NA,NA,NA,0
500,5,107,NA,NA,NA,0
501,3,108,NA,NA,NA,0
502,3,108,NA,NA,NA,0
503,3,108,NA,NA,NA,0
504,6,109,NA,NA,NA,0
505,6,109,NA,NA,NA,0
506,6,109,NA,NA,NA,0
507,6,109,NA,NA,NA,0
508,6,109,NA,NA,NA,0
509,6,109,NA,NA,NA,0
510,5,110,NA,NA,NA,0
511,5,110,NA,NA,NA,0
512,5,110,NA,NA,NA,0
513,5,110,NA,NA,NA,0
514,5,110,NA,NA,NA,0
515,3,111,NA,NA,NA,0
516,3,111,NA,NA,NA,0
517,3,111,NA,NA,NA,0
518,5,112,NA,NA,NA,0
519,5,112,NA,NA,NA,0
520,5,112,NA,NA,NA,0
521,5,112,"C",NA,NA,0
522,5,112,NA,NA,NA,0
523,4,113,NA,NA,NA,0
524,4,113,NA,NA,NA,0
525,4,113,NA,NA,NA,0
526,4,113,NA,NA,NA,0
527,5,114,NA,NA,NA,0
528,5,114,NA,NA,NA,0
529,5,114,NA,NA,NA,0
530,5,114,NA,NA,NA,0
531,5,114,"C",NA,NA,0
532,5,115,NA,NA,NA,0
533,5,115,NA,NA,NA,0
534,5,115,NA,NA,NA,0
535,5,115,NA,NA,NA,0
536,5,115,NA,NA,NA,0
537,6,116,NA,NA,NA,0
538,6,116,NA,NA,NA,0
539,6,116,NA,NA,NA,0
540,6,116,NA,NA,NA,0
541,6,116,NA,NA,NA,0
542,6,116,NA,NA,NA,0
543,4,117,NA,NA,NA,0
544,4,117,NA,NA,NA,0
545,4,117,NA,NA,NA,0
546,4,117,NA,NA,NA,0
547,3,118,NA,NA,NA,0
548,3,118,NA,NA,NA,0
549,3,118,NA,NA,NA,0
550,3,119,NA,NA,NA,0
551,3,119,NA,NA,NA,0
552,3,119,NA,NA,NA,0
553,6,120,NA,NA,NA,0
554,6,120,NA,NA,NA,0
555,6,120,NA,NA,NA,0
556,6,120,NA,NA,NA,0
557,6,120,NA,NA,NA,0
558,6,120,NA,NA,NA,0
559,4,121,NA,NA,NA,0
560,4,121,"C",272,3,0
561,4,121,NA,NA,NA,0
562,4,121,NA,NA,NA,0
563,6,122,NA,NA,NA,0
564,6,122,NA,NA,NA,0
565,6,122,NA,NA,NA,0
566,6,122,NA,NA,NA,0
567,6,122,NA,NA,NA,0
568,6,122,NA,NA,NA,0
569,6,123,NA,NA,NA,0
570,6,123,NA,NA,NA,0
571,6,123,NA,NA,NA,0
572,6,123,NA,NA,NA,0
573,6,123,NA,NA,NA,0
574,6,123,NA,NA,NA,0
575,6,124,NA,NA,NA,0
576,6,124,NA,NA,NA,0
577,6,124,NA,NA,NA,0
578,6,124,NA,NA,NA,0
579,6,124,NA,NA,NA,0
580,6,124,NA,NA,NA,0
581,5,125,NA,NA,NA,0
582,5,125,NA,NA,NA,0
583,5,125,NA,NA,NA,0
584,5,125,NA,NA,NA,0
585,5,125,NA,NA,NA,0
586,3,126,NA,NA,NA,0
587,3,126,NA,NA,NA,0
588,3,126,NA,NA,NA,0
589,3,127,NA,NA,NA,0
590,3,127,NA,NA,NA,0
591,3,127,NA,NA,NA,0
592,4,128,NA,NA,NA,0
593,4,128,NA,NA,NA,0
594,4,128,NA,NA,NA,0
595,4,128,NA,NA,NA,0
596,5,129,NA,NA,NA,0
597,5,129,NA,NA,NA,0
598,5,129,NA,NA,NA,0
599,5,129,NA,NA,NA,0
600,5,129,NA,NA,NA,0
601,6,130,NA,NA,NA,0
602,6,130,NA,NA,NA,0
603,6,130,NA,NA,NA,0
604,6,130,NA,NA,NA,0
605,6,130,NA,NA,NA,0
606,6,130,NA,NA,NA,0
607,4,131,NA,NA,NA,0
608,4,131,NA,NA,NA,0
609,4,131,NA,NA,NA,0
610,4,131,NA,NA,NA,0
611,4,132,NA,NA,NA,0
612,4,132,NA,NA,NA,0
613,4,132,NA,NA,NA,0
614,4,132,NA,NA,NA,0
615,4,133,NA,NA,NA,0
616,4,133,NA,NA,NA,0
617,4,133,NA,NA,NA,0
618,4,133,NA,NA,NA,0
619,4,134,NA,NA,NA,0
620,4,134,NA,NA,NA,0
621,4,134,NA,NA,NA,0
622,4,134,"C",298,3,0
623,6,135,NA,NA,NA,0
624,6,135,"C",309,5,1
625,6,135,"H",339,4,0
626,6,135,NA,NA,NA,0
627,6,135,NA,NA,NA,0
628,6,135,NA,NA,NA,0
629,3,136,NA,NA,NA,0
630,3,136,NA,NA,NA,0
631,3,136,NA,NA,NA,0
632,6,137,NA,NA,NA,0
633,6,137,NA,NA,NA,0
634,6,137,NA,NA,NA,0
635,6,137,NA,NA,NA,0
636,6,137,NA,NA,NA,0
637,6,137,NA,NA,NA,0
638,5,138,NA,NA,NA,0
639,5,138,NA,NA,NA,0
640,5,138,NA,NA,NA,0
641,5,138,NA,NA,NA,0
642,5,138,NA,NA,NA,0
643,5,139,NA,NA,NA,0
644,5,139,NA,NA,NA,0
645,5,139,NA,NA,NA,0
646,5,139,NA,NA,NA,0
647,5,139,NA,NA,NA,0
648,5,140,"H",357,1,0
649,5,140,"H",345,2,1
650,5,140,"C",315,4,2
651,5,140,"H",NA,NA,0
652,5,140,NA,NA,NA,0
653,4,141,NA,NA,NA,0
654,4,141,NA,NA,NA,0
655,4,141,NA,NA,NA,0
656,4,141,NA,NA,NA,0
657,4,142,"C",NA,NA,0
658,4,142,NA,NA,NA,0
659,4,142,NA,NA,NA,0
660,4,142,NA,NA,NA,0
661,5,143,NA,NA,NA,0
662,5,143,NA,NA,NA,0
663,5,143,NA,NA,NA,0
664,5,143,"C",NA,NA,0
665,5,143,NA,NA,NA,0
666,4,144,NA,NA,NA,0
667,4,144,NA,NA,NA,0
668,4,144,NA,NA,NA,0
669,4,144,NA,NA,NA,0
670,3,145,NA,NA,NA,0
671,3,145,NA,NA,NA,0
672,3,145,NA,NA,NA,0
673,3,146,NA,NA,NA,0
674,3,146,NA,NA,NA,0
675,3,146,"C",348,2,0
676,4,147,NA,NA,NA,0
677,4,147,NA,NA,NA,0
678,4,147,NA,NA,NA,0
679,4,147,NA,NA,NA,0
680,6,148,"H",253,3,1
681,6,148,"C",187,5,2
682,6,148,"H",219,3,0
683,6,148,"H",284,2,1
684,6,148,"H",307,1,0
685,6,148,NA,NA,NA,0
686,5,149,NA,NA,NA,0
687,5,149,NA,NA,NA,0
688,5,149,NA,NA,NA,0
689,5,149,NA,NA,NA,0
690,5,149,NA,NA,NA,0
691,4,150,NA,NA,NA,0
692,4,150,NA,NA,NA,0
693,4,150,NA,NA,NA,0
694,4,150,NA,NA,NA,0
695,3,151,NA,NA,NA,0
696,3,151,NA,NA,NA,0
697,3,151,NA,NA,NA,0
698,3,152,NA,NA,NA,0
699,3,152,NA,NA,NA,0
700,3,152,NA,NA,NA,0
701,3,153,NA,NA,NA,0
702,3,153,NA,NA,NA,0
703,3,153,NA,NA,NA,0
704,6,154,NA,NA,NA,0
705,6,154,NA,NA,NA,0
706,6,154,NA,NA,NA,0
707,6,154,"C",361,5,1
708,6,154,NA,NA,NA,0
709,6,154,"H",NA,NA,0
710,3,155,NA,NA,NA,0
711,3,155,NA,NA,NA,0
712,3,155,NA,NA,NA,0
713,5,156,NA,NA,NA,0
714,5,156,NA,NA,NA,0
715,5,156,NA,NA,NA,0
716,5,156,NA,NA,NA,0
717,5,156,NA,NA,NA,0
718,4,157,"H",325,0,0
719,4,157,"H",307,2,2
720,4,157,"H",339,0,0
721,4,157,"C",266,3,1
722,6,158,NA,NA,NA,0
723,6,158,NA,NA,NA,0
724,6,158,NA,NA,NA,0
725,6,158,NA,NA,NA,0
726,6,158,NA,NA,NA,0
727,6,158,NA,NA,NA,0
728,5,159,"H",NA,NA,0
729,5,159,"H",329,2,0
730,5,159,"C",309,4,2
731,5,159,"H",340,2,1
732,5,159,NA,NA,NA,0
733,4,160,NA,NA,NA,0
734,4,160,NA,NA,NA,0
735,4,160,NA,NA,NA,0
736,4,160,NA,NA,NA,0
737,4,161,NA,NA,NA,0
738,4,161,NA,NA,NA,0
739,4,161,NA,NA,NA,0
740,4,161,NA,NA,NA,0
741,5,162,NA,NA,NA,0
742,5,162,NA,NA,NA,0
743,5,162,NA,NA,NA,0
744,5,162,NA,NA,NA,0
745,5,162,NA,NA,NA,0
746,5,163,NA,NA,NA,0
747,5,163,NA,NA,NA,0
748,5,163,NA,NA,NA,0
749,5,163,NA,NA,NA,0
750,5,163,NA,NA,NA,0
751,3,164,NA,NA,NA,0
752,3,164,NA,NA,NA,0
753,3,164,NA,NA,NA,0
754,3,165,"C",268,2,0
755,3,165,NA,NA,NA,0
756,3,165,NA,NA,NA,0
757,5,166,NA,NA,NA,0
758,5,166,NA,NA,NA,0
759,5,166,"H",NA,NA,0
760,5,166,"C",352,4,1
761,5,166,NA,NA,NA,0
762,6,167,NA,NA,NA,0
763,6,167,NA,NA,NA,0
764,6,167,NA,NA,NA,0
765,6,167,NA,NA,NA,0
766,6,167,NA,NA,NA,0
767,6,167,NA,NA,NA,0
768,4,168,NA,NA,NA,0
769,4,168,NA,NA,NA,0
770,4,168,NA,NA,NA,0
771,4,168,NA,NA,NA,0
772,5,169,NA,NA,NA,0
773,5,169,NA,NA,NA,0
774,5,169,NA,NA,NA,0
775,5,169,NA,NA,NA,0
776,5,169,NA,NA,NA,0
777,4,170,NA,NA,NA,0
778,4,170,NA,NA,NA,0
779,4,170,NA,NA,NA,0
780,4,170,NA,NA,NA,0
781,4,171,NA,NA,NA,0
782,4,171,NA,NA,NA,0
783,4,171,NA,NA,NA,0
784,4,171,NA,NA,NA,0
785,4,172,NA,NA,NA,0
786,4,172,NA,NA,NA,0
787,4,172,NA,NA,NA,0
788,4,172,NA,NA,NA,0
789,5,173,"H",NA,NA,0
790,5,173,NA,NA,NA,0
791,5,173,"H",356,1,0
792,5,173,"H",363,1,0
793,5,173,"C",328,4,3
794,6,174,NA,NA,NA,0
795,6,174,NA,NA,NA,0
796,6,174,NA,NA,NA,0
797,6,174,NA,NA,NA,0
798,6,174,NA,NA,NA,0
799,6,174,NA,NA,NA,0
800,4,175,NA,NA,NA,0
801,4,175,NA,NA,NA,0
802,4,175,NA,NA,NA,0
803,4,175,NA,NA,NA,0
804,3,176,"H",310,1,0
805,3,176,NA,NA,NA,0
806,3,176,"C",278,2,1
807,3,177,NA,NA,NA,0
808,3,177,NA,NA,NA,0
809,3,177,NA,NA,NA,0
810,4,178,NA,NA,NA,0
811,4,178,NA,NA,NA,0
812,4,178,NA,NA,NA,0
813,4,178,NA,NA,NA,0
814,4,179,NA,NA,NA,0
815,4,179,NA,NA,NA,0
816,4,179,NA,NA,NA,0
817,4,179,NA,NA,NA,0
818,6,180,"C",356,5,3
819,6,180,NA,NA,NA,0
820,6,180,"H",NA,NA,0
821,6,180,NA,NA,NA,0
822,6,180,"H",NA,NA,0
823,6,180,"H",NA,NA,0
824,3,181,NA,NA,NA,0
825,3,181,NA,NA,NA,0
826,3,181,NA,NA,NA,0
827,3,182,NA,NA,NA,0
828,3,182,NA,NA,NA,0
829,3,182,NA,NA,NA,0
830,3,183,NA,NA,NA,0
831,3,183,NA,NA,NA,0
832,3,183,NA,NA,NA,0
833,3,184,NA,NA,NA,0
834,3,184,NA,NA,NA,0
835,3,184,NA,NA,NA,0
836,5,185,NA,NA,NA,0
837,5,185,NA,NA,NA,0
838,5,185,NA,NA,NA,0
839,5,185,NA,NA,NA,0
840,5,185,NA,NA,NA,0
841,3,186,NA,NA,NA,0
842,3,186,NA,NA,NA,0
843,3,186,NA,NA,NA,0
844,3,187,NA,NA,NA,0
845,3,187,NA,NA,NA,0
846,3,187,NA,NA,NA,0
847,4,188,"C",NA,NA,0
848,4,188,NA,NA,NA,0
849,4,188,NA,NA,NA,0
850,4,188,NA,NA,NA,0
851,4,189,NA,NA,NA,0
852,4,189,NA,NA,NA,0
853,4,189,NA,NA,NA,0
854,4,189,NA,NA,NA,0
855,4,190,NA,NA,NA,0
856,4,190,NA,NA,NA,0
857,4,190,NA,NA,NA,0
858,4,190,"C",290,3,0
859,4,191,NA,NA,NA,0
860,4,191,NA,NA,NA,0
861,4,191,NA,NA,NA,0
862,4,191,NA,NA,NA,0
863,4,192,NA,NA,NA,0
864,4,192,NA,NA,NA,0
865,4,192,NA,NA,NA,0
866,4,192,NA,NA,NA,0
867,4,193,NA,NA,NA,0
868,4,193,NA,NA,NA,0
869,4,193,NA,NA,NA,0
870,4,193,NA,NA,NA,0
871,6,194,NA,NA,NA,0
872,6,194,NA,NA,NA,0
873,6,194,NA,NA,NA,0
874,6,194,NA,NA,NA,0
875,6,194,NA,NA,NA,0
876,6,194,NA,NA,NA,0
877,4,195,NA,NA,NA,0
878,4,195,NA,NA,NA,0
879,4,195,NA,NA,NA,0
880,4,195,NA,NA,NA,0
881,6,196,NA,NA,NA,0
882,6,196,NA,NA,NA,0
883,6,196,"C",262,5,1
884,6,196,"H",297,4,1
885,6,196,"H",319,3,0
886,6,196,NA,NA,NA,0
887,5,197,NA,NA,NA,0
888,5,197,NA,NA,NA,0
889,5,197,NA,NA,NA,0
890,5,197,NA,NA,NA,0
891,5,197,NA,NA,NA,0
892,3,198,NA,NA,NA,0
893,3,198,NA,NA,NA,0
894,3,198,NA,NA,NA,0
895,4,199,NA,NA,NA,0
896,4,199,NA,NA,NA,0
897,4,199,"C",245,3,0
898,4,199,NA,NA,NA,0
899,3,200,NA,NA,NA,0
900,3,200,NA,NA,NA,0
901,3,200,NA,NA,NA,0
902,5,201,NA,NA,NA,0
903,5,201,NA,NA,NA,0
904,5,201,NA,NA,NA,0
905,5,201,NA,NA,NA,0
906,5,201,NA,NA,NA,0
907,6,202,NA,NA,NA,0
908,6,202,NA,NA,NA,0
909,6,202,NA,NA,NA,0
910,6,202,NA,NA,NA,0
911,6,202,NA,NA,NA,0
912,6,202,NA,NA,NA,0
913,4,203,NA,NA,NA,0
914,4,203,NA,NA,NA,0
915,4,203,NA,NA,NA,0
916,4,203,NA,NA,NA,0
917,5,204,NA,NA,NA,0
918,5,204,NA,NA,NA,0
919,5,204,NA,NA,NA,0
920,5,204,NA,NA,NA,0
921,5,204,NA,NA,NA,0
922,4,205,"H",256,1,0
923,4,205,"H",236,2,1
924,4,205,NA,NA,NA,0
925,4,205,"C",198,3,1
926,6,206,NA,NA,NA,0
927,6,206,NA,NA,NA,0
928,6,206,NA,NA,NA,0
929,6,206,NA,NA,NA,0
930,6,206,NA,NA,NA,0
931,6,206,NA,NA,NA,0
932,3,207,NA,NA,NA,0
933,3,207,NA,NA,NA,0
934,3,207,NA,NA,NA,0
935,6,208,NA,NA,NA,0
936,6,208,NA,NA,NA,0
937,6,208,NA,NA,NA,0
938,6,208,NA,NA,NA,0
939,6,208,NA,NA,NA,0
940,6,208,"C",360,5,0
941,3,209,NA,NA,NA,0
942,3,209,NA,NA,NA,0
943,3,209,NA,NA,NA,0
944,3,210,NA,NA,NA,0
945,3,210,NA,NA,NA,0
946,3,210,NA,NA,NA,0
947,3,211,NA,NA,NA,0
948,3,211,NA,NA,NA,0
949,3,211,NA,NA,NA,0
950,5,212,NA,NA,NA,0
951,5,212,NA,NA,NA,0
952,5,212,NA,NA,NA,0
953,5,212,NA,NA,NA,0
954,5,212,NA,NA,NA,0
955,6,213,NA,NA,NA,0
956,6,213,NA,NA,NA,0
957,6,213,NA,NA,NA,0
958,6,213,NA,NA,NA,0
959,6,213,NA,NA,NA,0
960,6,213,NA,NA,NA,0
961,6,214,"C",326,5,0
962,6,214,"C",364,4,1
963,6,214,"H",NA,NA,0
964,6,214,NA,NA,NA,0
965,6,214,NA,NA,NA,0
966,6,214,NA,NA,NA,0
967,6,215,NA,NA,NA,0
968,6,215,NA,NA,NA,0
969,6,215,NA,NA,NA,0
970,6,215,NA,NA,NA,0
971,6,215,NA,NA,NA,0
972,6,215,NA,NA,NA,0
973,4,216,"H",NA,NA,0
974,4,216,NA,NA,NA,0
975,4,216,"C",299,3,1
976,4,216,"H",314,2,1
977,3,217,NA,NA,NA,0
978,3,217,NA,NA,NA,0
979,3,217,NA,NA,NA,0
980,5,218,NA,NA,NA,0
981,5,218,NA,NA,NA,0
982,5,218,NA,NA,NA,0
983,5,218,NA,NA,NA,0
984,5,218,NA,NA,NA,0
985,3,219,NA,NA,NA,0
986,3,219,"C",NA,NA,0
987,3,219,NA,NA,NA,0
988,3,220,"C",268,2,1
989,3,220,NA,NA,NA,0
990,3,220,"H",305,1,0
991,3,221,NA,NA,NA,0
992,3,221,NA,NA,NA,0
993,3,221,NA,NA,NA,0
994,4,222,NA,NA,NA,0
995,4,222,NA,NA,NA,0
996,4,222,NA,NA,NA,0
997,4,222,NA,NA,NA,0
998,3,223,NA,NA,NA,0
999,3,223,NA,NA,NA,0
1000,3,223,NA,NA,NA,0
