"ID","SIZE","HH","TYPE","TIME","S_NUM","I_NUM"
1,4,1,"0",31,3,1
2,4,1,"H",114,2,0
3,4,1,NA,NA,NA,0
4,4,1,NA,NA,NA,0
5,5,2,NA,NA,NA,0
6,5,2,NA,NA,NA,0
7,5,2,NA,NA,NA,0
8,5,2,NA,NA,NA,0
9,5,2,NA,NA,NA,0
10,4,3,NA,NA,NA,0
11,4,3,"C",339,3,0
12,4,3,NA,NA,NA,0
13,4,3,NA,NA,NA,0
14,4,4,NA,NA,NA,0
15,4,4,NA,NA,NA,0
16,4,4,NA,NA,NA,0
17,4,4,NA,NA,NA,0
18,5,5,NA,NA,NA,0
19,5,5,NA,NA,NA,0
20,5,5,NA,NA,NA,0
21,5,5,NA,NA,NA,0
22,5,5,NA,NA,NA,0
23,5,6,NA,NA,NA,0
24,5,6,NA,NA,NA,0
25,5,6,NA,NA,NA,0
26,5,6,NA,NA,NA,0
27,5,6,NA,NA,NA,0
28,4,7,NA,NA,NA,0
29,4,7,NA,NA,NA,0
30,4,7,"C",295,3,0
31,4,7,NA,NA,NA,0
32,6,8,NA,NA,NA,0
33,6,8,NA,NA,NA,0
34,6,8,NA,NA,NA,0
35,6,8,NA,NA,NA,0
36,6,8,NA,NA,NA,0
37,6,8,NA,NA,NA,0
38,6,9,NA,NA,NA,0
39,6,9,NA,NA,NA,0
40,6,9,NA,NA,NA,0
41,6,9,NA,NA,NA,0
42,6,9,NA,NA,NA,0
43,6,9,"C",137,5,0
44,4,10,NA,NA,NA,0
45,4,10,NA,NA,NA,0
46,4,10,"C",331,3,1
47,4,10,"H",NA,NA,0
48,6,11,NA,NA,NA,0
49,6,11,NA,NA,NA,0
50,6,11,NA,NA,NA,0
51,6,11,NA,NA,NA,0
52,6,11,NA,NA,NA,0
53,6,11,NA,NA,NA,0
54,4,12,NA,NA,NA,0
55,4,12,NA,NA,NA,0
56,4,12,NA,NA,NA,0
57,4,12,NA,NA,NA,0
58,5,13,NA,NA,NA,0
59,5,13,NA,NA,NA,0
60,5,13,NA,NA,NA,0
61,5,13,NA,NA,NA,0
62,5,13,NA,NA,NA,0
63,6,14,NA,NA,NA,0
64,6,14,"H",352,4,0
65,6,14,NA,NA,NA,0
66,6,14,NA,NA,NA,0
67,6,14,"C",328,5,1
68,6,14,NA,NA,NA,0
69,3,15,NA,NA,NA,0
70,3,15,NA,NA,NA,0
71,3,15,NA,NA,NA,0
72,6,16,NA,NA,NA,0
73,6,16,NA,NA,NA,0
74,6,16,NA,NA,NA,0
75,6,16,NA,NA,NA,0
76,6,16,NA,NA,NA,0
77,6,16,NA,NA,NA,0
78,6,17,"C",345,5,2
79,6,17,NA,NA,NA,0
80,6,17,"H",NA,NA,0
81,6,17,"H",NA,NA,0
82,6,17,NA,NA,NA,0
83,6,17,NA,NA,NA,0
84,5,18,NA,NA,NA,0
85,5,18,NA,NA,NA,0
86,5,18,NA,NA,NA,0
87,5,18,NA,NA,NA,0
88,5,18,NA,NA,NA,0
89,5,19,NA,NA,NA,0
90,5,19,NA,NA,NA,0
91,5,19,NA,NA,NA,0
92,5,19,NA,NA,NA,0
93,5,19,NA,NA,NA,0
94,5,20,NA,NA,NA,0
95,5,20,NA,NA,NA,0
96,5,20,NA,NA,NA,0
97,5,20,NA,NA,NA,0
98,5,20,NA,NA,NA,0
99,3,21,"H",306,0,0
100,3,21,"C",290,2,2
101,3,21,"H",316,0,0
102,5,22,NA,NA,NA,0
103,5,22,NA,NA,NA,0
104,5,22,NA,NA,NA,0
105,5,22,NA,NA,NA,0
106,5,22,NA,NA,NA,0
107,4,23,NA,NA,NA,0
108,4,23,NA,NA,NA,0
109,4,23,NA,NA,NA,0
110,4,23,"C",350,3,0
111,4,24,NA,NA,NA,0
112,4,24,NA,NA,NA,0
113,4,24,NA,NA,NA,0
114,4,24,NA,NA,NA,0
115,6,25,NA,NA,NA,0
116,6,25,NA,NA,NA,0
117,6,25,"C",350,5,1
118,6,25,NA,NA,NA,0
119,6,25,"H",NA,NA,0
120,6,25,NA,NA,NA,0
121,6,26,NA,NA,NA,0
122,6,26,NA,NA,NA,0
123,6,26,NA,NA,NA,0
124,6,26,NA,NA,NA,0
125,6,26,NA,NA,NA,0
126,6,26,NA,NA,NA,0
127,3,27,NA,NA,NA,0
128,3,27,NA,NA,NA,0
129,3,27,NA,NA,NA,0
130,6,28,NA,NA,NA,0
131,6,28,NA,NA,NA,0
132,6,28,NA,NA,NA,0
133,6,28,NA,NA,NA,0
134,6,28,NA,NA,NA,0
135,6,28,NA,NA,NA,0
136,6,29,NA,NA,NA,0
137,6,29,NA,NA,NA,0
138,6,29,NA,NA,NA,0
139,6,29,NA,NA,NA,0
140,6,29,NA,NA,NA,0
141,6,29,NA,NA,NA,0
142,4,30,NA,NA,NA,0
143,4,30,NA,NA,NA,0
144,4,30,NA,NA,NA,0
145,4,30,NA,NA,NA,0
146,3,31,NA,NA,NA,0
147,3,31,NA,NA,NA,0
148,3,31,NA,NA,NA,0
149,3,32,NA,NA,NA,0
150,3,32,NA,NA,NA,0
151,3,32,"C",328,2,0
152,5,33,"C",166,4,2
153,5,33,"H",272,1,1
154,5,33,"H",303,0,0
155,5,33,"H",201,2,1
156,5,33,"H",233,1,0
157,4,34,NA,NA,NA,0
158,4,34,NA,NA,NA,0
159,4,34,NA,NA,NA,0
160,4,34,NA,NA,NA,0
161,3,35,"H",256,0,0
162,3,35,"H",229,1,1
163,3,35,"C",199,2,1
164,3,36,NA,NA,NA,0
165,3,36,NA,NA,NA,0
166,3,36,NA,NA,NA,0
167,3,37,NA,NA,NA,0
168,3,37,NA,NA,NA,0
169,3,37,NA,NA,NA,0
170,6,38,NA,NA,NA,0
171,6,38,NA,NA,NA,0
172,6,38,NA,NA,NA,0
173,6,38,NA,NA,NA,0
174,6,38,NA,NA,NA,0
175,6,38,NA,NA,NA,0
176,6,39,NA,NA,NA,0
177,6,39,NA,NA,NA,0
178,6,39,NA,NA,NA,0
179,6,39,NA,NA,NA,0
180,6,39,NA,NA,NA,0
181,6,39,NA,NA,NA,0
182,3,40,NA,NA,NA,0
183,3,40,NA,NA,NA,0
184,3,40,NA,NA,NA,0
185,5,41,NA,NA,NA,0
186,5,41,NA,NA,NA,0
187,5,41,NA,NA,NA,0
188,5,41,NA,NA,NA,0
189,5,41,NA,NA,NA,0
190,5,42,"C",250,4,1
191,5,42,NA,NA,NA,0
192,5,42,NA,NA,NA,0
193,5,42,"H",281,3,0
194,5,42,NA,NA,NA,0
195,3,43,NA,NA,NA,0
196,3,43,NA,NA,NA,0
197,3,43,NA,NA,NA,0
198,3,44,NA,NA,NA,0
199,3,44,NA,NA,NA,0
200,3,44,NA,NA,NA,0
201,3,45,NA,NA,NA,0
202,3,45,NA,NA,NA,0
203,3,45,NA,NA,NA,0
204,6,46,"C",NA,NA,0
205,6,46,NA,NA,NA,0
206,6,46,NA,NA,NA,0
207,6,46,NA,NA,NA,0
208,6,46,NA,NA,NA,0
209,6,46,NA,NA,NA,0
210,4,47,NA,NA,NA,0
211,4,47,NA,NA,NA,0
212,4,47,NA,NA,NA,0
213,4,47,NA,NA,NA,0
214,5,48,NA,NA,NA,0
215,5,48,NA,NA,NA,0
216,5,48,NA,NA,NA,0
217,5,48,NA,NA,NA,0
218,5,48,NA,NA,NA,0
219,5,49,"H",305,1,1
220,5,49,"C",206,4,2
221,5,49,"H",246,1,0
222,5,49,"H",319,0,0
223,5,49,"H",236,2,1
224,4,50,NA,NA,NA,0
225,4,50,NA,NA,NA,0
226,4,50,NA,NA,NA,0
227,4,50,NA,NA,NA,0
228,6,51,NA,NA,NA,0
229,6,51,NA,NA,NA,0
230,6,51,NA,NA,NA,0
231,6,51,NA,NA,NA,0
232,6,51,NA,NA,NA,0
233,6,51,NA,NA,NA,0
234,4,52,NA,NA,NA,0
235,4,52,NA,NA,NA,0
236,4,52,NA,NA,NA,0
237,4,52,NA,NA,NA,0
238,4,53,NA,NA,NA,0
239,4,53,NA,NA,NA,0
240,4,53,NA,NA,NA,0
241,4,53,NA,NA,NA,0
242,6,54,NA,NA,NA,0
243,6,54,NA,NA,NA,0
244,6,54,NA,NA,NA,0
245,6,54,NA,NA,NA,0
246,6,54,NA,NA,NA,0
247,6,54,NA,NA,NA,0
248,3,55,NA,NA,NA,0
249,3,55,NA,NA,NA,0
250,3,55,NA,NA,NA,0
251,4,56,NA,NA,NA,0
252,4,56,NA,NA,NA,0
253,4,56,NA,NA,NA,0
254,4,56,NA,NA,NA,0
255,5,57,NA,NA,NA,0
256,5,57,"C",NA,NA,0
257,5,57,NA,NA,NA,0
258,5,57,"C",358,3,0
259,5,57,NA,NA,NA,0
260,6,58,NA,NA,NA,0
261,6,58,NA,NA,NA,0
262,6,58,NA,NA,NA,0
263,6,58,NA,NA,NA,0
264,6,58,"C",NA,NA,0
265,6,58,NA,NA,NA,0
266,4,59,"C",NA,NA,0
267,4,59,NA,NA,NA,0
268,4,59,NA,NA,NA,0
269,4,59,NA,NA,NA,0
270,3,60,NA,NA,NA,0
271,3,60,NA,NA,NA,0
272,3,60,NA,NA,NA,0
273,5,61,NA,NA,NA,0
274,5,61,NA,NA,NA,0
275,5,61,NA,NA,NA,0
276,5,61,NA,NA,NA,0
277,5,61,NA,NA,NA,0
278,3,62,NA,NA,NA,0
279,3,62,NA,NA,NA,0
280,3,62,NA,NA,NA,0
281,5,63,NA,NA,NA,0
282,5,63,NA,NA,NA,0
283,5,63,NA,NA,NA,0
284,5,63,NA,NA,NA,0
285,5,63,NA,NA,NA,0
286,5,64,NA,NA,NA,0
287,5,64,NA,NA,NA,0
288,5,64,NA,NA,NA,0
289,5,64,NA,NA,NA,0
290,5,64,NA,NA,NA,0
291,5,65,NA,NA,NA,0
292,5,65,NA,NA,NA,0
293,5,65,NA,NA,NA,0
294,5,65,NA,NA,NA,0
295,5,65,NA,NA,NA,0
296,3,66,NA,NA,NA,0
297,3,66,NA,NA,NA,0
298,3,66,NA,NA,NA,0
299,6,67,NA,NA,NA,0
300,6,67,NA,NA,NA,0
301,6,67,NA,NA,NA,0
302,6,67,NA,NA,NA,0
303,6,67,NA,NA,NA,0
304,6,67,NA,NA,NA,0
305,4,68,"C",286,3,0
306,4,68,NA,NA,NA,0
307,4,68,NA,NA,NA,0
308,4,68,NA,NA,NA,0
309,6,69,"H",357,1,0
310,6,69,"H",344,2,1
311,6,69,"H",364,1,0
312,6,69,"H",NA,NA,0
313,6,69,"C",310,5,3
314,6,69,NA,NA,NA,0
315,5,70,NA,NA,NA,0
316,5,70,NA,NA,NA,0
317,5,70,"C",265,4,0
318,5,70,NA,NA,NA,0
319,5,70,NA,NA,NA,0
320,6,71,"C",219,5,0
321,6,71,NA,NA,NA,0
322,6,71,NA,NA,NA,0
323,6,71,NA,NA,NA,0
324,6,71,"H",NA,NA,0
325,6,71,"C",348,4,1
326,4,72,NA,NA,NA,0
327,4,72,NA,NA,NA,0
328,4,72,NA,NA,NA,0
329,4,72,NA,NA,NA,0
330,4,73,NA,NA,NA,0
331,4,73,"C",345,3,0
332,4,73,NA,NA,NA,0
333,4,73,NA,NA,NA,0
334,5,74,NA,NA,NA,0
335,5,74,NA,NA,NA,0
336,5,74,NA,NA,NA,0
337,5,74,NA,NA,NA,0
338,5,74,NA,NA,NA,0
339,6,75,NA,NA,NA,0
340,6,75,NA,NA,NA,0
341,6,75,NA,NA,NA,0
342,6,75,NA,NA,NA,0
343,6,75,NA,NA,NA,0
344,6,75,NA,NA,NA,0
345,4,76,NA,NA,NA,0
346,4,76,NA,NA,NA,0
347,4,76,NA,NA,NA,0
348,4,76,NA,NA,NA,0
349,3,77,NA,NA,NA,0
350,3,77,NA,NA,NA,0
351,3,77,NA,NA,NA,0
352,4,78,"H",NA,NA,0
353,4,78,"C",298,3,2
354,4,78,"H",335,1,0
355,4,78,"H",345,1,1
356,5,79,"H",354,3,1
357,5,79,NA,NA,NA,0
358,5,79,"H",NA,NA,0
359,5,79,NA,NA,NA,0
360,5,79,"C",312,4,1
361,6,80,NA,NA,NA,0
362,6,80,NA,NA,NA,0
363,6,80,NA,NA,NA,0
364,6,80,NA,NA,NA,0
365,6,80,NA,NA,NA,0
366,6,80,NA,NA,NA,0
367,3,81,NA,NA,NA,0
368,3,81,NA,NA,NA,0
369,3,81,NA,NA,NA,0
370,3,82,NA,NA,NA,0
371,3,82,NA,NA,NA,0
372,3,82,NA,NA,NA,0
373,5,83,"H",NA,NA,0
374,5,83,"C",356,3,2
375,5,83,NA,NA,NA,0
376,5,83,"H",NA,NA,0
377,5,83,"C",345,3,0
378,3,84,NA,NA,NA,0
379,3,84,NA,NA,NA,0
380,3,84,NA,NA,NA,0
381,6,85,NA,NA,NA,0
382,6,85,NA,NA,NA,0
383,6,85,NA,NA,NA,0
384,6,85,NA,NA,NA,0
385,6,85,NA,NA,NA,0
386,6,85,NA,NA,NA,0
387,5,86,NA,NA,NA,0
388,5,86,NA,NA,NA,0
389,5,86,NA,NA,NA,0
390,5,86,NA,NA,NA,0
391,5,86,NA,NA,NA,0
392,4,87,NA,NA,NA,0
393,4,87,NA,NA,NA,0
394,4,87,NA,NA,NA,0
395,4,87,NA,NA,NA,0
396,5,88,NA,NA,NA,0
397,5,88,NA,NA,NA,0
398,5,88,NA,NA,NA,0
399,5,88,NA,NA,NA,0
400,5,88,NA,NA,NA,0
401,4,89,NA,NA,NA,0
402,4,89,NA,NA,NA,0
403,4,89,NA,NA,NA,0
404,4,89,NA,NA,NA,0
405,5,90,NA,NA,NA,0
406,5,90,NA,NA,NA,0
407,5,90,NA,NA,NA,0
408,5,90,NA,NA,NA,0
409,5,90,NA,NA,NA,0
410,6,91,NA,NA,NA,0
411,6,91,NA,NA,NA,0
412,6,91,NA,NA,NA,0
413,6,91,NA,NA,NA,0
414,6,91,NA,NA,NA,0
415,6,91,NA,NA,NA,0
416,5,92,NA,NA,NA,0
417,5,92,NA,NA,NA,0
418,5,92,NA,NA,NA,0
419,5,92,NA,NA,NA,0
420,5,92,NA,NA,NA,0
421,4,93,"H",307,0,0
422,4,93,"C",262,3,2
423,4,93,"H",281,1,1
424,4,93,"H",316,0,0
425,6,94,NA,NA,NA,0
426,6,94,NA,NA,NA,0
427,6,94,NA,NA,NA,0
428,6,94,NA,NA,NA,0
429,6,94,NA,NA,NA,0
430,6,94,NA,NA,NA,0
431,3,95,NA,NA,NA,0
432,3,95,NA,NA,NA,0
433,3,95,NA,NA,NA,0
434,6,96,NA,NA,NA,0
435,6,96,NA,NA,NA,0
436,6,96,NA,NA,NA,0
437,6,96,NA,NA,NA,0
438,6,96,NA,NA,NA,0
439,6,96,"C",NA,NA,0
440,4,97,NA,NA,NA,0
441,4,97,NA,NA,NA,0
442,4,97,NA,NA,NA,0
443,4,97,NA,NA,NA,0
444,6,98,NA,NA,NA,0
445,6,98,NA,NA,NA,0
446,6,98,NA,NA,NA,0
447,6,98,NA,NA,NA,0
448,6,98,NA,NA,NA,0
449,6,98,NA,NA,NA,0
450,4,99,NA,NA,NA,0
451,4,99,NA,NA,NA,0
452,4,99,NA,NA,NA,0
453,4,99,NA,NA,NA,0
454,6,100,NA,NA,NA,0
455,6,100,NA,NA,NA,0
456,6,100,NA,NA,NA,0
457,6,100,NA,NA,NA,0
458,6,100,NA,NA,NA,0
459,6,100,NA,NA,NA,0
460,6,101,NA,NA,NA,0
461,6,101,NA,NA,NA,0
462,6,101,NA,NA,NA,0
463,6,101,NA,NA,NA,0
464,6,101,NA,NA,NA,0
465,6,101,NA,NA,NA,0
466,6,102,NA,NA,NA,0
467,6,102,"H",NA,NA,0
468,6,102,"C",314,5,1
469,6,102,"H",351,2,1
470,6,102,"C",342,3,1
471,6,102,"H",NA,NA,0
472,5,103,NA,NA,NA,0
473,5,103,NA,NA,NA,0
474,5,103,NA,NA,NA,0
475,5,103,NA,NA,NA,0
476,5,103,NA,NA,NA,0
477,6,104,NA,NA,NA,0
478,6,104,"C",NA,NA,0
479,6,104,NA,NA,NA,0
480,6,104,NA,NA,NA,0
481,6,104,NA,NA,NA,0
482,6,104,NA,NA,NA,0
483,3,105,NA,NA,NA,0
484,3,105,NA,NA,NA,0
485,3,105,NA,NA,NA,0
486,5,106,NA,NA,NA,0
487,5,106,NA,NA,NA,0
488,5,106,"C",NA,NA,0
489,5,106,NA,NA,NA,0
490,5,106,NA,NA,NA,0
491,5,107,NA,NA,NA,0
492,5,107,NA,NA,NA,0
493,5,107,NA,NA,NA,0
494,5,107,NA,NA,NA,0
495,5,107,NA,NA,NA,0
496,5,108,NA,NA,NA,0
497,5,108,NA,NA,NA,0
498,5,108,NA,NA,NA,0
499,5,108,NA,NA,NA,0
500,5,108,NA,NA,NA,0
501,3,109,NA,NA,NA,0
502,3,109,NA,NA,NA,0
503,3,109,NA,NA,NA,0
504,6,110,NA,NA,NA,0
505,6,110,NA,NA,NA,0
506,6,110,NA,NA,NA,0
507,6,110,NA,NA,NA,0
508,6,110,NA,NA,NA,0
509,6,110,NA,NA,NA,0
510,6,111,"C",162,5,3
511,6,111,"H",231,0,0
512,6,111,"H",197,0,0
513,6,111,"H",210,0,0
514,6,111,"H",189,1,1
515,6,111,"H",179,2,1
516,4,112,NA,NA,NA,0
517,4,112,NA,NA,NA,0
518,4,112,NA,NA,NA,0
519,4,112,NA,NA,NA,0
520,3,113,NA,NA,NA,0
521,3,113,"C",334,2,0
522,3,113,NA,NA,NA,0
523,6,114,NA,NA,NA,0
524,6,114,NA,NA,NA,0
525,6,114,NA,NA,NA,0
526,6,114,NA,NA,NA,0
527,6,114,NA,NA,NA,0
528,6,114,NA,NA,NA,0
529,4,115,NA,NA,NA,0
530,4,115,NA,NA,NA,0
531,4,115,NA,NA,NA,0
532,4,115,NA,NA,NA,0
533,4,116,NA,NA,NA,0
534,4,116,NA,NA,NA,0
535,4,116,NA,NA,NA,0
536,4,116,NA,NA,NA,0
537,5,117,NA,NA,NA,0
538,5,117,"C",364,4,0
539,5,117,NA,NA,NA,0
540,5,117,NA,NA,NA,0
541,5,117,NA,NA,NA,0
542,3,118,NA,NA,NA,0
543,3,118,NA,NA,NA,0
544,3,118,NA,NA,NA,0
545,5,119,NA,NA,NA,0
546,5,119,NA,NA,NA,0
547,5,119,NA,NA,NA,0
548,5,119,NA,NA,NA,0
549,5,119,NA,NA,NA,0
550,3,120,NA,NA,NA,0
551,3,120,NA,NA,NA,0
552,3,120,NA,NA,NA,0
553,5,121,NA,NA,NA,0
554,5,121,NA,NA,NA,0
555,5,121,NA,NA,NA,0
556,5,121,NA,NA,NA,0
557,5,121,NA,NA,NA,0
558,5,122,NA,NA,NA,0
559,5,122,NA,NA,NA,0
560,5,122,NA,NA,NA,0
561,5,122,NA,NA,NA,0
562,5,122,NA,NA,NA,0
563,5,123,NA,NA,NA,0
564,5,123,NA,NA,NA,0
565,5,123,NA,NA,NA,0
566,5,123,NA,NA,NA,0
567,5,123,NA,NA,NA,0
568,6,124,"H",301,0,0
569,6,124,"H",264,2,0
570,6,124,"H",257,2,0
571,6,124,"H",294,0,0
572,6,124,"C",232,5,3
573,6,124,"H",277,2,2
574,5,125,"C",332,4,0
575,5,125,NA,NA,NA,0
576,5,125,NA,NA,NA,0
577,5,125,NA,NA,NA,0
578,5,125,NA,NA,NA,0
579,5,126,NA,NA,NA,0
580,5,126,NA,NA,NA,0
581,5,126,NA,NA,NA,0
582,5,126,NA,NA,NA,0
583,5,126,NA,NA,NA,0
584,6,127,NA,NA,NA,0
585,6,127,NA,NA,NA,0
586,6,127,NA,NA,NA,0
587,6,127,NA,NA,NA,0
588,6,127,NA,NA,NA,0
589,6,127,NA,NA,NA,0
590,5,128,NA,NA,NA,0
591,5,128,NA,NA,NA,0
592,5,128,NA,NA,NA,0
593,5,128,"C",NA,NA,0
594,5,128,NA,NA,NA,0
595,5,129,NA,NA,NA,0
596,5,129,NA,NA,NA,0
597,5,129,NA,NA,NA,0
598,5,129,NA,NA,NA,0
599,5,129,NA,NA,NA,0
600,6,130,NA,NA,NA,0
601,6,130,NA,NA,NA,0
602,6,130,NA,NA,NA,0
603,6,130,NA,NA,NA,0
604,6,130,NA,NA,NA,0
605,6,130,NA,NA,NA,0
606,6,131,NA,NA,NA,0
607,6,131,NA,NA,NA,0
608,6,131,NA,NA,NA,0
609,6,131,NA,NA,NA,0
610,6,131,NA,NA,NA,0
611,6,131,NA,NA,NA,0
612,5,132,NA,NA,NA,0
613,5,132,NA,NA,NA,0
614,5,132,NA,NA,NA,0
615,5,132,NA,NA,NA,0
616,5,132,NA,NA,NA,0
617,6,133,NA,NA,NA,0
618,6,133,NA,NA,NA,0
619,6,133,NA,NA,NA,0
620,6,133,NA,NA,NA,0
621,6,133,NA,NA,NA,0
622,6,133,NA,NA,NA,0
623,6,134,NA,NA,NA,0
624,6,134,"C",NA,NA,0
625,6,134,"C",NA,NA,0
626,6,134,NA,NA,NA,0
627,6,134,NA,NA,NA,0
628,6,134,NA,NA,NA,0
629,3,135,NA,NA,NA,0
630,3,135,NA,NA,NA,0
631,3,135,NA,NA,NA,0
632,6,136,"H",301,2,0
633,6,136,"C",NA,NA,0
634,6,136,"H",280,4,2
635,6,136,"H",329,2,1
636,6,136,"C",260,5,1
637,6,136,"H",357,0,0
638,4,137,NA,NA,NA,0
639,4,137,NA,NA,NA,0
640,4,137,NA,NA,NA,0
641,4,137,NA,NA,NA,0
642,6,138,NA,NA,NA,0
643,6,138,NA,NA,NA,0
644,6,138,NA,NA,NA,0
645,6,138,NA,NA,NA,0
646,6,138,NA,NA,NA,0
647,6,138,NA,NA,NA,0
648,4,139,NA,NA,NA,0
649,4,139,NA,NA,NA,0
650,4,139,NA,NA,NA,0
651,4,139,NA,NA,NA,0
652,4,140,NA,NA,NA,0
653,4,140,NA,NA,NA,0
654,4,140,NA,NA,NA,0
655,4,140,NA,NA,NA,0
656,4,141,NA,NA,NA,0
657,4,141,NA,NA,NA,0
658,4,141,NA,NA,NA,0
659,4,141,NA,NA,NA,0
660,5,142,NA,NA,NA,0
661,5,142,NA,NA,NA,0
662,5,142,NA,NA,NA,0
663,5,142,NA,NA,NA,0
664,5,142,NA,NA,NA,0
665,6,143,NA,NA,NA,0
666,6,143,NA,NA,NA,0
667,6,143,"C",330,5,1
668,6,143,"H",358,4,0
669,6,143,NA,NA,NA,0
670,6,143,NA,NA,NA,0
671,6,144,NA,NA,NA,0
672,6,144,NA,NA,NA,0
673,6,144,NA,NA,NA,0
674,6,144,NA,NA,NA,0
675,6,144,NA,NA,NA,0
676,6,144,NA,NA,NA,0
677,4,145,NA,NA,NA,0
678,4,145,NA,NA,NA,0
679,4,145,"H",332,2,0
680,4,145,"C",267,3,1
681,5,146,NA,NA,NA,0
682,5,146,NA,NA,NA,0
683,5,146,NA,NA,NA,0
684,5,146,NA,NA,NA,0
685,5,146,"C",NA,NA,0
686,5,147,NA,NA,NA,0
687,5,147,NA,NA,NA,0
688,5,147,NA,NA,NA,0
689,5,147,NA,NA,NA,0
690,5,147,NA,NA,NA,0
691,6,148,NA,NA,NA,0
692,6,148,NA,NA,NA,0
693,6,148,NA,NA,NA,0
694,6,148,NA,NA,NA,0
695,6,148,NA,NA,NA,0
696,6,148,NA,NA,NA,0
697,6,149,"H",NA,NA,0
698,6,149,NA,NA,NA,0
699,6,149,NA,NA,NA,0
700,6,149,"C",328,5,1
701,6,149,NA,NA,NA,0
702,6,149,NA,NA,NA,0
703,5,150,"H",334,2,0
704,5,150,"H",352,2,0
705,5,150,"C",313,4,2
706,5,150,NA,NA,NA,0
707,5,150,NA,NA,NA,0
708,5,151,NA,NA,NA,0
709,5,151,NA,NA,NA,0
710,5,151,NA,NA,NA,0
711,5,151,NA,NA,NA,0
712,5,151,NA,NA,NA,0
713,5,152,NA,NA,NA,0
714,5,152,NA,NA,NA,0
715,5,152,NA,NA,NA,0
716,5,152,NA,NA,NA,0
717,5,152,NA,NA,NA,0
718,4,153,NA,NA,NA,0
719,4,153,NA,NA,NA,0
720,4,153,NA,NA,NA,0
721,4,153,NA,NA,NA,0
722,4,154,NA,NA,NA,0
723,4,154,NA,NA,NA,0
724,4,154,NA,NA,NA,0
725,4,154,NA,NA,NA,0
726,4,155,NA,NA,NA,0
727,4,155,NA,NA,NA,0
728,4,155,NA,NA,NA,0
729,4,155,NA,NA,NA,0
730,3,156,NA,NA,NA,0
731,3,156,NA,NA,NA,0
732,3,156,NA,NA,NA,0
733,3,157,NA,NA,NA,0
734,3,157,NA,NA,NA,0
735,3,157,NA,NA,NA,0
736,5,158,NA,NA,NA,0
737,5,158,NA,NA,NA,0
738,5,158,NA,NA,NA,0
739,5,158,NA,NA,NA,0
740,5,158,NA,NA,NA,0
741,3,159,NA,NA,NA,0
742,3,159,"C",323,2,0
743,3,159,NA,NA,NA,0
744,6,160,NA,NA,NA,0
745,6,160,NA,NA,NA,0
746,6,160,NA,NA,NA,0
747,6,160,NA,NA,NA,0
748,6,160,NA,NA,NA,0
749,6,160,NA,NA,NA,0
750,3,161,"C",258,2,0
751,3,161,NA,NA,NA,0
752,3,161,NA,NA,NA,0
753,4,162,NA,NA,NA,0
754,4,162,NA,NA,NA,0
755,4,162,NA,NA,NA,0
756,4,162,NA,NA,NA,0
757,3,163,"H",NA,NA,0
758,3,163,"C",349,2,1
759,3,163,NA,NA,NA,0
760,3,164,NA,NA,NA,0
761,3,164,NA,NA,NA,0
762,3,164,NA,NA,NA,0
763,3,165,NA,NA,NA,0
764,3,165,NA,NA,NA,0
765,3,165,NA,NA,NA,0
766,4,166,NA,NA,NA,0
767,4,166,NA,NA,NA,0
768,4,166,NA,NA,NA,0
769,4,166,NA,NA,NA,0
770,5,167,NA,NA,NA,0
771,5,167,NA,NA,NA,0
772,5,167,NA,NA,NA,0
773,5,167,NA,NA,NA,0
774,5,167,NA,NA,NA,0
775,3,168,NA,NA,NA,0
776,3,168,NA,NA,NA,0
777,3,168,NA,NA,NA,0
778,4,169,NA,NA,NA,0
779,4,169,NA,NA,NA,0
780,4,169,NA,NA,NA,0
781,4,169,NA,NA,NA,0
782,5,170,"C",253,4,1
783,5,170,"H",328,1,1
784,5,170,"H",NA,NA,0
785,5,170,"H",333,0,0
786,5,170,"H",290,3,2
787,3,171,NA,NA,NA,0
788,3,171,NA,NA,NA,0
789,3,171,NA,NA,NA,0
790,6,172,NA,NA,NA,0
791,6,172,NA,NA,NA,0
792,6,172,NA,NA,NA,0
793,6,172,NA,NA,NA,0
794,6,172,NA,NA,NA,0
795,6,172,NA,NA,NA,0
796,4,173,NA,NA,NA,0
797,4,173,NA,NA,NA,0
798,4,173,NA,NA,NA,0
799,4,173,NA,NA,NA,0
800,3,174,NA,NA,NA,0
801,3,174,NA,NA,NA,0
802,3,174,NA,NA,NA,0
803,3,175,NA,NA,NA,0
804,3,175,NA,NA,NA,0
805,3,175,NA,NA,NA,0
806,5,176,NA,NA,NA,0
807,5,176,NA,NA,NA,0
808,5,176,NA,NA,NA,0
809,5,176,NA,NA,NA,0
810,5,176,NA,NA,NA,0
811,4,177,NA,NA,NA,0
812,4,177,NA,NA,NA,0
813,4,177,NA,NA,NA,0
814,4,177,NA,NA,NA,0
815,6,178,"C",332,5,2
816,6,178,"H",351,3,2
817,6,178,"H",356,2,0
818,6,178,"H",NA,NA,0
819,6,178,"H",NA,NA,0
820,6,178,NA,NA,NA,0
821,5,179,NA,NA,NA,0
822,5,179,NA,NA,NA,0
823,5,179,NA,NA,NA,0
824,5,179,NA,NA,NA,0
825,5,179,NA,NA,NA,0
826,4,180,"H",186,0,0
827,4,180,"H",172,0,0
828,4,180,"C",146,3,3
829,4,180,"H",175,0,0
830,3,181,NA,NA,NA,0
831,3,181,NA,NA,NA,0
832,3,181,NA,NA,NA,0
833,4,182,NA,NA,NA,0
834,4,182,NA,NA,NA,0
835,4,182,NA,NA,NA,0
836,4,182,NA,NA,NA,0
837,6,183,NA,NA,NA,0
838,6,183,NA,NA,NA,0
839,6,183,NA,NA,NA,0
840,6,183,NA,NA,NA,0
841,6,183,NA,NA,NA,0
842,6,183,NA,NA,NA,0
843,4,184,NA,NA,NA,0
844,4,184,NA,NA,NA,0
845,4,184,NA,NA,NA,0
846,4,184,NA,NA,NA,0
847,4,185,NA,NA,NA,0
848,4,185,NA,NA,NA,0
849,4,185,NA,NA,NA,0
850,4,185,NA,NA,NA,0
851,4,186,NA,NA,NA,0
852,4,186,NA,NA,NA,0
853,4,186,NA,NA,NA,0
854,4,186,NA,NA,NA,0
855,4,187,NA,NA,NA,0
856,4,187,NA,NA,NA,0
857,4,187,NA,NA,NA,0
858,4,187,NA,NA,NA,0
859,4,188,NA,NA,NA,0
860,4,188,NA,NA,NA,0
861,4,188,NA,NA,NA,0
862,4,188,NA,NA,NA,0
863,6,189,NA,NA,NA,0
864,6,189,NA,NA,NA,0
865,6,189,NA,NA,NA,0
866,6,189,"H",NA,NA,0
867,6,189,"C",326,5,1
868,6,189,NA,NA,NA,0
869,4,190,NA,NA,NA,0
870,4,190,NA,NA,NA,0
871,4,190,NA,NA,NA,0
872,4,190,NA,NA,NA,0
873,5,191,NA,NA,NA,0
874,5,191,NA,NA,NA,0
875,5,191,NA,NA,NA,0
876,5,191,NA,NA,NA,0
877,5,191,NA,NA,NA,0
878,5,192,NA,NA,NA,0
879,5,192,NA,NA,NA,0
880,5,192,NA,NA,NA,0
881,5,192,NA,NA,NA,0
882,5,192,NA,NA,NA,0
883,6,193,NA,NA,NA,0
884,6,193,NA,NA,NA,0
885,6,193,NA,NA,NA,0
886,6,193,NA,NA,NA,0
887,6,193,NA,NA,NA,0
888,6,193,NA,NA,NA,0
889,4,194,NA,NA,NA,0
890,4,194,NA,NA,NA,0
891,4,194,NA,NA,NA,0
892,4,194,NA,NA,NA,0
893,3,195,NA,NA,NA,0
894,3,195,NA,NA,NA,0
895,3,195,NA,NA,NA,0
896,6,196,NA,NA,NA,0
897,6,196,NA,NA,NA,0
898,6,196,NA,NA,NA,0
899,6,196,NA,NA,NA,0
900,6,196,NA,NA,NA,0
901,6,196,NA,NA,NA,0
902,6,197,NA,NA,NA,0
903,6,197,NA,NA,NA,0
904,6,197,NA,NA,NA,0
905,6,197,NA,NA,NA,0
906,6,197,NA,NA,NA,0
907,6,197,NA,NA,NA,0
908,3,198,NA,NA,NA,0
909,3,198,"H",NA,NA,0
910,3,198,"C",362,2,1
911,3,199,NA,NA,NA,0
912,3,199,NA,NA,NA,0
913,3,199,NA,NA,NA,0
914,6,200,NA,NA,NA,0
915,6,200,NA,NA,NA,0
916,6,200,NA,NA,NA,0
917,6,200,NA,NA,NA,0
918,6,200,NA,NA,NA,0
919,6,200,NA,NA,NA,0
920,3,201,NA,NA,NA,0
921,3,201,NA,NA,NA,0
922,3,201,NA,NA,NA,0
923,6,202,NA,NA,NA,0
924,6,202,NA,NA,NA,0
925,6,202,NA,NA,NA,0
926,6,202,NA,NA,NA,0
927,6,202,NA,NA,NA,0
928,6,202,NA,NA,NA,0
929,4,203,NA,NA,NA,0
930,4,203,NA,NA,NA,0
931,4,203,"C",NA,NA,0
932,4,203,NA,NA,NA,0
933,5,204,"C",NA,NA,0
934,5,204,NA,NA,NA,0
935,5,204,NA,NA,NA,0
936,5,204,NA,NA,NA,0
937,5,204,NA,NA,NA,0
938,4,205,NA,NA,NA,0
939,4,205,NA,NA,NA,0
940,4,205,NA,NA,NA,0
941,4,205,NA,NA,NA,0
942,5,206,"C",NA,NA,0
943,5,206,NA,NA,NA,0
944,5,206,NA,NA,NA,0
945,5,206,NA,NA,NA,0
946,5,206,NA,NA,NA,0
947,5,207,NA,NA,NA,0
948,5,207,NA,NA,NA,0
949,5,207,NA,NA,NA,0
950,5,207,NA,NA,NA,0
951,5,207,NA,NA,NA,0
952,5,208,NA,NA,NA,0
953,5,208,NA,NA,NA,0
954,5,208,NA,NA,NA,0
955,5,208,NA,NA,NA,0
956,5,208,NA,NA,NA,0
957,6,209,NA,NA,NA,0
958,6,209,NA,NA,NA,0
959,6,209,NA,NA,NA,0
960,6,209,NA,NA,NA,0
961,6,209,NA,NA,NA,0
962,6,209,NA,NA,NA,0
963,4,210,NA,NA,NA,0
964,4,210,NA,NA,NA,0
965,4,210,NA,NA,NA,0
966,4,210,NA,NA,NA,0
967,4,211,NA,NA,NA,0
968,4,211,NA,NA,NA,0
969,4,211,NA,NA,NA,0
970,4,211,"C",233,3,0
971,4,212,NA,NA,NA,0
972,4,212,NA,NA,NA,0
973,4,212,NA,NA,NA,0
974,4,212,NA,NA,NA,0
975,4,213,NA,NA,NA,0
976,4,213,NA,NA,NA,0
977,4,213,NA,NA,NA,0
978,4,213,NA,NA,NA,0
979,4,214,NA,NA,NA,0
980,4,214,NA,NA,NA,0
981,4,214,NA,NA,NA,0
982,4,214,NA,NA,NA,0
983,4,215,NA,NA,NA,0
984,4,215,NA,NA,NA,0
985,4,215,NA,NA,NA,0
986,4,215,"C",NA,NA,0
987,5,216,NA,NA,NA,0
988,5,216,NA,NA,NA,0
989,5,216,NA,NA,NA,0
990,5,216,NA,NA,NA,0
991,5,216,NA,NA,NA,0
992,5,217,NA,NA,NA,0
993,5,217,NA,NA,NA,0
994,5,217,NA,NA,NA,0
995,5,217,NA,NA,NA,0
996,5,217,NA,NA,NA,0
997,4,218,NA,NA,NA,0
998,4,218,NA,NA,NA,0
999,4,218,NA,NA,NA,0
1000,4,218,NA,NA,NA,0
