"ID","SIZE","HH","TYPE","TIME","S_NUM","I_NUM"
1,6,1,"0",98,5,2
2,6,1,"H",149,0,0
3,6,1,"H",128,3,2
4,6,1,"H",179,0,0
5,6,1,"H",146,0,0
6,6,1,"H",141,1,1
7,5,2,NA,NA,NA,0
8,5,2,NA,NA,NA,0
9,5,2,"C",169,4,0
10,5,2,"C",316,3,0
11,5,2,NA,NA,NA,0
12,4,3,NA,NA,NA,0
13,4,3,NA,NA,NA,0
14,4,3,NA,NA,NA,0
15,4,3,NA,NA,NA,0
16,4,4,NA,NA,NA,0
17,4,4,NA,NA,NA,0
18,4,4,NA,NA,NA,0
19,4,4,NA,NA,NA,0
20,3,5,NA,NA,NA,0
21,3,5,NA,NA,NA,0
22,3,5,NA,NA,NA,0
23,6,6,NA,NA,NA,0
24,6,6,NA,NA,NA,0
25,6,6,NA,NA,NA,0
26,6,6,NA,NA,NA,0
27,6,6,NA,NA,NA,0
28,6,6,NA,NA,NA,0
29,4,7,NA,NA,NA,0
30,4,7,NA,NA,NA,0
31,4,7,NA,NA,NA,0
32,4,7,NA,NA,NA,0
33,5,8,NA,NA,NA,0
34,5,8,NA,NA,NA,0
35,5,8,NA,NA,NA,0
36,5,8,NA,NA,NA,0
37,5,8,NA,NA,NA,0
38,5,9,NA,NA,NA,0
39,5,9,NA,NA,NA,0
40,5,9,NA,NA,NA,0
41,5,9,NA,NA,NA,0
42,5,9,NA,NA,NA,0
43,6,10,NA,NA,NA,0
44,6,10,NA,NA,NA,0
45,6,10,NA,NA,NA,0
46,6,10,NA,NA,NA,0
47,6,10,NA,NA,NA,0
48,6,10,NA,NA,NA,0
49,6,11,NA,NA,NA,0
50,6,11,NA,NA,NA,0
51,6,11,NA,NA,NA,0
52,6,11,NA,NA,NA,0
53,6,11,NA,NA,NA,0
54,6,11,NA,NA,NA,0
55,6,12,NA,NA,NA,0
56,6,12,NA,NA,NA,0
57,6,12,NA,NA,NA,0
58,6,12,NA,NA,NA,0
59,6,12,NA,NA,NA,0
60,6,12,NA,NA,NA,0
61,3,13,NA,NA,NA,0
62,3,13,NA,NA,NA,0
63,3,13,NA,NA,NA,0
64,4,14,NA,NA,NA,0
65,4,14,NA,NA,NA,0
66,4,14,NA,NA,NA,0
67,4,14,NA,NA,NA,0
68,3,15,NA,NA,NA,0
69,3,15,NA,NA,NA,0
70,3,15,NA,NA,NA,0
71,6,16,NA,NA,NA,0
72,6,16,NA,NA,NA,0
73,6,16,NA,NA,NA,0
74,6,16,NA,NA,NA,0
75,6,16,NA,NA,NA,0
76,6,16,NA,NA,NA,0
77,5,17,NA,NA,NA,0
78,5,17,NA,NA,NA,0
79,5,17,NA,NA,NA,0
80,5,17,NA,NA,NA,0
81,5,17,NA,NA,NA,0
82,6,18,NA,NA,NA,0
83,6,18,NA,NA,NA,0
84,6,18,NA,NA,NA,0
85,6,18,NA,NA,NA,0
86,6,18,NA,NA,NA,0
87,6,18,NA,NA,NA,0
88,5,19,NA,NA,NA,0
89,5,19,NA,NA,NA,0
90,5,19,NA,NA,NA,0
91,5,19,NA,NA,NA,0
92,5,19,NA,NA,NA,0
93,3,20,NA,NA,NA,0
94,3,20,NA,NA,NA,0
95,3,20,NA,NA,NA,0
96,6,21,NA,NA,NA,0
97,6,21,NA,NA,NA,0
98,6,21,NA,NA,NA,0
99,6,21,NA,NA,NA,0
100,6,21,NA,NA,NA,0
101,6,21,NA,NA,NA,0
102,3,22,NA,NA,NA,0
103,3,22,NA,NA,NA,0
104,3,22,NA,NA,NA,0
105,5,23,NA,NA,NA,0
106,5,23,NA,NA,NA,0
107,5,23,NA,NA,NA,0
108,5,23,NA,NA,NA,0
109,5,23,NA,NA,NA,0
110,3,24,NA,NA,NA,0
111,3,24,NA,NA,NA,0
112,3,24,NA,NA,NA,0
113,3,25,NA,NA,NA,0
114,3,25,NA,NA,NA,0
115,3,25,NA,NA,NA,0
116,5,26,"C",161,4,1
117,5,26,"H",234,0,0
118,5,26,"H",186,3,2
119,5,26,"H",252,0,0
120,5,26,"H",210,1,1
121,3,27,NA,NA,NA,0
122,3,27,NA,NA,NA,0
123,3,27,"C",NA,NA,0
124,4,28,NA,NA,NA,0
125,4,28,NA,NA,NA,0
126,4,28,NA,NA,NA,0
127,4,28,NA,NA,NA,0
128,5,29,NA,NA,NA,0
129,5,29,NA,NA,NA,0
130,5,29,NA,NA,NA,0
131,5,29,NA,NA,NA,0
132,5,29,NA,NA,NA,0
133,4,30,NA,NA,NA,0
134,4,30,NA,NA,NA,0
135,4,30,NA,NA,NA,0
136,4,30,NA,NA,NA,0
137,4,31,NA,NA,NA,0
138,4,31,NA,NA,NA,0
139,4,31,NA,NA,NA,0
140,4,31,NA,NA,NA,0
141,4,32,NA,NA,NA,0
142,4,32,NA,NA,NA,0
143,4,32,NA,NA,NA,0
144,4,32,NA,NA,NA,0
145,3,33,NA,NA,NA,0
146,3,33,NA,NA,NA,0
147,3,33,NA,NA,NA,0
148,4,34,NA,NA,NA,0
149,4,34,"C",309,3,1
150,4,34,"H",353,2,0
151,4,34,NA,NA,NA,0
152,3,35,NA,NA,NA,0
153,3,35,NA,NA,NA,0
154,3,35,NA,NA,NA,0
155,5,36,NA,NA,NA,0
156,5,36,NA,NA,NA,0
157,5,36,NA,NA,NA,0
158,5,36,NA,NA,NA,0
159,5,36,NA,NA,NA,0
160,6,37,NA,NA,NA,0
161,6,37,"C",357,5,1
162,6,37,NA,NA,NA,0
163,6,37,NA,NA,NA,0
164,6,37,"H",NA,NA,0
165,6,37,NA,NA,NA,0
166,5,38,NA,NA,NA,0
167,5,38,"C",NA,NA,0
168,5,38,NA,NA,NA,0
169,5,38,NA,NA,NA,0
170,5,38,NA,NA,NA,0
171,3,39,NA,NA,NA,0
172,3,39,NA,NA,NA,0
173,3,39,NA,NA,NA,0
174,5,40,NA,NA,NA,0
175,5,40,NA,NA,NA,0
176,5,40,NA,NA,NA,0
177,5,40,NA,NA,NA,0
178,5,40,NA,NA,NA,0
179,4,41,NA,NA,NA,0
180,4,41,NA,NA,NA,0
181,4,41,NA,NA,NA,0
182,4,41,NA,NA,NA,0
183,6,42,NA,NA,NA,0
184,6,42,NA,NA,NA,0
185,6,42,NA,NA,NA,0
186,6,42,NA,NA,NA,0
187,6,42,NA,NA,NA,0
188,6,42,"C",336,5,0
189,3,43,NA,NA,NA,0
190,3,43,NA,NA,NA,0
191,3,43,NA,NA,NA,0
192,6,44,NA,NA,NA,0
193,6,44,NA,NA,NA,0
194,6,44,NA,NA,NA,0
195,6,44,NA,NA,NA,0
196,6,44,NA,NA,NA,0
197,6,44,NA,NA,NA,0
198,6,45,"C",NA,NA,0
199,6,45,NA,NA,NA,0
200,6,45,NA,NA,NA,0
201,6,45,NA,NA,NA,0
202,6,45,NA,NA,NA,0
203,6,45,NA,NA,NA,0
204,4,46,NA,NA,NA,0
205,4,46,NA,NA,NA,0
206,4,46,NA,NA,NA,0
207,4,46,NA,NA,NA,0
208,6,47,"C",334,5,2
209,6,47,NA,NA,NA,0
210,6,47,"H",NA,NA,0
211,6,47,"H",355,3,1
212,6,47,"H",NA,NA,0
213,6,47,NA,NA,NA,0
214,4,48,NA,NA,NA,0
215,4,48,NA,NA,NA,0
216,4,48,NA,NA,NA,0
217,4,48,NA,NA,NA,0
218,6,49,"C",235,5,2
219,6,49,"H",340,0,0
220,6,49,"H",350,0,0
221,6,49,"H",301,2,2
222,6,49,"H",352,0,0
223,6,49,"H",280,3,1
224,6,50,NA,NA,NA,0
225,6,50,NA,NA,NA,0
226,6,50,NA,NA,NA,0
227,6,50,NA,NA,NA,0
228,6,50,NA,NA,NA,0
229,6,50,NA,NA,NA,0
230,3,51,NA,NA,NA,0
231,3,51,NA,NA,NA,0
232,3,51,NA,NA,NA,0
233,6,52,NA,NA,NA,0
234,6,52,NA,NA,NA,0
235,6,52,NA,NA,NA,0
236,6,52,NA,NA,NA,0
237,6,52,NA,NA,NA,0
238,6,52,NA,NA,NA,0
239,3,53,NA,NA,NA,0
240,3,53,NA,NA,NA,0
241,3,53,NA,NA,NA,0
242,3,54,"C",282,2,0
243,3,54,NA,NA,NA,0
244,3,54,NA,NA,NA,0
245,5,55,NA,NA,NA,0
246,5,55,NA,NA,NA,0
247,5,55,NA,NA,NA,0
248,5,55,NA,NA,NA,0
249,5,55,NA,NA,NA,0
250,3,56,NA,NA,NA,0
251,3,56,NA,NA,NA,0
252,3,56,NA,NA,NA,0
253,3,57,NA,NA,NA,0
254,3,57,NA,NA,NA,0
255,3,57,NA,NA,NA,0
256,5,58,NA,NA,NA,0
257,5,58,NA,NA,NA,0
258,5,58,"C",363,4,0
259,5,58,NA,NA,NA,0
260,5,58,NA,NA,NA,0
261,3,59,NA,NA,NA,0
262,3,59,NA,NA,NA,0
263,3,59,NA,NA,NA,0
264,6,60,NA,NA,NA,0
265,6,60,NA,NA,NA,0
266,6,60,NA,NA,NA,0
267,6,60,NA,NA,NA,0
268,6,60,NA,NA,NA,0
269,6,60,NA,NA,NA,0
270,5,61,NA,NA,NA,0
271,5,61,NA,NA,NA,0
272,5,61,NA,NA,NA,0
273,5,61,NA,NA,NA,0
274,5,61,NA,NA,NA,0
275,6,62,NA,NA,NA,0
276,6,62,NA,NA,NA,0
277,6,62,NA,NA,NA,0
278,6,62,NA,NA,NA,0
279,6,62,NA,NA,NA,0
280,6,62,NA,NA,NA,0
281,3,63,NA,NA,NA,0
282,3,63,NA,NA,NA,0
283,3,63,NA,NA,NA,0
284,4,64,NA,NA,NA,0
285,4,64,NA,NA,NA,0
286,4,64,NA,NA,NA,0
287,4,64,NA,NA,NA,0
288,5,65,NA,NA,NA,0
289,5,65,NA,NA,NA,0
290,5,65,NA,NA,NA,0
291,5,65,NA,NA,NA,0
292,5,65,NA,NA,NA,0
293,6,66,NA,NA,NA,0
294,6,66,NA,NA,NA,0
295,6,66,NA,NA,NA,0
296,6,66,NA,NA,NA,0
297,6,66,NA,NA,NA,0
298,6,66,NA,NA,NA,0
299,4,67,NA,NA,NA,0
300,4,67,NA,NA,NA,0
301,4,67,NA,NA,NA,0
302,4,67,NA,NA,NA,0
303,6,68,NA,NA,NA,0
304,6,68,NA,NA,NA,0
305,6,68,NA,NA,NA,0
306,6,68,NA,NA,NA,0
307,6,68,NA,NA,NA,0
308,6,68,NA,NA,NA,0
309,4,69,NA,NA,NA,0
310,4,69,NA,NA,NA,0
311,4,69,NA,NA,NA,0
312,4,69,NA,NA,NA,0
313,4,70,NA,NA,NA,0
314,4,70,NA,NA,NA,0
315,4,70,NA,NA,NA,0
316,4,70,NA,NA,NA,0
317,4,71,NA,NA,NA,0
318,4,71,NA,NA,NA,0
319,4,71,"C",NA,NA,0
320,4,71,NA,NA,NA,0
321,3,72,NA,NA,NA,0
322,3,72,NA,NA,NA,0
323,3,72,NA,NA,NA,0
324,5,73,NA,NA,NA,0
325,5,73,NA,NA,NA,0
326,5,73,NA,NA,NA,0
327,5,73,NA,NA,NA,0
328,5,73,NA,NA,NA,0
329,6,74,NA,NA,NA,0
330,6,74,NA,NA,NA,0
331,6,74,NA,NA,NA,0
332,6,74,NA,NA,NA,0
333,6,74,NA,NA,NA,0
334,6,74,NA,NA,NA,0
335,3,75,NA,NA,NA,0
336,3,75,NA,NA,NA,0
337,3,75,NA,NA,NA,0
338,5,76,"H",359,2,1
339,5,76,"H",358,2,0
340,5,76,NA,NA,NA,0
341,5,76,"C",342,4,2
342,5,76,"H",NA,NA,0
343,4,77,NA,NA,NA,0
344,4,77,NA,NA,NA,0
345,4,77,NA,NA,NA,0
346,4,77,NA,NA,NA,0
347,4,78,NA,NA,NA,0
348,4,78,NA,NA,NA,0
349,4,78,NA,NA,NA,0
350,4,78,NA,NA,NA,0
351,4,79,NA,NA,NA,0
352,4,79,NA,NA,NA,0
353,4,79,NA,NA,NA,0
354,4,79,NA,NA,NA,0
355,3,80,NA,NA,NA,0
356,3,80,NA,NA,NA,0
357,3,80,NA,NA,NA,0
358,6,81,NA,NA,NA,0
359,6,81,NA,NA,NA,0
360,6,81,NA,NA,NA,0
361,6,81,NA,NA,NA,0
362,6,81,NA,NA,NA,0
363,6,81,NA,NA,NA,0
364,3,82,NA,NA,NA,0
365,3,82,NA,NA,NA,0
366,3,82,NA,NA,NA,0
367,3,83,NA,NA,NA,0
368,3,83,NA,NA,NA,0
369,3,83,NA,NA,NA,0
370,4,84,NA,NA,NA,0
371,4,84,NA,NA,NA,0
372,4,84,NA,NA,NA,0
373,4,84,NA,NA,NA,0
374,5,85,NA,NA,NA,0
375,5,85,NA,NA,NA,0
376,5,85,"C",336,4,0
377,5,85,NA,NA,NA,0
378,5,85,NA,NA,NA,0
379,3,86,NA,NA,NA,0
380,3,86,NA,NA,NA,0
381,3,86,NA,NA,NA,0
382,5,87,NA,NA,NA,0
383,5,87,NA,NA,NA,0
384,5,87,NA,NA,NA,0
385,5,87,NA,NA,NA,0
386,5,87,NA,NA,NA,0
387,5,88,NA,NA,NA,0
388,5,88,NA,NA,NA,0
389,5,88,NA,NA,NA,0
390,5,88,NA,NA,NA,0
391,5,88,NA,NA,NA,0
392,5,89,"H",360,0,0
393,5,89,"H",346,1,0
394,5,89,"C",326,4,3
395,5,89,"H",347,1,1
396,5,89,"H",NA,NA,0
397,4,90,NA,NA,NA,0
398,4,90,NA,NA,NA,0
399,4,90,"C",347,3,1
400,4,90,"H",NA,NA,0
401,4,91,"C",NA,NA,0
402,4,91,NA,NA,NA,0
403,4,91,NA,NA,NA,0
404,4,91,NA,NA,NA,0
405,4,92,NA,NA,NA,0
406,4,92,NA,NA,NA,0
407,4,92,NA,NA,NA,0
408,4,92,NA,NA,NA,0
409,4,93,NA,NA,NA,0
410,4,93,NA,NA,NA,0
411,4,93,NA,NA,NA,0
412,4,93,"C",NA,NA,0
413,4,94,NA,NA,NA,0
414,4,94,NA,NA,NA,0
415,4,94,NA,NA,NA,0
416,4,94,NA,NA,NA,0
417,5,95,"C",310,4,0
418,5,95,NA,NA,NA,0
419,5,95,NA,NA,NA,0
420,5,95,NA,NA,NA,0
421,5,95,NA,NA,NA,0
422,6,96,NA,NA,NA,0
423,6,96,NA,NA,NA,0
424,6,96,NA,NA,NA,0
425,6,96,NA,NA,NA,0
426,6,96,NA,NA,NA,0
427,6,96,NA,NA,NA,0
428,5,97,NA,NA,NA,0
429,5,97,NA,NA,NA,0
430,5,97,NA,NA,NA,0
431,5,97,NA,NA,NA,0
432,5,97,NA,NA,NA,0
433,6,98,NA,NA,NA,0
434,6,98,NA,NA,NA,0
435,6,98,NA,NA,NA,0
436,6,98,NA,NA,NA,0
437,6,98,NA,NA,NA,0
438,6,98,NA,NA,NA,0
439,6,99,NA,NA,NA,0
440,6,99,NA,NA,NA,0
441,6,99,NA,NA,NA,0
442,6,99,NA,NA,NA,0
443,6,99,NA,NA,NA,0
444,6,99,NA,NA,NA,0
445,4,100,NA,NA,NA,0
446,4,100,NA,NA,NA,0
447,4,100,NA,NA,NA,0
448,4,100,NA,NA,NA,0
449,3,101,NA,NA,NA,0
450,3,101,NA,NA,NA,0
451,3,101,NA,NA,NA,0
452,3,102,NA,NA,NA,0
453,3,102,NA,NA,NA,0
454,3,102,NA,NA,NA,0
455,4,103,NA,NA,NA,0
456,4,103,NA,NA,NA,0
457,4,103,NA,NA,NA,0
458,4,103,NA,NA,NA,0
459,6,104,NA,NA,NA,0
460,6,104,NA,NA,NA,0
461,6,104,NA,NA,NA,0
462,6,104,NA,NA,NA,0
463,6,104,NA,NA,NA,0
464,6,104,NA,NA,NA,0
465,5,105,NA,NA,NA,0
466,5,105,NA,NA,NA,0
467,5,105,NA,NA,NA,0
468,5,105,NA,NA,NA,0
469,5,105,NA,NA,NA,0
470,4,106,NA,NA,NA,0
471,4,106,NA,NA,NA,0
472,4,106,NA,NA,NA,0
473,4,106,NA,NA,NA,0
474,4,107,NA,NA,NA,0
475,4,107,NA,NA,NA,0
476,4,107,NA,NA,NA,0
477,4,107,NA,NA,NA,0
478,6,108,NA,NA,NA,0
479,6,108,NA,NA,NA,0
480,6,108,NA,NA,NA,0
481,6,108,NA,NA,NA,0
482,6,108,NA,NA,NA,0
483,6,108,"C",320,5,0
484,3,109,NA,NA,NA,0
485,3,109,NA,NA,NA,0
486,3,109,NA,NA,NA,0
487,4,110,"H",152,1,1
488,4,110,"H",182,0,0
489,4,110,"H",175,0,0
490,4,110,"C",129,3,2
491,6,111,NA,NA,NA,0
492,6,111,NA,NA,NA,0
493,6,111,"C",342,5,1
494,6,111,NA,NA,NA,0
495,6,111,"H",NA,NA,0
496,6,111,NA,NA,NA,0
497,6,112,NA,NA,NA,0
498,6,112,NA,NA,NA,0
499,6,112,NA,NA,NA,0
500,6,112,NA,NA,NA,0
501,6,112,NA,NA,NA,0
502,6,112,NA,NA,NA,0
503,6,113,NA,NA,NA,0
504,6,113,NA,NA,NA,0
505,6,113,NA,NA,NA,0
506,6,113,NA,NA,NA,0
507,6,113,NA,NA,NA,0
508,6,113,NA,NA,NA,0
509,5,114,NA,NA,NA,0
510,5,114,NA,NA,NA,0
511,5,114,NA,NA,NA,0
512,5,114,NA,NA,NA,0
513,5,114,NA,NA,NA,0
514,4,115,NA,NA,NA,0
515,4,115,NA,NA,NA,0
516,4,115,NA,NA,NA,0
517,4,115,NA,NA,NA,0
518,6,116,NA,NA,NA,0
519,6,116,NA,NA,NA,0
520,6,116,NA,NA,NA,0
521,6,116,NA,NA,NA,0
522,6,116,NA,NA,NA,0
523,6,116,NA,NA,NA,0
524,3,117,NA,NA,NA,0
525,3,117,NA,NA,NA,0
526,3,117,NA,NA,NA,0
527,3,118,NA,NA,NA,0
528,3,118,NA,NA,NA,0
529,3,118,NA,NA,NA,0
530,4,119,NA,NA,NA,0
531,4,119,NA,NA,NA,0
532,4,119,NA,NA,NA,0
533,4,119,NA,NA,NA,0
534,6,120,NA,NA,NA,0
535,6,120,NA,NA,NA,0
536,6,120,NA,NA,NA,0
537,6,120,NA,NA,NA,0
538,6,120,NA,NA,NA,0
539,6,120,NA,NA,NA,0
540,3,121,NA,NA,NA,0
541,3,121,NA,NA,NA,0
542,3,121,NA,NA,NA,0
543,6,122,NA,NA,NA,0
544,6,122,NA,NA,NA,0
545,6,122,NA,NA,NA,0
546,6,122,NA,NA,NA,0
547,6,122,NA,NA,NA,0
548,6,122,NA,NA,NA,0
549,4,123,NA,NA,NA,0
550,4,123,NA,NA,NA,0
551,4,123,NA,NA,NA,0
552,4,123,NA,NA,NA,0
553,5,124,NA,NA,NA,0
554,5,124,NA,NA,NA,0
555,5,124,NA,NA,NA,0
556,5,124,NA,NA,NA,0
557,5,124,NA,NA,NA,0
558,3,125,NA,NA,NA,0
559,3,125,NA,NA,NA,0
560,3,125,NA,NA,NA,0
561,4,126,NA,NA,NA,0
562,4,126,NA,NA,NA,0
563,4,126,NA,NA,NA,0
564,4,126,NA,NA,NA,0
565,5,127,"H",248,3,2
566,5,127,"H",295,0,0
567,5,127,"H",269,1,1
568,5,127,"C",218,4,1
569,5,127,"H",273,1,0
570,4,128,NA,NA,NA,0
571,4,128,NA,NA,NA,0
572,4,128,NA,NA,NA,0
573,4,128,NA,NA,NA,0
574,4,129,NA,NA,NA,0
575,4,129,NA,NA,NA,0
576,4,129,"C",NA,NA,0
577,4,129,NA,NA,NA,0
578,4,130,NA,NA,NA,0
579,4,130,NA,NA,NA,0
580,4,130,NA,NA,NA,0
581,4,130,NA,NA,NA,0
582,6,131,NA,NA,NA,0
583,6,131,NA,NA,NA,0
584,6,131,NA,NA,NA,0
585,6,131,NA,NA,NA,0
586,6,131,NA,NA,NA,0
587,6,131,NA,NA,NA,0
588,3,132,NA,NA,NA,0
589,3,132,NA,NA,NA,0
590,3,132,NA,NA,NA,0
591,4,133,NA,NA,NA,0
592,4,133,NA,NA,NA,0
593,4,133,NA,NA,NA,0
594,4,133,NA,NA,NA,0
595,6,134,NA,NA,NA,0
596,6,134,NA,NA,NA,0
597,6,134,NA,NA,NA,0
598,6,134,NA,NA,NA,0
599,6,134,NA,NA,NA,0
600,6,134,NA,NA,NA,0
601,4,135,NA,NA,NA,0
602,4,135,NA,NA,NA,0
603,4,135,NA,NA,NA,0
604,4,135,NA,NA,NA,0
605,4,136,NA,NA,NA,0
606,4,136,NA,NA,NA,0
607,4,136,NA,NA,NA,0
608,4,136,NA,NA,NA,0
609,5,137,NA,NA,NA,0
610,5,137,NA,NA,NA,0
611,5,137,NA,NA,NA,0
612,5,137,NA,NA,NA,0
613,5,137,NA,NA,NA,0
614,3,138,NA,NA,NA,0
615,3,138,NA,NA,NA,0
616,3,138,NA,NA,NA,0
617,5,139,NA,NA,NA,0
618,5,139,NA,NA,NA,0
619,5,139,NA,NA,NA,0
620,5,139,NA,NA,NA,0
621,5,139,NA,NA,NA,0
622,6,140,NA,NA,NA,0
623,6,140,NA,NA,NA,0
624,6,140,NA,NA,NA,0
625,6,140,NA,NA,NA,0
626,6,140,NA,NA,NA,0
627,6,140,NA,NA,NA,0
628,6,141,NA,NA,NA,0
629,6,141,NA,NA,NA,0
630,6,141,NA,NA,NA,0
631,6,141,NA,NA,NA,0
632,6,141,NA,NA,NA,0
633,6,141,NA,NA,NA,0
634,5,142,NA,NA,NA,0
635,5,142,NA,NA,NA,0
636,5,142,"C",282,4,1
637,5,142,"H",320,3,0
638,5,142,NA,NA,NA,0
639,3,143,NA,NA,NA,0
640,3,143,NA,NA,NA,0
641,3,143,NA,NA,NA,0
642,4,144,NA,NA,NA,0
643,4,144,NA,NA,NA,0
644,4,144,NA,NA,NA,0
645,4,144,NA,NA,NA,0
646,5,145,NA,NA,NA,0
647,5,145,NA,NA,NA,0
648,5,145,NA,NA,NA,0
649,5,145,NA,NA,NA,0
650,5,145,NA,NA,NA,0
651,5,146,NA,NA,NA,0
652,5,146,NA,NA,NA,0
653,5,146,NA,NA,NA,0
654,5,146,NA,NA,NA,0
655,5,146,NA,NA,NA,0
656,6,147,NA,NA,NA,0
657,6,147,NA,NA,NA,0
658,6,147,NA,NA,NA,0
659,6,147,NA,NA,NA,0
660,6,147,NA,NA,NA,0
661,6,147,NA,NA,NA,0
662,6,148,NA,NA,NA,0
663,6,148,NA,NA,NA,0
664,6,148,NA,NA,NA,0
665,6,148,NA,NA,NA,0
666,6,148,NA,NA,NA,0
667,6,148,NA,NA,NA,0
668,6,149,"C",317,5,2
669,6,149,"H",358,3,2
670,6,149,"H",NA,NA,0
671,6,149,NA,NA,NA,0
672,6,149,"H",359,3,0
673,6,149,"H",NA,NA,0
674,6,150,NA,NA,NA,0
675,6,150,NA,NA,NA,0
676,6,150,NA,NA,NA,0
677,6,150,NA,NA,NA,0
678,6,150,NA,NA,NA,0
679,6,150,NA,NA,NA,0
680,6,151,NA,NA,NA,0
681,6,151,NA,NA,NA,0
682,6,151,NA,NA,NA,0
683,6,151,NA,NA,NA,0
684,6,151,NA,NA,NA,0
685,6,151,NA,NA,NA,0
686,6,152,NA,NA,NA,0
687,6,152,"C",NA,NA,0
688,6,152,NA,NA,NA,0
689,6,152,NA,NA,NA,0
690,6,152,NA,NA,NA,0
691,6,152,NA,NA,NA,0
692,5,153,NA,NA,NA,0
693,5,153,NA,NA,NA,0
694,5,153,NA,NA,NA,0
695,5,153,NA,NA,NA,0
696,5,153,NA,NA,NA,0
697,3,154,NA,NA,NA,0
698,3,154,NA,NA,NA,0
699,3,154,NA,NA,NA,0
700,6,155,"H",360,0,0
701,6,155,"C",235,5,1
702,6,155,"H",343,1,1
703,6,155,"H",311,3,2
704,6,155,"H",259,4,1
705,6,155,"H",358,0,0
706,3,156,NA,NA,NA,0
707,3,156,NA,NA,NA,0
708,3,156,NA,NA,NA,0
709,5,157,NA,NA,NA,0
710,5,157,NA,NA,NA,0
711,5,157,NA,NA,NA,0
712,5,157,NA,NA,NA,0
713,5,157,NA,NA,NA,0
714,4,158,NA,NA,NA,0
715,4,158,NA,NA,NA,0
716,4,158,"C",207,3,0
717,4,158,NA,NA,NA,0
718,3,159,NA,NA,NA,0
719,3,159,NA,NA,NA,0
720,3,159,NA,NA,NA,0
721,3,160,NA,NA,NA,0
722,3,160,NA,NA,NA,0
723,3,160,NA,NA,NA,0
724,3,161,NA,NA,NA,0
725,3,161,NA,NA,NA,0
726,3,161,NA,NA,NA,0
727,4,162,NA,NA,NA,0
728,4,162,NA,NA,NA,0
729,4,162,NA,NA,NA,0
730,4,162,NA,NA,NA,0
731,4,163,NA,NA,NA,0
732,4,163,NA,NA,NA,0
733,4,163,NA,NA,NA,0
734,4,163,NA,NA,NA,0
735,5,164,NA,NA,NA,0
736,5,164,NA,NA,NA,0
737,5,164,NA,NA,NA,0
738,5,164,NA,NA,NA,0
739,5,164,NA,NA,NA,0
740,3,165,NA,NA,NA,0
741,3,165,NA,NA,NA,0
742,3,165,NA,NA,NA,0
743,5,166,NA,NA,NA,0
744,5,166,NA,NA,NA,0
745,5,166,"C",NA,NA,0
746,5,166,NA,NA,NA,0
747,5,166,NA,NA,NA,0
748,3,167,NA,NA,NA,0
749,3,167,NA,NA,NA,0
750,3,167,NA,NA,NA,0
751,3,168,NA,NA,NA,0
752,3,168,NA,NA,NA,0
753,3,168,NA,NA,NA,0
754,6,169,NA,NA,NA,0
755,6,169,NA,NA,NA,0
756,6,169,NA,NA,NA,0
757,6,169,NA,NA,NA,0
758,6,169,NA,NA,NA,0
759,6,169,NA,NA,NA,0
760,6,170,NA,NA,NA,0
761,6,170,NA,NA,NA,0
762,6,170,NA,NA,NA,0
763,6,170,NA,NA,NA,0
764,6,170,NA,NA,NA,0
765,6,170,NA,NA,NA,0
766,3,171,NA,NA,NA,0
767,3,171,NA,NA,NA,0
768,3,171,NA,NA,NA,0
769,4,172,NA,NA,NA,0
770,4,172,NA,NA,NA,0
771,4,172,NA,NA,NA,0
772,4,172,NA,NA,NA,0
773,5,173,NA,NA,NA,0
774,5,173,"C",363,4,0
775,5,173,NA,NA,NA,0
776,5,173,NA,NA,NA,0
777,5,173,NA,NA,NA,0
778,3,174,NA,NA,NA,0
779,3,174,NA,NA,NA,0
780,3,174,NA,NA,NA,0
781,6,175,"H",NA,NA,0
782,6,175,"H",289,3,1
783,6,175,NA,NA,NA,0
784,6,175,NA,NA,NA,0
785,6,175,"H",278,3,0
786,6,175,"C",245,5,2
787,6,176,NA,NA,NA,0
788,6,176,NA,NA,NA,0
789,6,176,NA,NA,NA,0
790,6,176,NA,NA,NA,0
791,6,176,NA,NA,NA,0
792,6,176,NA,NA,NA,0
793,4,177,NA,NA,NA,0
794,4,177,NA,NA,NA,0
795,4,177,NA,NA,NA,0
796,4,177,NA,NA,NA,0
797,5,178,NA,NA,NA,0
798,5,178,NA,NA,NA,0
799,5,178,NA,NA,NA,0
800,5,178,NA,NA,NA,0
801,5,178,NA,NA,NA,0
802,6,179,NA,NA,NA,0
803,6,179,NA,NA,NA,0
804,6,179,NA,NA,NA,0
805,6,179,NA,NA,NA,0
806,6,179,"C",NA,NA,0
807,6,179,NA,NA,NA,0
808,6,180,NA,NA,NA,0
809,6,180,NA,NA,NA,0
810,6,180,NA,NA,NA,0
811,6,180,NA,NA,NA,0
812,6,180,NA,NA,NA,0
813,6,180,NA,NA,NA,0
814,3,181,NA,NA,NA,0
815,3,181,NA,NA,NA,0
816,3,181,NA,NA,NA,0
817,6,182,NA,NA,NA,0
818,6,182,NA,NA,NA,0
819,6,182,NA,NA,NA,0
820,6,182,NA,NA,NA,0
821,6,182,NA,NA,NA,0
822,6,182,NA,NA,NA,0
823,6,183,NA,NA,NA,0
824,6,183,NA,NA,NA,0
825,6,183,NA,NA,NA,0
826,6,183,NA,NA,NA,0
827,6,183,NA,NA,NA,0
828,6,183,NA,NA,NA,0
829,5,184,NA,NA,NA,0
830,5,184,NA,NA,NA,0
831,5,184,"C",NA,NA,0
832,5,184,NA,NA,NA,0
833,5,184,NA,NA,NA,0
834,5,185,"C",295,4,1
835,5,185,"C",321,2,1
836,5,185,NA,NA,NA,0
837,5,185,"H",NA,NA,0
838,5,185,"H",NA,NA,0
839,6,186,NA,NA,NA,0
840,6,186,NA,NA,NA,0
841,6,186,NA,NA,NA,0
842,6,186,NA,NA,NA,0
843,6,186,NA,NA,NA,0
844,6,186,NA,NA,NA,0
845,4,187,"C",351,3,2
846,4,187,"H",NA,NA,0
847,4,187,"H",NA,NA,0
848,4,187,"H",365,1,1
849,5,188,NA,NA,NA,0
850,5,188,NA,NA,NA,0
851,5,188,NA,NA,NA,0
852,5,188,NA,NA,NA,0
853,5,188,NA,NA,NA,0
854,4,189,NA,NA,NA,0
855,4,189,NA,NA,NA,0
856,4,189,NA,NA,NA,0
857,4,189,NA,NA,NA,0
858,4,190,NA,NA,NA,0
859,4,190,NA,NA,NA,0
860,4,190,NA,NA,NA,0
861,4,190,NA,NA,NA,0
862,5,191,NA,NA,NA,0
863,5,191,NA,NA,NA,0
864,5,191,"C",260,4,1
865,5,191,"H",285,3,0
866,5,191,NA,NA,NA,0
867,6,192,NA,NA,NA,0
868,6,192,"C",NA,NA,0
869,6,192,"C",333,5,2
870,6,192,NA,NA,NA,0
871,6,192,"H",NA,NA,0
872,6,192,"H",NA,NA,0
873,4,193,NA,NA,NA,0
874,4,193,NA,NA,NA,0
875,4,193,NA,NA,NA,0
876,4,193,NA,NA,NA,0
877,5,194,NA,NA,NA,0
878,5,194,"C",335,4,0
879,5,194,NA,NA,NA,0
880,5,194,NA,NA,NA,0
881,5,194,NA,NA,NA,0
882,6,195,NA,NA,NA,0
883,6,195,NA,NA,NA,0
884,6,195,NA,NA,NA,0
885,6,195,NA,NA,NA,0
886,6,195,NA,NA,NA,0
887,6,195,NA,NA,NA,0
888,5,196,NA,NA,NA,0
889,5,196,NA,NA,NA,0
890,5,196,NA,NA,NA,0
891,5,196,NA,NA,NA,0
892,5,196,NA,NA,NA,0
893,3,197,NA,NA,NA,0
894,3,197,NA,NA,NA,0
895,3,197,NA,NA,NA,0
896,5,198,NA,NA,NA,0
897,5,198,NA,NA,NA,0
898,5,198,NA,NA,NA,0
899,5,198,NA,NA,NA,0
900,5,198,NA,NA,NA,0
901,5,199,NA,NA,NA,0
902,5,199,NA,NA,NA,0
903,5,199,NA,NA,NA,0
904,5,199,NA,NA,NA,0
905,5,199,NA,NA,NA,0
906,4,200,"H",NA,NA,0
907,4,200,"C",347,3,2
908,4,200,NA,NA,NA,0
909,4,200,"H",NA,NA,0
910,5,201,NA,NA,NA,0
911,5,201,NA,NA,NA,0
912,5,201,NA,NA,NA,0
913,5,201,NA,NA,NA,0
914,5,201,NA,NA,NA,0
915,4,202,NA,NA,NA,0
916,4,202,NA,NA,NA,0
917,4,202,NA,NA,NA,0
918,4,202,NA,NA,NA,0
919,5,203,NA,NA,NA,0
920,5,203,NA,NA,NA,0
921,5,203,NA,NA,NA,0
922,5,203,NA,NA,NA,0
923,5,203,NA,NA,NA,0
924,4,204,NA,NA,NA,0
925,4,204,NA,NA,NA,0
926,4,204,NA,NA,NA,0
927,4,204,NA,NA,NA,0
928,4,205,"C",NA,NA,0
929,4,205,NA,NA,NA,0
930,4,205,NA,NA,NA,0
931,4,205,NA,NA,NA,0
932,3,206,"H",219,0,0
933,3,206,"H",199,1,1
934,3,206,"C",181,2,1
935,4,207,NA,NA,NA,0
936,4,207,NA,NA,NA,0
937,4,207,NA,NA,NA,0
938,4,207,NA,NA,NA,0
939,6,208,NA,NA,NA,0
940,6,208,NA,NA,NA,0
941,6,208,NA,NA,NA,0
942,6,208,NA,NA,NA,0
943,6,208,NA,NA,NA,0
944,6,208,NA,NA,NA,0
945,3,209,NA,NA,NA,0
946,3,209,"H",296,1,0
947,3,209,"C",264,2,1
948,3,210,NA,NA,NA,0
949,3,210,"C",316,2,1
950,3,210,"H",358,1,0
951,6,211,NA,NA,NA,0
952,6,211,NA,NA,NA,0
953,6,211,NA,NA,NA,0
954,6,211,NA,NA,NA,0
955,6,211,NA,NA,NA,0
956,6,211,NA,NA,NA,0
957,6,212,"H",231,2,1
958,6,212,"H",209,3,1
959,6,212,"H",243,1,0
960,6,212,"C",188,5,2
961,6,212,NA,NA,NA,0
962,6,212,"H",261,1,0
963,6,213,NA,NA,NA,0
964,6,213,NA,NA,NA,0
965,6,213,NA,NA,NA,0
966,6,213,NA,NA,NA,0
967,6,213,NA,NA,NA,0
968,6,213,NA,NA,NA,0
969,6,214,NA,NA,NA,0
970,6,214,NA,NA,NA,0
971,6,214,NA,NA,NA,0
972,6,214,NA,NA,NA,0
973,6,214,NA,NA,NA,0
974,6,214,NA,NA,NA,0
975,4,215,NA,NA,NA,0
976,4,215,NA,NA,NA,0
977,4,215,NA,NA,NA,0
978,4,215,"C",348,3,0
979,3,216,NA,NA,NA,0
980,3,216,NA,NA,NA,0
981,3,216,NA,NA,NA,0
982,6,217,NA,NA,NA,0
983,6,217,NA,NA,NA,0
984,6,217,NA,NA,NA,0
985,6,217,NA,NA,NA,0
986,6,217,NA,NA,NA,0
987,6,217,NA,NA,NA,0
988,5,218,"H",325,0,0
989,5,218,"H",257,3,2
990,5,218,"H",295,0,0
991,5,218,"C",247,4,1
992,5,218,"H",293,1,1
993,3,219,NA,NA,NA,0
994,3,219,NA,NA,NA,0
995,3,219,"C",271,2,0
996,5,220,NA,NA,NA,0
997,5,220,NA,NA,NA,0
998,5,220,NA,NA,NA,0
999,5,220,NA,NA,NA,0
1000,5,220,NA,NA,NA,0
