"ID","SIZE","HH","TYPE","TIME","S_NUM","I_NUM"
1,3,1,"0",54,2,1
2,3,1,NA,NA,NA,0
3,3,1,"H",67,1,0
4,5,2,NA,NA,NA,0
5,5,2,NA,NA,NA,0
6,5,2,NA,NA,NA,0
7,5,2,NA,NA,NA,0
8,5,2,NA,NA,NA,0
9,3,3,NA,NA,NA,0
10,3,3,"H",NA,NA,0
11,3,3,"C",339,2,1
12,5,4,NA,NA,NA,0
13,5,4,NA,NA,NA,0
14,5,4,NA,NA,NA,0
15,5,4,NA,NA,NA,0
16,5,4,NA,NA,NA,0
17,3,5,NA,NA,NA,0
18,3,5,NA,NA,NA,0
19,3,5,NA,NA,NA,0
20,4,6,NA,NA,NA,0
21,4,6,NA,NA,NA,0
22,4,6,NA,NA,NA,0
23,4,6,NA,NA,NA,0
24,3,7,NA,NA,NA,0
25,3,7,NA,NA,NA,0
26,3,7,NA,NA,NA,0
27,4,8,NA,NA,NA,0
28,4,8,NA,NA,NA,0
29,4,8,NA,NA,NA,0
30,4,8,NA,NA,NA,0
31,6,9,NA,NA,NA,0
32,6,9,NA,NA,NA,0
33,6,9,NA,NA,NA,0
34,6,9,NA,NA,NA,0
35,6,9,NA,NA,NA,0
36,6,9,NA,NA,NA,0
37,3,10,NA,NA,NA,0
38,3,10,NA,NA,NA,0
39,3,10,NA,NA,NA,0
40,3,11,"C",213,2,2
41,3,11,"H",264,0,0
42,3,11,"H",260,0,0
43,6,12,"H",166,2,1
44,6,12,"H",206,1,0
45,6,12,"C",123,5,2
46,6,12,NA,NA,NA,0
47,6,12,"H",170,1,0
48,6,12,"H",137,3,1
49,6,13,NA,NA,NA,0
50,6,13,NA,NA,NA,0
51,6,13,NA,NA,NA,0
52,6,13,NA,NA,NA,0
53,6,13,NA,NA,NA,0
54,6,13,NA,NA,NA,0
55,3,14,NA,NA,NA,0
56,3,14,NA,NA,NA,0
57,3,14,NA,NA,NA,0
58,4,15,NA,NA,NA,0
59,4,15,NA,NA,NA,0
60,4,15,NA,NA,NA,0
61,4,15,NA,NA,NA,0
62,4,16,"H",312,0,0
63,4,16,"C",240,3,1
64,4,16,"C",332,0,0
65,4,16,"H",267,2,1
66,6,17,"H",324,3,0
67,6,17,NA,NA,NA,0
68,6,17,"C",288,5,2
69,6,17,"H",350,3,1
70,6,17,"H",NA,NA,0
71,6,17,NA,NA,NA,0
72,5,18,NA,NA,NA,0
73,5,18,NA,NA,NA,0
74,5,18,NA,NA,NA,0
75,5,18,NA,NA,NA,0
76,5,18,NA,NA,NA,0
77,4,19,NA,NA,NA,0
78,4,19,NA,NA,NA,0
79,4,19,NA,NA,NA,0
80,4,19,NA,NA,NA,0
81,4,20,"H",317,1,0
82,4,20,"H",NA,NA,0
83,4,20,"C",294,3,2
84,4,20,"H",342,1,1
85,6,21,NA,NA,NA,0
86,6,21,"C",279,5,1
87,6,21,NA,NA,NA,0
88,6,21,NA,NA,NA,0
89,6,21,"H",311,4,1
90,6,21,"H",362,3,0
91,3,22,NA,NA,NA,0
92,3,22,NA,NA,NA,0
93,3,22,NA,NA,NA,0
94,3,23,"C",192,2,0
95,3,23,NA,NA,NA,0
96,3,23,NA,NA,NA,0
97,5,24,NA,NA,NA,0
98,5,24,NA,NA,NA,0
99,5,24,NA,NA,NA,0
100,5,24,NA,NA,NA,0
101,5,24,NA,NA,NA,0
102,3,25,NA,NA,NA,0
103,3,25,NA,NA,NA,0
104,3,25,NA,NA,NA,0
105,4,26,"H",335,0,0
106,4,26,"H",316,2,1
107,4,26,"C",351,0,0
108,4,26,"C",301,3,1
109,6,27,NA,NA,NA,0
110,6,27,NA,NA,NA,0
111,6,27,NA,NA,NA,0
112,6,27,NA,NA,NA,0
113,6,27,NA,NA,NA,0
114,6,27,NA,NA,NA,0
115,4,28,NA,NA,NA,0
116,4,28,NA,NA,NA,0
117,4,28,NA,NA,NA,0
118,4,28,NA,NA,NA,0
119,6,29,"H",NA,NA,0
120,6,29,"C",359,5,1
121,6,29,NA,NA,NA,0
122,6,29,NA,NA,NA,0
123,6,29,NA,NA,NA,0
124,6,29,NA,NA,NA,0
125,3,30,NA,NA,NA,0
126,3,30,NA,NA,NA,0
127,3,30,NA,NA,NA,0
128,4,31,NA,NA,NA,0
129,4,31,NA,NA,NA,0
130,4,31,NA,NA,NA,0
131,4,31,"C",217,3,0
132,3,32,NA,NA,NA,0
133,3,32,NA,NA,NA,0
134,3,32,NA,NA,NA,0
135,5,33,NA,NA,NA,0
136,5,33,NA,NA,NA,0
137,5,33,NA,NA,NA,0
138,5,33,NA,NA,NA,0
139,5,33,NA,NA,NA,0
140,5,34,NA,NA,NA,0
141,5,34,NA,NA,NA,0
142,5,34,"C",243,4,0
143,5,34,NA,NA,NA,0
144,5,34,NA,NA,NA,0
145,4,35,NA,NA,NA,0
146,4,35,NA,NA,NA,0
147,4,35,NA,NA,NA,0
148,4,35,"C",335,3,0
149,5,36,NA,NA,NA,0
150,5,36,NA,NA,NA,0
151,5,36,NA,NA,NA,0
152,5,36,NA,NA,NA,0
153,5,36,NA,NA,NA,0
154,6,37,"C",NA,NA,0
155,6,37,NA,NA,NA,0
156,6,37,NA,NA,NA,0
157,6,37,NA,NA,NA,0
158,6,37,"C",NA,NA,0
159,6,37,"C",NA,NA,0
160,4,38,NA,NA,NA,0
161,4,38,NA,NA,NA,0
162,4,38,NA,NA,NA,0
163,4,38,NA,NA,NA,0
164,3,39,NA,NA,NA,0
165,3,39,NA,NA,NA,0
166,3,39,NA,NA,NA,0
167,5,40,"C",279,4,0
168,5,40,NA,NA,NA,0
169,5,40,NA,NA,NA,0
170,5,40,NA,NA,NA,0
171,5,40,NA,NA,NA,0
172,5,41,NA,NA,NA,0
173,5,41,NA,NA,NA,0
174,5,41,NA,NA,NA,0
175,5,41,NA,NA,NA,0
176,5,41,NA,NA,NA,0
177,6,42,NA,NA,NA,0
178,6,42,NA,NA,NA,0
179,6,42,NA,NA,NA,0
180,6,42,NA,NA,NA,0
181,6,42,NA,NA,NA,0
182,6,42,NA,NA,NA,0
183,6,43,NA,NA,NA,0
184,6,43,NA,NA,NA,0
185,6,43,NA,NA,NA,0
186,6,43,NA,NA,NA,0
187,6,43,NA,NA,NA,0
188,6,43,NA,NA,NA,0
189,4,44,NA,NA,NA,0
190,4,44,NA,NA,NA,0
191,4,44,NA,NA,NA,0
192,4,44,NA,NA,NA,0
193,4,45,NA,NA,NA,0
194,4,45,NA,NA,NA,0
195,4,45,NA,NA,NA,0
196,4,45,NA,NA,NA,0
197,6,46,NA,NA,NA,0
198,6,46,NA,NA,NA,0
199,6,46,NA,NA,NA,0
200,6,46,"C",359,5,0
201,6,46,NA,NA,NA,0
202,6,46,NA,NA,NA,0
203,4,47,NA,NA,NA,0
204,4,47,NA,NA,NA,0
205,4,47,NA,NA,NA,0
206,4,47,NA,NA,NA,0
207,4,48,NA,NA,NA,0
208,4,48,NA,NA,NA,0
209,4,48,NA,NA,NA,0
210,4,48,NA,NA,NA,0
211,5,49,NA,NA,NA,0
212,5,49,"C",NA,NA,0
213,5,49,NA,NA,NA,0
214,5,49,NA,NA,NA,0
215,5,49,NA,NA,NA,0
216,4,50,NA,NA,NA,0
217,4,50,NA,NA,NA,0
218,4,50,NA,NA,NA,0
219,4,50,NA,NA,NA,0
220,3,51,NA,NA,NA,0
221,3,51,"C",352,2,1
222,3,51,"H",NA,NA,0
223,5,52,NA,NA,NA,0
224,5,52,NA,NA,NA,0
225,5,52,NA,NA,NA,0
226,5,52,NA,NA,NA,0
227,5,52,NA,NA,NA,0
228,3,53,NA,NA,NA,0
229,3,53,NA,NA,NA,0
230,3,53,NA,NA,NA,0
231,3,54,NA,NA,NA,0
232,3,54,NA,NA,NA,0
233,3,54,NA,NA,NA,0
234,3,55,NA,NA,NA,0
235,3,55,NA,NA,NA,0
236,3,55,NA,NA,NA,0
237,5,56,NA,NA,NA,0
238,5,56,"C",290,4,1
239,5,56,"H",338,2,0
240,5,56,NA,NA,NA,0
241,5,56,"H",321,3,1
242,4,57,NA,NA,NA,0
243,4,57,NA,NA,NA,0
244,4,57,NA,NA,NA,0
245,4,57,NA,NA,NA,0
246,5,58,NA,NA,NA,0
247,5,58,NA,NA,NA,0
248,5,58,NA,NA,NA,0
249,5,58,NA,NA,NA,0
250,5,58,NA,NA,NA,0
251,6,59,NA,NA,NA,0
252,6,59,NA,NA,NA,0
253,6,59,NA,NA,NA,0
254,6,59,NA,NA,NA,0
255,6,59,NA,NA,NA,0
256,6,59,NA,NA,NA,0
257,6,60,NA,NA,NA,0
258,6,60,NA,NA,NA,0
259,6,60,NA,NA,NA,0
260,6,60,"C",NA,NA,0
261,6,60,NA,NA,NA,0
262,6,60,NA,NA,NA,0
263,6,61,"C",362,4,1
264,6,61,NA,NA,NA,0
265,6,61,NA,NA,NA,0
266,6,61,NA,NA,NA,0
267,6,61,"C",345,4,0
268,6,61,"H",NA,NA,0
269,4,62,NA,NA,NA,0
270,4,62,NA,NA,NA,0
271,4,62,NA,NA,NA,0
272,4,62,NA,NA,NA,0
273,6,63,"C",278,5,0
274,6,63,NA,NA,NA,0
275,6,63,NA,NA,NA,0
276,6,63,NA,NA,NA,0
277,6,63,NA,NA,NA,0
278,6,63,NA,NA,NA,0
279,4,64,"C",NA,NA,0
280,4,64,"C",247,3,0
281,4,64,NA,NA,NA,0
282,4,64,NA,NA,NA,0
283,6,65,"H",356,2,2
284,6,65,"H",NA,NA,0
285,6,65,"H",355,2,0
286,6,65,"H",330,4,2
287,6,65,"C",316,5,1
288,6,65,"H",NA,NA,0
289,6,66,NA,NA,NA,0
290,6,66,NA,NA,NA,0
291,6,66,NA,NA,NA,0
292,6,66,NA,NA,NA,0
293,6,66,NA,NA,NA,0
294,6,66,NA,NA,NA,0
295,5,67,NA,NA,NA,0
296,5,67,NA,NA,NA,0
297,5,67,NA,NA,NA,0
298,5,67,NA,NA,NA,0
299,5,67,NA,NA,NA,0
300,3,68,"C",NA,NA,0
301,3,68,NA,NA,NA,0
302,3,68,NA,NA,NA,0
303,6,69,NA,NA,NA,0
304,6,69,NA,NA,NA,0
305,6,69,NA,NA,NA,0
306,6,69,NA,NA,NA,0
307,6,69,NA,NA,NA,0
308,6,69,NA,NA,NA,0
309,5,70,NA,NA,NA,0
310,5,70,NA,NA,NA,0
311,5,70,NA,NA,NA,0
312,5,70,NA,NA,NA,0
313,5,70,NA,NA,NA,0
314,5,71,NA,NA,NA,0
315,5,71,NA,NA,NA,0
316,5,71,NA,NA,NA,0
317,5,71,NA,NA,NA,0
318,5,71,NA,NA,NA,0
319,4,72,NA,NA,NA,0
320,4,72,NA,NA,NA,0
321,4,72,NA,NA,NA,0
322,4,72,NA,NA,NA,0
323,6,73,NA,NA,NA,0
324,6,73,NA,NA,NA,0
325,6,73,NA,NA,NA,0
326,6,73,NA,NA,NA,0
327,6,73,NA,NA,NA,0
328,6,73,NA,NA,NA,0
329,6,74,NA,NA,NA,0
330,6,74,NA,NA,NA,0
331,6,74,NA,NA,NA,0
332,6,74,NA,NA,NA,0
333,6,74,NA,NA,NA,0
334,6,74,NA,NA,NA,0
335,3,75,NA,NA,NA,0
336,3,75,NA,NA,NA,0
337,3,75,NA,NA,NA,0
338,4,76,NA,NA,NA,0
339,4,76,NA,NA,NA,0
340,4,76,NA,NA,NA,0
341,4,76,NA,NA,NA,0
342,5,77,NA,NA,NA,0
343,5,77,NA,NA,NA,0
344,5,77,NA,NA,NA,0
345,5,77,NA,NA,NA,0
346,5,77,NA,NA,NA,0
347,6,78,NA,NA,NA,0
348,6,78,NA,NA,NA,0
349,6,78,NA,NA,NA,0
350,6,78,NA,NA,NA,0
351,6,78,NA,NA,NA,0
352,6,78,NA,NA,NA,0
353,3,79,NA,NA,NA,0
354,3,79,NA,NA,NA,0
355,3,79,NA,NA,NA,0
356,5,80,NA,NA,NA,0
357,5,80,NA,NA,NA,0
358,5,80,NA,NA,NA,0
359,5,80,NA,NA,NA,0
360,5,80,NA,NA,NA,0
361,4,81,NA,NA,NA,0
362,4,81,NA,NA,NA,0
363,4,81,NA,NA,NA,0
364,4,81,NA,NA,NA,0
365,6,82,NA,NA,NA,0
366,6,82,NA,NA,NA,0
367,6,82,NA,NA,NA,0
368,6,82,NA,NA,NA,0
369,6,82,NA,NA,NA,0
370,6,82,NA,NA,NA,0
371,3,83,NA,NA,NA,0
372,3,83,NA,NA,NA,0
373,3,83,"C",NA,NA,0
374,4,84,NA,NA,NA,0
375,4,84,NA,NA,NA,0
376,4,84,NA,NA,NA,0
377,4,84,NA,NA,NA,0
378,4,85,NA,NA,NA,0
379,4,85,NA,NA,NA,0
380,4,85,NA,NA,NA,0
381,4,85,NA,NA,NA,0
382,3,86,NA,NA,NA,0
383,3,86,NA,NA,NA,0
384,3,86,NA,NA,NA,0
385,4,87,NA,NA,NA,0
386,4,87,NA,NA,NA,0
387,4,87,NA,NA,NA,0
388,4,87,NA,NA,NA,0
389,4,88,NA,NA,NA,0
390,4,88,NA,NA,NA,0
391,4,88,NA,NA,NA,0
392,4,88,NA,NA,NA,0
393,4,89,NA,NA,NA,0
394,4,89,NA,NA,NA,0
395,4,89,NA,NA,NA,0
396,4,89,NA,NA,NA,0
397,4,90,NA,NA,NA,0
398,4,90,NA,NA,NA,0
399,4,90,NA,NA,NA,0
400,4,90,NA,NA,NA,0
401,3,91,"C",335,2,0
402,3,91,NA,NA,NA,0
403,3,91,NA,NA,NA,0
404,3,92,NA,NA,NA,0
405,3,92,NA,NA,NA,0
406,3,92,NA,NA,NA,0
407,6,93,NA,NA,NA,0
408,6,93,NA,NA,NA,0
409,6,93,NA,NA,NA,0
410,6,93,"C",351,5,1
411,6,93,NA,NA,NA,0
412,6,93,"H",NA,NA,0
413,3,94,"C",NA,NA,0
414,3,94,NA,NA,NA,0
415,3,94,NA,NA,NA,0
416,4,95,NA,NA,NA,0
417,4,95,NA,NA,NA,0
418,4,95,NA,NA,NA,0
419,4,95,"C",NA,NA,0
420,5,96,NA,NA,NA,0
421,5,96,NA,NA,NA,0
422,5,96,NA,NA,NA,0
423,5,96,NA,NA,NA,0
424,5,96,NA,NA,NA,0
425,4,97,NA,NA,NA,0
426,4,97,NA,NA,NA,0
427,4,97,NA,NA,NA,0
428,4,97,NA,NA,NA,0
429,6,98,NA,NA,NA,0
430,6,98,NA,NA,NA,0
431,6,98,NA,NA,NA,0
432,6,98,NA,NA,NA,0
433,6,98,NA,NA,NA,0
434,6,98,NA,NA,NA,0
435,4,99,NA,NA,NA,0
436,4,99,NA,NA,NA,0
437,4,99,NA,NA,NA,0
438,4,99,NA,NA,NA,0
439,6,100,NA,NA,NA,0
440,6,100,NA,NA,NA,0
441,6,100,NA,NA,NA,0
442,6,100,NA,NA,NA,0
443,6,100,NA,NA,NA,0
444,6,100,NA,NA,NA,0
445,4,101,"H",213,0,0
446,4,101,"H",180,1,0
447,4,101,"C",158,3,2
448,4,101,"H",194,1,1
449,6,102,NA,NA,NA,0
450,6,102,NA,NA,NA,0
451,6,102,NA,NA,NA,0
452,6,102,NA,NA,NA,0
453,6,102,NA,NA,NA,0
454,6,102,NA,NA,NA,0
455,6,103,NA,NA,NA,0
456,6,103,NA,NA,NA,0
457,6,103,NA,NA,NA,0
458,6,103,NA,NA,NA,0
459,6,103,NA,NA,NA,0
460,6,103,NA,NA,NA,0
461,3,104,"C",330,2,2
462,3,104,"H",362,0,0
463,3,104,"H",351,0,0
464,3,105,NA,NA,NA,0
465,3,105,NA,NA,NA,0
466,3,105,NA,NA,NA,0
467,5,106,NA,NA,NA,0
468,5,106,NA,NA,NA,0
469,5,106,NA,NA,NA,0
470,5,106,NA,NA,NA,0
471,5,106,NA,NA,NA,0
472,4,107,NA,NA,NA,0
473,4,107,NA,NA,NA,0
474,4,107,NA,NA,NA,0
475,4,107,NA,NA,NA,0
476,5,108,NA,NA,NA,0
477,5,108,NA,NA,NA,0
478,5,108,NA,NA,NA,0
479,5,108,NA,NA,NA,0
480,5,108,NA,NA,NA,0
481,5,109,NA,NA,NA,0
482,5,109,NA,NA,NA,0
483,5,109,NA,NA,NA,0
484,5,109,NA,NA,NA,0
485,5,109,NA,NA,NA,0
486,4,110,NA,NA,NA,0
487,4,110,NA,NA,NA,0
488,4,110,NA,NA,NA,0
489,4,110,NA,NA,NA,0
490,3,111,NA,NA,NA,0
491,3,111,"C",358,2,0
492,3,111,NA,NA,NA,0
493,4,112,NA,NA,NA,0
494,4,112,NA,NA,NA,0
495,4,112,NA,NA,NA,0
496,4,112,NA,NA,NA,0
497,4,113,NA,NA,NA,0
498,4,113,NA,NA,NA,0
499,4,113,NA,NA,NA,0
500,4,113,"C",351,3,0
501,3,114,NA,NA,NA,0
502,3,114,NA,NA,NA,0
503,3,114,NA,NA,NA,0
504,4,115,NA,NA,NA,0
505,4,115,NA,NA,NA,0
506,4,115,NA,NA,NA,0
507,4,115,NA,NA,NA,0
508,3,116,NA,NA,NA,0
509,3,116,NA,NA,NA,0
510,3,116,NA,NA,NA,0
511,6,117,NA,NA,NA,0
512,6,117,NA,NA,NA,0
513,6,117,"C",NA,NA,0
514,6,117,NA,NA,NA,0
515,6,117,NA,NA,NA,0
516,6,117,NA,NA,NA,0
517,6,118,"H",321,4,1
518,6,118,NA,NA,NA,0
519,6,118,NA,NA,NA,0
520,6,118,"H",NA,NA,0
521,6,118,"C",267,5,1
522,6,118,NA,NA,NA,0
523,5,119,NA,NA,NA,0
524,5,119,NA,NA,NA,0
525,5,119,NA,NA,NA,0
526,5,119,NA,NA,NA,0
527,5,119,NA,NA,NA,0
528,4,120,NA,NA,NA,0
529,4,120,NA,NA,NA,0
530,4,120,NA,NA,NA,0
531,4,120,NA,NA,NA,0
532,3,121,NA,NA,NA,0
533,3,121,NA,NA,NA,0
534,3,121,NA,NA,NA,0
535,6,122,NA,NA,NA,0
536,6,122,NA,NA,NA,0
537,6,122,"C",NA,NA,0
538,6,122,NA,NA,NA,0
539,6,122,NA,NA,NA,0
540,6,122,NA,NA,NA,0
541,3,123,NA,NA,NA,0
542,3,123,NA,NA,NA,0
543,3,123,NA,NA,NA,0
544,3,124,NA,NA,NA,0
545,3,124,NA,NA,NA,0
546,3,124,NA,NA,NA,0
547,3,125,NA,NA,NA,0
548,3,125,NA,NA,NA,0
549,3,125,NA,NA,NA,0
550,5,126,NA,NA,NA,0
551,5,126,NA,NA,NA,0
552,5,126,NA,NA,NA,0
553,5,126,NA,NA,NA,0
554,5,126,NA,NA,NA,0
555,6,127,NA,NA,NA,0
556,6,127,"H",308,2,0
557,6,127,NA,NA,NA,0
558,6,127,"C",230,5,1
559,6,127,"H",310,2,0
560,6,127,"H",277,4,2
561,6,128,"C",358,5,1
562,6,128,NA,NA,NA,0
563,6,128,NA,NA,NA,0
564,6,128,NA,NA,NA,0
565,6,128,"H",NA,NA,0
566,6,128,NA,NA,NA,0
567,4,129,NA,NA,NA,0
568,4,129,NA,NA,NA,0
569,4,129,NA,NA,NA,0
570,4,129,NA,NA,NA,0
571,6,130,NA,NA,NA,0
572,6,130,NA,NA,NA,0
573,6,130,NA,NA,NA,0
574,6,130,NA,NA,NA,0
575,6,130,NA,NA,NA,0
576,6,130,NA,NA,NA,0
577,3,131,NA,NA,NA,0
578,3,131,NA,NA,NA,0
579,3,131,NA,NA,NA,0
580,6,132,NA,NA,NA,0
581,6,132,NA,NA,NA,0
582,6,132,NA,NA,NA,0
583,6,132,NA,NA,NA,0
584,6,132,NA,NA,NA,0
585,6,132,NA,NA,NA,0
586,4,133,NA,NA,NA,0
587,4,133,NA,NA,NA,0
588,4,133,NA,NA,NA,0
589,4,133,NA,NA,NA,0
590,3,134,NA,NA,NA,0
591,3,134,NA,NA,NA,0
592,3,134,NA,NA,NA,0
593,6,135,NA,NA,NA,0
594,6,135,NA,NA,NA,0
595,6,135,NA,NA,NA,0
596,6,135,NA,NA,NA,0
597,6,135,NA,NA,NA,0
598,6,135,NA,NA,NA,0
599,4,136,NA,NA,NA,0
600,4,136,NA,NA,NA,0
601,4,136,NA,NA,NA,0
602,4,136,NA,NA,NA,0
603,5,137,NA,NA,NA,0
604,5,137,NA,NA,NA,0
605,5,137,NA,NA,NA,0
606,5,137,NA,NA,NA,0
607,5,137,NA,NA,NA,0
608,4,138,NA,NA,NA,0
609,4,138,NA,NA,NA,0
610,4,138,NA,NA,NA,0
611,4,138,NA,NA,NA,0
612,5,139,NA,NA,NA,0
613,5,139,NA,NA,NA,0
614,5,139,NA,NA,NA,0
615,5,139,NA,NA,NA,0
616,5,139,NA,NA,NA,0
617,5,140,NA,NA,NA,0
618,5,140,NA,NA,NA,0
619,5,140,NA,NA,NA,0
620,5,140,NA,NA,NA,0
621,5,140,NA,NA,NA,0
622,4,141,NA,NA,NA,0
623,4,141,NA,NA,NA,0
624,4,141,NA,NA,NA,0
625,4,141,NA,NA,NA,0
626,4,142,NA,NA,NA,0
627,4,142,NA,NA,NA,0
628,4,142,NA,NA,NA,0
629,4,142,NA,NA,NA,0
630,3,143,NA,NA,NA,0
631,3,143,NA,NA,NA,0
632,3,143,NA,NA,NA,0
633,5,144,NA,NA,NA,0
634,5,144,NA,NA,NA,0
635,5,144,NA,NA,NA,0
636,5,144,NA,NA,NA,0
637,5,144,NA,NA,NA,0
638,6,145,NA,NA,NA,0
639,6,145,NA,NA,NA,0
640,6,145,NA,NA,NA,0
641,6,145,NA,NA,NA,0
642,6,145,NA,NA,NA,0
643,6,145,NA,NA,NA,0
644,4,146,NA,NA,NA,0
645,4,146,NA,NA,NA,0
646,4,146,NA,NA,NA,0
647,4,146,NA,NA,NA,0
648,4,147,"C",NA,NA,0
649,4,147,NA,NA,NA,0
650,4,147,"C",301,3,0
651,4,147,NA,NA,NA,0
652,6,148,NA,NA,NA,0
653,6,148,NA,NA,NA,0
654,6,148,NA,NA,NA,0
655,6,148,NA,NA,NA,0
656,6,148,NA,NA,NA,0
657,6,148,NA,NA,NA,0
658,4,149,"H",116,1,0
659,4,149,NA,NA,NA,0
660,4,149,"C",90,3,2
661,4,149,"H",143,1,0
662,4,150,NA,NA,NA,0
663,4,150,NA,NA,NA,0
664,4,150,NA,NA,NA,0
665,4,150,NA,NA,NA,0
666,3,151,NA,NA,NA,0
667,3,151,NA,NA,NA,0
668,3,151,NA,NA,NA,0
669,3,152,NA,NA,NA,0
670,3,152,NA,NA,NA,0
671,3,152,NA,NA,NA,0
672,3,153,NA,NA,NA,0
673,3,153,NA,NA,NA,0
674,3,153,NA,NA,NA,0
675,5,154,NA,NA,NA,0
676,5,154,NA,NA,NA,0
677,5,154,NA,NA,NA,0
678,5,154,NA,NA,NA,0
679,5,154,NA,NA,NA,0
680,3,155,NA,NA,NA,0
681,3,155,"C",279,2,0
682,3,155,NA,NA,NA,0
683,4,156,NA,NA,NA,0
684,4,156,NA,NA,NA,0
685,4,156,NA,NA,NA,0
686,4,156,NA,NA,NA,0
687,4,157,NA,NA,NA,0
688,4,157,NA,NA,NA,0
689,4,157,NA,NA,NA,0
690,4,157,NA,NA,NA,0
691,6,158,NA,NA,NA,0
692,6,158,NA,NA,NA,0
693,6,158,NA,NA,NA,0
694,6,158,NA,NA,NA,0
695,6,158,NA,NA,NA,0
696,6,158,NA,NA,NA,0
697,3,159,NA,NA,NA,0
698,3,159,NA,NA,NA,0
699,3,159,NA,NA,NA,0
700,6,160,NA,NA,NA,0
701,6,160,NA,NA,NA,0
702,6,160,NA,NA,NA,0
703,6,160,NA,NA,NA,0
704,6,160,NA,NA,NA,0
705,6,160,NA,NA,NA,0
706,4,161,NA,NA,NA,0
707,4,161,NA,NA,NA,0
708,4,161,NA,NA,NA,0
709,4,161,NA,NA,NA,0
710,5,162,"H",247,2,0
711,5,162,NA,NA,NA,0
712,5,162,"H",254,2,0
713,5,162,"C",357,1,0
714,5,162,"C",200,4,2
715,4,163,NA,NA,NA,0
716,4,163,NA,NA,NA,0
717,4,163,NA,NA,NA,0
718,4,163,"C",NA,NA,0
719,5,164,NA,NA,NA,0
720,5,164,NA,NA,NA,0
721,5,164,NA,NA,NA,0
722,5,164,NA,NA,NA,0
723,5,164,NA,NA,NA,0
724,6,165,NA,NA,NA,0
725,6,165,NA,NA,NA,0
726,6,165,NA,NA,NA,0
727,6,165,NA,NA,NA,0
728,6,165,NA,NA,NA,0
729,6,165,NA,NA,NA,0
730,3,166,NA,NA,NA,0
731,3,166,NA,NA,NA,0
732,3,166,NA,NA,NA,0
733,4,167,NA,NA,NA,0
734,4,167,NA,NA,NA,0
735,4,167,NA,NA,NA,0
736,4,167,NA,NA,NA,0
737,5,168,NA,NA,NA,0
738,5,168,NA,NA,NA,0
739,5,168,NA,NA,NA,0
740,5,168,NA,NA,NA,0
741,5,168,NA,NA,NA,0
742,6,169,NA,NA,NA,0
743,6,169,NA,NA,NA,0
744,6,169,NA,NA,NA,0
745,6,169,NA,NA,NA,0
746,6,169,NA,NA,NA,0
747,6,169,NA,NA,NA,0
748,4,170,NA,NA,NA,0
749,4,170,NA,NA,NA,0
750,4,170,NA,NA,NA,0
751,4,170,NA,NA,NA,0
752,3,171,NA,NA,NA,0
753,3,171,"C",NA,NA,0
754,3,171,NA,NA,NA,0
755,6,172,"H",358,3,2
756,6,172,"H",NA,NA,0
757,6,172,NA,NA,NA,0
758,6,172,"H",NA,NA,0
759,6,172,"H",334,4,1
760,6,172,"C",299,5,1
761,6,173,NA,NA,NA,0
762,6,173,NA,NA,NA,0
763,6,173,NA,NA,NA,0
764,6,173,NA,NA,NA,0
765,6,173,NA,NA,NA,0
766,6,173,NA,NA,NA,0
767,6,174,NA,NA,NA,0
768,6,174,NA,NA,NA,0
769,6,174,NA,NA,NA,0
770,6,174,NA,NA,NA,0
771,6,174,NA,NA,NA,0
772,6,174,"C",222,5,0
773,5,175,NA,NA,NA,0
774,5,175,NA,NA,NA,0
775,5,175,NA,NA,NA,0
776,5,175,NA,NA,NA,0
777,5,175,NA,NA,NA,0
778,6,176,NA,NA,NA,0
779,6,176,NA,NA,NA,0
780,6,176,NA,NA,NA,0
781,6,176,NA,NA,NA,0
782,6,176,NA,NA,NA,0
783,6,176,NA,NA,NA,0
784,3,177,NA,NA,NA,0
785,3,177,NA,NA,NA,0
786,3,177,NA,NA,NA,0
787,3,178,NA,NA,NA,0
788,3,178,NA,NA,NA,0
789,3,178,NA,NA,NA,0
790,4,179,NA,NA,NA,0
791,4,179,NA,NA,NA,0
792,4,179,NA,NA,NA,0
793,4,179,NA,NA,NA,0
794,3,180,NA,NA,NA,0
795,3,180,NA,NA,NA,0
796,3,180,NA,NA,NA,0
797,6,181,"H",337,1,0
798,6,181,"H",348,1,0
799,6,181,"H",350,1,0
800,6,181,"C",301,5,2
801,6,181,"H",322,3,2
802,6,181,NA,NA,NA,0
803,4,182,NA,NA,NA,0
804,4,182,NA,NA,NA,0
805,4,182,NA,NA,NA,0
806,4,182,NA,NA,NA,0
807,6,183,NA,NA,NA,0
808,6,183,NA,NA,NA,0
809,6,183,NA,NA,NA,0
810,6,183,NA,NA,NA,0
811,6,183,NA,NA,NA,0
812,6,183,NA,NA,NA,0
813,6,184,NA,NA,NA,0
814,6,184,NA,NA,NA,0
815,6,184,NA,NA,NA,0
816,6,184,NA,NA,NA,0
817,6,184,NA,NA,NA,0
818,6,184,NA,NA,NA,0
819,4,185,NA,NA,NA,0
820,4,185,NA,NA,NA,0
821,4,185,NA,NA,NA,0
822,4,185,NA,NA,NA,0
823,5,186,NA,NA,NA,0
824,5,186,NA,NA,NA,0
825,5,186,NA,NA,NA,0
826,5,186,NA,NA,NA,0
827,5,186,NA,NA,NA,0
828,3,187,NA,NA,NA,0
829,3,187,NA,NA,NA,0
830,3,187,NA,NA,NA,0
831,4,188,NA,NA,NA,0
832,4,188,NA,NA,NA,0
833,4,188,NA,NA,NA,0
834,4,188,NA,NA,NA,0
835,5,189,NA,NA,NA,0
836,5,189,NA,NA,NA,0
837,5,189,NA,NA,NA,0
838,5,189,NA,NA,NA,0
839,5,189,NA,NA,NA,0
840,4,190,NA,NA,NA,0
841,4,190,NA,NA,NA,0
842,4,190,NA,NA,NA,0
843,4,190,NA,NA,NA,0
844,3,191,NA,NA,NA,0
845,3,191,NA,NA,NA,0
846,3,191,NA,NA,NA,0
847,4,192,NA,NA,NA,0
848,4,192,NA,NA,NA,0
849,4,192,"C",283,3,0
850,4,192,NA,NA,NA,0
851,4,193,NA,NA,NA,0
852,4,193,NA,NA,NA,0
853,4,193,NA,NA,NA,0
854,4,193,NA,NA,NA,0
855,4,194,NA,NA,NA,0
856,4,194,NA,NA,NA,0
857,4,194,NA,NA,NA,0
858,4,194,NA,NA,NA,0
859,4,195,NA,NA,NA,0
860,4,195,"H",267,1,0
861,4,195,"H",289,1,0
862,4,195,"C",249,3,2
863,4,196,NA,NA,NA,0
864,4,196,NA,NA,NA,0
865,4,196,NA,NA,NA,0
866,4,196,NA,NA,NA,0
867,5,197,NA,NA,NA,0
868,5,197,NA,NA,NA,0
869,5,197,NA,NA,NA,0
870,5,197,NA,NA,NA,0
871,5,197,NA,NA,NA,0
872,4,198,NA,NA,NA,0
873,4,198,NA,NA,NA,0
874,4,198,NA,NA,NA,0
875,4,198,NA,NA,NA,0
876,5,199,NA,NA,NA,0
877,5,199,"C",338,4,0
878,5,199,"C",NA,NA,0
879,5,199,NA,NA,NA,0
880,5,199,NA,NA,NA,0
881,6,200,NA,NA,NA,0
882,6,200,NA,NA,NA,0
883,6,200,NA,NA,NA,0
884,6,200,NA,NA,NA,0
885,6,200,NA,NA,NA,0
886,6,200,NA,NA,NA,0
887,3,201,NA,NA,NA,0
888,3,201,NA,NA,NA,0
889,3,201,NA,NA,NA,0
890,6,202,NA,NA,NA,0
891,6,202,NA,NA,NA,0
892,6,202,"C",NA,NA,0
893,6,202,NA,NA,NA,0
894,6,202,NA,NA,NA,0
895,6,202,NA,NA,NA,0
896,4,203,NA,NA,NA,0
897,4,203,NA,NA,NA,0
898,4,203,NA,NA,NA,0
899,4,203,NA,NA,NA,0
900,5,204,"H",271,0,0
901,5,204,"H",317,0,0
902,5,204,"H",264,1,1
903,5,204,"C",212,4,2
904,5,204,"H",244,2,1
905,6,205,NA,NA,NA,0
906,6,205,NA,NA,NA,0
907,6,205,NA,NA,NA,0
908,6,205,NA,NA,NA,0
909,6,205,NA,NA,NA,0
910,6,205,NA,NA,NA,0
911,3,206,NA,NA,NA,0
912,3,206,NA,NA,NA,0
913,3,206,"C",338,2,0
914,3,207,NA,NA,NA,0
915,3,207,NA,NA,NA,0
916,3,207,NA,NA,NA,0
917,3,208,NA,NA,NA,0
918,3,208,NA,NA,NA,0
919,3,208,NA,NA,NA,0
920,4,209,"C",NA,NA,0
921,4,209,NA,NA,NA,0
922,4,209,NA,NA,NA,0
923,4,209,NA,NA,NA,0
924,4,210,NA,NA,NA,0
925,4,210,"H",245,1,0
926,4,210,"H",213,2,1
927,4,210,"C",197,3,1
928,6,211,NA,NA,NA,0
929,6,211,NA,NA,NA,0
930,6,211,NA,NA,NA,0
931,6,211,NA,NA,NA,0
932,6,211,"C",362,5,0
933,6,211,NA,NA,NA,0
934,5,212,NA,NA,NA,0
935,5,212,NA,NA,NA,0
936,5,212,NA,NA,NA,0
937,5,212,NA,NA,NA,0
938,5,212,NA,NA,NA,0
939,5,213,NA,NA,NA,0
940,5,213,NA,NA,NA,0
941,5,213,NA,NA,NA,0
942,5,213,NA,NA,NA,0
943,5,213,NA,NA,NA,0
944,5,214,NA,NA,NA,0
945,5,214,NA,NA,NA,0
946,5,214,NA,NA,NA,0
947,5,214,NA,NA,NA,0
948,5,214,NA,NA,NA,0
949,3,215,"C",NA,NA,0
950,3,215,NA,NA,NA,0
951,3,215,NA,NA,NA,0
952,6,216,NA,NA,NA,0
953,6,216,NA,NA,NA,0
954,6,216,NA,NA,NA,0
955,6,216,NA,NA,NA,0
956,6,216,NA,NA,NA,0
957,6,216,NA,NA,NA,0
958,4,217,"C",NA,NA,0
959,4,217,NA,NA,NA,0
960,4,217,NA,NA,NA,0
961,4,217,NA,NA,NA,0
962,6,218,NA,NA,NA,0
963,6,218,"C",327,4,0
964,6,218,NA,NA,NA,0
965,6,218,NA,NA,NA,0
966,6,218,"C",325,4,0
967,6,218,NA,NA,NA,0
968,5,219,NA,NA,NA,0
969,5,219,NA,NA,NA,0
970,5,219,NA,NA,NA,0
971,5,219,NA,NA,NA,0
972,5,219,NA,NA,NA,0
973,5,220,NA,NA,NA,0
974,5,220,NA,NA,NA,0
975,5,220,NA,NA,NA,0
976,5,220,NA,NA,NA,0
977,5,220,NA,NA,NA,0
978,5,221,NA,NA,NA,0
979,5,221,NA,NA,NA,0
980,5,221,NA,NA,NA,0
981,5,221,NA,NA,NA,0
982,5,221,"C",244,4,0
983,3,222,"C",316,2,0
984,3,222,NA,NA,NA,0
985,3,222,NA,NA,NA,0
986,4,223,NA,NA,NA,0
987,4,223,NA,NA,NA,0
988,4,223,NA,NA,NA,0
989,4,223,NA,NA,NA,0
990,4,224,NA,NA,NA,0
991,4,224,NA,NA,NA,0
992,4,224,NA,NA,NA,0
993,4,224,NA,NA,NA,0
994,4,225,NA,NA,NA,0
995,4,225,NA,NA,NA,0
996,4,225,NA,NA,NA,0
997,4,225,NA,NA,NA,0
998,3,226,"C",335,2,0
999,3,226,NA,NA,NA,0
1000,3,226,NA,NA,NA,0
