"ID","SIZE","HH","TYPE","TIME","S_num","I_num"
1,4,1,"0",37,3,2
2,4,1,"H",57,1,1
3,4,1,"H",86,0,0
4,4,1,"H",107,0,0
5,3,2,NA,NA,NA,0
6,3,2,NA,NA,NA,0
7,3,2,NA,NA,NA,0
8,5,3,NA,NA,NA,0
9,5,3,NA,NA,NA,0
10,5,3,NA,NA,NA,0
11,5,3,NA,NA,NA,0
12,5,3,NA,NA,NA,0
13,3,4,NA,NA,NA,0
14,3,4,NA,NA,NA,0
15,3,4,NA,NA,NA,0
16,3,5,NA,NA,NA,0
17,3,5,NA,NA,NA,0
18,3,5,NA,NA,NA,0
19,3,6,NA,NA,NA,0
20,3,6,NA,NA,NA,0
21,3,6,NA,NA,NA,0
22,6,7,NA,NA,NA,0
23,6,7,NA,NA,NA,0
24,6,7,NA,NA,NA,0
25,6,7,NA,NA,NA,0
26,6,7,NA,NA,NA,0
27,6,7,NA,NA,NA,0
28,5,8,NA,NA,NA,0
29,5,8,NA,NA,NA,0
30,5,8,NA,NA,NA,0
31,5,8,NA,NA,NA,0
32,5,8,NA,NA,NA,0
33,6,9,"H",223,0,0
34,6,9,"H",194,2,1
35,6,9,"H",181,3,1
36,6,9,"H",221,0,0
37,6,9,"C",150,5,2
38,6,9,"H",200,1,1
39,6,10,NA,NA,NA,0
40,6,10,NA,NA,NA,0
41,6,10,NA,NA,NA,0
42,6,10,NA,NA,NA,0
43,6,10,NA,NA,NA,0
44,6,10,NA,NA,NA,0
45,4,11,NA,NA,NA,0
46,4,11,"H",NA,NA,0
47,4,11,"C",334,3,1
48,4,11,NA,NA,NA,0
49,3,12,NA,NA,NA,0
50,3,12,NA,NA,NA,0
51,3,12,NA,NA,NA,0
52,4,13,"C",360,3,1
53,4,13,"H",NA,NA,0
54,4,13,NA,NA,NA,0
55,4,13,NA,NA,NA,0
56,6,14,NA,NA,NA,0
57,6,14,NA,NA,NA,0
58,6,14,"C",362,5,1
59,6,14,NA,NA,NA,0
60,6,14,NA,NA,NA,0
61,6,14,"H",NA,NA,0
62,4,15,NA,NA,NA,0
63,4,15,NA,NA,NA,0
64,4,15,NA,NA,NA,0
65,4,15,NA,NA,NA,0
66,3,16,NA,NA,NA,0
67,3,16,NA,NA,NA,0
68,3,16,NA,NA,NA,0
69,6,17,NA,NA,NA,0
70,6,17,NA,NA,NA,0
71,6,17,NA,NA,NA,0
72,6,17,NA,NA,NA,0
73,6,17,NA,NA,NA,0
74,6,17,NA,NA,NA,0
75,6,18,NA,NA,NA,0
76,6,18,NA,NA,NA,0
77,6,18,NA,NA,NA,0
78,6,18,NA,NA,NA,0
79,6,18,NA,NA,NA,0
80,6,18,NA,NA,NA,0
81,3,19,NA,NA,NA,0
82,3,19,NA,NA,NA,0
83,3,19,NA,NA,NA,0
84,6,20,"C",339,5,0
85,6,20,NA,NA,NA,0
86,6,20,NA,NA,NA,0
87,6,20,NA,NA,NA,0
88,6,20,NA,NA,NA,0
89,6,20,NA,NA,NA,0
90,3,21,NA,NA,NA,0
91,3,21,NA,NA,NA,0
92,3,21,NA,NA,NA,0
93,5,22,NA,NA,NA,0
94,5,22,NA,NA,NA,0
95,5,22,NA,NA,NA,0
96,5,22,NA,NA,NA,0
97,5,22,NA,NA,NA,0
98,6,23,NA,NA,NA,0
99,6,23,NA,NA,NA,0
100,6,23,NA,NA,NA,0
101,6,23,NA,NA,NA,0
102,6,23,NA,NA,NA,0
103,6,23,NA,NA,NA,0
104,6,24,NA,NA,NA,0
105,6,24,NA,NA,NA,0
106,6,24,NA,NA,NA,0
107,6,24,NA,NA,NA,0
108,6,24,NA,NA,NA,0
109,6,24,NA,NA,NA,0
110,5,25,NA,NA,NA,0
111,5,25,"C",286,4,0
112,5,25,NA,NA,NA,0
113,5,25,NA,NA,NA,0
114,5,25,NA,NA,NA,0
115,3,26,NA,NA,NA,0
116,3,26,NA,NA,NA,0
117,3,26,NA,NA,NA,0
118,3,27,NA,NA,NA,0
119,3,27,NA,NA,NA,0
120,3,27,NA,NA,NA,0
121,5,28,NA,NA,NA,0
122,5,28,NA,NA,NA,0
123,5,28,NA,NA,NA,0
124,5,28,NA,NA,NA,0
125,5,28,NA,NA,NA,0
126,4,29,NA,NA,NA,0
127,4,29,NA,NA,NA,0
128,4,29,NA,NA,NA,0
129,4,29,NA,NA,NA,0
130,4,30,"H",267,1,0
131,4,30,"C",234,3,2
132,4,30,NA,NA,NA,0
133,4,30,"H",250,1,0
134,6,31,NA,NA,NA,0
135,6,31,NA,NA,NA,0
136,6,31,NA,NA,NA,0
137,6,31,NA,NA,NA,0
138,6,31,NA,NA,NA,0
139,6,31,NA,NA,NA,0
140,3,32,NA,NA,NA,0
141,3,32,NA,NA,NA,0
142,3,32,NA,NA,NA,0
143,6,33,NA,NA,NA,0
144,6,33,NA,NA,NA,0
145,6,33,NA,NA,NA,0
146,6,33,NA,NA,NA,0
147,6,33,NA,NA,NA,0
148,6,33,"C",NA,NA,0
149,6,34,NA,NA,NA,0
150,6,34,NA,NA,NA,0
151,6,34,NA,NA,NA,0
152,6,34,"C",362,5,1
153,6,34,"H",NA,NA,0
154,6,34,NA,NA,NA,0
155,6,35,NA,NA,NA,0
156,6,35,NA,NA,NA,0
157,6,35,NA,NA,NA,0
158,6,35,NA,NA,NA,0
159,6,35,NA,NA,NA,0
160,6,35,NA,NA,NA,0
161,5,36,NA,NA,NA,0
162,5,36,NA,NA,NA,0
163,5,36,NA,NA,NA,0
164,5,36,NA,NA,NA,0
165,5,36,NA,NA,NA,0
166,4,37,NA,NA,NA,0
167,4,37,NA,NA,NA,0
168,4,37,NA,NA,NA,0
169,4,37,NA,NA,NA,0
170,6,38,NA,NA,NA,0
171,6,38,NA,NA,NA,0
172,6,38,NA,NA,NA,0
173,6,38,NA,NA,NA,0
174,6,38,NA,NA,NA,0
175,6,38,NA,NA,NA,0
176,4,39,NA,NA,NA,0
177,4,39,NA,NA,NA,0
178,4,39,NA,NA,NA,0
179,4,39,"C",359,3,0
180,3,40,NA,NA,NA,0
181,3,40,"C",338,2,1
182,3,40,"H",NA,NA,0
183,6,41,NA,NA,NA,0
184,6,41,NA,NA,NA,0
185,6,41,NA,NA,NA,0
186,6,41,NA,NA,NA,0
187,6,41,NA,NA,NA,0
188,6,41,NA,NA,NA,0
189,3,42,NA,NA,NA,0
190,3,42,NA,NA,NA,0
191,3,42,NA,NA,NA,0
192,4,43,NA,NA,NA,0
193,4,43,NA,NA,NA,0
194,4,43,NA,NA,NA,0
195,4,43,NA,NA,NA,0
196,6,44,NA,NA,NA,0
197,6,44,NA,NA,NA,0
198,6,44,NA,NA,NA,0
199,6,44,NA,NA,NA,0
200,6,44,NA,NA,NA,0
201,6,44,NA,NA,NA,0
202,5,45,"C",NA,NA,0
203,5,45,NA,NA,NA,0
204,5,45,"C",NA,NA,0
205,5,45,NA,NA,NA,0
206,5,45,NA,NA,NA,0
207,4,46,"H",NA,NA,0
208,4,46,NA,NA,NA,0
209,4,46,"H",NA,NA,0
210,4,46,"C",358,3,2
211,3,47,NA,NA,NA,0
212,3,47,NA,NA,NA,0
213,3,47,NA,NA,NA,0
214,6,48,NA,NA,NA,0
215,6,48,NA,NA,NA,0
216,6,48,NA,NA,NA,0
217,6,48,NA,NA,NA,0
218,6,48,NA,NA,NA,0
219,6,48,NA,NA,NA,0
220,3,49,NA,NA,NA,0
221,3,49,NA,NA,NA,0
222,3,49,"C",NA,NA,0
223,5,50,NA,NA,NA,0
224,5,50,NA,NA,NA,0
225,5,50,NA,NA,NA,0
226,5,50,NA,NA,NA,0
227,5,50,NA,NA,NA,0
228,3,51,NA,NA,NA,0
229,3,51,NA,NA,NA,0
230,3,51,NA,NA,NA,0
231,3,52,NA,NA,NA,0
232,3,52,NA,NA,NA,0
233,3,52,NA,NA,NA,0
234,6,53,NA,NA,NA,0
235,6,53,NA,NA,NA,0
236,6,53,NA,NA,NA,0
237,6,53,NA,NA,NA,0
238,6,53,NA,NA,NA,0
239,6,53,NA,NA,NA,0
240,5,54,NA,NA,NA,0
241,5,54,NA,NA,NA,0
242,5,54,NA,NA,NA,0
243,5,54,NA,NA,NA,0
244,5,54,NA,NA,NA,0
245,5,55,NA,NA,NA,0
246,5,55,NA,NA,NA,0
247,5,55,NA,NA,NA,0
248,5,55,NA,NA,NA,0
249,5,55,NA,NA,NA,0
250,4,56,NA,NA,NA,0
251,4,56,NA,NA,NA,0
252,4,56,NA,NA,NA,0
253,4,56,NA,NA,NA,0
254,5,57,"H",329,1,1
255,5,57,"C",249,4,1
256,5,57,"H",313,1,0
257,5,57,"H",NA,NA,0
258,5,57,"H",288,3,2
259,6,58,NA,NA,NA,0
260,6,58,NA,NA,NA,0
261,6,58,NA,NA,NA,0
262,6,58,NA,NA,NA,0
263,6,58,NA,NA,NA,0
264,6,58,NA,NA,NA,0
265,5,59,NA,NA,NA,0
266,5,59,NA,NA,NA,0
267,5,59,NA,NA,NA,0
268,5,59,NA,NA,NA,0
269,5,59,NA,NA,NA,0
270,5,60,NA,NA,NA,0
271,5,60,NA,NA,NA,0
272,5,60,NA,NA,NA,0
273,5,60,NA,NA,NA,0
274,5,60,NA,NA,NA,0
275,3,61,NA,NA,NA,0
276,3,61,NA,NA,NA,0
277,3,61,NA,NA,NA,0
278,6,62,NA,NA,NA,0
279,6,62,"C",363,5,2
280,6,62,NA,NA,NA,0
281,6,62,"H",NA,NA,0
282,6,62,NA,NA,NA,0
283,6,62,"H",NA,NA,0
284,4,63,NA,NA,NA,0
285,4,63,NA,NA,NA,0
286,4,63,NA,NA,NA,0
287,4,63,NA,NA,NA,0
288,4,64,NA,NA,NA,0
289,4,64,NA,NA,NA,0
290,4,64,NA,NA,NA,0
291,4,64,NA,NA,NA,0
292,4,65,NA,NA,NA,0
293,4,65,NA,NA,NA,0
294,4,65,NA,NA,NA,0
295,4,65,NA,NA,NA,0
296,6,66,NA,NA,NA,0
297,6,66,NA,NA,NA,0
298,6,66,NA,NA,NA,0
299,6,66,NA,NA,NA,0
300,6,66,NA,NA,NA,0
301,6,66,NA,NA,NA,0
302,6,67,NA,NA,NA,0
303,6,67,NA,NA,NA,0
304,6,67,NA,NA,NA,0
305,6,67,NA,NA,NA,0
306,6,67,NA,NA,NA,0
307,6,67,NA,NA,NA,0
308,4,68,"C",NA,NA,0
309,4,68,NA,NA,NA,0
310,4,68,NA,NA,NA,0
311,4,68,NA,NA,NA,0
312,4,69,NA,NA,NA,0
313,4,69,NA,NA,NA,0
314,4,69,NA,NA,NA,0
315,4,69,NA,NA,NA,0
316,3,70,NA,NA,NA,0
317,3,70,NA,NA,NA,0
318,3,70,NA,NA,NA,0
319,5,71,NA,NA,NA,0
320,5,71,NA,NA,NA,0
321,5,71,NA,NA,NA,0
322,5,71,NA,NA,NA,0
323,5,71,NA,NA,NA,0
324,6,72,NA,NA,NA,0
325,6,72,NA,NA,NA,0
326,6,72,NA,NA,NA,0
327,6,72,NA,NA,NA,0
328,6,72,NA,NA,NA,0
329,6,72,NA,NA,NA,0
330,4,73,NA,NA,NA,0
331,4,73,NA,NA,NA,0
332,4,73,NA,NA,NA,0
333,4,73,NA,NA,NA,0
334,6,74,NA,NA,NA,0
335,6,74,NA,NA,NA,0
336,6,74,NA,NA,NA,0
337,6,74,NA,NA,NA,0
338,6,74,NA,NA,NA,0
339,6,74,NA,NA,NA,0
340,6,75,"H",330,1,0
341,6,75,"H",313,1,0
342,6,75,"C",284,5,2
343,6,75,NA,NA,NA,0
344,6,75,"H",299,3,2
345,6,75,"H",320,1,0
346,5,76,NA,NA,NA,0
347,5,76,NA,NA,NA,0
348,5,76,NA,NA,NA,0
349,5,76,NA,NA,NA,0
350,5,76,NA,NA,NA,0
351,6,77,NA,NA,NA,0
352,6,77,NA,NA,NA,0
353,6,77,NA,NA,NA,0
354,6,77,NA,NA,NA,0
355,6,77,NA,NA,NA,0
356,6,77,NA,NA,NA,0
357,4,78,NA,NA,NA,0
358,4,78,NA,NA,NA,0
359,4,78,NA,NA,NA,0
360,4,78,NA,NA,NA,0
361,3,79,NA,NA,NA,0
362,3,79,NA,NA,NA,0
363,3,79,NA,NA,NA,0
364,3,80,NA,NA,NA,0
365,3,80,NA,NA,NA,0
366,3,80,NA,NA,NA,0
367,5,81,NA,NA,NA,0
368,5,81,NA,NA,NA,0
369,5,81,NA,NA,NA,0
370,5,81,"C",NA,NA,0
371,5,81,NA,NA,NA,0
372,6,82,NA,NA,NA,0
373,6,82,"H",NA,NA,0
374,6,82,"H",335,4,2
375,6,82,NA,NA,NA,0
376,6,82,"H",NA,NA,0
377,6,82,"C",276,5,1
378,5,83,NA,NA,NA,0
379,5,83,"C",NA,NA,0
380,5,83,NA,NA,NA,0
381,5,83,NA,NA,NA,0
382,5,83,NA,NA,NA,0
383,3,84,NA,NA,NA,0
384,3,84,NA,NA,NA,0
385,3,84,NA,NA,NA,0
386,3,85,NA,NA,NA,0
387,3,85,NA,NA,NA,0
388,3,85,NA,NA,NA,0
389,3,86,NA,NA,NA,0
390,3,86,NA,NA,NA,0
391,3,86,NA,NA,NA,0
392,4,87,NA,NA,NA,0
393,4,87,NA,NA,NA,0
394,4,87,NA,NA,NA,0
395,4,87,NA,NA,NA,0
396,5,88,"H",241,1,0
397,5,88,"C",185,3,2
398,5,88,"C",359,0,0
399,5,88,"C",186,3,0
400,5,88,"H",269,1,0
401,3,89,NA,NA,NA,0
402,3,89,NA,NA,NA,0
403,3,89,NA,NA,NA,0
404,5,90,NA,NA,NA,0
405,5,90,NA,NA,NA,0
406,5,90,NA,NA,NA,0
407,5,90,NA,NA,NA,0
408,5,90,NA,NA,NA,0
409,4,91,NA,NA,NA,0
410,4,91,NA,NA,NA,0
411,4,91,NA,NA,NA,0
412,4,91,NA,NA,NA,0
413,4,92,NA,NA,NA,0
414,4,92,NA,NA,NA,0
415,4,92,"C",NA,NA,0
416,4,92,NA,NA,NA,0
417,4,93,NA,NA,NA,0
418,4,93,NA,NA,NA,0
419,4,93,NA,NA,NA,0
420,4,93,NA,NA,NA,0
421,6,94,NA,NA,NA,0
422,6,94,NA,NA,NA,0
423,6,94,NA,NA,NA,0
424,6,94,NA,NA,NA,0
425,6,94,NA,NA,NA,0
426,6,94,NA,NA,NA,0
427,6,95,"C",293,5,3
428,6,95,"H",348,2,1
429,6,95,"H",323,2,0
430,6,95,"H",NA,NA,0
431,6,95,"H",310,2,0
432,6,95,NA,NA,NA,0
433,3,96,NA,NA,NA,0
434,3,96,NA,NA,NA,0
435,3,96,NA,NA,NA,0
436,6,97,NA,NA,NA,0
437,6,97,NA,NA,NA,0
438,6,97,NA,NA,NA,0
439,6,97,NA,NA,NA,0
440,6,97,NA,NA,NA,0
441,6,97,NA,NA,NA,0
442,3,98,"C",219,2,1
443,3,98,NA,NA,NA,0
444,3,98,"H",237,1,0
445,4,99,NA,NA,NA,0
446,4,99,NA,NA,NA,0
447,4,99,NA,NA,NA,0
448,4,99,NA,NA,NA,0
449,5,100,NA,NA,NA,0
450,5,100,NA,NA,NA,0
451,5,100,NA,NA,NA,0
452,5,100,NA,NA,NA,0
453,5,100,NA,NA,NA,0
454,6,101,"H",353,1,0
455,6,101,NA,NA,NA,0
456,6,101,"H",328,2,1
457,6,101,"C",302,5,3
458,6,101,"H",327,2,0
459,6,101,"H",320,2,0
460,4,102,NA,NA,NA,0
461,4,102,NA,NA,NA,0
462,4,102,NA,NA,NA,0
463,4,102,NA,NA,NA,0
464,5,103,NA,NA,NA,0
465,5,103,NA,NA,NA,0
466,5,103,NA,NA,NA,0
467,5,103,NA,NA,NA,0
468,5,103,NA,NA,NA,0
469,6,104,"H",354,2,1
470,6,104,"H",NA,NA,0
471,6,104,"H",NA,NA,0
472,6,104,"H",324,4,2
473,6,104,"C",303,5,1
474,6,104,NA,NA,NA,0
475,4,105,NA,NA,NA,0
476,4,105,NA,NA,NA,0
477,4,105,"C",NA,NA,0
478,4,105,NA,NA,NA,0
479,4,106,NA,NA,NA,0
480,4,106,NA,NA,NA,0
481,4,106,NA,NA,NA,0
482,4,106,NA,NA,NA,0
483,6,107,"H",250,2,1
484,6,107,"H",275,1,0
485,6,107,NA,NA,NA,0
486,6,107,"H",225,3,1
487,6,107,"C",134,5,1
488,6,107,"H",189,4,1
489,5,108,NA,NA,NA,0
490,5,108,NA,NA,NA,0
491,5,108,NA,NA,NA,0
492,5,108,NA,NA,NA,0
493,5,108,NA,NA,NA,0
494,5,109,NA,NA,NA,0
495,5,109,NA,NA,NA,0
496,5,109,NA,NA,NA,0
497,5,109,NA,NA,NA,0
498,5,109,NA,NA,NA,0
499,3,110,NA,NA,NA,0
500,3,110,NA,NA,NA,0
501,3,110,NA,NA,NA,0
502,3,111,NA,NA,NA,0
503,3,111,NA,NA,NA,0
504,3,111,NA,NA,NA,0
505,3,112,NA,NA,NA,0
506,3,112,NA,NA,NA,0
507,3,112,NA,NA,NA,0
508,6,113,NA,NA,NA,0
509,6,113,NA,NA,NA,0
510,6,113,"C",NA,NA,0
511,6,113,NA,NA,NA,0
512,6,113,NA,NA,NA,0
513,6,113,NA,NA,NA,0
514,4,114,NA,NA,NA,0
515,4,114,NA,NA,NA,0
516,4,114,"C",218,3,0
517,4,114,NA,NA,NA,0
518,5,115,"C",246,2,0
519,5,115,"H",193,3,0
520,5,115,NA,NA,NA,0
521,5,115,NA,NA,NA,0
522,5,115,"C",163,4,1
523,4,116,NA,NA,NA,0
524,4,116,NA,NA,NA,0
525,4,116,NA,NA,NA,0
526,4,116,NA,NA,NA,0
527,4,117,"C",NA,NA,0
528,4,117,"H",342,0,0
529,4,117,"C",304,3,2
530,4,117,"H",357,0,0
531,6,118,"C",NA,NA,0
532,6,118,NA,NA,NA,0
533,6,118,"C",NA,NA,0
534,6,118,NA,NA,NA,0
535,6,118,NA,NA,NA,0
536,6,118,NA,NA,NA,0
537,3,119,NA,NA,NA,0
538,3,119,NA,NA,NA,0
539,3,119,NA,NA,NA,0
540,6,120,NA,NA,NA,0
541,6,120,NA,NA,NA,0
542,6,120,NA,NA,NA,0
543,6,120,NA,NA,NA,0
544,6,120,NA,NA,NA,0
545,6,120,"C",335,5,0
546,3,121,NA,NA,NA,0
547,3,121,NA,NA,NA,0
548,3,121,NA,NA,NA,0
549,5,122,NA,NA,NA,0
550,5,122,NA,NA,NA,0
551,5,122,NA,NA,NA,0
552,5,122,NA,NA,NA,0
553,5,122,NA,NA,NA,0
554,3,123,NA,NA,NA,0
555,3,123,NA,NA,NA,0
556,3,123,NA,NA,NA,0
557,6,124,NA,NA,NA,0
558,6,124,NA,NA,NA,0
559,6,124,NA,NA,NA,0
560,6,124,NA,NA,NA,0
561,6,124,NA,NA,NA,0
562,6,124,NA,NA,NA,0
563,4,125,NA,NA,NA,0
564,4,125,NA,NA,NA,0
565,4,125,NA,NA,NA,0
566,4,125,NA,NA,NA,0
567,4,126,NA,NA,NA,0
568,4,126,NA,NA,NA,0
569,4,126,NA,NA,NA,0
570,4,126,NA,NA,NA,0
571,6,127,NA,NA,NA,0
572,6,127,NA,NA,NA,0
573,6,127,NA,NA,NA,0
574,6,127,NA,NA,NA,0
575,6,127,NA,NA,NA,0
576,6,127,NA,NA,NA,0
577,6,128,NA,NA,NA,0
578,6,128,NA,NA,NA,0
579,6,128,"C",282,5,0
580,6,128,NA,NA,NA,0
581,6,128,NA,NA,NA,0
582,6,128,NA,NA,NA,0
583,5,129,NA,NA,NA,0
584,5,129,NA,NA,NA,0
585,5,129,NA,NA,NA,0
586,5,129,NA,NA,NA,0
587,5,129,NA,NA,NA,0
588,3,130,NA,NA,NA,0
589,3,130,NA,NA,NA,0
590,3,130,NA,NA,NA,0
591,6,131,NA,NA,NA,0
592,6,131,NA,NA,NA,0
593,6,131,NA,NA,NA,0
594,6,131,NA,NA,NA,0
595,6,131,NA,NA,NA,0
596,6,131,NA,NA,NA,0
597,3,132,"C",326,2,0
598,3,132,NA,NA,NA,0
599,3,132,NA,NA,NA,0
600,4,133,NA,NA,NA,0
601,4,133,"C",NA,NA,0
602,4,133,NA,NA,NA,0
603,4,133,NA,NA,NA,0
604,5,134,NA,NA,NA,0
605,5,134,"C",NA,NA,0
606,5,134,NA,NA,NA,0
607,5,134,NA,NA,NA,0
608,5,134,NA,NA,NA,0
609,5,135,NA,NA,NA,0
610,5,135,NA,NA,NA,0
611,5,135,NA,NA,NA,0
612,5,135,NA,NA,NA,0
613,5,135,NA,NA,NA,0
614,6,136,NA,NA,NA,0
615,6,136,NA,NA,NA,0
616,6,136,NA,NA,NA,0
617,6,136,NA,NA,NA,0
618,6,136,NA,NA,NA,0
619,6,136,NA,NA,NA,0
620,6,137,"H",NA,NA,0
621,6,137,NA,NA,NA,0
622,6,137,NA,NA,NA,0
623,6,137,"H",NA,NA,0
624,6,137,"H",NA,NA,0
625,6,137,"C",349,5,3
626,6,138,NA,NA,NA,0
627,6,138,"C",269,5,1
628,6,138,"H",306,4,3
629,6,138,"H",324,1,0
630,6,138,"H",321,1,0
631,6,138,"H",327,1,0
632,3,139,NA,NA,NA,0
633,3,139,"C",NA,NA,0
634,3,139,NA,NA,NA,0
635,5,140,"H",154,0,0
636,5,140,"H",109,2,1
637,5,140,"H",121,1,1
638,5,140,"C",73,4,2
639,5,140,"H",145,0,0
640,4,141,NA,NA,NA,0
641,4,141,NA,NA,NA,0
642,4,141,NA,NA,NA,0
643,4,141,NA,NA,NA,0
644,6,142,"C",365,5,0
645,6,142,NA,NA,NA,0
646,6,142,NA,NA,NA,0
647,6,142,NA,NA,NA,0
648,6,142,NA,NA,NA,0
649,6,142,NA,NA,NA,0
650,5,143,NA,NA,NA,0
651,5,143,NA,NA,NA,0
652,5,143,NA,NA,NA,0
653,5,143,NA,NA,NA,0
654,5,143,NA,NA,NA,0
655,4,144,NA,NA,NA,0
656,4,144,NA,NA,NA,0
657,4,144,NA,NA,NA,0
658,4,144,NA,NA,NA,0
659,3,145,NA,NA,NA,0
660,3,145,NA,NA,NA,0
661,3,145,NA,NA,NA,0
662,6,146,NA,NA,NA,0
663,6,146,NA,NA,NA,0
664,6,146,NA,NA,NA,0
665,6,146,NA,NA,NA,0
666,6,146,NA,NA,NA,0
667,6,146,NA,NA,NA,0
668,6,147,NA,NA,NA,0
669,6,147,NA,NA,NA,0
670,6,147,NA,NA,NA,0
671,6,147,NA,NA,NA,0
672,6,147,NA,NA,NA,0
673,6,147,NA,NA,NA,0
674,4,148,"H",215,1,0
675,4,148,"H",270,1,0
676,4,148,"C",191,3,2
677,4,148,NA,NA,NA,0
678,5,149,NA,NA,NA,0
679,5,149,NA,NA,NA,0
680,5,149,NA,NA,NA,0
681,5,149,NA,NA,NA,0
682,5,149,NA,NA,NA,0
683,4,150,NA,NA,NA,0
684,4,150,NA,NA,NA,0
685,4,150,"C",307,3,0
686,4,150,NA,NA,NA,0
687,6,151,NA,NA,NA,0
688,6,151,NA,NA,NA,0
689,6,151,NA,NA,NA,0
690,6,151,NA,NA,NA,0
691,6,151,NA,NA,NA,0
692,6,151,NA,NA,NA,0
693,5,152,NA,NA,NA,0
694,5,152,NA,NA,NA,0
695,5,152,NA,NA,NA,0
696,5,152,NA,NA,NA,0
697,5,152,NA,NA,NA,0
698,5,153,NA,NA,NA,0
699,5,153,"C",339,4,2
700,5,153,"H",NA,NA,0
701,5,153,NA,NA,NA,0
702,5,153,"H",361,2,0
703,3,154,NA,NA,NA,0
704,3,154,NA,NA,NA,0
705,3,154,NA,NA,NA,0
706,6,155,NA,NA,NA,0
707,6,155,NA,NA,NA,0
708,6,155,NA,NA,NA,0
709,6,155,NA,NA,NA,0
710,6,155,NA,NA,NA,0
711,6,155,NA,NA,NA,0
712,6,156,NA,NA,NA,0
713,6,156,NA,NA,NA,0
714,6,156,NA,NA,NA,0
715,6,156,NA,NA,NA,0
716,6,156,NA,NA,NA,0
717,6,156,"C",NA,NA,0
718,5,157,NA,NA,NA,0
719,5,157,NA,NA,NA,0
720,5,157,NA,NA,NA,0
721,5,157,NA,NA,NA,0
722,5,157,NA,NA,NA,0
723,3,158,NA,NA,NA,0
724,3,158,NA,NA,NA,0
725,3,158,NA,NA,NA,0
726,3,159,NA,NA,NA,0
727,3,159,NA,NA,NA,0
728,3,159,NA,NA,NA,0
729,5,160,NA,NA,NA,0
730,5,160,NA,NA,NA,0
731,5,160,"C",NA,NA,0
732,5,160,NA,NA,NA,0
733,5,160,NA,NA,NA,0
734,6,161,NA,NA,NA,0
735,6,161,NA,NA,NA,0
736,6,161,NA,NA,NA,0
737,6,161,NA,NA,NA,0
738,6,161,NA,NA,NA,0
739,6,161,NA,NA,NA,0
740,4,162,NA,NA,NA,0
741,4,162,NA,NA,NA,0
742,4,162,NA,NA,NA,0
743,4,162,NA,NA,NA,0
744,4,163,NA,NA,NA,0
745,4,163,NA,NA,NA,0
746,4,163,NA,NA,NA,0
747,4,163,NA,NA,NA,0
748,6,164,NA,NA,NA,0
749,6,164,NA,NA,NA,0
750,6,164,"C",NA,NA,0
751,6,164,NA,NA,NA,0
752,6,164,NA,NA,NA,0
753,6,164,NA,NA,NA,0
754,3,165,NA,NA,NA,0
755,3,165,"C",349,2,0
756,3,165,NA,NA,NA,0
757,3,166,NA,NA,NA,0
758,3,166,NA,NA,NA,0
759,3,166,NA,NA,NA,0
760,3,167,NA,NA,NA,0
761,3,167,NA,NA,NA,0
762,3,167,NA,NA,NA,0
763,5,168,NA,NA,NA,0
764,5,168,NA,NA,NA,0
765,5,168,NA,NA,NA,0
766,5,168,NA,NA,NA,0
767,5,168,NA,NA,NA,0
768,3,169,NA,NA,NA,0
769,3,169,NA,NA,NA,0
770,3,169,NA,NA,NA,0
771,3,170,NA,NA,NA,0
772,3,170,NA,NA,NA,0
773,3,170,NA,NA,NA,0
774,4,171,NA,NA,NA,0
775,4,171,NA,NA,NA,0
776,4,171,NA,NA,NA,0
777,4,171,NA,NA,NA,0
778,3,172,NA,NA,NA,0
779,3,172,NA,NA,NA,0
780,3,172,NA,NA,NA,0
781,4,173,NA,NA,NA,0
782,4,173,NA,NA,NA,0
783,4,173,NA,NA,NA,0
784,4,173,NA,NA,NA,0
785,5,174,"H",290,2,0
786,5,174,"C",269,4,2
787,5,174,NA,NA,NA,0
788,5,174,"H",293,2,0
789,5,174,NA,NA,NA,0
790,3,175,NA,NA,NA,0
791,3,175,NA,NA,NA,0
792,3,175,NA,NA,NA,0
793,3,176,NA,NA,NA,0
794,3,176,NA,NA,NA,0
795,3,176,NA,NA,NA,0
796,4,177,NA,NA,NA,0
797,4,177,NA,NA,NA,0
798,4,177,NA,NA,NA,0
799,4,177,NA,NA,NA,0
800,4,178,NA,NA,NA,0
801,4,178,NA,NA,NA,0
802,4,178,NA,NA,NA,0
803,4,178,NA,NA,NA,0
804,6,179,NA,NA,NA,0
805,6,179,NA,NA,NA,0
806,6,179,NA,NA,NA,0
807,6,179,NA,NA,NA,0
808,6,179,NA,NA,NA,0
809,6,179,NA,NA,NA,0
810,4,180,NA,NA,NA,0
811,4,180,NA,NA,NA,0
812,4,180,NA,NA,NA,0
813,4,180,NA,NA,NA,0
814,4,181,NA,NA,NA,0
815,4,181,NA,NA,NA,0
816,4,181,NA,NA,NA,0
817,4,181,NA,NA,NA,0
818,3,182,NA,NA,NA,0
819,3,182,NA,NA,NA,0
820,3,182,NA,NA,NA,0
821,5,183,NA,NA,NA,0
822,5,183,NA,NA,NA,0
823,5,183,NA,NA,NA,0
824,5,183,NA,NA,NA,0
825,5,183,NA,NA,NA,0
826,5,184,NA,NA,NA,0
827,5,184,NA,NA,NA,0
828,5,184,NA,NA,NA,0
829,5,184,NA,NA,NA,0
830,5,184,NA,NA,NA,0
831,5,185,NA,NA,NA,0
832,5,185,NA,NA,NA,0
833,5,185,NA,NA,NA,0
834,5,185,NA,NA,NA,0
835,5,185,NA,NA,NA,0
836,3,186,NA,NA,NA,0
837,3,186,NA,NA,NA,0
838,3,186,NA,NA,NA,0
839,4,187,NA,NA,NA,0
840,4,187,NA,NA,NA,0
841,4,187,NA,NA,NA,0
842,4,187,NA,NA,NA,0
843,3,188,NA,NA,NA,0
844,3,188,NA,NA,NA,0
845,3,188,NA,NA,NA,0
846,4,189,NA,NA,NA,0
847,4,189,NA,NA,NA,0
848,4,189,NA,NA,NA,0
849,4,189,NA,NA,NA,0
850,5,190,NA,NA,NA,0
851,5,190,NA,NA,NA,0
852,5,190,NA,NA,NA,0
853,5,190,NA,NA,NA,0
854,5,190,NA,NA,NA,0
855,6,191,"C",339,5,0
856,6,191,NA,NA,NA,0
857,6,191,NA,NA,NA,0
858,6,191,NA,NA,NA,0
859,6,191,NA,NA,NA,0
860,6,191,NA,NA,NA,0
861,4,192,NA,NA,NA,0
862,4,192,NA,NA,NA,0
863,4,192,NA,NA,NA,0
864,4,192,NA,NA,NA,0
865,6,193,NA,NA,NA,0
866,6,193,NA,NA,NA,0
867,6,193,NA,NA,NA,0
868,6,193,NA,NA,NA,0
869,6,193,NA,NA,NA,0
870,6,193,NA,NA,NA,0
871,5,194,NA,NA,NA,0
872,5,194,NA,NA,NA,0
873,5,194,NA,NA,NA,0
874,5,194,NA,NA,NA,0
875,5,194,NA,NA,NA,0
876,5,195,NA,NA,NA,0
877,5,195,NA,NA,NA,0
878,5,195,NA,NA,NA,0
879,5,195,NA,NA,NA,0
880,5,195,NA,NA,NA,0
881,4,196,NA,NA,NA,0
882,4,196,"C",291,3,0
883,4,196,NA,NA,NA,0
884,4,196,NA,NA,NA,0
885,5,197,NA,NA,NA,0
886,5,197,NA,NA,NA,0
887,5,197,NA,NA,NA,0
888,5,197,NA,NA,NA,0
889,5,197,NA,NA,NA,0
890,3,198,NA,NA,NA,0
891,3,198,NA,NA,NA,0
892,3,198,NA,NA,NA,0
893,3,199,NA,NA,NA,0
894,3,199,NA,NA,NA,0
895,3,199,NA,NA,NA,0
896,6,200,NA,NA,NA,0
897,6,200,NA,NA,NA,0
898,6,200,NA,NA,NA,0
899,6,200,NA,NA,NA,0
900,6,200,NA,NA,NA,0
901,6,200,NA,NA,NA,0
902,5,201,"H",317,0,0
903,5,201,"H",336,0,0
904,5,201,"H",271,3,1
905,5,201,"C",255,4,1
906,5,201,"H",307,2,2
907,3,202,NA,NA,NA,0
908,3,202,NA,NA,NA,0
909,3,202,NA,NA,NA,0
910,6,203,NA,NA,NA,0
911,6,203,NA,NA,NA,0
912,6,203,NA,NA,NA,0
913,6,203,NA,NA,NA,0
914,6,203,NA,NA,NA,0
915,6,203,NA,NA,NA,0
916,4,204,NA,NA,NA,0
917,4,204,NA,NA,NA,0
918,4,204,NA,NA,NA,0
919,4,204,NA,NA,NA,0
920,5,205,NA,NA,NA,0
921,5,205,NA,NA,NA,0
922,5,205,NA,NA,NA,0
923,5,205,NA,NA,NA,0
924,5,205,NA,NA,NA,0
925,5,206,NA,NA,NA,0
926,5,206,NA,NA,NA,0
927,5,206,NA,NA,NA,0
928,5,206,NA,NA,NA,0
929,5,206,NA,NA,NA,0
930,4,207,"H",303,2,0
931,4,207,"C",286,3,1
932,4,207,NA,NA,NA,0
933,4,207,NA,NA,NA,0
934,4,208,NA,NA,NA,0
935,4,208,NA,NA,NA,0
936,4,208,NA,NA,NA,0
937,4,208,NA,NA,NA,0
938,6,209,NA,NA,NA,0
939,6,209,NA,NA,NA,0
940,6,209,NA,NA,NA,0
941,6,209,NA,NA,NA,0
942,6,209,NA,NA,NA,0
943,6,209,NA,NA,NA,0
944,6,210,NA,NA,NA,0
945,6,210,NA,NA,NA,0
946,6,210,NA,NA,NA,0
947,6,210,NA,NA,NA,0
948,6,210,NA,NA,NA,0
949,6,210,NA,NA,NA,0
950,3,211,NA,NA,NA,0
951,3,211,NA,NA,NA,0
952,3,211,NA,NA,NA,0
953,6,212,NA,NA,NA,0
954,6,212,NA,NA,NA,0
955,6,212,"H",325,3,0
956,6,212,"C",296,5,2
957,6,212,NA,NA,NA,0
958,6,212,"H",317,3,0
959,3,213,NA,NA,NA,0
960,3,213,NA,NA,NA,0
961,3,213,NA,NA,NA,0
962,5,214,"C",356,4,2
963,5,214,"H",NA,NA,0
964,5,214,NA,NA,NA,0
965,5,214,NA,NA,NA,0
966,5,214,"H",NA,NA,0
967,3,215,NA,NA,NA,0
968,3,215,"C",268,2,0
969,3,215,NA,NA,NA,0
970,5,216,NA,NA,NA,0
971,5,216,NA,NA,NA,0
972,5,216,NA,NA,NA,0
973,5,216,NA,NA,NA,0
974,5,216,NA,NA,NA,0
975,5,217,NA,NA,NA,0
976,5,217,NA,NA,NA,0
977,5,217,NA,NA,NA,0
978,5,217,NA,NA,NA,0
979,5,217,NA,NA,NA,0
980,3,218,NA,NA,NA,0
981,3,218,NA,NA,NA,0
982,3,218,NA,NA,NA,0
983,6,219,NA,NA,NA,0
984,6,219,NA,NA,NA,0
985,6,219,NA,NA,NA,0
986,6,219,NA,NA,NA,0
987,6,219,NA,NA,NA,0
988,6,219,NA,NA,NA,0
989,4,220,NA,NA,NA,0
990,4,220,NA,NA,NA,0
991,4,220,NA,NA,NA,0
992,4,220,NA,NA,NA,0
993,4,221,NA,NA,NA,0
994,4,221,NA,NA,NA,0
995,4,221,NA,NA,NA,0
996,4,221,NA,NA,NA,0
997,4,222,NA,NA,NA,0
998,4,222,NA,NA,NA,0
999,4,222,NA,NA,NA,0
1000,4,222,"C",NA,NA,0
