"ID","SIZE","HH","TYPE","TIME","S_NUM","I_NUM"
1,6,1,"0",72,5,1
2,6,1,"H",225,1,0
3,6,1,"H",197,3,2
4,6,1,NA,NA,NA,0
5,6,1,"H",137,4,1
6,6,1,"H",214,1,0
7,4,2,NA,NA,NA,0
8,4,2,NA,NA,NA,0
9,4,2,"C",227,3,0
10,4,2,NA,NA,NA,0
11,4,3,NA,NA,NA,0
12,4,3,NA,NA,NA,0
13,4,3,NA,NA,NA,0
14,4,3,NA,NA,NA,0
15,3,4,NA,NA,NA,0
16,3,4,NA,NA,NA,0
17,3,4,NA,NA,NA,0
18,3,5,NA,NA,NA,0
19,3,5,"C",365,2,0
20,3,5,NA,NA,NA,0
21,6,6,NA,NA,NA,0
22,6,6,NA,NA,NA,0
23,6,6,NA,NA,NA,0
24,6,6,NA,NA,NA,0
25,6,6,NA,NA,NA,0
26,6,6,NA,NA,NA,0
27,6,7,NA,NA,NA,0
28,6,7,NA,NA,NA,0
29,6,7,NA,NA,NA,0
30,6,7,NA,NA,NA,0
31,6,7,NA,NA,NA,0
32,6,7,NA,NA,NA,0
33,4,8,NA,NA,NA,0
34,4,8,NA,NA,NA,0
35,4,8,NA,NA,NA,0
36,4,8,NA,NA,NA,0
37,4,9,NA,NA,NA,0
38,4,9,NA,NA,NA,0
39,4,9,NA,NA,NA,0
40,4,9,NA,NA,NA,0
41,3,10,NA,NA,NA,0
42,3,10,NA,NA,NA,0
43,3,10,NA,NA,NA,0
44,5,11,NA,NA,NA,0
45,5,11,NA,NA,NA,0
46,5,11,NA,NA,NA,0
47,5,11,NA,NA,NA,0
48,5,11,NA,NA,NA,0
49,4,12,NA,NA,NA,0
50,4,12,NA,NA,NA,0
51,4,12,NA,NA,NA,0
52,4,12,NA,NA,NA,0
53,6,13,NA,NA,NA,0
54,6,13,NA,NA,NA,0
55,6,13,NA,NA,NA,0
56,6,13,NA,NA,NA,0
57,6,13,NA,NA,NA,0
58,6,13,NA,NA,NA,0
59,4,14,NA,NA,NA,0
60,4,14,NA,NA,NA,0
61,4,14,NA,NA,NA,0
62,4,14,NA,NA,NA,0
63,6,15,NA,NA,NA,0
64,6,15,NA,NA,NA,0
65,6,15,NA,NA,NA,0
66,6,15,NA,NA,NA,0
67,6,15,NA,NA,NA,0
68,6,15,NA,NA,NA,0
69,4,16,NA,NA,NA,0
70,4,16,NA,NA,NA,0
71,4,16,NA,NA,NA,0
72,4,16,NA,NA,NA,0
73,5,17,NA,NA,NA,0
74,5,17,NA,NA,NA,0
75,5,17,NA,NA,NA,0
76,5,17,NA,NA,NA,0
77,5,17,NA,NA,NA,0
78,4,18,NA,NA,NA,0
79,4,18,NA,NA,NA,0
80,4,18,NA,NA,NA,0
81,4,18,NA,NA,NA,0
82,3,19,NA,NA,NA,0
83,3,19,NA,NA,NA,0
84,3,19,NA,NA,NA,0
85,3,20,NA,NA,NA,0
86,3,20,NA,NA,NA,0
87,3,20,NA,NA,NA,0
88,4,21,NA,NA,NA,0
89,4,21,NA,NA,NA,0
90,4,21,NA,NA,NA,0
91,4,21,NA,NA,NA,0
92,4,22,NA,NA,NA,0
93,4,22,"H",328,2,0
94,4,22,NA,NA,NA,0
95,4,22,"C",299,3,1
96,3,23,NA,NA,NA,0
97,3,23,NA,NA,NA,0
98,3,23,NA,NA,NA,0
99,3,24,NA,NA,NA,0
100,3,24,NA,NA,NA,0
101,3,24,NA,NA,NA,0
102,5,25,NA,NA,NA,0
103,5,25,NA,NA,NA,0
104,5,25,NA,NA,NA,0
105,5,25,NA,NA,NA,0
106,5,25,NA,NA,NA,0
107,5,26,NA,NA,NA,0
108,5,26,NA,NA,NA,0
109,5,26,NA,NA,NA,0
110,5,26,NA,NA,NA,0
111,5,26,NA,NA,NA,0
112,5,27,NA,NA,NA,0
113,5,27,NA,NA,NA,0
114,5,27,NA,NA,NA,0
115,5,27,NA,NA,NA,0
116,5,27,NA,NA,NA,0
117,4,28,"C",NA,NA,0
118,4,28,NA,NA,NA,0
119,4,28,"C",NA,NA,0
120,4,28,NA,NA,NA,0
121,3,29,NA,NA,NA,0
122,3,29,NA,NA,NA,0
123,3,29,NA,NA,NA,0
124,3,30,NA,NA,NA,0
125,3,30,NA,NA,NA,0
126,3,30,NA,NA,NA,0
127,6,31,"C",NA,NA,0
128,6,31,NA,NA,NA,0
129,6,31,NA,NA,NA,0
130,6,31,NA,NA,NA,0
131,6,31,NA,NA,NA,0
132,6,31,NA,NA,NA,0
133,4,32,NA,NA,NA,0
134,4,32,NA,NA,NA,0
135,4,32,NA,NA,NA,0
136,4,32,NA,NA,NA,0
137,6,33,NA,NA,NA,0
138,6,33,NA,NA,NA,0
139,6,33,NA,NA,NA,0
140,6,33,NA,NA,NA,0
141,6,33,NA,NA,NA,0
142,6,33,NA,NA,NA,0
143,4,34,NA,NA,NA,0
144,4,34,NA,NA,NA,0
145,4,34,NA,NA,NA,0
146,4,34,NA,NA,NA,0
147,4,35,"H",313,1,1
148,4,35,"H",356,0,0
149,4,35,"C",247,3,1
150,4,35,"H",281,2,1
151,3,36,NA,NA,NA,0
152,3,36,NA,NA,NA,0
153,3,36,NA,NA,NA,0
154,5,37,NA,NA,NA,0
155,5,37,NA,NA,NA,0
156,5,37,NA,NA,NA,0
157,5,37,NA,NA,NA,0
158,5,37,NA,NA,NA,0
159,4,38,NA,NA,NA,0
160,4,38,NA,NA,NA,0
161,4,38,NA,NA,NA,0
162,4,38,"C",262,3,0
163,5,39,NA,NA,NA,0
164,5,39,NA,NA,NA,0
165,5,39,NA,NA,NA,0
166,5,39,NA,NA,NA,0
167,5,39,NA,NA,NA,0
168,5,40,"H",309,1,0
169,5,40,"C",276,4,3
170,5,40,NA,NA,NA,0
171,5,40,"H",319,1,0
172,5,40,"H",306,1,0
173,3,41,NA,NA,NA,0
174,3,41,NA,NA,NA,0
175,3,41,NA,NA,NA,0
176,6,42,"H",NA,NA,0
177,6,42,NA,NA,NA,0
178,6,42,NA,NA,NA,0
179,6,42,"H",NA,NA,0
180,6,42,"H",363,3,1
181,6,42,"C",342,5,2
182,3,43,NA,NA,NA,0
183,3,43,NA,NA,NA,0
184,3,43,NA,NA,NA,0
185,5,44,NA,NA,NA,0
186,5,44,NA,NA,NA,0
187,5,44,NA,NA,NA,0
188,5,44,NA,NA,NA,0
189,5,44,NA,NA,NA,0
190,6,45,NA,NA,NA,0
191,6,45,NA,NA,NA,0
192,6,45,NA,NA,NA,0
193,6,45,NA,NA,NA,0
194,6,45,NA,NA,NA,0
195,6,45,NA,NA,NA,0
196,5,46,NA,NA,NA,0
197,5,46,NA,NA,NA,0
198,5,46,NA,NA,NA,0
199,5,46,NA,NA,NA,0
200,5,46,NA,NA,NA,0
201,5,47,NA,NA,NA,0
202,5,47,NA,NA,NA,0
203,5,47,NA,NA,NA,0
204,5,47,NA,NA,NA,0
205,5,47,NA,NA,NA,0
206,3,48,NA,NA,NA,0
207,3,48,NA,NA,NA,0
208,3,48,NA,NA,NA,0
209,6,49,NA,NA,NA,0
210,6,49,NA,NA,NA,0
211,6,49,"H",NA,NA,0
212,6,49,NA,NA,NA,0
213,6,49,"C",350,5,1
214,6,49,NA,NA,NA,0
215,4,50,NA,NA,NA,0
216,4,50,NA,NA,NA,0
217,4,50,NA,NA,NA,0
218,4,50,NA,NA,NA,0
219,6,51,"H",NA,NA,0
220,6,51,"H",NA,NA,0
221,6,51,"C",270,5,1
222,6,51,NA,NA,NA,0
223,6,51,"H",312,3,1
224,6,51,"C",352,2,1
225,3,52,NA,NA,NA,0
226,3,52,NA,NA,NA,0
227,3,52,NA,NA,NA,0
228,3,53,NA,NA,NA,0
229,3,53,NA,NA,NA,0
230,3,53,NA,NA,NA,0
231,4,54,NA,NA,NA,0
232,4,54,NA,NA,NA,0
233,4,54,NA,NA,NA,0
234,4,54,NA,NA,NA,0
235,6,55,NA,NA,NA,0
236,6,55,NA,NA,NA,0
237,6,55,NA,NA,NA,0
238,6,55,NA,NA,NA,0
239,6,55,NA,NA,NA,0
240,6,55,NA,NA,NA,0
241,3,56,NA,NA,NA,0
242,3,56,NA,NA,NA,0
243,3,56,NA,NA,NA,0
244,6,57,NA,NA,NA,0
245,6,57,NA,NA,NA,0
246,6,57,"C",NA,NA,0
247,6,57,NA,NA,NA,0
248,6,57,NA,NA,NA,0
249,6,57,NA,NA,NA,0
250,6,58,NA,NA,NA,0
251,6,58,NA,NA,NA,0
252,6,58,NA,NA,NA,0
253,6,58,NA,NA,NA,0
254,6,58,NA,NA,NA,0
255,6,58,NA,NA,NA,0
256,6,59,NA,NA,NA,0
257,6,59,"H",NA,NA,0
258,6,59,"C",341,4,2
259,6,59,"C",294,5,0
260,6,59,"H",355,2,0
261,6,59,NA,NA,NA,0
262,3,60,NA,NA,NA,0
263,3,60,NA,NA,NA,0
264,3,60,NA,NA,NA,0
265,5,61,NA,NA,NA,0
266,5,61,NA,NA,NA,0
267,5,61,NA,NA,NA,0
268,5,61,NA,NA,NA,0
269,5,61,NA,NA,NA,0
270,4,62,NA,NA,NA,0
271,4,62,"C",317,3,1
272,4,62,NA,NA,NA,0
273,4,62,"H",NA,NA,0
274,5,63,NA,NA,NA,0
275,5,63,NA,NA,NA,0
276,5,63,NA,NA,NA,0
277,5,63,NA,NA,NA,0
278,5,63,NA,NA,NA,0
279,3,64,NA,NA,NA,0
280,3,64,NA,NA,NA,0
281,3,64,NA,NA,NA,0
282,5,65,NA,NA,NA,0
283,5,65,NA,NA,NA,0
284,5,65,NA,NA,NA,0
285,5,65,NA,NA,NA,0
286,5,65,NA,NA,NA,0
287,4,66,NA,NA,NA,0
288,4,66,NA,NA,NA,0
289,4,66,NA,NA,NA,0
290,4,66,NA,NA,NA,0
291,3,67,NA,NA,NA,0
292,3,67,NA,NA,NA,0
293,3,67,NA,NA,NA,0
294,3,68,NA,NA,NA,0
295,3,68,NA,NA,NA,0
296,3,68,NA,NA,NA,0
297,3,69,NA,NA,NA,0
298,3,69,NA,NA,NA,0
299,3,69,NA,NA,NA,0
300,4,70,NA,NA,NA,0
301,4,70,NA,NA,NA,0
302,4,70,NA,NA,NA,0
303,4,70,NA,NA,NA,0
304,6,71,NA,NA,NA,0
305,6,71,NA,NA,NA,0
306,6,71,NA,NA,NA,0
307,6,71,NA,NA,NA,0
308,6,71,NA,NA,NA,0
309,6,71,NA,NA,NA,0
310,4,72,NA,NA,NA,0
311,4,72,NA,NA,NA,0
312,4,72,NA,NA,NA,0
313,4,72,NA,NA,NA,0
314,3,73,NA,NA,NA,0
315,3,73,NA,NA,NA,0
316,3,73,NA,NA,NA,0
317,5,74,NA,NA,NA,0
318,5,74,NA,NA,NA,0
319,5,74,NA,NA,NA,0
320,5,74,NA,NA,NA,0
321,5,74,NA,NA,NA,0
322,5,75,NA,NA,NA,0
323,5,75,NA,NA,NA,0
324,5,75,"H",132,2,0
325,5,75,"H",139,2,0
326,5,75,"C",111,4,2
327,4,76,NA,NA,NA,0
328,4,76,NA,NA,NA,0
329,4,76,NA,NA,NA,0
330,4,76,NA,NA,NA,0
331,4,77,NA,NA,NA,0
332,4,77,NA,NA,NA,0
333,4,77,NA,NA,NA,0
334,4,77,NA,NA,NA,0
335,3,78,NA,NA,NA,0
336,3,78,NA,NA,NA,0
337,3,78,NA,NA,NA,0
338,5,79,NA,NA,NA,0
339,5,79,NA,NA,NA,0
340,5,79,NA,NA,NA,0
341,5,79,NA,NA,NA,0
342,5,79,NA,NA,NA,0
343,5,80,NA,NA,NA,0
344,5,80,NA,NA,NA,0
345,5,80,NA,NA,NA,0
346,5,80,NA,NA,NA,0
347,5,80,NA,NA,NA,0
348,3,81,NA,NA,NA,0
349,3,81,NA,NA,NA,0
350,3,81,NA,NA,NA,0
351,4,82,NA,NA,NA,0
352,4,82,NA,NA,NA,0
353,4,82,NA,NA,NA,0
354,4,82,NA,NA,NA,0
355,6,83,"H",321,1,1
356,6,83,"C",290,5,4
357,6,83,"H",309,1,0
358,6,83,"H",346,0,0
359,6,83,"H",319,1,0
360,6,83,"H",321,1,0
361,6,84,"H",NA,NA,0
362,6,84,NA,NA,NA,0
363,6,84,"C",328,5,1
364,6,84,NA,NA,NA,0
365,6,84,NA,NA,NA,0
366,6,84,"H",354,4,1
367,3,85,NA,NA,NA,0
368,3,85,NA,NA,NA,0
369,3,85,NA,NA,NA,0
370,5,86,NA,NA,NA,0
371,5,86,NA,NA,NA,0
372,5,86,NA,NA,NA,0
373,5,86,NA,NA,NA,0
374,5,86,NA,NA,NA,0
375,6,87,NA,NA,NA,0
376,6,87,NA,NA,NA,0
377,6,87,NA,NA,NA,0
378,6,87,NA,NA,NA,0
379,6,87,NA,NA,NA,0
380,6,87,NA,NA,NA,0
381,3,88,NA,NA,NA,0
382,3,88,NA,NA,NA,0
383,3,88,"C",359,2,0
384,5,89,NA,NA,NA,0
385,5,89,NA,NA,NA,0
386,5,89,NA,NA,NA,0
387,5,89,NA,NA,NA,0
388,5,89,NA,NA,NA,0
389,6,90,NA,NA,NA,0
390,6,90,NA,NA,NA,0
391,6,90,NA,NA,NA,0
392,6,90,NA,NA,NA,0
393,6,90,NA,NA,NA,0
394,6,90,"C",NA,NA,0
395,3,91,NA,NA,NA,0
396,3,91,NA,NA,NA,0
397,3,91,NA,NA,NA,0
398,5,92,NA,NA,NA,0
399,5,92,NA,NA,NA,0
400,5,92,NA,NA,NA,0
401,5,92,"C",NA,NA,0
402,5,92,NA,NA,NA,0
403,5,93,NA,NA,NA,0
404,5,93,NA,NA,NA,0
405,5,93,NA,NA,NA,0
406,5,93,NA,NA,NA,0
407,5,93,NA,NA,NA,0
408,6,94,NA,NA,NA,0
409,6,94,NA,NA,NA,0
410,6,94,NA,NA,NA,0
411,6,94,NA,NA,NA,0
412,6,94,NA,NA,NA,0
413,6,94,NA,NA,NA,0
414,5,95,NA,NA,NA,0
415,5,95,NA,NA,NA,0
416,5,95,NA,NA,NA,0
417,5,95,NA,NA,NA,0
418,5,95,NA,NA,NA,0
419,3,96,NA,NA,NA,0
420,3,96,NA,NA,NA,0
421,3,96,NA,NA,NA,0
422,6,97,NA,NA,NA,0
423,6,97,NA,NA,NA,0
424,6,97,NA,NA,NA,0
425,6,97,NA,NA,NA,0
426,6,97,"C",NA,NA,0
427,6,97,NA,NA,NA,0
428,6,98,NA,NA,NA,0
429,6,98,NA,NA,NA,0
430,6,98,NA,NA,NA,0
431,6,98,NA,NA,NA,0
432,6,98,NA,NA,NA,0
433,6,98,NA,NA,NA,0
434,3,99,NA,NA,NA,0
435,3,99,NA,NA,NA,0
436,3,99,NA,NA,NA,0
437,3,100,NA,NA,NA,0
438,3,100,NA,NA,NA,0
439,3,100,NA,NA,NA,0
440,4,101,NA,NA,NA,0
441,4,101,NA,NA,NA,0
442,4,101,NA,NA,NA,0
443,4,101,NA,NA,NA,0
444,3,102,NA,NA,NA,0
445,3,102,NA,NA,NA,0
446,3,102,NA,NA,NA,0
447,4,103,NA,NA,NA,0
448,4,103,NA,NA,NA,0
449,4,103,NA,NA,NA,0
450,4,103,NA,NA,NA,0
451,6,104,NA,NA,NA,0
452,6,104,NA,NA,NA,0
453,6,104,NA,NA,NA,0
454,6,104,NA,NA,NA,0
455,6,104,NA,NA,NA,0
456,6,104,NA,NA,NA,0
457,6,105,NA,NA,NA,0
458,6,105,NA,NA,NA,0
459,6,105,NA,NA,NA,0
460,6,105,NA,NA,NA,0
461,6,105,NA,NA,NA,0
462,6,105,NA,NA,NA,0
463,3,106,NA,NA,NA,0
464,3,106,NA,NA,NA,0
465,3,106,NA,NA,NA,0
466,5,107,NA,NA,NA,0
467,5,107,NA,NA,NA,0
468,5,107,NA,NA,NA,0
469,5,107,NA,NA,NA,0
470,5,107,NA,NA,NA,0
471,6,108,NA,NA,NA,0
472,6,108,NA,NA,NA,0
473,6,108,NA,NA,NA,0
474,6,108,NA,NA,NA,0
475,6,108,NA,NA,NA,0
476,6,108,NA,NA,NA,0
477,4,109,NA,NA,NA,0
478,4,109,NA,NA,NA,0
479,4,109,NA,NA,NA,0
480,4,109,NA,NA,NA,0
481,6,110,NA,NA,NA,0
482,6,110,NA,NA,NA,0
483,6,110,NA,NA,NA,0
484,6,110,NA,NA,NA,0
485,6,110,NA,NA,NA,0
486,6,110,NA,NA,NA,0
487,4,111,NA,NA,NA,0
488,4,111,NA,NA,NA,0
489,4,111,NA,NA,NA,0
490,4,111,NA,NA,NA,0
491,4,112,NA,NA,NA,0
492,4,112,NA,NA,NA,0
493,4,112,NA,NA,NA,0
494,4,112,NA,NA,NA,0
495,3,113,NA,NA,NA,0
496,3,113,NA,NA,NA,0
497,3,113,NA,NA,NA,0
498,3,114,NA,NA,NA,0
499,3,114,NA,NA,NA,0
500,3,114,NA,NA,NA,0
501,6,115,NA,NA,NA,0
502,6,115,NA,NA,NA,0
503,6,115,NA,NA,NA,0
504,6,115,NA,NA,NA,0
505,6,115,NA,NA,NA,0
506,6,115,NA,NA,NA,0
507,5,116,NA,NA,NA,0
508,5,116,NA,NA,NA,0
509,5,116,NA,NA,NA,0
510,5,116,NA,NA,NA,0
511,5,116,NA,NA,NA,0
512,5,117,NA,NA,NA,0
513,5,117,NA,NA,NA,0
514,5,117,NA,NA,NA,0
515,5,117,NA,NA,NA,0
516,5,117,NA,NA,NA,0
517,4,118,NA,NA,NA,0
518,4,118,NA,NA,NA,0
519,4,118,NA,NA,NA,0
520,4,118,NA,NA,NA,0
521,6,119,NA,NA,NA,0
522,6,119,NA,NA,NA,0
523,6,119,NA,NA,NA,0
524,6,119,"C",237,5,0
525,6,119,NA,NA,NA,0
526,6,119,NA,NA,NA,0
527,5,120,NA,NA,NA,0
528,5,120,NA,NA,NA,0
529,5,120,NA,NA,NA,0
530,5,120,NA,NA,NA,0
531,5,120,NA,NA,NA,0
532,3,121,NA,NA,NA,0
533,3,121,NA,NA,NA,0
534,3,121,NA,NA,NA,0
535,5,122,NA,NA,NA,0
536,5,122,NA,NA,NA,0
537,5,122,NA,NA,NA,0
538,5,122,NA,NA,NA,0
539,5,122,NA,NA,NA,0
540,3,123,NA,NA,NA,0
541,3,123,NA,NA,NA,0
542,3,123,NA,NA,NA,0
543,3,124,"C",NA,NA,0
544,3,124,NA,NA,NA,0
545,3,124,NA,NA,NA,0
546,3,125,"C",309,2,0
547,3,125,NA,NA,NA,0
548,3,125,NA,NA,NA,0
549,3,126,NA,NA,NA,0
550,3,126,NA,NA,NA,0
551,3,126,NA,NA,NA,0
552,4,127,NA,NA,NA,0
553,4,127,NA,NA,NA,0
554,4,127,NA,NA,NA,0
555,4,127,NA,NA,NA,0
556,5,128,NA,NA,NA,0
557,5,128,NA,NA,NA,0
558,5,128,NA,NA,NA,0
559,5,128,NA,NA,NA,0
560,5,128,NA,NA,NA,0
561,4,129,NA,NA,NA,0
562,4,129,"C",154,3,0
563,4,129,NA,NA,NA,0
564,4,129,NA,NA,NA,0
565,4,130,NA,NA,NA,0
566,4,130,"H",NA,NA,0
567,4,130,NA,NA,NA,0
568,4,130,"C",361,3,1
569,5,131,NA,NA,NA,0
570,5,131,NA,NA,NA,0
571,5,131,NA,NA,NA,0
572,5,131,NA,NA,NA,0
573,5,131,NA,NA,NA,0
574,3,132,"H",364,0,0
575,3,132,"H",365,0,0
576,3,132,"C",336,2,2
577,3,133,NA,NA,NA,0
578,3,133,NA,NA,NA,0
579,3,133,NA,NA,NA,0
580,6,134,NA,NA,NA,0
581,6,134,NA,NA,NA,0
582,6,134,NA,NA,NA,0
583,6,134,NA,NA,NA,0
584,6,134,NA,NA,NA,0
585,6,134,NA,NA,NA,0
586,3,135,NA,NA,NA,0
587,3,135,NA,NA,NA,0
588,3,135,NA,NA,NA,0
589,5,136,NA,NA,NA,0
590,5,136,NA,NA,NA,0
591,5,136,NA,NA,NA,0
592,5,136,NA,NA,NA,0
593,5,136,NA,NA,NA,0
594,4,137,NA,NA,NA,0
595,4,137,NA,NA,NA,0
596,4,137,NA,NA,NA,0
597,4,137,NA,NA,NA,0
598,4,138,NA,NA,NA,0
599,4,138,NA,NA,NA,0
600,4,138,NA,NA,NA,0
601,4,138,NA,NA,NA,0
602,4,139,NA,NA,NA,0
603,4,139,NA,NA,NA,0
604,4,139,NA,NA,NA,0
605,4,139,NA,NA,NA,0
606,4,140,NA,NA,NA,0
607,4,140,NA,NA,NA,0
608,4,140,NA,NA,NA,0
609,4,140,NA,NA,NA,0
610,5,141,NA,NA,NA,0
611,5,141,NA,NA,NA,0
612,5,141,NA,NA,NA,0
613,5,141,NA,NA,NA,0
614,5,141,NA,NA,NA,0
615,3,142,NA,NA,NA,0
616,3,142,NA,NA,NA,0
617,3,142,NA,NA,NA,0
618,6,143,NA,NA,NA,0
619,6,143,NA,NA,NA,0
620,6,143,NA,NA,NA,0
621,6,143,NA,NA,NA,0
622,6,143,NA,NA,NA,0
623,6,143,NA,NA,NA,0
624,5,144,NA,NA,NA,0
625,5,144,"H",218,2,0
626,5,144,"C",170,4,1
627,5,144,"H",207,3,1
628,5,144,NA,NA,NA,0
629,4,145,NA,NA,NA,0
630,4,145,"C",321,3,1
631,4,145,NA,NA,NA,0
632,4,145,"H",351,2,0
633,5,146,NA,NA,NA,0
634,5,146,NA,NA,NA,0
635,5,146,NA,NA,NA,0
636,5,146,NA,NA,NA,0
637,5,146,NA,NA,NA,0
638,3,147,NA,NA,NA,0
639,3,147,NA,NA,NA,0
640,3,147,NA,NA,NA,0
641,3,148,NA,NA,NA,0
642,3,148,NA,NA,NA,0
643,3,148,NA,NA,NA,0
644,4,149,NA,NA,NA,0
645,4,149,NA,NA,NA,0
646,4,149,NA,NA,NA,0
647,4,149,NA,NA,NA,0
648,6,150,NA,NA,NA,0
649,6,150,"H",262,4,0
650,6,150,"C",224,5,1
651,6,150,NA,NA,NA,0
652,6,150,NA,NA,NA,0
653,6,150,NA,NA,NA,0
654,5,151,"C",200,4,2
655,5,151,"H",276,0,0
656,5,151,"H",269,0,0
657,5,151,"H",275,0,0
658,5,151,"H",229,2,2
659,6,152,"H",261,2,1
660,6,152,"H",280,1,0
661,6,152,"H",309,1,0
662,6,152,"C",244,5,3
663,6,152,"C",NA,NA,0
664,6,152,"H",330,1,0
665,4,153,NA,NA,NA,0
666,4,153,NA,NA,NA,0
667,4,153,NA,NA,NA,0
668,4,153,NA,NA,NA,0
669,5,154,"C",333,4,2
670,5,154,"H",356,2,2
671,5,154,"H",NA,NA,0
672,5,154,"H",NA,NA,0
673,5,154,"H",NA,NA,0
674,3,155,NA,NA,NA,0
675,3,155,NA,NA,NA,0
676,3,155,NA,NA,NA,0
677,4,156,NA,NA,NA,0
678,4,156,NA,NA,NA,0
679,4,156,NA,NA,NA,0
680,4,156,NA,NA,NA,0
681,5,157,NA,NA,NA,0
682,5,157,"C",NA,NA,0
683,5,157,NA,NA,NA,0
684,5,157,NA,NA,NA,0
685,5,157,NA,NA,NA,0
686,4,158,NA,NA,NA,0
687,4,158,"C",NA,NA,0
688,4,158,NA,NA,NA,0
689,4,158,NA,NA,NA,0
690,4,159,NA,NA,NA,0
691,4,159,NA,NA,NA,0
692,4,159,NA,NA,NA,0
693,4,159,NA,NA,NA,0
694,6,160,NA,NA,NA,0
695,6,160,NA,NA,NA,0
696,6,160,NA,NA,NA,0
697,6,160,NA,NA,NA,0
698,6,160,NA,NA,NA,0
699,6,160,NA,NA,NA,0
700,6,161,NA,NA,NA,0
701,6,161,NA,NA,NA,0
702,6,161,NA,NA,NA,0
703,6,161,NA,NA,NA,0
704,6,161,NA,NA,NA,0
705,6,161,NA,NA,NA,0
706,5,162,NA,NA,NA,0
707,5,162,NA,NA,NA,0
708,5,162,NA,NA,NA,0
709,5,162,NA,NA,NA,0
710,5,162,NA,NA,NA,0
711,6,163,NA,NA,NA,0
712,6,163,NA,NA,NA,0
713,6,163,NA,NA,NA,0
714,6,163,NA,NA,NA,0
715,6,163,NA,NA,NA,0
716,6,163,NA,NA,NA,0
717,6,164,"H",NA,NA,0
718,6,164,"C",358,5,1
719,6,164,NA,NA,NA,0
720,6,164,NA,NA,NA,0
721,6,164,NA,NA,NA,0
722,6,164,NA,NA,NA,0
723,4,165,NA,NA,NA,0
724,4,165,NA,NA,NA,0
725,4,165,NA,NA,NA,0
726,4,165,NA,NA,NA,0
727,5,166,NA,NA,NA,0
728,5,166,NA,NA,NA,0
729,5,166,NA,NA,NA,0
730,5,166,NA,NA,NA,0
731,5,166,NA,NA,NA,0
732,4,167,NA,NA,NA,0
733,4,167,NA,NA,NA,0
734,4,167,NA,NA,NA,0
735,4,167,NA,NA,NA,0
736,3,168,"C",298,2,1
737,3,168,NA,NA,NA,0
738,3,168,"H",346,1,0
739,6,169,NA,NA,NA,0
740,6,169,NA,NA,NA,0
741,6,169,NA,NA,NA,0
742,6,169,NA,NA,NA,0
743,6,169,NA,NA,NA,0
744,6,169,NA,NA,NA,0
745,5,170,NA,NA,NA,0
746,5,170,"C",351,4,1
747,5,170,NA,NA,NA,0
748,5,170,NA,NA,NA,0
749,5,170,"H",NA,NA,0
750,4,171,"H",335,1,0
751,4,171,NA,NA,NA,0
752,4,171,"C",298,2,1
753,4,171,"C",200,3,0
754,5,172,NA,NA,NA,0
755,5,172,NA,NA,NA,0
756,5,172,NA,NA,NA,0
757,5,172,NA,NA,NA,0
758,5,172,NA,NA,NA,0
759,3,173,NA,NA,NA,0
760,3,173,NA,NA,NA,0
761,3,173,NA,NA,NA,0
762,4,174,NA,NA,NA,0
763,4,174,NA,NA,NA,0
764,4,174,NA,NA,NA,0
765,4,174,NA,NA,NA,0
766,3,175,NA,NA,NA,0
767,3,175,NA,NA,NA,0
768,3,175,NA,NA,NA,0
769,5,176,NA,NA,NA,0
770,5,176,NA,NA,NA,0
771,5,176,NA,NA,NA,0
772,5,176,NA,NA,NA,0
773,5,176,NA,NA,NA,0
774,3,177,"C",217,2,0
775,3,177,"H",333,0,0
776,3,177,"C",304,1,1
777,4,178,NA,NA,NA,0
778,4,178,"C",252,3,0
779,4,178,NA,NA,NA,0
780,4,178,NA,NA,NA,0
781,6,179,"H",146,1,0
782,6,179,"H",178,1,1
783,6,179,"H",139,1,0
784,6,179,"H",211,0,0
785,6,179,"C",99,5,2
786,6,179,"H",131,3,2
787,5,180,NA,NA,NA,0
788,5,180,NA,NA,NA,0
789,5,180,NA,NA,NA,0
790,5,180,NA,NA,NA,0
791,5,180,NA,NA,NA,0
792,4,181,NA,NA,NA,0
793,4,181,NA,NA,NA,0
794,4,181,NA,NA,NA,0
795,4,181,NA,NA,NA,0
796,3,182,"C",305,1,1
797,3,182,"H",356,0,0
798,3,182,"C",312,0,0
799,4,183,NA,NA,NA,0
800,4,183,NA,NA,NA,0
801,4,183,NA,NA,NA,0
802,4,183,NA,NA,NA,0
803,6,184,"H",NA,NA,0
804,6,184,"H",NA,NA,0
805,6,184,"H",NA,NA,0
806,6,184,NA,NA,NA,0
807,6,184,"C",349,5,4
808,6,184,"H",NA,NA,0
809,4,185,NA,NA,NA,0
810,4,185,NA,NA,NA,0
811,4,185,NA,NA,NA,0
812,4,185,NA,NA,NA,0
813,4,186,NA,NA,NA,0
814,4,186,NA,NA,NA,0
815,4,186,NA,NA,NA,0
816,4,186,NA,NA,NA,0
817,6,187,NA,NA,NA,0
818,6,187,NA,NA,NA,0
819,6,187,NA,NA,NA,0
820,6,187,NA,NA,NA,0
821,6,187,NA,NA,NA,0
822,6,187,NA,NA,NA,0
823,3,188,NA,NA,NA,0
824,3,188,NA,NA,NA,0
825,3,188,NA,NA,NA,0
826,4,189,"C",NA,NA,0
827,4,189,"C",NA,NA,0
828,4,189,NA,NA,NA,0
829,4,189,NA,NA,NA,0
830,3,190,NA,NA,NA,0
831,3,190,NA,NA,NA,0
832,3,190,NA,NA,NA,0
833,5,191,NA,NA,NA,0
834,5,191,NA,NA,NA,0
835,5,191,NA,NA,NA,0
836,5,191,NA,NA,NA,0
837,5,191,NA,NA,NA,0
838,5,192,NA,NA,NA,0
839,5,192,NA,NA,NA,0
840,5,192,NA,NA,NA,0
841,5,192,NA,NA,NA,0
842,5,192,NA,NA,NA,0
843,6,193,"C",202,5,1
844,6,193,"H",NA,NA,0
845,6,193,"H",312,2,0
846,6,193,"H",264,4,2
847,6,193,"H",356,1,1
848,6,193,"H",318,2,1
849,5,194,NA,NA,NA,0
850,5,194,NA,NA,NA,0
851,5,194,NA,NA,NA,0
852,5,194,NA,NA,NA,0
853,5,194,NA,NA,NA,0
854,4,195,NA,NA,NA,0
855,4,195,NA,NA,NA,0
856,4,195,NA,NA,NA,0
857,4,195,NA,NA,NA,0
858,5,196,NA,NA,NA,0
859,5,196,NA,NA,NA,0
860,5,196,NA,NA,NA,0
861,5,196,NA,NA,NA,0
862,5,196,NA,NA,NA,0
863,3,197,NA,NA,NA,0
864,3,197,NA,NA,NA,0
865,3,197,NA,NA,NA,0
866,4,198,NA,NA,NA,0
867,4,198,NA,NA,NA,0
868,4,198,NA,NA,NA,0
869,4,198,NA,NA,NA,0
870,5,199,NA,NA,NA,0
871,5,199,NA,NA,NA,0
872,5,199,NA,NA,NA,0
873,5,199,NA,NA,NA,0
874,5,199,NA,NA,NA,0
875,3,200,NA,NA,NA,0
876,3,200,NA,NA,NA,0
877,3,200,NA,NA,NA,0
878,4,201,NA,NA,NA,0
879,4,201,NA,NA,NA,0
880,4,201,NA,NA,NA,0
881,4,201,NA,NA,NA,0
882,6,202,NA,NA,NA,0
883,6,202,NA,NA,NA,0
884,6,202,NA,NA,NA,0
885,6,202,NA,NA,NA,0
886,6,202,NA,NA,NA,0
887,6,202,NA,NA,NA,0
888,4,203,NA,NA,NA,0
889,4,203,NA,NA,NA,0
890,4,203,NA,NA,NA,0
891,4,203,NA,NA,NA,0
892,6,204,NA,NA,NA,0
893,6,204,NA,NA,NA,0
894,6,204,NA,NA,NA,0
895,6,204,NA,NA,NA,0
896,6,204,NA,NA,NA,0
897,6,204,NA,NA,NA,0
898,6,205,NA,NA,NA,0
899,6,205,NA,NA,NA,0
900,6,205,NA,NA,NA,0
901,6,205,NA,NA,NA,0
902,6,205,NA,NA,NA,0
903,6,205,NA,NA,NA,0
904,3,206,NA,NA,NA,0
905,3,206,NA,NA,NA,0
906,3,206,NA,NA,NA,0
907,3,207,NA,NA,NA,0
908,3,207,NA,NA,NA,0
909,3,207,NA,NA,NA,0
910,3,208,NA,NA,NA,0
911,3,208,NA,NA,NA,0
912,3,208,"C",NA,NA,0
913,3,209,NA,NA,NA,0
914,3,209,NA,NA,NA,0
915,3,209,NA,NA,NA,0
916,3,210,NA,NA,NA,0
917,3,210,NA,NA,NA,0
918,3,210,NA,NA,NA,0
919,4,211,NA,NA,NA,0
920,4,211,NA,NA,NA,0
921,4,211,NA,NA,NA,0
922,4,211,NA,NA,NA,0
923,3,212,NA,NA,NA,0
924,3,212,NA,NA,NA,0
925,3,212,NA,NA,NA,0
926,5,213,NA,NA,NA,0
927,5,213,"H",232,1,0
928,5,213,"C",169,4,2
929,5,213,"H",199,1,0
930,5,213,"H",189,2,1
931,3,214,NA,NA,NA,0
932,3,214,NA,NA,NA,0
933,3,214,NA,NA,NA,0
934,4,215,NA,NA,NA,0
935,4,215,NA,NA,NA,0
936,4,215,NA,NA,NA,0
937,4,215,NA,NA,NA,0
938,5,216,"H",229,2,0
939,5,216,"H",305,1,1
940,5,216,"H",270,2,1
941,5,216,"C",213,4,2
942,5,216,"H",329,0,0
943,4,217,NA,NA,NA,0
944,4,217,NA,NA,NA,0
945,4,217,NA,NA,NA,0
946,4,217,NA,NA,NA,0
947,4,218,NA,NA,NA,0
948,4,218,NA,NA,NA,0
949,4,218,NA,NA,NA,0
950,4,218,NA,NA,NA,0
951,6,219,NA,NA,NA,0
952,6,219,NA,NA,NA,0
953,6,219,NA,NA,NA,0
954,6,219,"C",NA,NA,0
955,6,219,NA,NA,NA,0
956,6,219,NA,NA,NA,0
957,3,220,NA,NA,NA,0
958,3,220,NA,NA,NA,0
959,3,220,NA,NA,NA,0
960,6,221,"H",291,0,0
961,6,221,"H",265,2,1
962,6,221,"C",234,5,3
963,6,221,"H",273,1,1
964,6,221,"H",275,1,0
965,6,221,"H",266,2,0
966,4,222,NA,NA,NA,0
967,4,222,NA,NA,NA,0
968,4,222,NA,NA,NA,0
969,4,222,NA,NA,NA,0
970,6,223,NA,NA,NA,0
971,6,223,NA,NA,NA,0
972,6,223,NA,NA,NA,0
973,6,223,NA,NA,NA,0
974,6,223,NA,NA,NA,0
975,6,223,NA,NA,NA,0
976,4,224,NA,NA,NA,0
977,4,224,NA,NA,NA,0
978,4,224,NA,NA,NA,0
979,4,224,"C",348,3,0
980,3,225,NA,NA,NA,0
981,3,225,NA,NA,NA,0
982,3,225,NA,NA,NA,0
983,6,226,NA,NA,NA,0
984,6,226,NA,NA,NA,0
985,6,226,NA,NA,NA,0
986,6,226,NA,NA,NA,0
987,6,226,NA,NA,NA,0
988,6,226,NA,NA,NA,0
989,6,227,NA,NA,NA,0
990,6,227,"C",165,5,0
991,6,227,NA,NA,NA,0
992,6,227,NA,NA,NA,0
993,6,227,NA,NA,NA,0
994,6,227,NA,NA,NA,0
995,3,228,NA,NA,NA,0
996,3,228,NA,NA,NA,0
997,3,228,NA,NA,NA,0
998,3,229,NA,NA,NA,0
999,3,229,NA,NA,NA,0
1000,3,229,NA,NA,NA,0
