"ID","SIZE","HH","TYPE","TIME","S_NUM","I_NUM"
1,3,1,"0",10,2,0
2,3,1,NA,NA,NA,0
3,3,1,NA,NA,NA,0
4,4,2,NA,NA,NA,0
5,4,2,NA,NA,NA,0
6,4,2,NA,NA,NA,0
7,4,2,NA,NA,NA,0
8,6,3,NA,NA,NA,0
9,6,3,NA,NA,NA,0
10,6,3,NA,NA,NA,0
11,6,3,NA,NA,NA,0
12,6,3,NA,NA,NA,0
13,6,3,NA,NA,NA,0
14,3,4,NA,NA,NA,0
15,3,4,NA,NA,NA,0
16,3,4,NA,NA,NA,0
17,5,5,NA,NA,NA,0
18,5,5,NA,NA,NA,0
19,5,5,NA,NA,NA,0
20,5,5,NA,NA,NA,0
21,5,5,NA,NA,NA,0
22,5,6,NA,NA,NA,0
23,5,6,NA,NA,NA,0
24,5,6,NA,NA,NA,0
25,5,6,NA,NA,NA,0
26,5,6,NA,NA,NA,0
27,4,7,NA,NA,NA,0
28,4,7,NA,NA,NA,0
29,4,7,NA,NA,NA,0
30,4,7,NA,NA,NA,0
31,5,8,NA,NA,NA,0
32,5,8,NA,NA,NA,0
33,5,8,NA,NA,NA,0
34,5,8,NA,NA,NA,0
35,5,8,NA,NA,NA,0
36,5,9,NA,NA,NA,0
37,5,9,NA,NA,NA,0
38,5,9,NA,NA,NA,0
39,5,9,NA,NA,NA,0
40,5,9,NA,NA,NA,0
41,5,10,NA,NA,NA,0
42,5,10,NA,NA,NA,0
43,5,10,NA,NA,NA,0
44,5,10,NA,NA,NA,0
45,5,10,NA,NA,NA,0
46,5,11,"H",355,1,0
47,5,11,"C",299,4,2
48,5,11,"H",324,2,1
49,5,11,NA,NA,NA,0
50,5,11,"H",314,2,0
51,3,12,"C",NA,NA,0
52,3,12,"C",299,2,0
53,3,12,NA,NA,NA,0
54,6,13,NA,NA,NA,0
55,6,13,NA,NA,NA,0
56,6,13,NA,NA,NA,0
57,6,13,NA,NA,NA,0
58,6,13,NA,NA,NA,0
59,6,13,NA,NA,NA,0
60,4,14,NA,NA,NA,0
61,4,14,NA,NA,NA,0
62,4,14,NA,NA,NA,0
63,4,14,NA,NA,NA,0
64,5,15,NA,NA,NA,0
65,5,15,NA,NA,NA,0
66,5,15,NA,NA,NA,0
67,5,15,NA,NA,NA,0
68,5,15,NA,NA,NA,0
69,4,16,NA,NA,NA,0
70,4,16,NA,NA,NA,0
71,4,16,NA,NA,NA,0
72,4,16,NA,NA,NA,0
73,6,17,NA,NA,NA,0
74,6,17,NA,NA,NA,0
75,6,17,NA,NA,NA,0
76,6,17,NA,NA,NA,0
77,6,17,NA,NA,NA,0
78,6,17,NA,NA,NA,0
79,3,18,NA,NA,NA,0
80,3,18,NA,NA,NA,0
81,3,18,NA,NA,NA,0
82,6,19,NA,NA,NA,0
83,6,19,NA,NA,NA,0
84,6,19,NA,NA,NA,0
85,6,19,NA,NA,NA,0
86,6,19,"C",NA,NA,0
87,6,19,NA,NA,NA,0
88,4,20,NA,NA,NA,0
89,4,20,NA,NA,NA,0
90,4,20,NA,NA,NA,0
91,4,20,NA,NA,NA,0
92,6,21,NA,NA,NA,0
93,6,21,NA,NA,NA,0
94,6,21,NA,NA,NA,0
95,6,21,NA,NA,NA,0
96,6,21,NA,NA,NA,0
97,6,21,NA,NA,NA,0
98,3,22,NA,NA,NA,0
99,3,22,NA,NA,NA,0
100,3,22,NA,NA,NA,0
101,4,23,NA,NA,NA,0
102,4,23,NA,NA,NA,0
103,4,23,NA,NA,NA,0
104,4,23,NA,NA,NA,0
105,3,24,NA,NA,NA,0
106,3,24,NA,NA,NA,0
107,3,24,NA,NA,NA,0
108,6,25,NA,NA,NA,0
109,6,25,NA,NA,NA,0
110,6,25,NA,NA,NA,0
111,6,25,NA,NA,NA,0
112,6,25,NA,NA,NA,0
113,6,25,NA,NA,NA,0
114,6,26,"C",NA,NA,0
115,6,26,NA,NA,NA,0
116,6,26,NA,NA,NA,0
117,6,26,NA,NA,NA,0
118,6,26,NA,NA,NA,0
119,6,26,NA,NA,NA,0
120,3,27,NA,NA,NA,0
121,3,27,NA,NA,NA,0
122,3,27,"C",NA,NA,0
123,3,28,NA,NA,NA,0
124,3,28,NA,NA,NA,0
125,3,28,NA,NA,NA,0
126,6,29,"H",175,4,0
127,6,29,"C",131,5,1
128,6,29,NA,NA,NA,0
129,6,29,NA,NA,NA,0
130,6,29,NA,NA,NA,0
131,6,29,NA,NA,NA,0
132,4,30,NA,NA,NA,0
133,4,30,NA,NA,NA,0
134,4,30,NA,NA,NA,0
135,4,30,NA,NA,NA,0
136,3,31,NA,NA,NA,0
137,3,31,NA,NA,NA,0
138,3,31,"C",359,2,0
139,5,32,"H",260,3,1
140,5,32,"H",292,2,1
141,5,32,NA,NA,NA,0
142,5,32,"C",233,4,1
143,5,32,"H",309,1,0
144,3,33,NA,NA,NA,0
145,3,33,NA,NA,NA,0
146,3,33,NA,NA,NA,0
147,4,34,NA,NA,NA,0
148,4,34,NA,NA,NA,0
149,4,34,NA,NA,NA,0
150,4,34,NA,NA,NA,0
151,5,35,NA,NA,NA,0
152,5,35,NA,NA,NA,0
153,5,35,NA,NA,NA,0
154,5,35,NA,NA,NA,0
155,5,35,NA,NA,NA,0
156,6,36,NA,NA,NA,0
157,6,36,NA,NA,NA,0
158,6,36,NA,NA,NA,0
159,6,36,NA,NA,NA,0
160,6,36,NA,NA,NA,0
161,6,36,NA,NA,NA,0
162,3,37,NA,NA,NA,0
163,3,37,NA,NA,NA,0
164,3,37,NA,NA,NA,0
165,6,38,NA,NA,NA,0
166,6,38,NA,NA,NA,0
167,6,38,NA,NA,NA,0
168,6,38,NA,NA,NA,0
169,6,38,NA,NA,NA,0
170,6,38,NA,NA,NA,0
171,3,39,NA,NA,NA,0
172,3,39,NA,NA,NA,0
173,3,39,NA,NA,NA,0
174,3,40,NA,NA,NA,0
175,3,40,NA,NA,NA,0
176,3,40,NA,NA,NA,0
177,4,41,NA,NA,NA,0
178,4,41,NA,NA,NA,0
179,4,41,NA,NA,NA,0
180,4,41,NA,NA,NA,0
181,3,42,NA,NA,NA,0
182,3,42,"C",361,2,0
183,3,42,NA,NA,NA,0
184,3,43,NA,NA,NA,0
185,3,43,NA,NA,NA,0
186,3,43,NA,NA,NA,0
187,6,44,"C",242,5,1
188,6,44,"H",286,4,1
189,6,44,NA,NA,NA,0
190,6,44,NA,NA,NA,0
191,6,44,"H",322,3,0
192,6,44,"C",NA,NA,0
193,4,45,NA,NA,NA,0
194,4,45,NA,NA,NA,0
195,4,45,NA,NA,NA,0
196,4,45,NA,NA,NA,0
197,5,46,NA,NA,NA,0
198,5,46,NA,NA,NA,0
199,5,46,NA,NA,NA,0
200,5,46,NA,NA,NA,0
201,5,46,NA,NA,NA,0
202,3,47,NA,NA,NA,0
203,3,47,NA,NA,NA,0
204,3,47,NA,NA,NA,0
205,4,48,"H",327,1,1
206,4,48,"H",361,0,0
207,4,48,"C",314,2,1
208,4,48,"C",280,2,0
209,6,49,"H",341,2,0
210,6,49,"H",363,2,0
211,6,49,"C",328,5,3
212,6,49,NA,NA,NA,0
213,6,49,NA,NA,NA,0
214,6,49,"H",NA,NA,0
215,5,50,NA,NA,NA,0
216,5,50,NA,NA,NA,0
217,5,50,NA,NA,NA,0
218,5,50,NA,NA,NA,0
219,5,50,NA,NA,NA,0
220,3,51,NA,NA,NA,0
221,3,51,NA,NA,NA,0
222,3,51,"C",339,2,0
223,4,52,NA,NA,NA,0
224,4,52,NA,NA,NA,0
225,4,52,NA,NA,NA,0
226,4,52,NA,NA,NA,0
227,6,53,NA,NA,NA,0
228,6,53,NA,NA,NA,0
229,6,53,NA,NA,NA,0
230,6,53,NA,NA,NA,0
231,6,53,NA,NA,NA,0
232,6,53,NA,NA,NA,0
233,3,54,NA,NA,NA,0
234,3,54,NA,NA,NA,0
235,3,54,NA,NA,NA,0
236,3,55,NA,NA,NA,0
237,3,55,NA,NA,NA,0
238,3,55,NA,NA,NA,0
239,5,56,NA,NA,NA,0
240,5,56,NA,NA,NA,0
241,5,56,NA,NA,NA,0
242,5,56,NA,NA,NA,0
243,5,56,NA,NA,NA,0
244,6,57,NA,NA,NA,0
245,6,57,NA,NA,NA,0
246,6,57,NA,NA,NA,0
247,6,57,NA,NA,NA,0
248,6,57,NA,NA,NA,0
249,6,57,NA,NA,NA,0
250,4,58,NA,NA,NA,0
251,4,58,NA,NA,NA,0
252,4,58,NA,NA,NA,0
253,4,58,NA,NA,NA,0
254,4,59,NA,NA,NA,0
255,4,59,NA,NA,NA,0
256,4,59,NA,NA,NA,0
257,4,59,NA,NA,NA,0
258,3,60,NA,NA,NA,0
259,3,60,NA,NA,NA,0
260,3,60,NA,NA,NA,0
261,4,61,NA,NA,NA,0
262,4,61,NA,NA,NA,0
263,4,61,NA,NA,NA,0
264,4,61,NA,NA,NA,0
265,6,62,NA,NA,NA,0
266,6,62,NA,NA,NA,0
267,6,62,NA,NA,NA,0
268,6,62,NA,NA,NA,0
269,6,62,NA,NA,NA,0
270,6,62,"C",NA,NA,0
271,4,63,NA,NA,NA,0
272,4,63,NA,NA,NA,0
273,4,63,NA,NA,NA,0
274,4,63,NA,NA,NA,0
275,6,64,NA,NA,NA,0
276,6,64,NA,NA,NA,0
277,6,64,NA,NA,NA,0
278,6,64,NA,NA,NA,0
279,6,64,NA,NA,NA,0
280,6,64,NA,NA,NA,0
281,4,65,"C",NA,NA,0
282,4,65,NA,NA,NA,0
283,4,65,NA,NA,NA,0
284,4,65,NA,NA,NA,0
285,6,66,NA,NA,NA,0
286,6,66,NA,NA,NA,0
287,6,66,NA,NA,NA,0
288,6,66,NA,NA,NA,0
289,6,66,NA,NA,NA,0
290,6,66,NA,NA,NA,0
291,3,67,NA,NA,NA,0
292,3,67,NA,NA,NA,0
293,3,67,"C",129,2,0
294,4,68,NA,NA,NA,0
295,4,68,NA,NA,NA,0
296,4,68,"C",NA,NA,0
297,4,68,"C",NA,NA,0
298,5,69,NA,NA,NA,0
299,5,69,NA,NA,NA,0
300,5,69,NA,NA,NA,0
301,5,69,NA,NA,NA,0
302,5,69,NA,NA,NA,0
303,5,70,"H",233,0,0
304,5,70,"H",196,2,2
305,5,70,"H",208,0,0
306,5,70,"C",167,4,2
307,5,70,"H",221,0,0
308,5,71,NA,NA,NA,0
309,5,71,NA,NA,NA,0
310,5,71,NA,NA,NA,0
311,5,71,NA,NA,NA,0
312,5,71,NA,NA,NA,0
313,5,72,NA,NA,NA,0
314,5,72,NA,NA,NA,0
315,5,72,NA,NA,NA,0
316,5,72,NA,NA,NA,0
317,5,72,NA,NA,NA,0
318,5,73,"C",NA,NA,0
319,5,73,NA,NA,NA,0
320,5,73,NA,NA,NA,0
321,5,73,NA,NA,NA,0
322,5,73,NA,NA,NA,0
323,3,74,NA,NA,NA,0
324,3,74,"C",NA,NA,0
325,3,74,NA,NA,NA,0
326,3,75,NA,NA,NA,0
327,3,75,NA,NA,NA,0
328,3,75,NA,NA,NA,0
329,6,76,NA,NA,NA,0
330,6,76,NA,NA,NA,0
331,6,76,NA,NA,NA,0
332,6,76,NA,NA,NA,0
333,6,76,NA,NA,NA,0
334,6,76,NA,NA,NA,0
335,3,77,NA,NA,NA,0
336,3,77,NA,NA,NA,0
337,3,77,NA,NA,NA,0
338,4,78,NA,NA,NA,0
339,4,78,NA,NA,NA,0
340,4,78,NA,NA,NA,0
341,4,78,NA,NA,NA,0
342,3,79,NA,NA,NA,0
343,3,79,NA,NA,NA,0
344,3,79,NA,NA,NA,0
345,4,80,NA,NA,NA,0
346,4,80,NA,NA,NA,0
347,4,80,"C",316,3,0
348,4,80,NA,NA,NA,0
349,5,81,NA,NA,NA,0
350,5,81,NA,NA,NA,0
351,5,81,NA,NA,NA,0
352,5,81,NA,NA,NA,0
353,5,81,NA,NA,NA,0
354,5,82,NA,NA,NA,0
355,5,82,NA,NA,NA,0
356,5,82,NA,NA,NA,0
357,5,82,NA,NA,NA,0
358,5,82,NA,NA,NA,0
359,3,83,NA,NA,NA,0
360,3,83,NA,NA,NA,0
361,3,83,NA,NA,NA,0
362,4,84,NA,NA,NA,0
363,4,84,NA,NA,NA,0
364,4,84,NA,NA,NA,0
365,4,84,NA,NA,NA,0
366,3,85,NA,NA,NA,0
367,3,85,NA,NA,NA,0
368,3,85,NA,NA,NA,0
369,3,86,NA,NA,NA,0
370,3,86,NA,NA,NA,0
371,3,86,NA,NA,NA,0
372,3,87,NA,NA,NA,0
373,3,87,NA,NA,NA,0
374,3,87,NA,NA,NA,0
375,6,88,NA,NA,NA,0
376,6,88,NA,NA,NA,0
377,6,88,NA,NA,NA,0
378,6,88,NA,NA,NA,0
379,6,88,NA,NA,NA,0
380,6,88,NA,NA,NA,0
381,3,89,NA,NA,NA,0
382,3,89,NA,NA,NA,0
383,3,89,NA,NA,NA,0
384,3,90,NA,NA,NA,0
385,3,90,NA,NA,NA,0
386,3,90,NA,NA,NA,0
387,5,91,NA,NA,NA,0
388,5,91,NA,NA,NA,0
389,5,91,NA,NA,NA,0
390,5,91,NA,NA,NA,0
391,5,91,NA,NA,NA,0
392,4,92,"H",314,0,0
393,4,92,"H",308,0,0
394,4,92,"H",283,2,2
395,4,92,"C",242,3,1
396,3,93,NA,NA,NA,0
397,3,93,NA,NA,NA,0
398,3,93,NA,NA,NA,0
399,6,94,NA,NA,NA,0
400,6,94,NA,NA,NA,0
401,6,94,NA,NA,NA,0
402,6,94,NA,NA,NA,0
403,6,94,NA,NA,NA,0
404,6,94,NA,NA,NA,0
405,3,95,NA,NA,NA,0
406,3,95,"C",344,2,0
407,3,95,NA,NA,NA,0
408,3,96,NA,NA,NA,0
409,3,96,NA,NA,NA,0
410,3,96,NA,NA,NA,0
411,3,97,NA,NA,NA,0
412,3,97,NA,NA,NA,0
413,3,97,NA,NA,NA,0
414,4,98,"H",NA,NA,0
415,4,98,"C",342,3,2
416,4,98,NA,NA,NA,0
417,4,98,"H",NA,NA,0
418,6,99,NA,NA,NA,0
419,6,99,NA,NA,NA,0
420,6,99,NA,NA,NA,0
421,6,99,NA,NA,NA,0
422,6,99,NA,NA,NA,0
423,6,99,"C",NA,NA,0
424,3,100,NA,NA,NA,0
425,3,100,NA,NA,NA,0
426,3,100,NA,NA,NA,0
427,6,101,NA,NA,NA,0
428,6,101,NA,NA,NA,0
429,6,101,"C",346,5,0
430,6,101,NA,NA,NA,0
431,6,101,NA,NA,NA,0
432,6,101,NA,NA,NA,0
433,3,102,NA,NA,NA,0
434,3,102,NA,NA,NA,0
435,3,102,NA,NA,NA,0
436,5,103,NA,NA,NA,0
437,5,103,NA,NA,NA,0
438,5,103,NA,NA,NA,0
439,5,103,NA,NA,NA,0
440,5,103,NA,NA,NA,0
441,5,104,NA,NA,NA,0
442,5,104,NA,NA,NA,0
443,5,104,NA,NA,NA,0
444,5,104,NA,NA,NA,0
445,5,104,NA,NA,NA,0
446,5,105,NA,NA,NA,0
447,5,105,NA,NA,NA,0
448,5,105,NA,NA,NA,0
449,5,105,NA,NA,NA,0
450,5,105,NA,NA,NA,0
451,4,106,NA,NA,NA,0
452,4,106,NA,NA,NA,0
453,4,106,NA,NA,NA,0
454,4,106,NA,NA,NA,0
455,3,107,NA,NA,NA,0
456,3,107,NA,NA,NA,0
457,3,107,NA,NA,NA,0
458,5,108,NA,NA,NA,0
459,5,108,NA,NA,NA,0
460,5,108,NA,NA,NA,0
461,5,108,NA,NA,NA,0
462,5,108,NA,NA,NA,0
463,6,109,NA,NA,NA,0
464,6,109,NA,NA,NA,0
465,6,109,NA,NA,NA,0
466,6,109,NA,NA,NA,0
467,6,109,NA,NA,NA,0
468,6,109,NA,NA,NA,0
469,3,110,NA,NA,NA,0
470,3,110,NA,NA,NA,0
471,3,110,NA,NA,NA,0
472,3,111,NA,NA,NA,0
473,3,111,NA,NA,NA,0
474,3,111,NA,NA,NA,0
475,6,112,NA,NA,NA,0
476,6,112,NA,NA,NA,0
477,6,112,NA,NA,NA,0
478,6,112,NA,NA,NA,0
479,6,112,NA,NA,NA,0
480,6,112,NA,NA,NA,0
481,5,113,"H",NA,NA,0
482,5,113,NA,NA,NA,0
483,5,113,"H",348,2,1
484,5,113,"H",363,1,0
485,5,113,"C",325,4,2
486,3,114,"H",246,0,0
487,3,114,"C",227,2,2
488,3,114,"H",258,0,0
489,3,115,NA,NA,NA,0
490,3,115,NA,NA,NA,0
491,3,115,NA,NA,NA,0
492,6,116,NA,NA,NA,0
493,6,116,NA,NA,NA,0
494,6,116,NA,NA,NA,0
495,6,116,NA,NA,NA,0
496,6,116,NA,NA,NA,0
497,6,116,NA,NA,NA,0
498,4,117,NA,NA,NA,0
499,4,117,NA,NA,NA,0
500,4,117,NA,NA,NA,0
501,4,117,NA,NA,NA,0
502,5,118,NA,NA,NA,0
503,5,118,NA,NA,NA,0
504,5,118,NA,NA,NA,0
505,5,118,NA,NA,NA,0
506,5,118,"C",NA,NA,0
507,3,119,NA,NA,NA,0
508,3,119,NA,NA,NA,0
509,3,119,NA,NA,NA,0
510,6,120,NA,NA,NA,0
511,6,120,NA,NA,NA,0
512,6,120,NA,NA,NA,0
513,6,120,NA,NA,NA,0
514,6,120,NA,NA,NA,0
515,6,120,NA,NA,NA,0
516,6,121,NA,NA,NA,0
517,6,121,NA,NA,NA,0
518,6,121,NA,NA,NA,0
519,6,121,NA,NA,NA,0
520,6,121,NA,NA,NA,0
521,6,121,NA,NA,NA,0
522,6,122,NA,NA,NA,0
523,6,122,NA,NA,NA,0
524,6,122,NA,NA,NA,0
525,6,122,NA,NA,NA,0
526,6,122,NA,NA,NA,0
527,6,122,NA,NA,NA,0
528,6,123,NA,NA,NA,0
529,6,123,NA,NA,NA,0
530,6,123,NA,NA,NA,0
531,6,123,NA,NA,NA,0
532,6,123,NA,NA,NA,0
533,6,123,NA,NA,NA,0
534,4,124,NA,NA,NA,0
535,4,124,NA,NA,NA,0
536,4,124,NA,NA,NA,0
537,4,124,NA,NA,NA,0
538,4,125,"H",276,2,1
539,4,125,"C",247,3,1
540,4,125,"H",297,1,1
541,4,125,"H",338,0,0
542,4,126,NA,NA,NA,0
543,4,126,NA,NA,NA,0
544,4,126,NA,NA,NA,0
545,4,126,NA,NA,NA,0
546,5,127,NA,NA,NA,0
547,5,127,NA,NA,NA,0
548,5,127,"C",280,4,0
549,5,127,NA,NA,NA,0
550,5,127,NA,NA,NA,0
551,5,128,NA,NA,NA,0
552,5,128,"C",322,4,1
553,5,128,NA,NA,NA,0
554,5,128,"H",350,3,0
555,5,128,NA,NA,NA,0
556,6,129,NA,NA,NA,0
557,6,129,NA,NA,NA,0
558,6,129,"C",NA,NA,0
559,6,129,"C",NA,NA,0
560,6,129,NA,NA,NA,0
561,6,129,NA,NA,NA,0
562,4,130,NA,NA,NA,0
563,4,130,NA,NA,NA,0
564,4,130,NA,NA,NA,0
565,4,130,NA,NA,NA,0
566,6,131,NA,NA,NA,0
567,6,131,NA,NA,NA,0
568,6,131,NA,NA,NA,0
569,6,131,NA,NA,NA,0
570,6,131,NA,NA,NA,0
571,6,131,NA,NA,NA,0
572,5,132,NA,NA,NA,0
573,5,132,NA,NA,NA,0
574,5,132,NA,NA,NA,0
575,5,132,NA,NA,NA,0
576,5,132,NA,NA,NA,0
577,6,133,NA,NA,NA,0
578,6,133,NA,NA,NA,0
579,6,133,NA,NA,NA,0
580,6,133,NA,NA,NA,0
581,6,133,NA,NA,NA,0
582,6,133,NA,NA,NA,0
583,6,134,"H",252,0,0
584,6,134,"H",219,2,2
585,6,134,"H",213,2,0
586,6,134,"H",257,0,0
587,6,134,"C",175,4,2
588,6,134,"C",177,3,0
589,5,135,NA,NA,NA,0
590,5,135,NA,NA,NA,0
591,5,135,NA,NA,NA,0
592,5,135,NA,NA,NA,0
593,5,135,NA,NA,NA,0
594,4,136,NA,NA,NA,0
595,4,136,NA,NA,NA,0
596,4,136,NA,NA,NA,0
597,4,136,NA,NA,NA,0
598,4,137,NA,NA,NA,0
599,4,137,NA,NA,NA,0
600,4,137,NA,NA,NA,0
601,4,137,NA,NA,NA,0
602,5,138,"C",297,3,0
603,5,138,NA,NA,NA,0
604,5,138,"C",54,4,0
605,5,138,"C",354,2,0
606,5,138,NA,NA,NA,0
607,6,139,NA,NA,NA,0
608,6,139,NA,NA,NA,0
609,6,139,NA,NA,NA,0
610,6,139,NA,NA,NA,0
611,6,139,NA,NA,NA,0
612,6,139,NA,NA,NA,0
613,5,140,NA,NA,NA,0
614,5,140,NA,NA,NA,0
615,5,140,NA,NA,NA,0
616,5,140,NA,NA,NA,0
617,5,140,NA,NA,NA,0
618,5,141,NA,NA,NA,0
619,5,141,NA,NA,NA,0
620,5,141,NA,NA,NA,0
621,5,141,NA,NA,NA,0
622,5,141,NA,NA,NA,0
623,5,142,NA,NA,NA,0
624,5,142,NA,NA,NA,0
625,5,142,NA,NA,NA,0
626,5,142,NA,NA,NA,0
627,5,142,NA,NA,NA,0
628,3,143,NA,NA,NA,0
629,3,143,NA,NA,NA,0
630,3,143,NA,NA,NA,0
631,3,144,NA,NA,NA,0
632,3,144,NA,NA,NA,0
633,3,144,NA,NA,NA,0
634,6,145,NA,NA,NA,0
635,6,145,NA,NA,NA,0
636,6,145,NA,NA,NA,0
637,6,145,NA,NA,NA,0
638,6,145,NA,NA,NA,0
639,6,145,NA,NA,NA,0
640,6,146,NA,NA,NA,0
641,6,146,NA,NA,NA,0
642,6,146,NA,NA,NA,0
643,6,146,NA,NA,NA,0
644,6,146,NA,NA,NA,0
645,6,146,NA,NA,NA,0
646,5,147,"C",NA,NA,0
647,5,147,"H",NA,NA,0
648,5,147,"C",322,3,1
649,5,147,"C",328,2,1
650,5,147,"H",NA,NA,0
651,6,148,NA,NA,NA,0
652,6,148,NA,NA,NA,0
653,6,148,NA,NA,NA,0
654,6,148,NA,NA,NA,0
655,6,148,NA,NA,NA,0
656,6,148,NA,NA,NA,0
657,6,149,NA,NA,NA,0
658,6,149,NA,NA,NA,0
659,6,149,NA,NA,NA,0
660,6,149,NA,NA,NA,0
661,6,149,NA,NA,NA,0
662,6,149,NA,NA,NA,0
663,3,150,NA,NA,NA,0
664,3,150,NA,NA,NA,0
665,3,150,NA,NA,NA,0
666,5,151,NA,NA,NA,0
667,5,151,NA,NA,NA,0
668,5,151,NA,NA,NA,0
669,5,151,"C",209,4,0
670,5,151,NA,NA,NA,0
671,5,152,NA,NA,NA,0
672,5,152,NA,NA,NA,0
673,5,152,NA,NA,NA,0
674,5,152,NA,NA,NA,0
675,5,152,NA,NA,NA,0
676,6,153,NA,NA,NA,0
677,6,153,"H",64,4,2
678,6,153,"H",98,2,1
679,6,153,"H",135,1,0
680,6,153,"C",25,5,1
681,6,153,"H",98,2,0
682,5,154,NA,NA,NA,0
683,5,154,"C",NA,NA,0
684,5,154,NA,NA,NA,0
685,5,154,NA,NA,NA,0
686,5,154,NA,NA,NA,0
687,6,155,"H",352,0,0
688,6,155,"H",NA,NA,0
689,6,155,"H",342,2,2
690,6,155,"H",345,1,0
691,6,155,"H",356,0,0
692,6,155,"C",324,5,3
693,6,156,NA,NA,NA,0
694,6,156,NA,NA,NA,0
695,6,156,NA,NA,NA,0
696,6,156,NA,NA,NA,0
697,6,156,NA,NA,NA,0
698,6,156,NA,NA,NA,0
699,4,157,NA,NA,NA,0
700,4,157,NA,NA,NA,0
701,4,157,NA,NA,NA,0
702,4,157,NA,NA,NA,0
703,3,158,NA,NA,NA,0
704,3,158,NA,NA,NA,0
705,3,158,NA,NA,NA,0
706,3,159,NA,NA,NA,0
707,3,159,NA,NA,NA,0
708,3,159,NA,NA,NA,0
709,3,160,NA,NA,NA,0
710,3,160,NA,NA,NA,0
711,3,160,NA,NA,NA,0
712,5,161,NA,NA,NA,0
713,5,161,NA,NA,NA,0
714,5,161,NA,NA,NA,0
715,5,161,"C",309,4,1
716,5,161,"H",361,3,0
717,6,162,NA,NA,NA,0
718,6,162,NA,NA,NA,0
719,6,162,NA,NA,NA,0
720,6,162,NA,NA,NA,0
721,6,162,NA,NA,NA,0
722,6,162,NA,NA,NA,0
723,5,163,NA,NA,NA,0
724,5,163,NA,NA,NA,0
725,5,163,NA,NA,NA,0
726,5,163,NA,NA,NA,0
727,5,163,NA,NA,NA,0
728,3,164,NA,NA,NA,0
729,3,164,NA,NA,NA,0
730,3,164,NA,NA,NA,0
731,4,165,NA,NA,NA,0
732,4,165,NA,NA,NA,0
733,4,165,NA,NA,NA,0
734,4,165,NA,NA,NA,0
735,3,166,NA,NA,NA,0
736,3,166,NA,NA,NA,0
737,3,166,NA,NA,NA,0
738,6,167,NA,NA,NA,0
739,6,167,NA,NA,NA,0
740,6,167,NA,NA,NA,0
741,6,167,NA,NA,NA,0
742,6,167,NA,NA,NA,0
743,6,167,NA,NA,NA,0
744,5,168,NA,NA,NA,0
745,5,168,NA,NA,NA,0
746,5,168,NA,NA,NA,0
747,5,168,NA,NA,NA,0
748,5,168,NA,NA,NA,0
749,4,169,NA,NA,NA,0
750,4,169,NA,NA,NA,0
751,4,169,NA,NA,NA,0
752,4,169,"C",NA,NA,0
753,6,170,NA,NA,NA,0
754,6,170,NA,NA,NA,0
755,6,170,NA,NA,NA,0
756,6,170,NA,NA,NA,0
757,6,170,NA,NA,NA,0
758,6,170,NA,NA,NA,0
759,5,171,NA,NA,NA,0
760,5,171,NA,NA,NA,0
761,5,171,NA,NA,NA,0
762,5,171,NA,NA,NA,0
763,5,171,NA,NA,NA,0
764,6,172,NA,NA,NA,0
765,6,172,NA,NA,NA,0
766,6,172,NA,NA,NA,0
767,6,172,"C",NA,NA,0
768,6,172,NA,NA,NA,0
769,6,172,NA,NA,NA,0
770,6,173,NA,NA,NA,0
771,6,173,NA,NA,NA,0
772,6,173,NA,NA,NA,0
773,6,173,NA,NA,NA,0
774,6,173,NA,NA,NA,0
775,6,173,NA,NA,NA,0
776,4,174,NA,NA,NA,0
777,4,174,NA,NA,NA,0
778,4,174,NA,NA,NA,0
779,4,174,NA,NA,NA,0
780,4,175,NA,NA,NA,0
781,4,175,NA,NA,NA,0
782,4,175,NA,NA,NA,0
783,4,175,NA,NA,NA,0
784,3,176,NA,NA,NA,0
785,3,176,NA,NA,NA,0
786,3,176,NA,NA,NA,0
787,5,177,NA,NA,NA,0
788,5,177,NA,NA,NA,0
789,5,177,NA,NA,NA,0
790,5,177,NA,NA,NA,0
791,5,177,NA,NA,NA,0
792,4,178,NA,NA,NA,0
793,4,178,NA,NA,NA,0
794,4,178,NA,NA,NA,0
795,4,178,NA,NA,NA,0
796,3,179,NA,NA,NA,0
797,3,179,NA,NA,NA,0
798,3,179,NA,NA,NA,0
799,6,180,NA,NA,NA,0
800,6,180,NA,NA,NA,0
801,6,180,NA,NA,NA,0
802,6,180,NA,NA,NA,0
803,6,180,NA,NA,NA,0
804,6,180,NA,NA,NA,0
805,3,181,NA,NA,NA,0
806,3,181,NA,NA,NA,0
807,3,181,NA,NA,NA,0
808,4,182,NA,NA,NA,0
809,4,182,NA,NA,NA,0
810,4,182,NA,NA,NA,0
811,4,182,NA,NA,NA,0
812,5,183,NA,NA,NA,0
813,5,183,NA,NA,NA,0
814,5,183,NA,NA,NA,0
815,5,183,NA,NA,NA,0
816,5,183,NA,NA,NA,0
817,4,184,"C",NA,NA,0
818,4,184,NA,NA,NA,0
819,4,184,NA,NA,NA,0
820,4,184,NA,NA,NA,0
821,4,185,NA,NA,NA,0
822,4,185,NA,NA,NA,0
823,4,185,NA,NA,NA,0
824,4,185,NA,NA,NA,0
825,5,186,NA,NA,NA,0
826,5,186,NA,NA,NA,0
827,5,186,NA,NA,NA,0
828,5,186,NA,NA,NA,0
829,5,186,NA,NA,NA,0
830,4,187,NA,NA,NA,0
831,4,187,NA,NA,NA,0
832,4,187,NA,NA,NA,0
833,4,187,NA,NA,NA,0
834,6,188,"C",279,5,1
835,6,188,NA,NA,NA,0
836,6,188,"H",NA,NA,0
837,6,188,NA,NA,NA,0
838,6,188,NA,NA,NA,0
839,6,188,NA,NA,NA,0
840,6,189,"H",NA,NA,0
841,6,189,NA,NA,NA,0
842,6,189,NA,NA,NA,0
843,6,189,"C",324,4,0
844,6,189,"H",NA,NA,0
845,6,189,"C",354,4,2
846,6,190,NA,NA,NA,0
847,6,190,NA,NA,NA,0
848,6,190,NA,NA,NA,0
849,6,190,NA,NA,NA,0
850,6,190,NA,NA,NA,0
851,6,190,NA,NA,NA,0
852,3,191,NA,NA,NA,0
853,3,191,NA,NA,NA,0
854,3,191,NA,NA,NA,0
855,3,192,NA,NA,NA,0
856,3,192,NA,NA,NA,0
857,3,192,NA,NA,NA,0
858,4,193,NA,NA,NA,0
859,4,193,NA,NA,NA,0
860,4,193,NA,NA,NA,0
861,4,193,NA,NA,NA,0
862,4,194,NA,NA,NA,0
863,4,194,NA,NA,NA,0
864,4,194,NA,NA,NA,0
865,4,194,NA,NA,NA,0
866,3,195,NA,NA,NA,0
867,3,195,NA,NA,NA,0
868,3,195,NA,NA,NA,0
869,6,196,NA,NA,NA,0
870,6,196,NA,NA,NA,0
871,6,196,NA,NA,NA,0
872,6,196,NA,NA,NA,0
873,6,196,NA,NA,NA,0
874,6,196,NA,NA,NA,0
875,5,197,NA,NA,NA,0
876,5,197,NA,NA,NA,0
877,5,197,NA,NA,NA,0
878,5,197,NA,NA,NA,0
879,5,197,NA,NA,NA,0
880,4,198,NA,NA,NA,0
881,4,198,NA,NA,NA,0
882,4,198,"C",NA,NA,0
883,4,198,NA,NA,NA,0
884,6,199,NA,NA,NA,0
885,6,199,NA,NA,NA,0
886,6,199,NA,NA,NA,0
887,6,199,NA,NA,NA,0
888,6,199,NA,NA,NA,0
889,6,199,NA,NA,NA,0
890,6,200,NA,NA,NA,0
891,6,200,NA,NA,NA,0
892,6,200,NA,NA,NA,0
893,6,200,NA,NA,NA,0
894,6,200,NA,NA,NA,0
895,6,200,NA,NA,NA,0
896,6,201,"C",316,5,4
897,6,201,"H",359,0,0
898,6,201,"H",NA,NA,0
899,6,201,"H",363,0,0
900,6,201,"H",343,1,1
901,6,201,"H",359,0,0
902,5,202,NA,NA,NA,0
903,5,202,NA,NA,NA,0
904,5,202,NA,NA,NA,0
905,5,202,"C",NA,NA,0
906,5,202,NA,NA,NA,0
907,5,203,NA,NA,NA,0
908,5,203,"H",NA,NA,0
909,5,203,"C",302,4,1
910,5,203,"H",NA,NA,0
911,5,203,"H",346,3,2
912,6,204,NA,NA,NA,0
913,6,204,NA,NA,NA,0
914,6,204,NA,NA,NA,0
915,6,204,NA,NA,NA,0
916,6,204,NA,NA,NA,0
917,6,204,NA,NA,NA,0
918,6,205,NA,NA,NA,0
919,6,205,NA,NA,NA,0
920,6,205,NA,NA,NA,0
921,6,205,NA,NA,NA,0
922,6,205,NA,NA,NA,0
923,6,205,NA,NA,NA,0
924,4,206,"H",NA,NA,0
925,4,206,"C",326,2,1
926,4,206,"C",318,2,0
927,4,206,"H",358,1,1
928,4,207,NA,NA,NA,0
929,4,207,NA,NA,NA,0
930,4,207,NA,NA,NA,0
931,4,207,NA,NA,NA,0
932,4,208,NA,NA,NA,0
933,4,208,NA,NA,NA,0
934,4,208,NA,NA,NA,0
935,4,208,NA,NA,NA,0
936,5,209,"H",334,1,1
937,5,209,"H",352,0,0
938,5,209,"H",294,2,1
939,5,209,"C",275,4,2
940,5,209,"H",321,1,0
941,4,210,NA,NA,NA,0
942,4,210,NA,NA,NA,0
943,4,210,NA,NA,NA,0
944,4,210,NA,NA,NA,0
945,5,211,NA,NA,NA,0
946,5,211,NA,NA,NA,0
947,5,211,NA,NA,NA,0
948,5,211,NA,NA,NA,0
949,5,211,NA,NA,NA,0
950,6,212,NA,NA,NA,0
951,6,212,"H",363,2,1
952,6,212,"H",NA,NA,0
953,6,212,"C",353,4,2
954,6,212,"C",NA,NA,0
955,6,212,"H",NA,NA,0
956,4,213,NA,NA,NA,0
957,4,213,NA,NA,NA,0
958,4,213,NA,NA,NA,0
959,4,213,NA,NA,NA,0
960,3,214,NA,NA,NA,0
961,3,214,NA,NA,NA,0
962,3,214,NA,NA,NA,0
963,4,215,NA,NA,NA,0
964,4,215,NA,NA,NA,0
965,4,215,NA,NA,NA,0
966,4,215,NA,NA,NA,0
967,3,216,NA,NA,NA,0
968,3,216,NA,NA,NA,0
969,3,216,NA,NA,NA,0
970,3,217,NA,NA,NA,0
971,3,217,NA,NA,NA,0
972,3,217,NA,NA,NA,0
973,5,218,"C",NA,NA,0
974,5,218,NA,NA,NA,0
975,5,218,NA,NA,NA,0
976,5,218,NA,NA,NA,0
977,5,218,NA,NA,NA,0
978,6,219,NA,NA,NA,0
979,6,219,NA,NA,NA,0
980,6,219,NA,NA,NA,0
981,6,219,NA,NA,NA,0
982,6,219,NA,NA,NA,0
983,6,219,NA,NA,NA,0
984,3,220,"C",253,2,0
985,3,220,NA,NA,NA,0
986,3,220,NA,NA,NA,0
987,4,221,NA,NA,NA,0
988,4,221,NA,NA,NA,0
989,4,221,NA,NA,NA,0
990,4,221,NA,NA,NA,0
991,5,222,"H",149,3,0
992,5,222,NA,NA,NA,0
993,5,222,"C",119,4,1
994,5,222,NA,NA,NA,0
995,5,222,NA,NA,NA,0
996,5,223,NA,NA,NA,0
997,5,223,NA,NA,NA,0
998,5,223,NA,NA,NA,0
999,5,223,NA,NA,NA,0
1000,5,223,NA,NA,NA,0
