"ID","SIZE","HH","TYPE","TIME","S_NUM","I_NUM"
1,6,1,"0",41,5,4
2,6,1,"H",73,0,0
3,6,1,"H",60,1,1
4,6,1,"H",63,1,0
5,6,1,"H",88,0,0
6,6,1,"H",86,0,0
7,6,2,NA,NA,NA,0
8,6,2,NA,NA,NA,0
9,6,2,NA,NA,NA,0
10,6,2,NA,NA,NA,0
11,6,2,NA,NA,NA,0
12,6,2,NA,NA,NA,0
13,4,3,NA,NA,NA,0
14,4,3,NA,NA,NA,0
15,4,3,NA,NA,NA,0
16,4,3,NA,NA,NA,0
17,4,4,NA,NA,NA,0
18,4,4,NA,NA,NA,0
19,4,4,NA,NA,NA,0
20,4,4,NA,NA,NA,0
21,6,5,"H",289,1,1
22,6,5,"H",305,0,0
23,6,5,"C",253,5,1
24,6,5,"H",267,4,3
25,6,5,"H",287,1,0
26,6,5,"H",344,0,0
27,6,6,NA,NA,NA,0
28,6,6,"C",344,5,0
29,6,6,NA,NA,NA,0
30,6,6,NA,NA,NA,0
31,6,6,NA,NA,NA,0
32,6,6,NA,NA,NA,0
33,4,7,"C",363,1,1
34,4,7,"C",343,2,1
35,4,7,"H",NA,NA,0
36,4,7,"H",NA,NA,0
37,3,8,NA,NA,NA,0
38,3,8,"C",NA,NA,0
39,3,8,NA,NA,NA,0
40,4,9,NA,NA,NA,0
41,4,9,NA,NA,NA,0
42,4,9,NA,NA,NA,0
43,4,9,NA,NA,NA,0
44,4,10,NA,NA,NA,0
45,4,10,NA,NA,NA,0
46,4,10,NA,NA,NA,0
47,4,10,NA,NA,NA,0
48,5,11,NA,NA,NA,0
49,5,11,NA,NA,NA,0
50,5,11,NA,NA,NA,0
51,5,11,NA,NA,NA,0
52,5,11,NA,NA,NA,0
53,6,12,NA,NA,NA,0
54,6,12,NA,NA,NA,0
55,6,12,NA,NA,NA,0
56,6,12,NA,NA,NA,0
57,6,12,NA,NA,NA,0
58,6,12,NA,NA,NA,0
59,3,13,NA,NA,NA,0
60,3,13,NA,NA,NA,0
61,3,13,NA,NA,NA,0
62,4,14,NA,NA,NA,0
63,4,14,NA,NA,NA,0
64,4,14,NA,NA,NA,0
65,4,14,NA,NA,NA,0
66,3,15,NA,NA,NA,0
67,3,15,NA,NA,NA,0
68,3,15,NA,NA,NA,0
69,4,16,NA,NA,NA,0
70,4,16,NA,NA,NA,0
71,4,16,NA,NA,NA,0
72,4,16,NA,NA,NA,0
73,5,17,NA,NA,NA,0
74,5,17,"C",NA,NA,0
75,5,17,NA,NA,NA,0
76,5,17,NA,NA,NA,0
77,5,17,NA,NA,NA,0
78,3,18,"C",344,2,2
79,3,18,"H",NA,NA,0
80,3,18,"H",NA,NA,0
81,3,19,NA,NA,NA,0
82,3,19,NA,NA,NA,0
83,3,19,NA,NA,NA,0
84,5,20,NA,NA,NA,0
85,5,20,NA,NA,NA,0
86,5,20,NA,NA,NA,0
87,5,20,NA,NA,NA,0
88,5,20,NA,NA,NA,0
89,6,21,NA,NA,NA,0
90,6,21,NA,NA,NA,0
91,6,21,"H",134,4,1
92,6,21,NA,NA,NA,0
93,6,21,"C",109,5,1
94,6,21,"H",169,3,0
95,4,22,"H",159,0,0
96,4,22,"H",126,1,1
97,4,22,"C",85,3,1
98,4,22,"H",101,2,1
99,4,23,NA,NA,NA,0
100,4,23,NA,NA,NA,0
101,4,23,NA,NA,NA,0
102,4,23,NA,NA,NA,0
103,5,24,NA,NA,NA,0
104,5,24,NA,NA,NA,0
105,5,24,NA,NA,NA,0
106,5,24,"C",NA,NA,0
107,5,24,NA,NA,NA,0
108,6,25,NA,NA,NA,0
109,6,25,NA,NA,NA,0
110,6,25,NA,NA,NA,0
111,6,25,NA,NA,NA,0
112,6,25,NA,NA,NA,0
113,6,25,NA,NA,NA,0
114,4,26,NA,NA,NA,0
115,4,26,NA,NA,NA,0
116,4,26,NA,NA,NA,0
117,4,26,NA,NA,NA,0
118,4,27,NA,NA,NA,0
119,4,27,NA,NA,NA,0
120,4,27,NA,NA,NA,0
121,4,27,NA,NA,NA,0
122,3,28,NA,NA,NA,0
123,3,28,NA,NA,NA,0
124,3,28,NA,NA,NA,0
125,5,29,NA,NA,NA,0
126,5,29,NA,NA,NA,0
127,5,29,NA,NA,NA,0
128,5,29,NA,NA,NA,0
129,5,29,NA,NA,NA,0
130,6,30,NA,NA,NA,0
131,6,30,NA,NA,NA,0
132,6,30,NA,NA,NA,0
133,6,30,NA,NA,NA,0
134,6,30,"C",315,5,0
135,6,30,NA,NA,NA,0
136,5,31,NA,NA,NA,0
137,5,31,NA,NA,NA,0
138,5,31,NA,NA,NA,0
139,5,31,NA,NA,NA,0
140,5,31,NA,NA,NA,0
141,6,32,NA,NA,NA,0
142,6,32,NA,NA,NA,0
143,6,32,NA,NA,NA,0
144,6,32,NA,NA,NA,0
145,6,32,NA,NA,NA,0
146,6,32,NA,NA,NA,0
147,6,33,NA,NA,NA,0
148,6,33,NA,NA,NA,0
149,6,33,NA,NA,NA,0
150,6,33,NA,NA,NA,0
151,6,33,NA,NA,NA,0
152,6,33,NA,NA,NA,0
153,6,34,NA,NA,NA,0
154,6,34,NA,NA,NA,0
155,6,34,NA,NA,NA,0
156,6,34,NA,NA,NA,0
157,6,34,NA,NA,NA,0
158,6,34,NA,NA,NA,0
159,5,35,NA,NA,NA,0
160,5,35,NA,NA,NA,0
161,5,35,NA,NA,NA,0
162,5,35,NA,NA,NA,0
163,5,35,NA,NA,NA,0
164,4,36,NA,NA,NA,0
165,4,36,NA,NA,NA,0
166,4,36,NA,NA,NA,0
167,4,36,NA,NA,NA,0
168,6,37,NA,NA,NA,0
169,6,37,NA,NA,NA,0
170,6,37,NA,NA,NA,0
171,6,37,NA,NA,NA,0
172,6,37,NA,NA,NA,0
173,6,37,NA,NA,NA,0
174,6,38,NA,NA,NA,0
175,6,38,NA,NA,NA,0
176,6,38,NA,NA,NA,0
177,6,38,NA,NA,NA,0
178,6,38,NA,NA,NA,0
179,6,38,NA,NA,NA,0
180,5,39,"H",264,3,2
181,5,39,"H",331,0,0
182,5,39,"H",304,1,1
183,5,39,"C",223,4,1
184,5,39,"H",281,1,0
185,6,40,NA,NA,NA,0
186,6,40,NA,NA,NA,0
187,6,40,NA,NA,NA,0
188,6,40,NA,NA,NA,0
189,6,40,NA,NA,NA,0
190,6,40,NA,NA,NA,0
191,3,41,NA,NA,NA,0
192,3,41,NA,NA,NA,0
193,3,41,NA,NA,NA,0
194,6,42,NA,NA,NA,0
195,6,42,NA,NA,NA,0
196,6,42,NA,NA,NA,0
197,6,42,NA,NA,NA,0
198,6,42,NA,NA,NA,0
199,6,42,NA,NA,NA,0
200,5,43,NA,NA,NA,0
201,5,43,NA,NA,NA,0
202,5,43,NA,NA,NA,0
203,5,43,NA,NA,NA,0
204,5,43,NA,NA,NA,0
205,4,44,NA,NA,NA,0
206,4,44,NA,NA,NA,0
207,4,44,NA,NA,NA,0
208,4,44,NA,NA,NA,0
209,6,45,NA,NA,NA,0
210,6,45,NA,NA,NA,0
211,6,45,NA,NA,NA,0
212,6,45,NA,NA,NA,0
213,6,45,NA,NA,NA,0
214,6,45,NA,NA,NA,0
215,5,46,NA,NA,NA,0
216,5,46,NA,NA,NA,0
217,5,46,NA,NA,NA,0
218,5,46,NA,NA,NA,0
219,5,46,NA,NA,NA,0
220,6,47,NA,NA,NA,0
221,6,47,NA,NA,NA,0
222,6,47,NA,NA,NA,0
223,6,47,NA,NA,NA,0
224,6,47,NA,NA,NA,0
225,6,47,NA,NA,NA,0
226,3,48,NA,NA,NA,0
227,3,48,NA,NA,NA,0
228,3,48,NA,NA,NA,0
229,6,49,NA,NA,NA,0
230,6,49,NA,NA,NA,0
231,6,49,NA,NA,NA,0
232,6,49,NA,NA,NA,0
233,6,49,NA,NA,NA,0
234,6,49,NA,NA,NA,0
235,5,50,NA,NA,NA,0
236,5,50,NA,NA,NA,0
237,5,50,NA,NA,NA,0
238,5,50,NA,NA,NA,0
239,5,50,NA,NA,NA,0
240,4,51,NA,NA,NA,0
241,4,51,NA,NA,NA,0
242,4,51,NA,NA,NA,0
243,4,51,NA,NA,NA,0
244,5,52,NA,NA,NA,0
245,5,52,NA,NA,NA,0
246,5,52,NA,NA,NA,0
247,5,52,NA,NA,NA,0
248,5,52,NA,NA,NA,0
249,3,53,NA,NA,NA,0
250,3,53,NA,NA,NA,0
251,3,53,NA,NA,NA,0
252,5,54,NA,NA,NA,0
253,5,54,NA,NA,NA,0
254,5,54,NA,NA,NA,0
255,5,54,NA,NA,NA,0
256,5,54,NA,NA,NA,0
257,5,55,NA,NA,NA,0
258,5,55,NA,NA,NA,0
259,5,55,NA,NA,NA,0
260,5,55,NA,NA,NA,0
261,5,55,NA,NA,NA,0
262,4,56,NA,NA,NA,0
263,4,56,NA,NA,NA,0
264,4,56,NA,NA,NA,0
265,4,56,NA,NA,NA,0
266,4,57,NA,NA,NA,0
267,4,57,NA,NA,NA,0
268,4,57,NA,NA,NA,0
269,4,57,NA,NA,NA,0
270,5,58,"H",312,1,0
271,5,58,"H",264,2,1
272,5,58,"H",255,2,0
273,5,58,"C",239,4,2
274,5,58,NA,NA,NA,0
275,6,59,NA,NA,NA,0
276,6,59,NA,NA,NA,0
277,6,59,NA,NA,NA,0
278,6,59,NA,NA,NA,0
279,6,59,NA,NA,NA,0
280,6,59,NA,NA,NA,0
281,3,60,NA,NA,NA,0
282,3,60,NA,NA,NA,0
283,3,60,NA,NA,NA,0
284,5,61,NA,NA,NA,0
285,5,61,NA,NA,NA,0
286,5,61,NA,NA,NA,0
287,5,61,NA,NA,NA,0
288,5,61,NA,NA,NA,0
289,5,62,NA,NA,NA,0
290,5,62,NA,NA,NA,0
291,5,62,NA,NA,NA,0
292,5,62,NA,NA,NA,0
293,5,62,NA,NA,NA,0
294,4,63,NA,NA,NA,0
295,4,63,NA,NA,NA,0
296,4,63,NA,NA,NA,0
297,4,63,NA,NA,NA,0
298,3,64,NA,NA,NA,0
299,3,64,NA,NA,NA,0
300,3,64,NA,NA,NA,0
301,3,65,NA,NA,NA,0
302,3,65,NA,NA,NA,0
303,3,65,NA,NA,NA,0
304,4,66,NA,NA,NA,0
305,4,66,NA,NA,NA,0
306,4,66,NA,NA,NA,0
307,4,66,NA,NA,NA,0
308,3,67,NA,NA,NA,0
309,3,67,NA,NA,NA,0
310,3,67,NA,NA,NA,0
311,6,68,NA,NA,NA,0
312,6,68,NA,NA,NA,0
313,6,68,NA,NA,NA,0
314,6,68,NA,NA,NA,0
315,6,68,NA,NA,NA,0
316,6,68,NA,NA,NA,0
317,5,69,NA,NA,NA,0
318,5,69,NA,NA,NA,0
319,5,69,NA,NA,NA,0
320,5,69,NA,NA,NA,0
321,5,69,NA,NA,NA,0
322,3,70,NA,NA,NA,0
323,3,70,NA,NA,NA,0
324,3,70,NA,NA,NA,0
325,3,71,NA,NA,NA,0
326,3,71,NA,NA,NA,0
327,3,71,NA,NA,NA,0
328,6,72,NA,NA,NA,0
329,6,72,NA,NA,NA,0
330,6,72,NA,NA,NA,0
331,6,72,NA,NA,NA,0
332,6,72,NA,NA,NA,0
333,6,72,NA,NA,NA,0
334,4,73,NA,NA,NA,0
335,4,73,NA,NA,NA,0
336,4,73,NA,NA,NA,0
337,4,73,NA,NA,NA,0
338,5,74,NA,NA,NA,0
339,5,74,"C",278,4,1
340,5,74,NA,NA,NA,0
341,5,74,"H",313,3,1
342,5,74,"H",332,2,0
343,6,75,"H",235,2,0
344,6,75,"C",NA,NA,0
345,6,75,"C",205,5,2
346,6,75,"H",263,2,0
347,6,75,NA,NA,NA,0
348,6,75,"H",223,3,1
349,4,76,NA,NA,NA,0
350,4,76,NA,NA,NA,0
351,4,76,NA,NA,NA,0
352,4,76,NA,NA,NA,0
353,6,77,NA,NA,NA,0
354,6,77,NA,NA,NA,0
355,6,77,NA,NA,NA,0
356,6,77,NA,NA,NA,0
357,6,77,NA,NA,NA,0
358,6,77,NA,NA,NA,0
359,4,78,NA,NA,NA,0
360,4,78,NA,NA,NA,0
361,4,78,NA,NA,NA,0
362,4,78,NA,NA,NA,0
363,3,79,NA,NA,NA,0
364,3,79,NA,NA,NA,0
365,3,79,NA,NA,NA,0
366,3,80,NA,NA,NA,0
367,3,80,NA,NA,NA,0
368,3,80,NA,NA,NA,0
369,4,81,NA,NA,NA,0
370,4,81,NA,NA,NA,0
371,4,81,NA,NA,NA,0
372,4,81,NA,NA,NA,0
373,6,82,NA,NA,NA,0
374,6,82,NA,NA,NA,0
375,6,82,NA,NA,NA,0
376,6,82,NA,NA,NA,0
377,6,82,NA,NA,NA,0
378,6,82,NA,NA,NA,0
379,4,83,NA,NA,NA,0
380,4,83,NA,NA,NA,0
381,4,83,NA,NA,NA,0
382,4,83,NA,NA,NA,0
383,5,84,NA,NA,NA,0
384,5,84,NA,NA,NA,0
385,5,84,NA,NA,NA,0
386,5,84,NA,NA,NA,0
387,5,84,NA,NA,NA,0
388,4,85,NA,NA,NA,0
389,4,85,NA,NA,NA,0
390,4,85,NA,NA,NA,0
391,4,85,NA,NA,NA,0
392,5,86,NA,NA,NA,0
393,5,86,NA,NA,NA,0
394,5,86,NA,NA,NA,0
395,5,86,NA,NA,NA,0
396,5,86,NA,NA,NA,0
397,6,87,NA,NA,NA,0
398,6,87,NA,NA,NA,0
399,6,87,NA,NA,NA,0
400,6,87,NA,NA,NA,0
401,6,87,NA,NA,NA,0
402,6,87,NA,NA,NA,0
403,6,88,NA,NA,NA,0
404,6,88,NA,NA,NA,0
405,6,88,NA,NA,NA,0
406,6,88,NA,NA,NA,0
407,6,88,NA,NA,NA,0
408,6,88,NA,NA,NA,0
409,6,89,NA,NA,NA,0
410,6,89,NA,NA,NA,0
411,6,89,NA,NA,NA,0
412,6,89,NA,NA,NA,0
413,6,89,NA,NA,NA,0
414,6,89,NA,NA,NA,0
415,3,90,NA,NA,NA,0
416,3,90,NA,NA,NA,0
417,3,90,"C",347,2,0
418,4,91,NA,NA,NA,0
419,4,91,NA,NA,NA,0
420,4,91,NA,NA,NA,0
421,4,91,NA,NA,NA,0
422,3,92,NA,NA,NA,0
423,3,92,NA,NA,NA,0
424,3,92,NA,NA,NA,0
425,6,93,NA,NA,NA,0
426,6,93,NA,NA,NA,0
427,6,93,NA,NA,NA,0
428,6,93,NA,NA,NA,0
429,6,93,NA,NA,NA,0
430,6,93,NA,NA,NA,0
431,6,94,"H",NA,NA,0
432,6,94,"C",163,5,0
433,6,94,NA,NA,NA,0
434,6,94,NA,NA,NA,0
435,6,94,NA,NA,NA,0
436,6,94,"C",292,4,1
437,6,95,NA,NA,NA,0
438,6,95,NA,NA,NA,0
439,6,95,NA,NA,NA,0
440,6,95,NA,NA,NA,0
441,6,95,NA,NA,NA,0
442,6,95,NA,NA,NA,0
443,3,96,NA,NA,NA,0
444,3,96,NA,NA,NA,0
445,3,96,NA,NA,NA,0
446,4,97,NA,NA,NA,0
447,4,97,"C",230,3,0
448,4,97,NA,NA,NA,0
449,4,97,NA,NA,NA,0
450,5,98,NA,NA,NA,0
451,5,98,NA,NA,NA,0
452,5,98,NA,NA,NA,0
453,5,98,NA,NA,NA,0
454,5,98,NA,NA,NA,0
455,5,99,NA,NA,NA,0
456,5,99,NA,NA,NA,0
457,5,99,NA,NA,NA,0
458,5,99,NA,NA,NA,0
459,5,99,NA,NA,NA,0
460,4,100,NA,NA,NA,0
461,4,100,NA,NA,NA,0
462,4,100,NA,NA,NA,0
463,4,100,NA,NA,NA,0
464,3,101,NA,NA,NA,0
465,3,101,NA,NA,NA,0
466,3,101,"C",245,2,0
467,5,102,NA,NA,NA,0
468,5,102,NA,NA,NA,0
469,5,102,NA,NA,NA,0
470,5,102,NA,NA,NA,0
471,5,102,NA,NA,NA,0
472,5,103,NA,NA,NA,0
473,5,103,NA,NA,NA,0
474,5,103,NA,NA,NA,0
475,5,103,NA,NA,NA,0
476,5,103,NA,NA,NA,0
477,5,104,NA,NA,NA,0
478,5,104,NA,NA,NA,0
479,5,104,NA,NA,NA,0
480,5,104,NA,NA,NA,0
481,5,104,NA,NA,NA,0
482,4,105,NA,NA,NA,0
483,4,105,"C",219,3,1
484,4,105,NA,NA,NA,0
485,4,105,"H",246,2,0
486,5,106,NA,NA,NA,0
487,5,106,NA,NA,NA,0
488,5,106,NA,NA,NA,0
489,5,106,NA,NA,NA,0
490,5,106,NA,NA,NA,0
491,3,107,NA,NA,NA,0
492,3,107,NA,NA,NA,0
493,3,107,NA,NA,NA,0
494,3,108,NA,NA,NA,0
495,3,108,NA,NA,NA,0
496,3,108,NA,NA,NA,0
497,4,109,NA,NA,NA,0
498,4,109,NA,NA,NA,0
499,4,109,NA,NA,NA,0
500,4,109,NA,NA,NA,0
501,4,110,NA,NA,NA,0
502,4,110,NA,NA,NA,0
503,4,110,NA,NA,NA,0
504,4,110,NA,NA,NA,0
505,6,111,NA,NA,NA,0
506,6,111,NA,NA,NA,0
507,6,111,NA,NA,NA,0
508,6,111,NA,NA,NA,0
509,6,111,NA,NA,NA,0
510,6,111,NA,NA,NA,0
511,6,112,NA,NA,NA,0
512,6,112,NA,NA,NA,0
513,6,112,NA,NA,NA,0
514,6,112,NA,NA,NA,0
515,6,112,NA,NA,NA,0
516,6,112,NA,NA,NA,0
517,3,113,NA,NA,NA,0
518,3,113,"C",342,2,1
519,3,113,"H",364,1,0
520,5,114,NA,NA,NA,0
521,5,114,NA,NA,NA,0
522,5,114,NA,NA,NA,0
523,5,114,"H",NA,NA,0
524,5,114,"C",323,4,1
525,3,115,NA,NA,NA,0
526,3,115,NA,NA,NA,0
527,3,115,NA,NA,NA,0
528,5,116,NA,NA,NA,0
529,5,116,NA,NA,NA,0
530,5,116,NA,NA,NA,0
531,5,116,NA,NA,NA,0
532,5,116,NA,NA,NA,0
533,6,117,NA,NA,NA,0
534,6,117,NA,NA,NA,0
535,6,117,NA,NA,NA,0
536,6,117,NA,NA,NA,0
537,6,117,NA,NA,NA,0
538,6,117,NA,NA,NA,0
539,5,118,NA,NA,NA,0
540,5,118,NA,NA,NA,0
541,5,118,NA,NA,NA,0
542,5,118,NA,NA,NA,0
543,5,118,NA,NA,NA,0
544,5,119,"H",337,1,0
545,5,119,"C",293,4,2
546,5,119,NA,NA,NA,0
547,5,119,"H",342,1,0
548,5,119,"H",314,2,1
549,6,120,NA,NA,NA,0
550,6,120,NA,NA,NA,0
551,6,120,NA,NA,NA,0
552,6,120,NA,NA,NA,0
553,6,120,NA,NA,NA,0
554,6,120,NA,NA,NA,0
555,4,121,NA,NA,NA,0
556,4,121,NA,NA,NA,0
557,4,121,NA,NA,NA,0
558,4,121,NA,NA,NA,0
559,6,122,NA,NA,NA,0
560,6,122,NA,NA,NA,0
561,6,122,NA,NA,NA,0
562,6,122,NA,NA,NA,0
563,6,122,"C",292,5,0
564,6,122,NA,NA,NA,0
565,5,123,NA,NA,NA,0
566,5,123,NA,NA,NA,0
567,5,123,NA,NA,NA,0
568,5,123,NA,NA,NA,0
569,5,123,NA,NA,NA,0
570,5,124,NA,NA,NA,0
571,5,124,NA,NA,NA,0
572,5,124,NA,NA,NA,0
573,5,124,NA,NA,NA,0
574,5,124,NA,NA,NA,0
575,6,125,NA,NA,NA,0
576,6,125,NA,NA,NA,0
577,6,125,NA,NA,NA,0
578,6,125,NA,NA,NA,0
579,6,125,NA,NA,NA,0
580,6,125,NA,NA,NA,0
581,3,126,NA,NA,NA,0
582,3,126,NA,NA,NA,0
583,3,126,NA,NA,NA,0
584,3,127,NA,NA,NA,0
585,3,127,NA,NA,NA,0
586,3,127,NA,NA,NA,0
587,5,128,NA,NA,NA,0
588,5,128,"H",NA,NA,0
589,5,128,"C",323,4,1
590,5,128,NA,NA,NA,0
591,5,128,NA,NA,NA,0
592,5,129,"H",200,0,0
593,5,129,"H",207,0,0
594,5,129,"H",204,0,0
595,5,129,"C",153,4,4
596,5,129,"H",179,0,0
597,5,130,"H",310,1,1
598,5,130,"H",347,0,0
599,5,130,"H",306,1,0
600,5,130,"C",221,4,1
601,5,130,"H",279,3,2
602,5,131,"H",185,3,1
603,5,131,"C",167,4,1
604,5,131,"H",224,2,1
605,5,131,"H",239,1,0
606,5,131,NA,NA,NA,0
607,5,132,NA,NA,NA,0
608,5,132,NA,NA,NA,0
609,5,132,NA,NA,NA,0
610,5,132,NA,NA,NA,0
611,5,132,NA,NA,NA,0
612,6,133,NA,NA,NA,0
613,6,133,NA,NA,NA,0
614,6,133,"C",210,5,0
615,6,133,NA,NA,NA,0
616,6,133,NA,NA,NA,0
617,6,133,NA,NA,NA,0
618,5,134,NA,NA,NA,0
619,5,134,"C",NA,NA,0
620,5,134,NA,NA,NA,0
621,5,134,NA,NA,NA,0
622,5,134,NA,NA,NA,0
623,5,135,NA,NA,NA,0
624,5,135,NA,NA,NA,0
625,5,135,NA,NA,NA,0
626,5,135,NA,NA,NA,0
627,5,135,NA,NA,NA,0
628,6,136,NA,NA,NA,0
629,6,136,NA,NA,NA,0
630,6,136,NA,NA,NA,0
631,6,136,NA,NA,NA,0
632,6,136,NA,NA,NA,0
633,6,136,NA,NA,NA,0
634,6,137,NA,NA,NA,0
635,6,137,NA,NA,NA,0
636,6,137,NA,NA,NA,0
637,6,137,NA,NA,NA,0
638,6,137,NA,NA,NA,0
639,6,137,NA,NA,NA,0
640,5,138,NA,NA,NA,0
641,5,138,NA,NA,NA,0
642,5,138,NA,NA,NA,0
643,5,138,NA,NA,NA,0
644,5,138,NA,NA,NA,0
645,3,139,NA,NA,NA,0
646,3,139,NA,NA,NA,0
647,3,139,NA,NA,NA,0
648,5,140,"C",340,4,2
649,5,140,"H",361,2,0
650,5,140,NA,NA,NA,0
651,5,140,"H",NA,NA,0
652,5,140,NA,NA,NA,0
653,5,141,NA,NA,NA,0
654,5,141,NA,NA,NA,0
655,5,141,"C",343,4,0
656,5,141,NA,NA,NA,0
657,5,141,NA,NA,NA,0
658,5,142,NA,NA,NA,0
659,5,142,NA,NA,NA,0
660,5,142,NA,NA,NA,0
661,5,142,NA,NA,NA,0
662,5,142,NA,NA,NA,0
663,6,143,NA,NA,NA,0
664,6,143,NA,NA,NA,0
665,6,143,NA,NA,NA,0
666,6,143,NA,NA,NA,0
667,6,143,NA,NA,NA,0
668,6,143,NA,NA,NA,0
669,4,144,NA,NA,NA,0
670,4,144,NA,NA,NA,0
671,4,144,NA,NA,NA,0
672,4,144,NA,NA,NA,0
673,3,145,NA,NA,NA,0
674,3,145,NA,NA,NA,0
675,3,145,NA,NA,NA,0
676,6,146,NA,NA,NA,0
677,6,146,NA,NA,NA,0
678,6,146,NA,NA,NA,0
679,6,146,NA,NA,NA,0
680,6,146,NA,NA,NA,0
681,6,146,NA,NA,NA,0
682,4,147,"C",345,3,0
683,4,147,NA,NA,NA,0
684,4,147,NA,NA,NA,0
685,4,147,NA,NA,NA,0
686,6,148,NA,NA,NA,0
687,6,148,NA,NA,NA,0
688,6,148,NA,NA,NA,0
689,6,148,NA,NA,NA,0
690,6,148,NA,NA,NA,0
691,6,148,NA,NA,NA,0
692,6,149,NA,NA,NA,0
693,6,149,NA,NA,NA,0
694,6,149,NA,NA,NA,0
695,6,149,NA,NA,NA,0
696,6,149,NA,NA,NA,0
697,6,149,NA,NA,NA,0
698,4,150,NA,NA,NA,0
699,4,150,NA,NA,NA,0
700,4,150,NA,NA,NA,0
701,4,150,NA,NA,NA,0
702,5,151,NA,NA,NA,0
703,5,151,NA,NA,NA,0
704,5,151,NA,NA,NA,0
705,5,151,NA,NA,NA,0
706,5,151,NA,NA,NA,0
707,4,152,NA,NA,NA,0
708,4,152,NA,NA,NA,0
709,4,152,NA,NA,NA,0
710,4,152,NA,NA,NA,0
711,6,153,NA,NA,NA,0
712,6,153,NA,NA,NA,0
713,6,153,NA,NA,NA,0
714,6,153,NA,NA,NA,0
715,6,153,NA,NA,NA,0
716,6,153,NA,NA,NA,0
717,4,154,NA,NA,NA,0
718,4,154,NA,NA,NA,0
719,4,154,NA,NA,NA,0
720,4,154,NA,NA,NA,0
721,4,155,NA,NA,NA,0
722,4,155,NA,NA,NA,0
723,4,155,NA,NA,NA,0
724,4,155,NA,NA,NA,0
725,5,156,NA,NA,NA,0
726,5,156,NA,NA,NA,0
727,5,156,NA,NA,NA,0
728,5,156,NA,NA,NA,0
729,5,156,NA,NA,NA,0
730,3,157,NA,NA,NA,0
731,3,157,NA,NA,NA,0
732,3,157,NA,NA,NA,0
733,3,158,NA,NA,NA,0
734,3,158,NA,NA,NA,0
735,3,158,NA,NA,NA,0
736,3,159,NA,NA,NA,0
737,3,159,NA,NA,NA,0
738,3,159,NA,NA,NA,0
739,4,160,NA,NA,NA,0
740,4,160,NA,NA,NA,0
741,4,160,NA,NA,NA,0
742,4,160,NA,NA,NA,0
743,5,161,NA,NA,NA,0
744,5,161,NA,NA,NA,0
745,5,161,NA,NA,NA,0
746,5,161,NA,NA,NA,0
747,5,161,NA,NA,NA,0
748,4,162,NA,NA,NA,0
749,4,162,"C",208,3,0
750,4,162,NA,NA,NA,0
751,4,162,NA,NA,NA,0
752,3,163,NA,NA,NA,0
753,3,163,NA,NA,NA,0
754,3,163,NA,NA,NA,0
755,5,164,NA,NA,NA,0
756,5,164,NA,NA,NA,0
757,5,164,NA,NA,NA,0
758,5,164,NA,NA,NA,0
759,5,164,NA,NA,NA,0
760,5,165,NA,NA,NA,0
761,5,165,NA,NA,NA,0
762,5,165,NA,NA,NA,0
763,5,165,NA,NA,NA,0
764,5,165,NA,NA,NA,0
765,3,166,NA,NA,NA,0
766,3,166,NA,NA,NA,0
767,3,166,NA,NA,NA,0
768,6,167,NA,NA,NA,0
769,6,167,NA,NA,NA,0
770,6,167,NA,NA,NA,0
771,6,167,NA,NA,NA,0
772,6,167,NA,NA,NA,0
773,6,167,NA,NA,NA,0
774,3,168,NA,NA,NA,0
775,3,168,NA,NA,NA,0
776,3,168,NA,NA,NA,0
777,6,169,NA,NA,NA,0
778,6,169,NA,NA,NA,0
779,6,169,NA,NA,NA,0
780,6,169,NA,NA,NA,0
781,6,169,NA,NA,NA,0
782,6,169,NA,NA,NA,0
783,5,170,NA,NA,NA,0
784,5,170,NA,NA,NA,0
785,5,170,NA,NA,NA,0
786,5,170,NA,NA,NA,0
787,5,170,NA,NA,NA,0
788,3,171,NA,NA,NA,0
789,3,171,NA,NA,NA,0
790,3,171,NA,NA,NA,0
791,5,172,NA,NA,NA,0
792,5,172,NA,NA,NA,0
793,5,172,NA,NA,NA,0
794,5,172,NA,NA,NA,0
795,5,172,NA,NA,NA,0
796,5,173,"H",310,2,1
797,5,173,"H",NA,NA,0
798,5,173,"H",355,0,0
799,5,173,"C",283,4,2
800,5,173,"H",321,1,1
801,6,174,NA,NA,NA,0
802,6,174,NA,NA,NA,0
803,6,174,NA,NA,NA,0
804,6,174,NA,NA,NA,0
805,6,174,"C",NA,NA,0
806,6,174,NA,NA,NA,0
807,3,175,NA,NA,NA,0
808,3,175,NA,NA,NA,0
809,3,175,NA,NA,NA,0
810,6,176,"H",323,3,1
811,6,176,NA,NA,NA,0
812,6,176,NA,NA,NA,0
813,6,176,"H",356,2,0
814,6,176,"H",294,4,1
815,6,176,"C",270,5,1
816,4,177,NA,NA,NA,0
817,4,177,NA,NA,NA,0
818,4,177,NA,NA,NA,0
819,4,177,NA,NA,NA,0
820,6,178,"H",348,1,0
821,6,178,"C",302,4,2
822,6,178,"H",355,1,0
823,6,178,NA,NA,NA,0
824,6,178,"H",332,2,1
825,6,178,"C",350,1,0
826,4,179,NA,NA,NA,0
827,4,179,NA,NA,NA,0
828,4,179,NA,NA,NA,0
829,4,179,NA,NA,NA,0
830,5,180,NA,NA,NA,0
831,5,180,NA,NA,NA,0
832,5,180,NA,NA,NA,0
833,5,180,NA,NA,NA,0
834,5,180,NA,NA,NA,0
835,4,181,NA,NA,NA,0
836,4,181,NA,NA,NA,0
837,4,181,NA,NA,NA,0
838,4,181,NA,NA,NA,0
839,4,182,NA,NA,NA,0
840,4,182,NA,NA,NA,0
841,4,182,NA,NA,NA,0
842,4,182,NA,NA,NA,0
843,3,183,NA,NA,NA,0
844,3,183,NA,NA,NA,0
845,3,183,NA,NA,NA,0
846,6,184,NA,NA,NA,0
847,6,184,NA,NA,NA,0
848,6,184,NA,NA,NA,0
849,6,184,NA,NA,NA,0
850,6,184,NA,NA,NA,0
851,6,184,NA,NA,NA,0
852,3,185,NA,NA,NA,0
853,3,185,NA,NA,NA,0
854,3,185,NA,NA,NA,0
855,4,186,NA,NA,NA,0
856,4,186,NA,NA,NA,0
857,4,186,NA,NA,NA,0
858,4,186,NA,NA,NA,0
859,6,187,NA,NA,NA,0
860,6,187,NA,NA,NA,0
861,6,187,NA,NA,NA,0
862,6,187,NA,NA,NA,0
863,6,187,NA,NA,NA,0
864,6,187,NA,NA,NA,0
865,5,188,NA,NA,NA,0
866,5,188,NA,NA,NA,0
867,5,188,NA,NA,NA,0
868,5,188,NA,NA,NA,0
869,5,188,"C",NA,NA,0
870,5,189,NA,NA,NA,0
871,5,189,NA,NA,NA,0
872,5,189,NA,NA,NA,0
873,5,189,NA,NA,NA,0
874,5,189,NA,NA,NA,0
875,3,190,NA,NA,NA,0
876,3,190,NA,NA,NA,0
877,3,190,NA,NA,NA,0
878,6,191,NA,NA,NA,0
879,6,191,"C",323,5,3
880,6,191,"H",NA,NA,0
881,6,191,"H",345,2,0
882,6,191,"H",364,1,0
883,6,191,"H",359,2,1
884,3,192,"C",281,2,0
885,3,192,NA,NA,NA,0
886,3,192,NA,NA,NA,0
887,4,193,NA,NA,NA,0
888,4,193,NA,NA,NA,0
889,4,193,NA,NA,NA,0
890,4,193,NA,NA,NA,0
891,4,194,NA,NA,NA,0
892,4,194,NA,NA,NA,0
893,4,194,NA,NA,NA,0
894,4,194,NA,NA,NA,0
895,6,195,NA,NA,NA,0
896,6,195,NA,NA,NA,0
897,6,195,"C",362,5,2
898,6,195,"H",NA,NA,0
899,6,195,NA,NA,NA,0
900,6,195,"H",NA,NA,0
901,4,196,NA,NA,NA,0
902,4,196,NA,NA,NA,0
903,4,196,NA,NA,NA,0
904,4,196,NA,NA,NA,0
905,3,197,NA,NA,NA,0
906,3,197,NA,NA,NA,0
907,3,197,NA,NA,NA,0
908,6,198,NA,NA,NA,0
909,6,198,"H",342,4,0
910,6,198,NA,NA,NA,0
911,6,198,"C",279,5,1
912,6,198,NA,NA,NA,0
913,6,198,NA,NA,NA,0
914,6,199,NA,NA,NA,0
915,6,199,NA,NA,NA,0
916,6,199,NA,NA,NA,0
917,6,199,NA,NA,NA,0
918,6,199,NA,NA,NA,0
919,6,199,NA,NA,NA,0
920,5,200,NA,NA,NA,0
921,5,200,NA,NA,NA,0
922,5,200,NA,NA,NA,0
923,5,200,NA,NA,NA,0
924,5,200,NA,NA,NA,0
925,3,201,NA,NA,NA,0
926,3,201,NA,NA,NA,0
927,3,201,NA,NA,NA,0
928,5,202,NA,NA,NA,0
929,5,202,NA,NA,NA,0
930,5,202,NA,NA,NA,0
931,5,202,NA,NA,NA,0
932,5,202,NA,NA,NA,0
933,3,203,NA,NA,NA,0
934,3,203,"C",344,2,0
935,3,203,NA,NA,NA,0
936,6,204,NA,NA,NA,0
937,6,204,NA,NA,NA,0
938,6,204,NA,NA,NA,0
939,6,204,NA,NA,NA,0
940,6,204,NA,NA,NA,0
941,6,204,NA,NA,NA,0
942,6,205,NA,NA,NA,0
943,6,205,NA,NA,NA,0
944,6,205,NA,NA,NA,0
945,6,205,NA,NA,NA,0
946,6,205,NA,NA,NA,0
947,6,205,"C",365,5,0
948,4,206,NA,NA,NA,0
949,4,206,NA,NA,NA,0
950,4,206,NA,NA,NA,0
951,4,206,NA,NA,NA,0
952,6,207,NA,NA,NA,0
953,6,207,NA,NA,NA,0
954,6,207,NA,NA,NA,0
955,6,207,NA,NA,NA,0
956,6,207,NA,NA,NA,0
957,6,207,NA,NA,NA,0
958,6,208,NA,NA,NA,0
959,6,208,NA,NA,NA,0
960,6,208,NA,NA,NA,0
961,6,208,NA,NA,NA,0
962,6,208,NA,NA,NA,0
963,6,208,NA,NA,NA,0
964,6,209,NA,NA,NA,0
965,6,209,NA,NA,NA,0
966,6,209,NA,NA,NA,0
967,6,209,NA,NA,NA,0
968,6,209,NA,NA,NA,0
969,6,209,NA,NA,NA,0
970,3,210,NA,NA,NA,0
971,3,210,NA,NA,NA,0
972,3,210,NA,NA,NA,0
973,5,211,NA,NA,NA,0
974,5,211,NA,NA,NA,0
975,5,211,NA,NA,NA,0
976,5,211,NA,NA,NA,0
977,5,211,NA,NA,NA,0
978,5,212,NA,NA,NA,0
979,5,212,NA,NA,NA,0
980,5,212,NA,NA,NA,0
981,5,212,NA,NA,NA,0
982,5,212,NA,NA,NA,0
983,4,213,NA,NA,NA,0
984,4,213,NA,NA,NA,0
985,4,213,NA,NA,NA,0
986,4,213,NA,NA,NA,0
987,3,214,NA,NA,NA,0
988,3,214,NA,NA,NA,0
989,3,214,NA,NA,NA,0
990,3,215,NA,NA,NA,0
991,3,215,"C",349,2,0
992,3,215,NA,NA,NA,0
993,5,216,NA,NA,NA,0
994,5,216,NA,NA,NA,0
995,5,216,NA,NA,NA,0
996,5,216,"C",NA,NA,0
997,5,216,NA,NA,NA,0
998,3,217,NA,NA,NA,0
999,3,217,NA,NA,NA,0
1000,3,217,NA,NA,NA,0
