"ID","SIZE","HH","TYPE","TIME","S_num","I_num"
1,5,1,"0",32,4,1
2,5,1,"H",59,3,2
3,5,1,"H",167,0,0
4,5,1,"H",95,1,1
5,5,1,"H",77,1,0
6,3,2,NA,NA,NA,0
7,3,2,NA,NA,NA,0
8,3,2,NA,NA,NA,0
9,4,3,NA,NA,NA,0
10,4,3,NA,NA,NA,0
11,4,3,NA,NA,NA,0
12,4,3,NA,NA,NA,0
13,3,4,NA,NA,NA,0
14,3,4,NA,NA,NA,0
15,3,4,NA,NA,NA,0
16,3,5,NA,NA,NA,0
17,3,5,NA,NA,NA,0
18,3,5,NA,NA,NA,0
19,3,6,NA,NA,NA,0
20,3,6,NA,NA,NA,0
21,3,6,NA,NA,NA,0
22,3,7,"C",337,2,1
23,3,7,"H",363,1,0
24,3,7,NA,NA,NA,0
25,5,8,NA,NA,NA,0
26,5,8,NA,NA,NA,0
27,5,8,NA,NA,NA,0
28,5,8,NA,NA,NA,0
29,5,8,NA,NA,NA,0
30,5,9,NA,NA,NA,0
31,5,9,NA,NA,NA,0
32,5,9,NA,NA,NA,0
33,5,9,NA,NA,NA,0
34,5,9,NA,NA,NA,0
35,4,10,NA,NA,NA,0
36,4,10,NA,NA,NA,0
37,4,10,NA,NA,NA,0
38,4,10,NA,NA,NA,0
39,3,11,NA,NA,NA,0
40,3,11,NA,NA,NA,0
41,3,11,NA,NA,NA,0
42,4,12,NA,NA,NA,0
43,4,12,NA,NA,NA,0
44,4,12,NA,NA,NA,0
45,4,12,NA,NA,NA,0
46,5,13,NA,NA,NA,0
47,5,13,NA,NA,NA,0
48,5,13,NA,NA,NA,0
49,5,13,NA,NA,NA,0
50,5,13,NA,NA,NA,0
51,5,14,NA,NA,NA,0
52,5,14,NA,NA,NA,0
53,5,14,NA,NA,NA,0
54,5,14,NA,NA,NA,0
55,5,14,NA,NA,NA,0
56,4,15,NA,NA,NA,0
57,4,15,NA,NA,NA,0
58,4,15,NA,NA,NA,0
59,4,15,NA,NA,NA,0
60,4,16,NA,NA,NA,0
61,4,16,NA,NA,NA,0
62,4,16,NA,NA,NA,0
63,4,16,NA,NA,NA,0
64,5,17,NA,NA,NA,0
65,5,17,NA,NA,NA,0
66,5,17,NA,NA,NA,0
67,5,17,NA,NA,NA,0
68,5,17,NA,NA,NA,0
69,5,18,NA,NA,NA,0
70,5,18,NA,NA,NA,0
71,5,18,NA,NA,NA,0
72,5,18,NA,NA,NA,0
73,5,18,NA,NA,NA,0
74,3,19,NA,NA,NA,0
75,3,19,NA,NA,NA,0
76,3,19,NA,NA,NA,0
77,4,20,NA,NA,NA,0
78,4,20,NA,NA,NA,0
79,4,20,NA,NA,NA,0
80,4,20,NA,NA,NA,0
81,5,21,NA,NA,NA,0
82,5,21,NA,NA,NA,0
83,5,21,NA,NA,NA,0
84,5,21,NA,NA,NA,0
85,5,21,NA,NA,NA,0
86,3,22,NA,NA,NA,0
87,3,22,NA,NA,NA,0
88,3,22,NA,NA,NA,0
89,3,23,NA,NA,NA,0
90,3,23,NA,NA,NA,0
91,3,23,NA,NA,NA,0
92,4,24,NA,NA,NA,0
93,4,24,NA,NA,NA,0
94,4,24,NA,NA,NA,0
95,4,24,NA,NA,NA,0
96,5,25,NA,NA,NA,0
97,5,25,NA,NA,NA,0
98,5,25,NA,NA,NA,0
99,5,25,NA,NA,NA,0
100,5,25,NA,NA,NA,0
101,4,26,NA,NA,NA,0
102,4,26,NA,NA,NA,0
103,4,26,NA,NA,NA,0
104,4,26,NA,NA,NA,0
105,5,27,NA,NA,NA,0
106,5,27,NA,NA,NA,0
107,5,27,NA,NA,NA,0
108,5,27,NA,NA,NA,0
109,5,27,NA,NA,NA,0
110,3,28,NA,NA,NA,0
111,3,28,NA,NA,NA,0
112,3,28,NA,NA,NA,0
113,5,29,NA,NA,NA,0
114,5,29,NA,NA,NA,0
115,5,29,NA,NA,NA,0
116,5,29,NA,NA,NA,0
117,5,29,NA,NA,NA,0
118,6,30,NA,NA,NA,0
119,6,30,NA,NA,NA,0
120,6,30,NA,NA,NA,0
121,6,30,NA,NA,NA,0
122,6,30,NA,NA,NA,0
123,6,30,NA,NA,NA,0
124,5,31,NA,NA,NA,0
125,5,31,NA,NA,NA,0
126,5,31,NA,NA,NA,0
127,5,31,NA,NA,NA,0
128,5,31,NA,NA,NA,0
129,4,32,NA,NA,NA,0
130,4,32,"C",170,3,0
131,4,32,NA,NA,NA,0
132,4,32,NA,NA,NA,0
133,3,33,NA,NA,NA,0
134,3,33,NA,NA,NA,0
135,3,33,NA,NA,NA,0
136,6,34,NA,NA,NA,0
137,6,34,NA,NA,NA,0
138,6,34,NA,NA,NA,0
139,6,34,NA,NA,NA,0
140,6,34,NA,NA,NA,0
141,6,34,NA,NA,NA,0
142,3,35,NA,NA,NA,0
143,3,35,NA,NA,NA,0
144,3,35,NA,NA,NA,0
145,5,36,NA,NA,NA,0
146,5,36,NA,NA,NA,0
147,5,36,NA,NA,NA,0
148,5,36,NA,NA,NA,0
149,5,36,NA,NA,NA,0
150,4,37,NA,NA,NA,0
151,4,37,NA,NA,NA,0
152,4,37,NA,NA,NA,0
153,4,37,NA,NA,NA,0
154,3,38,NA,NA,NA,0
155,3,38,NA,NA,NA,0
156,3,38,NA,NA,NA,0
157,4,39,NA,NA,NA,0
158,4,39,NA,NA,NA,0
159,4,39,NA,NA,NA,0
160,4,39,NA,NA,NA,0
161,4,40,NA,NA,NA,0
162,4,40,NA,NA,NA,0
163,4,40,NA,NA,NA,0
164,4,40,NA,NA,NA,0
165,6,41,NA,NA,NA,0
166,6,41,"H",347,3,0
167,6,41,NA,NA,NA,0
168,6,41,"C",313,5,2
169,6,41,"H",NA,NA,0
170,6,41,"H",350,3,1
171,3,42,NA,NA,NA,0
172,3,42,NA,NA,NA,0
173,3,42,NA,NA,NA,0
174,3,43,NA,NA,NA,0
175,3,43,NA,NA,NA,0
176,3,43,NA,NA,NA,0
177,3,44,NA,NA,NA,0
178,3,44,NA,NA,NA,0
179,3,44,NA,NA,NA,0
180,5,45,NA,NA,NA,0
181,5,45,NA,NA,NA,0
182,5,45,NA,NA,NA,0
183,5,45,NA,NA,NA,0
184,5,45,NA,NA,NA,0
185,3,46,NA,NA,NA,0
186,3,46,NA,NA,NA,0
187,3,46,NA,NA,NA,0
188,3,47,NA,NA,NA,0
189,3,47,NA,NA,NA,0
190,3,47,NA,NA,NA,0
191,6,48,NA,NA,NA,0
192,6,48,NA,NA,NA,0
193,6,48,NA,NA,NA,0
194,6,48,NA,NA,NA,0
195,6,48,NA,NA,NA,0
196,6,48,NA,NA,NA,0
197,4,49,NA,NA,NA,0
198,4,49,NA,NA,NA,0
199,4,49,NA,NA,NA,0
200,4,49,NA,NA,NA,0
201,6,50,NA,NA,NA,0
202,6,50,NA,NA,NA,0
203,6,50,NA,NA,NA,0
204,6,50,NA,NA,NA,0
205,6,50,NA,NA,NA,0
206,6,50,NA,NA,NA,0
207,3,51,NA,NA,NA,0
208,3,51,NA,NA,NA,0
209,3,51,NA,NA,NA,0
210,4,52,NA,NA,NA,0
211,4,52,NA,NA,NA,0
212,4,52,NA,NA,NA,0
213,4,52,NA,NA,NA,0
214,5,53,NA,NA,NA,0
215,5,53,NA,NA,NA,0
216,5,53,NA,NA,NA,0
217,5,53,NA,NA,NA,0
218,5,53,NA,NA,NA,0
219,5,54,NA,NA,NA,0
220,5,54,NA,NA,NA,0
221,5,54,NA,NA,NA,0
222,5,54,NA,NA,NA,0
223,5,54,NA,NA,NA,0
224,4,55,NA,NA,NA,0
225,4,55,NA,NA,NA,0
226,4,55,NA,NA,NA,0
227,4,55,NA,NA,NA,0
228,3,56,NA,NA,NA,0
229,3,56,NA,NA,NA,0
230,3,56,NA,NA,NA,0
231,6,57,NA,NA,NA,0
232,6,57,NA,NA,NA,0
233,6,57,NA,NA,NA,0
234,6,57,NA,NA,NA,0
235,6,57,NA,NA,NA,0
236,6,57,NA,NA,NA,0
237,6,58,NA,NA,NA,0
238,6,58,NA,NA,NA,0
239,6,58,NA,NA,NA,0
240,6,58,NA,NA,NA,0
241,6,58,NA,NA,NA,0
242,6,58,NA,NA,NA,0
243,6,59,NA,NA,NA,0
244,6,59,NA,NA,NA,0
245,6,59,NA,NA,NA,0
246,6,59,NA,NA,NA,0
247,6,59,NA,NA,NA,0
248,6,59,NA,NA,NA,0
249,6,60,NA,NA,NA,0
250,6,60,NA,NA,NA,0
251,6,60,NA,NA,NA,0
252,6,60,NA,NA,NA,0
253,6,60,NA,NA,NA,0
254,6,60,NA,NA,NA,0
255,3,61,NA,NA,NA,0
256,3,61,NA,NA,NA,0
257,3,61,NA,NA,NA,0
258,4,62,NA,NA,NA,0
259,4,62,NA,NA,NA,0
260,4,62,NA,NA,NA,0
261,4,62,NA,NA,NA,0
262,3,63,NA,NA,NA,0
263,3,63,NA,NA,NA,0
264,3,63,NA,NA,NA,0
265,3,64,"H",NA,NA,0
266,3,64,"C",309,2,1
267,3,64,"H",335,1,1
268,6,65,NA,NA,NA,0
269,6,65,NA,NA,NA,0
270,6,65,NA,NA,NA,0
271,6,65,NA,NA,NA,0
272,6,65,NA,NA,NA,0
273,6,65,NA,NA,NA,0
274,6,66,NA,NA,NA,0
275,6,66,NA,NA,NA,0
276,6,66,NA,NA,NA,0
277,6,66,NA,NA,NA,0
278,6,66,NA,NA,NA,0
279,6,66,NA,NA,NA,0
280,4,67,NA,NA,NA,0
281,4,67,NA,NA,NA,0
282,4,67,NA,NA,NA,0
283,4,67,NA,NA,NA,0
284,3,68,NA,NA,NA,0
285,3,68,NA,NA,NA,0
286,3,68,NA,NA,NA,0
287,4,69,NA,NA,NA,0
288,4,69,NA,NA,NA,0
289,4,69,NA,NA,NA,0
290,4,69,NA,NA,NA,0
291,4,70,NA,NA,NA,0
292,4,70,NA,NA,NA,0
293,4,70,NA,NA,NA,0
294,4,70,NA,NA,NA,0
295,5,71,NA,NA,NA,0
296,5,71,NA,NA,NA,0
297,5,71,NA,NA,NA,0
298,5,71,NA,NA,NA,0
299,5,71,NA,NA,NA,0
300,3,72,NA,NA,NA,0
301,3,72,NA,NA,NA,0
302,3,72,NA,NA,NA,0
303,5,73,NA,NA,NA,0
304,5,73,NA,NA,NA,0
305,5,73,NA,NA,NA,0
306,5,73,NA,NA,NA,0
307,5,73,NA,NA,NA,0
308,6,74,NA,NA,NA,0
309,6,74,NA,NA,NA,0
310,6,74,NA,NA,NA,0
311,6,74,NA,NA,NA,0
312,6,74,NA,NA,NA,0
313,6,74,NA,NA,NA,0
314,3,75,NA,NA,NA,0
315,3,75,NA,NA,NA,0
316,3,75,NA,NA,NA,0
317,6,76,"H",NA,NA,0
318,6,76,NA,NA,NA,0
319,6,76,"H",356,2,1
320,6,76,"C",314,5,2
321,6,76,"H",340,3,1
322,6,76,"H",NA,NA,0
323,6,77,NA,NA,NA,0
324,6,77,NA,NA,NA,0
325,6,77,NA,NA,NA,0
326,6,77,NA,NA,NA,0
327,6,77,NA,NA,NA,0
328,6,77,NA,NA,NA,0
329,5,78,NA,NA,NA,0
330,5,78,NA,NA,NA,0
331,5,78,NA,NA,NA,0
332,5,78,NA,NA,NA,0
333,5,78,NA,NA,NA,0
334,3,79,"H",NA,NA,0
335,3,79,"C",365,2,1
336,3,79,NA,NA,NA,0
337,3,80,NA,NA,NA,0
338,3,80,NA,NA,NA,0
339,3,80,NA,NA,NA,0
340,6,81,NA,NA,NA,0
341,6,81,NA,NA,NA,0
342,6,81,NA,NA,NA,0
343,6,81,NA,NA,NA,0
344,6,81,NA,NA,NA,0
345,6,81,NA,NA,NA,0
346,5,82,NA,NA,NA,0
347,5,82,NA,NA,NA,0
348,5,82,NA,NA,NA,0
349,5,82,NA,NA,NA,0
350,5,82,NA,NA,NA,0
351,4,83,NA,NA,NA,0
352,4,83,NA,NA,NA,0
353,4,83,NA,NA,NA,0
354,4,83,NA,NA,NA,0
355,3,84,NA,NA,NA,0
356,3,84,NA,NA,NA,0
357,3,84,NA,NA,NA,0
358,6,85,"C",257,5,2
359,6,85,"H",333,0,0
360,6,85,"H",325,0,0
361,6,85,"H",280,3,1
362,6,85,"H",321,0,0
363,6,85,"H",286,2,2
364,3,86,NA,NA,NA,0
365,3,86,NA,NA,NA,0
366,3,86,NA,NA,NA,0
367,5,87,NA,NA,NA,0
368,5,87,NA,NA,NA,0
369,5,87,NA,NA,NA,0
370,5,87,NA,NA,NA,0
371,5,87,NA,NA,NA,0
372,5,88,NA,NA,NA,0
373,5,88,NA,NA,NA,0
374,5,88,NA,NA,NA,0
375,5,88,NA,NA,NA,0
376,5,88,NA,NA,NA,0
377,3,89,NA,NA,NA,0
378,3,89,NA,NA,NA,0
379,3,89,NA,NA,NA,0
380,5,90,NA,NA,NA,0
381,5,90,NA,NA,NA,0
382,5,90,NA,NA,NA,0
383,5,90,NA,NA,NA,0
384,5,90,NA,NA,NA,0
385,5,91,NA,NA,NA,0
386,5,91,NA,NA,NA,0
387,5,91,NA,NA,NA,0
388,5,91,NA,NA,NA,0
389,5,91,NA,NA,NA,0
390,3,92,NA,NA,NA,0
391,3,92,NA,NA,NA,0
392,3,92,NA,NA,NA,0
393,4,93,NA,NA,NA,0
394,4,93,NA,NA,NA,0
395,4,93,NA,NA,NA,0
396,4,93,NA,NA,NA,0
397,6,94,NA,NA,NA,0
398,6,94,NA,NA,NA,0
399,6,94,NA,NA,NA,0
400,6,94,NA,NA,NA,0
401,6,94,NA,NA,NA,0
402,6,94,NA,NA,NA,0
403,6,95,NA,NA,NA,0
404,6,95,NA,NA,NA,0
405,6,95,NA,NA,NA,0
406,6,95,NA,NA,NA,0
407,6,95,NA,NA,NA,0
408,6,95,NA,NA,NA,0
409,3,96,NA,NA,NA,0
410,3,96,NA,NA,NA,0
411,3,96,NA,NA,NA,0
412,5,97,NA,NA,NA,0
413,5,97,NA,NA,NA,0
414,5,97,NA,NA,NA,0
415,5,97,NA,NA,NA,0
416,5,97,NA,NA,NA,0
417,4,98,NA,NA,NA,0
418,4,98,NA,NA,NA,0
419,4,98,NA,NA,NA,0
420,4,98,NA,NA,NA,0
421,4,99,NA,NA,NA,0
422,4,99,NA,NA,NA,0
423,4,99,NA,NA,NA,0
424,4,99,NA,NA,NA,0
425,3,100,NA,NA,NA,0
426,3,100,NA,NA,NA,0
427,3,100,NA,NA,NA,0
428,3,101,"C",288,2,0
429,3,101,NA,NA,NA,0
430,3,101,NA,NA,NA,0
431,5,102,NA,NA,NA,0
432,5,102,NA,NA,NA,0
433,5,102,NA,NA,NA,0
434,5,102,NA,NA,NA,0
435,5,102,NA,NA,NA,0
436,5,103,NA,NA,NA,0
437,5,103,NA,NA,NA,0
438,5,103,"C",341,4,0
439,5,103,NA,NA,NA,0
440,5,103,NA,NA,NA,0
441,5,104,NA,NA,NA,0
442,5,104,NA,NA,NA,0
443,5,104,NA,NA,NA,0
444,5,104,NA,NA,NA,0
445,5,104,NA,NA,NA,0
446,6,105,NA,NA,NA,0
447,6,105,NA,NA,NA,0
448,6,105,NA,NA,NA,0
449,6,105,NA,NA,NA,0
450,6,105,NA,NA,NA,0
451,6,105,NA,NA,NA,0
452,5,106,NA,NA,NA,0
453,5,106,NA,NA,NA,0
454,5,106,NA,NA,NA,0
455,5,106,NA,NA,NA,0
456,5,106,NA,NA,NA,0
457,6,107,NA,NA,NA,0
458,6,107,"C",NA,NA,0
459,6,107,NA,NA,NA,0
460,6,107,NA,NA,NA,0
461,6,107,NA,NA,NA,0
462,6,107,NA,NA,NA,0
463,6,108,NA,NA,NA,0
464,6,108,NA,NA,NA,0
465,6,108,NA,NA,NA,0
466,6,108,NA,NA,NA,0
467,6,108,NA,NA,NA,0
468,6,108,NA,NA,NA,0
469,5,109,NA,NA,NA,0
470,5,109,NA,NA,NA,0
471,5,109,NA,NA,NA,0
472,5,109,NA,NA,NA,0
473,5,109,NA,NA,NA,0
474,3,110,NA,NA,NA,0
475,3,110,NA,NA,NA,0
476,3,110,NA,NA,NA,0
477,3,111,NA,NA,NA,0
478,3,111,NA,NA,NA,0
479,3,111,NA,NA,NA,0
480,4,112,NA,NA,NA,0
481,4,112,NA,NA,NA,0
482,4,112,NA,NA,NA,0
483,4,112,NA,NA,NA,0
484,5,113,NA,NA,NA,0
485,5,113,NA,NA,NA,0
486,5,113,NA,NA,NA,0
487,5,113,NA,NA,NA,0
488,5,113,NA,NA,NA,0
489,4,114,NA,NA,NA,0
490,4,114,"H",328,1,0
491,4,114,"H",331,1,0
492,4,114,"C",306,3,2
493,5,115,NA,NA,NA,0
494,5,115,NA,NA,NA,0
495,5,115,NA,NA,NA,0
496,5,115,NA,NA,NA,0
497,5,115,NA,NA,NA,0
498,4,116,NA,NA,NA,0
499,4,116,NA,NA,NA,0
500,4,116,NA,NA,NA,0
501,4,116,NA,NA,NA,0
502,4,117,NA,NA,NA,0
503,4,117,NA,NA,NA,0
504,4,117,NA,NA,NA,0
505,4,117,NA,NA,NA,0
506,6,118,NA,NA,NA,0
507,6,118,NA,NA,NA,0
508,6,118,NA,NA,NA,0
509,6,118,NA,NA,NA,0
510,6,118,NA,NA,NA,0
511,6,118,NA,NA,NA,0
512,5,119,NA,NA,NA,0
513,5,119,NA,NA,NA,0
514,5,119,NA,NA,NA,0
515,5,119,NA,NA,NA,0
516,5,119,NA,NA,NA,0
517,4,120,NA,NA,NA,0
518,4,120,NA,NA,NA,0
519,4,120,NA,NA,NA,0
520,4,120,NA,NA,NA,0
521,4,121,NA,NA,NA,0
522,4,121,NA,NA,NA,0
523,4,121,NA,NA,NA,0
524,4,121,NA,NA,NA,0
525,4,122,NA,NA,NA,0
526,4,122,NA,NA,NA,0
527,4,122,NA,NA,NA,0
528,4,122,NA,NA,NA,0
529,4,123,NA,NA,NA,0
530,4,123,NA,NA,NA,0
531,4,123,NA,NA,NA,0
532,4,123,NA,NA,NA,0
533,6,124,"H",NA,NA,0
534,6,124,"H",NA,NA,0
535,6,124,"C",NA,NA,0
536,6,124,"C",327,5,2
537,6,124,NA,NA,NA,0
538,6,124,NA,NA,NA,0
539,4,125,NA,NA,NA,0
540,4,125,NA,NA,NA,0
541,4,125,NA,NA,NA,0
542,4,125,NA,NA,NA,0
543,3,126,NA,NA,NA,0
544,3,126,NA,NA,NA,0
545,3,126,NA,NA,NA,0
546,6,127,NA,NA,NA,0
547,6,127,NA,NA,NA,0
548,6,127,NA,NA,NA,0
549,6,127,NA,NA,NA,0
550,6,127,NA,NA,NA,0
551,6,127,NA,NA,NA,0
552,3,128,NA,NA,NA,0
553,3,128,NA,NA,NA,0
554,3,128,NA,NA,NA,0
555,4,129,NA,NA,NA,0
556,4,129,NA,NA,NA,0
557,4,129,NA,NA,NA,0
558,4,129,NA,NA,NA,0
559,6,130,NA,NA,NA,0
560,6,130,NA,NA,NA,0
561,6,130,NA,NA,NA,0
562,6,130,NA,NA,NA,0
563,6,130,NA,NA,NA,0
564,6,130,NA,NA,NA,0
565,4,131,NA,NA,NA,0
566,4,131,NA,NA,NA,0
567,4,131,NA,NA,NA,0
568,4,131,NA,NA,NA,0
569,5,132,NA,NA,NA,0
570,5,132,NA,NA,NA,0
571,5,132,NA,NA,NA,0
572,5,132,NA,NA,NA,0
573,5,132,NA,NA,NA,0
574,6,133,NA,NA,NA,0
575,6,133,NA,NA,NA,0
576,6,133,NA,NA,NA,0
577,6,133,NA,NA,NA,0
578,6,133,NA,NA,NA,0
579,6,133,NA,NA,NA,0
580,6,134,NA,NA,NA,0
581,6,134,NA,NA,NA,0
582,6,134,NA,NA,NA,0
583,6,134,NA,NA,NA,0
584,6,134,NA,NA,NA,0
585,6,134,NA,NA,NA,0
586,4,135,NA,NA,NA,0
587,4,135,NA,NA,NA,0
588,4,135,NA,NA,NA,0
589,4,135,NA,NA,NA,0
590,5,136,NA,NA,NA,0
591,5,136,NA,NA,NA,0
592,5,136,NA,NA,NA,0
593,5,136,NA,NA,NA,0
594,5,136,NA,NA,NA,0
595,4,137,"C",NA,NA,0
596,4,137,NA,NA,NA,0
597,4,137,NA,NA,NA,0
598,4,137,NA,NA,NA,0
599,4,138,NA,NA,NA,0
600,4,138,NA,NA,NA,0
601,4,138,NA,NA,NA,0
602,4,138,NA,NA,NA,0
603,4,139,NA,NA,NA,0
604,4,139,NA,NA,NA,0
605,4,139,NA,NA,NA,0
606,4,139,NA,NA,NA,0
607,5,140,NA,NA,NA,0
608,5,140,NA,NA,NA,0
609,5,140,NA,NA,NA,0
610,5,140,NA,NA,NA,0
611,5,140,NA,NA,NA,0
612,4,141,NA,NA,NA,0
613,4,141,NA,NA,NA,0
614,4,141,NA,NA,NA,0
615,4,141,NA,NA,NA,0
616,3,142,NA,NA,NA,0
617,3,142,NA,NA,NA,0
618,3,142,NA,NA,NA,0
619,3,143,NA,NA,NA,0
620,3,143,NA,NA,NA,0
621,3,143,NA,NA,NA,0
622,5,144,NA,NA,NA,0
623,5,144,NA,NA,NA,0
624,5,144,NA,NA,NA,0
625,5,144,NA,NA,NA,0
626,5,144,NA,NA,NA,0
627,3,145,NA,NA,NA,0
628,3,145,NA,NA,NA,0
629,3,145,NA,NA,NA,0
630,4,146,NA,NA,NA,0
631,4,146,NA,NA,NA,0
632,4,146,NA,NA,NA,0
633,4,146,NA,NA,NA,0
634,3,147,NA,NA,NA,0
635,3,147,NA,NA,NA,0
636,3,147,NA,NA,NA,0
637,6,148,NA,NA,NA,0
638,6,148,NA,NA,NA,0
639,6,148,NA,NA,NA,0
640,6,148,NA,NA,NA,0
641,6,148,NA,NA,NA,0
642,6,148,NA,NA,NA,0
643,5,149,NA,NA,NA,0
644,5,149,NA,NA,NA,0
645,5,149,NA,NA,NA,0
646,5,149,NA,NA,NA,0
647,5,149,NA,NA,NA,0
648,5,150,"H",348,1,0
649,5,150,NA,NA,NA,0
650,5,150,"H",318,3,1
651,5,150,"C",269,4,1
652,5,150,"C",NA,NA,0
653,4,151,NA,NA,NA,0
654,4,151,NA,NA,NA,0
655,4,151,NA,NA,NA,0
656,4,151,NA,NA,NA,0
657,6,152,NA,NA,NA,0
658,6,152,NA,NA,NA,0
659,6,152,NA,NA,NA,0
660,6,152,NA,NA,NA,0
661,6,152,NA,NA,NA,0
662,6,152,NA,NA,NA,0
663,5,153,NA,NA,NA,0
664,5,153,NA,NA,NA,0
665,5,153,NA,NA,NA,0
666,5,153,NA,NA,NA,0
667,5,153,NA,NA,NA,0
668,3,154,NA,NA,NA,0
669,3,154,NA,NA,NA,0
670,3,154,NA,NA,NA,0
671,3,155,NA,NA,NA,0
672,3,155,NA,NA,NA,0
673,3,155,NA,NA,NA,0
674,6,156,NA,NA,NA,0
675,6,156,NA,NA,NA,0
676,6,156,NA,NA,NA,0
677,6,156,NA,NA,NA,0
678,6,156,NA,NA,NA,0
679,6,156,NA,NA,NA,0
680,6,157,NA,NA,NA,0
681,6,157,NA,NA,NA,0
682,6,157,NA,NA,NA,0
683,6,157,NA,NA,NA,0
684,6,157,NA,NA,NA,0
685,6,157,NA,NA,NA,0
686,6,158,NA,NA,NA,0
687,6,158,NA,NA,NA,0
688,6,158,NA,NA,NA,0
689,6,158,NA,NA,NA,0
690,6,158,NA,NA,NA,0
691,6,158,NA,NA,NA,0
692,3,159,NA,NA,NA,0
693,3,159,NA,NA,NA,0
694,3,159,NA,NA,NA,0
695,6,160,NA,NA,NA,0
696,6,160,NA,NA,NA,0
697,6,160,NA,NA,NA,0
698,6,160,NA,NA,NA,0
699,6,160,NA,NA,NA,0
700,6,160,NA,NA,NA,0
701,3,161,NA,NA,NA,0
702,3,161,NA,NA,NA,0
703,3,161,NA,NA,NA,0
704,3,162,NA,NA,NA,0
705,3,162,NA,NA,NA,0
706,3,162,NA,NA,NA,0
707,5,163,NA,NA,NA,0
708,5,163,NA,NA,NA,0
709,5,163,NA,NA,NA,0
710,5,163,NA,NA,NA,0
711,5,163,NA,NA,NA,0
712,5,164,NA,NA,NA,0
713,5,164,NA,NA,NA,0
714,5,164,NA,NA,NA,0
715,5,164,NA,NA,NA,0
716,5,164,NA,NA,NA,0
717,3,165,NA,NA,NA,0
718,3,165,NA,NA,NA,0
719,3,165,NA,NA,NA,0
720,3,166,NA,NA,NA,0
721,3,166,NA,NA,NA,0
722,3,166,NA,NA,NA,0
723,5,167,NA,NA,NA,0
724,5,167,NA,NA,NA,0
725,5,167,NA,NA,NA,0
726,5,167,NA,NA,NA,0
727,5,167,NA,NA,NA,0
728,4,168,NA,NA,NA,0
729,4,168,NA,NA,NA,0
730,4,168,NA,NA,NA,0
731,4,168,NA,NA,NA,0
732,4,169,NA,NA,NA,0
733,4,169,NA,NA,NA,0
734,4,169,NA,NA,NA,0
735,4,169,NA,NA,NA,0
736,5,170,NA,NA,NA,0
737,5,170,NA,NA,NA,0
738,5,170,NA,NA,NA,0
739,5,170,NA,NA,NA,0
740,5,170,NA,NA,NA,0
741,3,171,NA,NA,NA,0
742,3,171,NA,NA,NA,0
743,3,171,NA,NA,NA,0
744,3,172,NA,NA,NA,0
745,3,172,NA,NA,NA,0
746,3,172,NA,NA,NA,0
747,5,173,NA,NA,NA,0
748,5,173,NA,NA,NA,0
749,5,173,NA,NA,NA,0
750,5,173,NA,NA,NA,0
751,5,173,NA,NA,NA,0
752,3,174,NA,NA,NA,0
753,3,174,NA,NA,NA,0
754,3,174,NA,NA,NA,0
755,4,175,NA,NA,NA,0
756,4,175,NA,NA,NA,0
757,4,175,NA,NA,NA,0
758,4,175,NA,NA,NA,0
759,4,176,NA,NA,NA,0
760,4,176,NA,NA,NA,0
761,4,176,NA,NA,NA,0
762,4,176,NA,NA,NA,0
763,4,177,NA,NA,NA,0
764,4,177,NA,NA,NA,0
765,4,177,NA,NA,NA,0
766,4,177,NA,NA,NA,0
767,6,178,"H",139,4,1
768,6,178,"H",168,3,0
769,6,178,NA,NA,NA,0
770,6,178,"C",120,5,1
771,6,178,NA,NA,NA,0
772,6,178,NA,NA,NA,0
773,6,179,NA,NA,NA,0
774,6,179,NA,NA,NA,0
775,6,179,NA,NA,NA,0
776,6,179,NA,NA,NA,0
777,6,179,NA,NA,NA,0
778,6,179,NA,NA,NA,0
779,3,180,NA,NA,NA,0
780,3,180,NA,NA,NA,0
781,3,180,NA,NA,NA,0
782,3,181,NA,NA,NA,0
783,3,181,NA,NA,NA,0
784,3,181,NA,NA,NA,0
785,4,182,NA,NA,NA,0
786,4,182,NA,NA,NA,0
787,4,182,NA,NA,NA,0
788,4,182,NA,NA,NA,0
789,6,183,"C",160,5,1
790,6,183,NA,NA,NA,0
791,6,183,NA,NA,NA,0
792,6,183,"H",214,4,1
793,6,183,"H",284,2,0
794,6,183,"H",247,3,1
795,3,184,NA,NA,NA,0
796,3,184,NA,NA,NA,0
797,3,184,NA,NA,NA,0
798,4,185,NA,NA,NA,0
799,4,185,NA,NA,NA,0
800,4,185,NA,NA,NA,0
801,4,185,NA,NA,NA,0
802,4,186,NA,NA,NA,0
803,4,186,NA,NA,NA,0
804,4,186,NA,NA,NA,0
805,4,186,NA,NA,NA,0
806,5,187,NA,NA,NA,0
807,5,187,NA,NA,NA,0
808,5,187,NA,NA,NA,0
809,5,187,NA,NA,NA,0
810,5,187,NA,NA,NA,0
811,3,188,NA,NA,NA,0
812,3,188,NA,NA,NA,0
813,3,188,NA,NA,NA,0
814,6,189,"H",197,2,1
815,6,189,"C",154,5,2
816,6,189,"H",218,1,1
817,6,189,"H",210,1,0
818,6,189,"H",186,3,1
819,6,189,"H",237,0,0
820,5,190,NA,NA,NA,0
821,5,190,NA,NA,NA,0
822,5,190,NA,NA,NA,0
823,5,190,NA,NA,NA,0
824,5,190,NA,NA,NA,0
825,5,191,NA,NA,NA,0
826,5,191,NA,NA,NA,0
827,5,191,NA,NA,NA,0
828,5,191,NA,NA,NA,0
829,5,191,NA,NA,NA,0
830,5,192,"H",NA,NA,0
831,5,192,"C",359,4,2
832,5,192,NA,NA,NA,0
833,5,192,"H",NA,NA,0
834,5,192,NA,NA,NA,0
835,6,193,NA,NA,NA,0
836,6,193,NA,NA,NA,0
837,6,193,NA,NA,NA,0
838,6,193,NA,NA,NA,0
839,6,193,NA,NA,NA,0
840,6,193,NA,NA,NA,0
841,6,194,NA,NA,NA,0
842,6,194,NA,NA,NA,0
843,6,194,NA,NA,NA,0
844,6,194,NA,NA,NA,0
845,6,194,NA,NA,NA,0
846,6,194,NA,NA,NA,0
847,6,195,NA,NA,NA,0
848,6,195,NA,NA,NA,0
849,6,195,NA,NA,NA,0
850,6,195,NA,NA,NA,0
851,6,195,NA,NA,NA,0
852,6,195,NA,NA,NA,0
853,3,196,NA,NA,NA,0
854,3,196,NA,NA,NA,0
855,3,196,NA,NA,NA,0
856,5,197,"C",NA,NA,0
857,5,197,NA,NA,NA,0
858,5,197,NA,NA,NA,0
859,5,197,NA,NA,NA,0
860,5,197,NA,NA,NA,0
861,5,198,NA,NA,NA,0
862,5,198,NA,NA,NA,0
863,5,198,NA,NA,NA,0
864,5,198,NA,NA,NA,0
865,5,198,NA,NA,NA,0
866,3,199,NA,NA,NA,0
867,3,199,NA,NA,NA,0
868,3,199,NA,NA,NA,0
869,5,200,NA,NA,NA,0
870,5,200,NA,NA,NA,0
871,5,200,NA,NA,NA,0
872,5,200,NA,NA,NA,0
873,5,200,NA,NA,NA,0
874,3,201,NA,NA,NA,0
875,3,201,NA,NA,NA,0
876,3,201,NA,NA,NA,0
877,6,202,NA,NA,NA,0
878,6,202,NA,NA,NA,0
879,6,202,NA,NA,NA,0
880,6,202,NA,NA,NA,0
881,6,202,NA,NA,NA,0
882,6,202,NA,NA,NA,0
883,6,203,NA,NA,NA,0
884,6,203,NA,NA,NA,0
885,6,203,NA,NA,NA,0
886,6,203,NA,NA,NA,0
887,6,203,NA,NA,NA,0
888,6,203,NA,NA,NA,0
889,4,204,NA,NA,NA,0
890,4,204,NA,NA,NA,0
891,4,204,NA,NA,NA,0
892,4,204,NA,NA,NA,0
893,3,205,NA,NA,NA,0
894,3,205,NA,NA,NA,0
895,3,205,NA,NA,NA,0
896,6,206,NA,NA,NA,0
897,6,206,NA,NA,NA,0
898,6,206,NA,NA,NA,0
899,6,206,NA,NA,NA,0
900,6,206,NA,NA,NA,0
901,6,206,NA,NA,NA,0
902,3,207,NA,NA,NA,0
903,3,207,NA,NA,NA,0
904,3,207,NA,NA,NA,0
905,5,208,NA,NA,NA,0
906,5,208,NA,NA,NA,0
907,5,208,NA,NA,NA,0
908,5,208,NA,NA,NA,0
909,5,208,NA,NA,NA,0
910,5,209,NA,NA,NA,0
911,5,209,NA,NA,NA,0
912,5,209,NA,NA,NA,0
913,5,209,NA,NA,NA,0
914,5,209,NA,NA,NA,0
915,3,210,NA,NA,NA,0
916,3,210,NA,NA,NA,0
917,3,210,NA,NA,NA,0
918,4,211,NA,NA,NA,0
919,4,211,NA,NA,NA,0
920,4,211,NA,NA,NA,0
921,4,211,NA,NA,NA,0
922,3,212,NA,NA,NA,0
923,3,212,NA,NA,NA,0
924,3,212,NA,NA,NA,0
925,3,213,NA,NA,NA,0
926,3,213,NA,NA,NA,0
927,3,213,"C",NA,NA,0
928,5,214,NA,NA,NA,0
929,5,214,NA,NA,NA,0
930,5,214,NA,NA,NA,0
931,5,214,NA,NA,NA,0
932,5,214,NA,NA,NA,0
933,3,215,NA,NA,NA,0
934,3,215,NA,NA,NA,0
935,3,215,NA,NA,NA,0
936,3,216,NA,NA,NA,0
937,3,216,NA,NA,NA,0
938,3,216,NA,NA,NA,0
939,3,217,NA,NA,NA,0
940,3,217,NA,NA,NA,0
941,3,217,NA,NA,NA,0
942,6,218,NA,NA,NA,0
943,6,218,NA,NA,NA,0
944,6,218,NA,NA,NA,0
945,6,218,NA,NA,NA,0
946,6,218,NA,NA,NA,0
947,6,218,NA,NA,NA,0
948,4,219,NA,NA,NA,0
949,4,219,NA,NA,NA,0
950,4,219,NA,NA,NA,0
951,4,219,NA,NA,NA,0
952,5,220,NA,NA,NA,0
953,5,220,NA,NA,NA,0
954,5,220,NA,NA,NA,0
955,5,220,NA,NA,NA,0
956,5,220,NA,NA,NA,0
957,4,221,NA,NA,NA,0
958,4,221,NA,NA,NA,0
959,4,221,NA,NA,NA,0
960,4,221,NA,NA,NA,0
961,4,222,NA,NA,NA,0
962,4,222,NA,NA,NA,0
963,4,222,NA,NA,NA,0
964,4,222,NA,NA,NA,0
965,3,223,NA,NA,NA,0
966,3,223,NA,NA,NA,0
967,3,223,NA,NA,NA,0
968,4,224,NA,NA,NA,0
969,4,224,NA,NA,NA,0
970,4,224,NA,NA,NA,0
971,4,224,NA,NA,NA,0
972,6,225,NA,NA,NA,0
973,6,225,NA,NA,NA,0
974,6,225,NA,NA,NA,0
975,6,225,NA,NA,NA,0
976,6,225,NA,NA,NA,0
977,6,225,NA,NA,NA,0
978,6,226,NA,NA,NA,0
979,6,226,NA,NA,NA,0
980,6,226,NA,NA,NA,0
981,6,226,NA,NA,NA,0
982,6,226,NA,NA,NA,0
983,6,226,NA,NA,NA,0
984,6,227,NA,NA,NA,0
985,6,227,NA,NA,NA,0
986,6,227,NA,NA,NA,0
987,6,227,NA,NA,NA,0
988,6,227,NA,NA,NA,0
989,6,227,NA,NA,NA,0
990,3,228,NA,NA,NA,0
991,3,228,NA,NA,NA,0
992,3,228,NA,NA,NA,0
993,5,229,NA,NA,NA,0
994,5,229,NA,NA,NA,0
995,5,229,NA,NA,NA,0
996,5,229,NA,NA,NA,0
997,5,229,NA,NA,NA,0
998,3,230,NA,NA,NA,0
999,3,230,NA,NA,NA,0
1000,3,230,NA,NA,NA,0
