"ID","SIZE","HH","TYPE","TIME","S_num","I_num"
1,3,1,"0",23,NA,0
2,3,1,NA,NA,NA,0
3,3,1,NA,NA,NA,0
4,5,2,NA,NA,NA,0
5,5,2,NA,NA,NA,0
6,5,2,NA,NA,NA,0
7,5,2,NA,NA,NA,0
8,5,2,NA,NA,NA,0
9,3,3,"E",255,NA,0
10,3,3,NA,NA,NA,0
11,3,3,"E",91,NA,0
12,5,4,"E",NA,NA,0
13,5,4,NA,NA,NA,0
14,5,4,"E",NA,NA,0
15,5,4,NA,NA,NA,0
16,5,4,NA,NA,NA,0
17,6,5,NA,NA,NA,0
18,6,5,NA,NA,NA,0
19,6,5,"E",NA,NA,0
20,6,5,"E",NA,NA,0
21,6,5,"E",359,NA,0
22,6,5,NA,NA,NA,0
23,5,6,NA,NA,NA,0
24,5,6,NA,NA,NA,0
25,5,6,NA,NA,NA,0
26,5,6,"E",NA,NA,0
27,5,6,"E",NA,NA,0
28,3,7,"E",NA,NA,0
29,3,7,NA,NA,NA,0
30,3,7,NA,NA,NA,0
31,4,8,NA,NA,NA,0
32,4,8,"E",NA,NA,0
33,4,8,NA,NA,NA,0
34,4,8,NA,NA,NA,0
35,4,9,"E",NA,NA,0
36,4,9,NA,NA,NA,0
37,4,9,NA,NA,NA,0
38,4,9,"E",NA,NA,0
39,6,10,NA,NA,NA,0
40,6,10,"E",NA,NA,0
41,6,10,"E",291,NA,0
42,6,10,"E",NA,NA,0
43,6,10,NA,NA,NA,0
44,6,10,"E",NA,NA,0
45,5,11,NA,NA,NA,0
46,5,11,"E",NA,NA,0
47,5,11,"E",324,NA,0
48,5,11,"E",NA,NA,0
49,5,11,"E",335,NA,0
50,6,12,"E",NA,NA,0
51,6,12,NA,NA,NA,0
52,6,12,"E",305,NA,0
53,6,12,NA,NA,NA,0
54,6,12,"E",358,NA,0
55,6,12,NA,NA,NA,0
56,4,13,"E",298,NA,0
57,4,13,"E",NA,NA,0
58,4,13,NA,NA,NA,0
59,4,13,"E",NA,NA,0
60,4,14,"E",NA,NA,0
61,4,14,"E",325,NA,0
62,4,14,"E",NA,NA,0
63,4,14,"E",NA,NA,0
64,6,15,NA,NA,NA,0
65,6,15,NA,NA,NA,0
66,6,15,NA,NA,NA,0
67,6,15,"E",NA,NA,0
68,6,15,NA,NA,NA,0
69,6,15,NA,NA,NA,0
70,6,16,NA,NA,NA,0
71,6,16,"E",NA,NA,0
72,6,16,NA,NA,NA,0
73,6,16,NA,NA,NA,0
74,6,16,NA,NA,NA,0
75,6,16,NA,NA,NA,0
76,4,17,NA,NA,NA,0
77,4,17,"E",NA,NA,0
78,4,17,"E",NA,NA,0
79,4,17,NA,NA,NA,0
80,4,18,NA,NA,NA,0
81,4,18,"E",308,NA,0
82,4,18,NA,NA,NA,0
83,4,18,NA,NA,NA,0
84,6,19,NA,NA,NA,0
85,6,19,NA,NA,NA,0
86,6,19,"E",NA,NA,0
87,6,19,"E",NA,NA,0
88,6,19,NA,NA,NA,0
89,6,19,NA,NA,NA,0
90,6,20,"E",342,NA,0
91,6,20,"E",NA,NA,0
92,6,20,"E",NA,NA,0
93,6,20,NA,NA,NA,0
94,6,20,"E",NA,NA,0
95,6,20,NA,NA,NA,0
96,4,21,NA,NA,NA,0
97,4,21,NA,NA,NA,0
98,4,21,"E",NA,NA,0
99,4,21,"E",311,NA,0
100,4,22,"E",NA,NA,0
101,4,22,NA,NA,NA,0
102,4,22,NA,NA,NA,0
103,4,22,NA,NA,NA,0
104,5,23,NA,NA,NA,0
105,5,23,NA,NA,NA,0
106,5,23,NA,NA,NA,0
107,5,23,NA,NA,NA,0
108,5,23,NA,NA,NA,0
109,3,24,NA,NA,NA,0
110,3,24,NA,NA,NA,0
111,3,24,"E",NA,NA,0
112,3,25,NA,NA,NA,0
113,3,25,"E",291,NA,0
114,3,25,NA,NA,NA,0
115,4,26,"E",NA,NA,0
116,4,26,"E",NA,NA,0
117,4,26,NA,NA,NA,0
118,4,26,NA,NA,NA,0
119,6,27,NA,NA,NA,0
120,6,27,NA,NA,NA,0
121,6,27,"E",NA,NA,0
122,6,27,"E",NA,NA,0
123,6,27,"E",350,NA,0
124,6,27,"E",NA,NA,0
125,5,28,NA,NA,NA,0
126,5,28,"E",NA,NA,0
127,5,28,NA,NA,NA,0
128,5,28,NA,NA,NA,0
129,5,28,"E",NA,NA,0
130,5,29,"E",NA,NA,0
131,5,29,NA,NA,NA,0
132,5,29,NA,NA,NA,0
133,5,29,NA,NA,NA,0
134,5,29,NA,NA,NA,0
135,4,30,"E",340,NA,0
136,4,30,"E",NA,NA,0
137,4,30,NA,NA,NA,0
138,4,30,NA,NA,NA,0
139,5,31,"E",NA,NA,0
140,5,31,NA,NA,NA,0
141,5,31,NA,NA,NA,0
142,5,31,NA,NA,NA,0
143,5,31,"E",NA,NA,0
144,4,32,NA,NA,NA,0
145,4,32,"E",NA,NA,0
146,4,32,"E",NA,NA,0
147,4,32,"E",296,NA,0
148,5,33,"E",365,NA,0
149,5,33,NA,NA,NA,0
150,5,33,"E",NA,NA,0
151,5,33,"E",NA,NA,0
152,5,33,"E",NA,NA,0
153,3,34,"E",NA,NA,0
154,3,34,NA,NA,NA,0
155,3,34,"E",282,NA,0
156,3,35,NA,NA,NA,0
157,3,35,"E",NA,NA,0
158,3,35,"E",NA,NA,0
159,3,36,NA,NA,NA,0
160,3,36,"E",225,NA,0
161,3,36,NA,NA,NA,0
162,6,37,NA,NA,NA,0
163,6,37,NA,NA,NA,0
164,6,37,"E",267,NA,0
165,6,37,"E",273,NA,0
166,6,37,NA,NA,NA,0
167,6,37,NA,NA,NA,0
168,3,38,NA,NA,NA,0
169,3,38,"E",351,NA,0
170,3,38,NA,NA,NA,0
171,6,39,NA,NA,NA,0
172,6,39,"E",292,NA,0
173,6,39,NA,NA,NA,0
174,6,39,"E",NA,NA,0
175,6,39,NA,NA,NA,0
176,6,39,"E",NA,NA,0
177,3,40,NA,NA,NA,0
178,3,40,NA,NA,NA,0
179,3,40,"E",158,NA,0
180,5,41,"E",250,NA,0
181,5,41,"E",353,NA,0
182,5,41,"E",NA,NA,0
183,5,41,"E",291,NA,0
184,5,41,NA,NA,NA,0
185,3,42,NA,NA,NA,0
186,3,42,NA,NA,NA,0
187,3,42,NA,NA,NA,0
188,6,43,NA,NA,NA,0
189,6,43,NA,NA,NA,0
190,6,43,NA,NA,NA,0
191,6,43,NA,NA,NA,0
192,6,43,"E",251,NA,0
193,6,43,NA,NA,NA,0
194,5,44,NA,NA,NA,0
195,5,44,"E",NA,NA,0
196,5,44,NA,NA,NA,0
197,5,44,NA,NA,NA,0
198,5,44,NA,NA,NA,0
199,3,45,NA,NA,NA,0
200,3,45,NA,NA,NA,0
201,3,45,NA,NA,NA,0
202,5,46,NA,NA,NA,0
203,5,46,"E",NA,NA,0
204,5,46,NA,NA,NA,0
205,5,46,NA,NA,NA,0
206,5,46,"E",NA,NA,0
207,6,47,NA,NA,NA,0
208,6,47,"E",355,NA,0
209,6,47,NA,NA,NA,0
210,6,47,"E",359,NA,0
211,6,47,NA,NA,NA,0
212,6,47,"E",277,NA,0
213,4,48,"E",NA,NA,0
214,4,48,"E",266,NA,0
215,4,48,"E",NA,NA,0
216,4,48,NA,NA,NA,0
217,3,49,"E",344,NA,0
218,3,49,NA,NA,NA,0
219,3,49,"E",NA,NA,0
220,4,50,NA,NA,NA,0
221,4,50,NA,NA,NA,0
222,4,50,NA,NA,NA,0
223,4,50,"E",NA,NA,0
224,5,51,"E",NA,NA,0
225,5,51,NA,NA,NA,0
226,5,51,NA,NA,NA,0
227,5,51,NA,NA,NA,0
228,5,51,NA,NA,NA,0
229,6,52,NA,NA,NA,0
230,6,52,NA,NA,NA,0
231,6,52,"E",250,NA,0
232,6,52,"E",NA,NA,0
233,6,52,NA,NA,NA,0
234,6,52,NA,NA,NA,0
235,5,53,NA,NA,NA,0
236,5,53,NA,NA,NA,0
237,5,53,NA,NA,NA,0
238,5,53,"E",NA,NA,0
239,5,53,NA,NA,NA,0
240,3,54,"E",NA,NA,0
241,3,54,NA,NA,NA,0
242,3,54,NA,NA,NA,0
243,4,55,NA,NA,NA,0
244,4,55,NA,NA,NA,0
245,4,55,NA,NA,NA,0
246,4,55,NA,NA,NA,0
247,6,56,"E",NA,NA,0
248,6,56,"E",NA,NA,0
249,6,56,"E",NA,NA,0
250,6,56,NA,NA,NA,0
251,6,56,NA,NA,NA,0
252,6,56,NA,NA,NA,0
253,6,57,NA,NA,NA,0
254,6,57,NA,NA,NA,0
255,6,57,"E",NA,NA,0
256,6,57,"E",NA,NA,0
257,6,57,NA,NA,NA,0
258,6,57,NA,NA,NA,0
259,6,58,NA,NA,NA,0
260,6,58,NA,NA,NA,0
261,6,58,"E",NA,NA,0
262,6,58,NA,NA,NA,0
263,6,58,"E",NA,NA,0
264,6,58,"E",NA,NA,0
265,4,59,"E",NA,NA,0
266,4,59,NA,NA,NA,0
267,4,59,NA,NA,NA,0
268,4,59,NA,NA,NA,0
269,4,60,NA,NA,NA,0
270,4,60,"E",345,NA,0
271,4,60,NA,NA,NA,0
272,4,60,"E",NA,NA,0
273,5,61,NA,NA,NA,0
274,5,61,"E",348,NA,0
275,5,61,NA,NA,NA,0
276,5,61,NA,NA,NA,0
277,5,61,"E",NA,NA,0
278,5,62,NA,NA,NA,0
279,5,62,NA,NA,NA,0
280,5,62,"E",355,NA,0
281,5,62,"E",NA,NA,0
282,5,62,NA,NA,NA,0
283,3,63,NA,NA,NA,0
284,3,63,"E",NA,NA,0
285,3,63,NA,NA,NA,0
286,4,64,NA,NA,NA,0
287,4,64,"E",NA,NA,0
288,4,64,"E",NA,NA,0
289,4,64,NA,NA,NA,0
290,5,65,"E",305,NA,0
291,5,65,NA,NA,NA,0
292,5,65,NA,NA,NA,0
293,5,65,"E",290,NA,0
294,5,65,NA,NA,NA,0
295,4,66,"E",NA,NA,0
296,4,66,"E",NA,NA,0
297,4,66,NA,NA,NA,0
298,4,66,NA,NA,NA,0
299,5,67,NA,NA,NA,0
300,5,67,NA,NA,NA,0
301,5,67,NA,NA,NA,0
302,5,67,NA,NA,NA,0
303,5,67,NA,NA,NA,0
304,3,68,"E",341,NA,0
305,3,68,NA,NA,NA,0
306,3,68,NA,NA,NA,0
307,5,69,"E",NA,NA,0
308,5,69,NA,NA,NA,0
309,5,69,NA,NA,NA,0
310,5,69,NA,NA,NA,0
311,5,69,NA,NA,NA,0
312,4,70,"E",204,NA,0
313,4,70,NA,NA,NA,0
314,4,70,NA,NA,NA,0
315,4,70,NA,NA,NA,0
316,3,71,NA,NA,NA,0
317,3,71,"E",NA,NA,0
318,3,71,NA,NA,NA,0
319,5,72,"E",NA,NA,0
320,5,72,"E",NA,NA,0
321,5,72,NA,NA,NA,0
322,5,72,"E",NA,NA,0
323,5,72,"E",NA,NA,0
324,3,73,NA,NA,NA,0
325,3,73,NA,NA,NA,0
326,3,73,"E",280,NA,0
327,4,74,NA,NA,NA,0
328,4,74,NA,NA,NA,0
329,4,74,NA,NA,NA,0
330,4,74,"E",NA,NA,0
331,6,75,NA,NA,NA,0
332,6,75,"E",NA,NA,0
333,6,75,"E",159,NA,0
334,6,75,NA,NA,NA,0
335,6,75,"E",NA,NA,0
336,6,75,NA,NA,NA,0
337,3,76,"E",NA,NA,0
338,3,76,"E",283,NA,0
339,3,76,NA,NA,NA,0
340,6,77,"E",321,NA,0
341,6,77,"E",213,NA,0
342,6,77,"E",291,NA,0
343,6,77,NA,NA,NA,0
344,6,77,NA,NA,NA,0
345,6,77,NA,NA,NA,0
346,3,78,NA,NA,NA,0
347,3,78,NA,NA,NA,0
348,3,78,NA,NA,NA,0
349,3,79,NA,NA,NA,0
350,3,79,NA,NA,NA,0
351,3,79,NA,NA,NA,0
352,4,80,"E",286,NA,0
353,4,80,NA,NA,NA,0
354,4,80,NA,NA,NA,0
355,4,80,"E",307,NA,0
356,3,81,"E",249,NA,0
357,3,81,NA,NA,NA,0
358,3,81,NA,NA,NA,0
359,6,82,NA,NA,NA,0
360,6,82,NA,NA,NA,0
361,6,82,NA,NA,NA,0
362,6,82,"E",NA,NA,0
363,6,82,NA,NA,NA,0
364,6,82,NA,NA,NA,0
365,6,83,"E",NA,NA,0
366,6,83,"E",369,NA,0
367,6,83,NA,NA,NA,0
368,6,83,"E",NA,NA,0
369,6,83,"E",NA,NA,0
370,6,83,NA,NA,NA,0
371,5,84,NA,NA,NA,0
372,5,84,"E",195,NA,0
373,5,84,NA,NA,NA,0
374,5,84,NA,NA,NA,0
375,5,84,NA,NA,NA,0
376,3,85,NA,NA,NA,0
377,3,85,NA,NA,NA,0
378,3,85,NA,NA,NA,0
379,6,86,NA,NA,NA,0
380,6,86,"E",NA,NA,0
381,6,86,"E",NA,NA,0
382,6,86,NA,NA,NA,0
383,6,86,NA,NA,NA,0
384,6,86,"E",183,NA,0
385,5,87,"E",NA,NA,0
386,5,87,"E",344,NA,0
387,5,87,"E",NA,NA,0
388,5,87,NA,NA,NA,0
389,5,87,NA,NA,NA,0
390,6,88,"E",265,NA,0
391,6,88,NA,NA,NA,0
392,6,88,NA,NA,NA,0
393,6,88,"E",NA,NA,0
394,6,88,NA,NA,NA,0
395,6,88,"E",NA,NA,0
396,3,89,NA,NA,NA,0
397,3,89,NA,NA,NA,0
398,3,89,NA,NA,NA,0
399,6,90,"E",238,NA,0
400,6,90,NA,NA,NA,0
401,6,90,"E",NA,NA,0
402,6,90,"E",NA,NA,0
403,6,90,"E",NA,NA,0
404,6,90,NA,NA,NA,0
405,3,91,NA,NA,NA,0
406,3,91,"E",NA,NA,0
407,3,91,NA,NA,NA,0
408,6,92,"E",NA,NA,0
409,6,92,"E",319,NA,0
410,6,92,"E",NA,NA,0
411,6,92,"E",357,NA,0
412,6,92,"E",NA,NA,0
413,6,92,NA,NA,NA,0
414,6,93,NA,NA,NA,0
415,6,93,"E",NA,NA,0
416,6,93,NA,NA,NA,0
417,6,93,NA,NA,NA,0
418,6,93,"E",NA,NA,0
419,6,93,"E",NA,NA,0
420,5,94,"E",237,NA,0
421,5,94,NA,NA,NA,0
422,5,94,NA,NA,NA,0
423,5,94,NA,NA,NA,0
424,5,94,"E",NA,NA,0
425,4,95,NA,NA,NA,0
426,4,95,NA,NA,NA,0
427,4,95,NA,NA,NA,0
428,4,95,NA,NA,NA,0
429,4,96,NA,NA,NA,0
430,4,96,"E",308,NA,0
431,4,96,"E",354,NA,0
432,4,96,NA,NA,NA,0
433,3,97,NA,NA,NA,0
434,3,97,"E",NA,NA,0
435,3,97,NA,NA,NA,0
436,4,98,NA,NA,NA,0
437,4,98,NA,NA,NA,0
438,4,98,NA,NA,NA,0
439,4,98,"E",328,NA,0
440,6,99,NA,NA,NA,0
441,6,99,NA,NA,NA,0
442,6,99,NA,NA,NA,0
443,6,99,NA,NA,NA,0
444,6,99,NA,NA,NA,0
445,6,99,"E",NA,NA,0
446,4,100,NA,NA,NA,0
447,4,100,"E",NA,NA,0
448,4,100,NA,NA,NA,0
449,4,100,NA,NA,NA,0
450,6,101,NA,NA,NA,0
451,6,101,NA,NA,NA,0
452,6,101,NA,NA,NA,0
453,6,101,NA,NA,NA,0
454,6,101,"E",NA,NA,0
455,6,101,NA,NA,NA,0
456,3,102,"E",NA,NA,0
457,3,102,NA,NA,NA,0
458,3,102,NA,NA,NA,0
459,4,103,"E",NA,NA,0
460,4,103,NA,NA,NA,0
461,4,103,NA,NA,NA,0
462,4,103,"E",290,NA,0
463,6,104,"E",NA,NA,0
464,6,104,NA,NA,NA,0
465,6,104,"E",NA,NA,0
466,6,104,NA,NA,NA,0
467,6,104,NA,NA,NA,0
468,6,104,"E",359,NA,0
469,3,105,NA,NA,NA,0
470,3,105,NA,NA,NA,0
471,3,105,NA,NA,NA,0
472,3,106,"E",297,NA,0
473,3,106,"E",NA,NA,0
474,3,106,"E",356,NA,0
475,4,107,"E",NA,NA,0
476,4,107,"E",NA,NA,0
477,4,107,NA,NA,NA,0
478,4,107,"E",NA,NA,0
479,5,108,NA,NA,NA,0
480,5,108,NA,NA,NA,0
481,5,108,NA,NA,NA,0
482,5,108,NA,NA,NA,0
483,5,108,"E",NA,NA,0
484,3,109,NA,NA,NA,0
485,3,109,NA,NA,NA,0
486,3,109,"E",NA,NA,0
487,4,110,"E",NA,NA,0
488,4,110,NA,NA,NA,0
489,4,110,"E",NA,NA,0
490,4,110,"E",NA,NA,0
491,6,111,NA,NA,NA,0
492,6,111,NA,NA,NA,0
493,6,111,NA,NA,NA,0
494,6,111,NA,NA,NA,0
495,6,111,"E",NA,NA,0
496,6,111,"E",360,NA,0
497,5,112,NA,NA,NA,0
498,5,112,NA,NA,NA,0
499,5,112,NA,NA,NA,0
500,5,112,"E",NA,NA,0
501,5,112,"E",NA,NA,0
502,6,113,"E",188,NA,0
503,6,113,NA,NA,NA,0
504,6,113,NA,NA,NA,0
505,6,113,NA,NA,NA,0
506,6,113,"E",NA,NA,0
507,6,113,"E",NA,NA,0
508,5,114,NA,NA,NA,0
509,5,114,NA,NA,NA,0
510,5,114,"E",NA,NA,0
511,5,114,"E",NA,NA,0
512,5,114,NA,NA,NA,0
513,5,115,NA,NA,NA,0
514,5,115,NA,NA,NA,0
515,5,115,NA,NA,NA,0
516,5,115,NA,NA,NA,0
517,5,115,"E",NA,NA,0
518,6,116,NA,NA,NA,0
519,6,116,NA,NA,NA,0
520,6,116,NA,NA,NA,0
521,6,116,"E",NA,NA,0
522,6,116,NA,NA,NA,0
523,6,116,"E",295,NA,0
524,5,117,NA,NA,NA,0
525,5,117,"E",284,NA,0
526,5,117,"E",348,NA,0
527,5,117,NA,NA,NA,0
528,5,117,NA,NA,NA,0
529,3,118,"E",NA,NA,0
530,3,118,"E",343,NA,0
531,3,118,NA,NA,NA,0
532,3,119,NA,NA,NA,0
533,3,119,"E",NA,NA,0
534,3,119,NA,NA,NA,0
535,3,120,"E",NA,NA,0
536,3,120,NA,NA,NA,0
537,3,120,NA,NA,NA,0
538,4,121,NA,NA,NA,0
539,4,121,NA,NA,NA,0
540,4,121,NA,NA,NA,0
541,4,121,"E",362,NA,0
542,5,122,NA,NA,NA,0
543,5,122,NA,NA,NA,0
544,5,122,"E",NA,NA,0
545,5,122,"E",327,NA,0
546,5,122,NA,NA,NA,0
547,6,123,NA,NA,NA,0
548,6,123,NA,NA,NA,0
549,6,123,"E",NA,NA,0
550,6,123,NA,NA,NA,0
551,6,123,"E",NA,NA,0
552,6,123,NA,NA,NA,0
553,4,124,"E",NA,NA,0
554,4,124,"E",NA,NA,0
555,4,124,NA,NA,NA,0
556,4,124,NA,NA,NA,0
557,6,125,"E",311,NA,0
558,6,125,NA,NA,NA,0
559,6,125,"E",NA,NA,0
560,6,125,"E",329,NA,0
561,6,125,"E",319,NA,0
562,6,125,NA,NA,NA,0
563,4,126,"E",NA,NA,0
564,4,126,"E",199,NA,0
565,4,126,"E",NA,NA,0
566,4,126,"E",NA,NA,0
567,4,127,NA,NA,NA,0
568,4,127,"E",NA,NA,0
569,4,127,NA,NA,NA,0
570,4,127,NA,NA,NA,0
571,3,128,"E",247,NA,0
572,3,128,NA,NA,NA,0
573,3,128,NA,NA,NA,0
574,3,129,NA,NA,NA,0
575,3,129,"E",277,NA,0
576,3,129,NA,NA,NA,0
577,5,130,"E",NA,NA,0
578,5,130,NA,NA,NA,0
579,5,130,NA,NA,NA,0
580,5,130,NA,NA,NA,0
581,5,130,NA,NA,NA,0
582,5,131,NA,NA,NA,0
583,5,131,NA,NA,NA,0
584,5,131,NA,NA,NA,0
585,5,131,"E",NA,NA,0
586,5,131,NA,NA,NA,0
587,6,132,"E",NA,NA,0
588,6,132,"E",NA,NA,0
589,6,132,"E",343,NA,0
590,6,132,"E",NA,NA,0
591,6,132,NA,NA,NA,0
592,6,132,"E",NA,NA,0
593,3,133,NA,NA,NA,0
594,3,133,NA,NA,NA,0
595,3,133,"E",NA,NA,0
596,3,134,"E",282,NA,0
597,3,134,NA,NA,NA,0
598,3,134,"E",NA,NA,0
599,4,135,"E",NA,NA,0
600,4,135,"E",NA,NA,0
601,4,135,"E",NA,NA,0
602,4,135,NA,NA,NA,0
603,4,136,NA,NA,NA,0
604,4,136,"E",281,NA,0
605,4,136,"E",NA,NA,0
606,4,136,NA,NA,NA,0
607,6,137,"E",NA,NA,0
608,6,137,NA,NA,NA,0
609,6,137,NA,NA,NA,0
610,6,137,"E",310,NA,0
611,6,137,NA,NA,NA,0
612,6,137,NA,NA,NA,0
613,5,138,NA,NA,NA,0
614,5,138,NA,NA,NA,0
615,5,138,"E",NA,NA,0
616,5,138,NA,NA,NA,0
617,5,138,NA,NA,NA,0
618,4,139,"E",NA,NA,0
619,4,139,NA,NA,NA,0
620,4,139,NA,NA,NA,0
621,4,139,NA,NA,NA,0
622,4,140,NA,NA,NA,0
623,4,140,NA,NA,NA,0
624,4,140,"E",NA,NA,0
625,4,140,NA,NA,NA,0
626,5,141,"E",267,NA,0
627,5,141,"E",NA,NA,0
628,5,141,NA,NA,NA,0
629,5,141,NA,NA,NA,0
630,5,141,NA,NA,NA,0
631,6,142,NA,NA,NA,0
632,6,142,"E",300,NA,0
633,6,142,"E",246,NA,0
634,6,142,"E",NA,NA,0
635,6,142,NA,NA,NA,0
636,6,142,NA,NA,NA,0
637,3,143,NA,NA,NA,0
638,3,143,NA,NA,NA,0
639,3,143,"E",NA,NA,0
640,6,144,NA,NA,NA,0
641,6,144,"E",125,NA,0
642,6,144,NA,NA,NA,0
643,6,144,NA,NA,NA,0
644,6,144,NA,NA,NA,0
645,6,144,NA,NA,NA,0
646,5,145,"E",NA,NA,0
647,5,145,NA,NA,NA,0
648,5,145,"E",368,NA,0
649,5,145,"E",320,NA,0
650,5,145,NA,NA,NA,0
651,5,146,NA,NA,NA,0
652,5,146,"E",333,NA,0
653,5,146,"E",NA,NA,0
654,5,146,"E",NA,NA,0
655,5,146,"E",301,NA,0
656,6,147,"E",136,NA,0
657,6,147,"E",NA,NA,0
658,6,147,NA,NA,NA,0
659,6,147,NA,NA,NA,0
660,6,147,NA,NA,NA,0
661,6,147,NA,NA,NA,0
662,6,148,"E",NA,NA,0
663,6,148,NA,NA,NA,0
664,6,148,NA,NA,NA,0
665,6,148,"E",NA,NA,0
666,6,148,NA,NA,NA,0
667,6,148,"E",252,NA,0
668,3,149,NA,NA,NA,0
669,3,149,"E",NA,NA,0
670,3,149,"E",NA,NA,0
671,6,150,"E",NA,NA,0
672,6,150,NA,NA,NA,0
673,6,150,NA,NA,NA,0
674,6,150,NA,NA,NA,0
675,6,150,"E",NA,NA,0
676,6,150,"E",NA,NA,0
677,4,151,NA,NA,NA,0
678,4,151,NA,NA,NA,0
679,4,151,"E",NA,NA,0
680,4,151,"E",NA,NA,0
681,5,152,NA,NA,NA,0
682,5,152,NA,NA,NA,0
683,5,152,NA,NA,NA,0
684,5,152,NA,NA,NA,0
685,5,152,"E",NA,NA,0
686,4,153,NA,NA,NA,0
687,4,153,"E",144,NA,0
688,4,153,"E",245,NA,0
689,4,153,NA,NA,NA,0
690,6,154,"E",114,NA,0
691,6,154,NA,NA,NA,0
692,6,154,NA,NA,NA,0
693,6,154,"E",316,NA,0
694,6,154,"E",NA,NA,0
695,6,154,"E",354,NA,0
696,5,155,"E",NA,NA,0
697,5,155,NA,NA,NA,0
698,5,155,NA,NA,NA,0
699,5,155,NA,NA,NA,0
700,5,155,NA,NA,NA,0
701,6,156,NA,NA,NA,0
702,6,156,NA,NA,NA,0
703,6,156,NA,NA,NA,0
704,6,156,"E",239,NA,0
705,6,156,"E",NA,NA,0
706,6,156,NA,NA,NA,0
707,5,157,NA,NA,NA,0
708,5,157,NA,NA,NA,0
709,5,157,NA,NA,NA,0
710,5,157,NA,NA,NA,0
711,5,157,"E",369,NA,0
712,6,158,NA,NA,NA,0
713,6,158,NA,NA,NA,0
714,6,158,"E",NA,NA,0
715,6,158,NA,NA,NA,0
716,6,158,NA,NA,NA,0
717,6,158,NA,NA,NA,0
718,4,159,NA,NA,NA,0
719,4,159,"E",346,NA,0
720,4,159,"E",61,NA,0
721,4,159,NA,NA,NA,0
722,6,160,"E",NA,NA,0
723,6,160,"E",NA,NA,0
724,6,160,NA,NA,NA,0
725,6,160,"E",NA,NA,0
726,6,160,NA,NA,NA,0
727,6,160,NA,NA,NA,0
728,5,161,NA,NA,NA,0
729,5,161,NA,NA,NA,0
730,5,161,NA,NA,NA,0
731,5,161,NA,NA,NA,0
732,5,161,NA,NA,NA,0
733,6,162,NA,NA,NA,0
734,6,162,"E",NA,NA,0
735,6,162,NA,NA,NA,0
736,6,162,NA,NA,NA,0
737,6,162,NA,NA,NA,0
738,6,162,"E",NA,NA,0
739,3,163,"E",314,NA,0
740,3,163,"E",350,NA,0
741,3,163,NA,NA,NA,0
742,5,164,NA,NA,NA,0
743,5,164,"E",NA,NA,0
744,5,164,NA,NA,NA,0
745,5,164,"E",293,NA,0
746,5,164,NA,NA,NA,0
747,6,165,NA,NA,NA,0
748,6,165,NA,NA,NA,0
749,6,165,NA,NA,NA,0
750,6,165,NA,NA,NA,0
751,6,165,NA,NA,NA,0
752,6,165,NA,NA,NA,0
753,6,166,NA,NA,NA,0
754,6,166,NA,NA,NA,0
755,6,166,NA,NA,NA,0
756,6,166,NA,NA,NA,0
757,6,166,"E",NA,NA,0
758,6,166,NA,NA,NA,0
759,3,167,"E",358,NA,0
760,3,167,"E",339,NA,0
761,3,167,"E",282,NA,0
762,6,168,NA,NA,NA,0
763,6,168,NA,NA,NA,0
764,6,168,"E",370,NA,0
765,6,168,NA,NA,NA,0
766,6,168,"E",NA,NA,0
767,6,168,NA,NA,NA,0
768,3,169,"E",NA,NA,0
769,3,169,"E",NA,NA,0
770,3,169,"E",272,NA,0
771,3,170,NA,NA,NA,0
772,3,170,NA,NA,NA,0
773,3,170,NA,NA,NA,0
774,5,171,"E",259,NA,0
775,5,171,"E",NA,NA,0
776,5,171,"E",309,NA,0
777,5,171,"E",120,NA,0
778,5,171,"E",278,NA,0
779,6,172,"E",NA,NA,0
780,6,172,NA,NA,NA,0
781,6,172,"E",NA,NA,0
782,6,172,"E",NA,NA,0
783,6,172,"E",NA,NA,0
784,6,172,NA,NA,NA,0
785,3,173,NA,NA,NA,0
786,3,173,NA,NA,NA,0
787,3,173,NA,NA,NA,0
788,3,174,"E",NA,NA,0
789,3,174,NA,NA,NA,0
790,3,174,NA,NA,NA,0
791,5,175,"E",351,NA,0
792,5,175,NA,NA,NA,0
793,5,175,"E",359,NA,0
794,5,175,"E",NA,NA,0
795,5,175,NA,NA,NA,0
796,3,176,"E",NA,NA,0
797,3,176,"E",NA,NA,0
798,3,176,NA,NA,NA,0
799,3,177,"E",NA,NA,0
800,3,177,NA,NA,NA,0
801,3,177,NA,NA,NA,0
802,6,178,NA,NA,NA,0
803,6,178,NA,NA,NA,0
804,6,178,"E",NA,NA,0
805,6,178,"E",NA,NA,0
806,6,178,NA,NA,NA,0
807,6,178,"E",NA,NA,0
808,4,179,NA,NA,NA,0
809,4,179,NA,NA,NA,0
810,4,179,NA,NA,NA,0
811,4,179,NA,NA,NA,0
812,3,180,NA,NA,NA,0
813,3,180,NA,NA,NA,0
814,3,180,NA,NA,NA,0
815,5,181,"E",276,NA,0
816,5,181,NA,NA,NA,0
817,5,181,"E",NA,NA,0
818,5,181,NA,NA,NA,0
819,5,181,NA,NA,NA,0
820,3,182,NA,NA,NA,0
821,3,182,"E",NA,NA,0
822,3,182,"E",NA,NA,0
823,5,183,"E",NA,NA,0
824,5,183,NA,NA,NA,0
825,5,183,NA,NA,NA,0
826,5,183,NA,NA,NA,0
827,5,183,NA,NA,NA,0
828,3,184,"E",NA,NA,0
829,3,184,"E",NA,NA,0
830,3,184,NA,NA,NA,0
831,6,185,NA,NA,NA,0
832,6,185,NA,NA,NA,0
833,6,185,NA,NA,NA,0
834,6,185,"E",NA,NA,0
835,6,185,"E",155,NA,0
836,6,185,NA,NA,NA,0
837,3,186,"E",359,NA,0
838,3,186,"E",178,NA,0
839,3,186,NA,NA,NA,0
840,6,187,"E",NA,NA,0
841,6,187,"E",143,NA,0
842,6,187,"E",NA,NA,0
843,6,187,NA,NA,NA,0
844,6,187,NA,NA,NA,0
845,6,187,NA,NA,NA,0
846,6,188,NA,NA,NA,0
847,6,188,"E",NA,NA,0
848,6,188,NA,NA,NA,0
849,6,188,"E",NA,NA,0
850,6,188,NA,NA,NA,0
851,6,188,NA,NA,NA,0
852,6,189,NA,NA,NA,0
853,6,189,"E",NA,NA,0
854,6,189,NA,NA,NA,0
855,6,189,"E",330,NA,0
856,6,189,NA,NA,NA,0
857,6,189,"E",NA,NA,0
858,5,190,"E",327,NA,0
859,5,190,"E",NA,NA,0
860,5,190,NA,NA,NA,0
861,5,190,NA,NA,NA,0
862,5,190,NA,NA,NA,0
863,4,191,NA,NA,NA,0
864,4,191,NA,NA,NA,0
865,4,191,NA,NA,NA,0
866,4,191,NA,NA,NA,0
867,3,192,"E",285,NA,0
868,3,192,NA,NA,NA,0
869,3,192,NA,NA,NA,0
870,4,193,NA,NA,NA,0
871,4,193,NA,NA,NA,0
872,4,193,NA,NA,NA,0
873,4,193,NA,NA,NA,0
874,5,194,NA,NA,NA,0
875,5,194,"E",NA,NA,0
876,5,194,NA,NA,NA,0
877,5,194,NA,NA,NA,0
878,5,194,NA,NA,NA,0
879,4,195,NA,NA,NA,0
880,4,195,NA,NA,NA,0
881,4,195,NA,NA,NA,0
882,4,195,"E",349,NA,0
883,3,196,"E",NA,NA,0
884,3,196,NA,NA,NA,0
885,3,196,NA,NA,NA,0
886,5,197,"E",367,NA,0
887,5,197,NA,NA,NA,0
888,5,197,NA,NA,NA,0
889,5,197,NA,NA,NA,0
890,5,197,NA,NA,NA,0
891,6,198,"E",322,NA,0
892,6,198,NA,NA,NA,0
893,6,198,"E",NA,NA,0
894,6,198,"E",NA,NA,0
895,6,198,NA,NA,NA,0
896,6,198,NA,NA,NA,0
897,3,199,"E",NA,NA,0
898,3,199,NA,NA,NA,0
899,3,199,NA,NA,NA,0
900,4,200,"E",NA,NA,0
901,4,200,"E",NA,NA,0
902,4,200,NA,NA,NA,0
903,4,200,"E",348,NA,0
904,4,201,NA,NA,NA,0
905,4,201,"E",NA,NA,0
906,4,201,NA,NA,NA,0
907,4,201,NA,NA,NA,0
908,3,202,NA,NA,NA,0
909,3,202,"E",NA,NA,0
910,3,202,NA,NA,NA,0
911,6,203,NA,NA,NA,0
912,6,203,NA,NA,NA,0
913,6,203,NA,NA,NA,0
914,6,203,NA,NA,NA,0
915,6,203,"E",NA,NA,0
916,6,203,NA,NA,NA,0
917,6,204,NA,NA,NA,0
918,6,204,NA,NA,NA,0
919,6,204,NA,NA,NA,0
920,6,204,NA,NA,NA,0
921,6,204,NA,NA,NA,0
922,6,204,"E",NA,NA,0
923,5,205,NA,NA,NA,0
924,5,205,NA,NA,NA,0
925,5,205,NA,NA,NA,0
926,5,205,NA,NA,NA,0
927,5,205,NA,NA,NA,0
928,4,206,NA,NA,NA,0
929,4,206,NA,NA,NA,0
930,4,206,"E",NA,NA,0
931,4,206,NA,NA,NA,0
932,5,207,NA,NA,NA,0
933,5,207,NA,NA,NA,0
934,5,207,"E",NA,NA,0
935,5,207,"E",NA,NA,0
936,5,207,"E",NA,NA,0
937,3,208,"E",NA,NA,0
938,3,208,"E",NA,NA,0
939,3,208,NA,NA,NA,0
940,3,209,NA,NA,NA,0
941,3,209,"E",NA,NA,0
942,3,209,NA,NA,NA,0
943,3,210,"E",NA,NA,0
944,3,210,"E",225,NA,0
945,3,210,NA,NA,NA,0
946,5,211,NA,NA,NA,0
947,5,211,"E",302,NA,0
948,5,211,NA,NA,NA,0
949,5,211,NA,NA,NA,0
950,5,211,NA,NA,NA,0
951,3,212,"E",NA,NA,0
952,3,212,NA,NA,NA,0
953,3,212,"E",347,NA,0
954,6,213,NA,NA,NA,0
955,6,213,"E",NA,NA,0
956,6,213,NA,NA,NA,0
957,6,213,NA,NA,NA,0
958,6,213,NA,NA,NA,0
959,6,213,"E",303,NA,0
960,3,214,NA,NA,NA,0
961,3,214,NA,NA,NA,0
962,3,214,NA,NA,NA,0
963,5,215,NA,NA,NA,0
964,5,215,NA,NA,NA,0
965,5,215,"E",315,NA,0
966,5,215,"E",NA,NA,0
967,5,215,NA,NA,NA,0
968,3,216,NA,NA,NA,0
969,3,216,NA,NA,NA,0
970,3,216,NA,NA,NA,0
971,6,217,NA,NA,NA,0
972,6,217,"E",NA,NA,0
973,6,217,"E",NA,NA,0
974,6,217,"E",NA,NA,0
975,6,217,NA,NA,NA,0
976,6,217,NA,NA,NA,0
977,4,218,NA,NA,NA,0
978,4,218,NA,NA,NA,0
979,4,218,"E",NA,NA,0
980,4,218,NA,NA,NA,0
981,3,219,NA,NA,NA,0
982,3,219,"E",NA,NA,0
983,3,219,"E",NA,NA,0
984,4,220,"E",NA,NA,0
985,4,220,"E",NA,NA,0
986,4,220,NA,NA,NA,0
987,4,220,NA,NA,NA,0
988,5,221,NA,NA,NA,0
989,5,221,NA,NA,NA,0
990,5,221,"E",NA,NA,0
991,5,221,NA,NA,NA,0
992,5,221,NA,NA,NA,0
993,5,222,"E",NA,NA,0
994,5,222,NA,NA,NA,0
995,5,222,NA,NA,NA,0
996,5,222,NA,NA,NA,0
997,5,222,"E",NA,NA,0
998,3,223,NA,NA,NA,0
999,3,223,NA,NA,NA,0
1000,3,223,"E",NA,NA,0
