"ID","SIZE","HH","TYPE","TIME","S_num","I_num"
1,4,1,"0",22,NA,0
2,4,1,NA,NA,NA,0
3,4,1,"E",352,NA,0
4,4,1,"E",293,NA,0
5,4,2,"E",333,NA,0
6,4,2,NA,NA,NA,0
7,4,2,"E",255,NA,0
8,4,2,"E",276,NA,0
9,4,3,"E",176,NA,0
10,4,3,"E",317,NA,0
11,4,3,"E",297,NA,0
12,4,3,"E",252,NA,0
13,6,4,NA,NA,NA,0
14,6,4,"E",NA,NA,0
15,6,4,"E",350,NA,0
16,6,4,NA,NA,NA,0
17,6,4,NA,NA,NA,0
18,6,4,"E",259,NA,0
19,6,5,"E",NA,NA,0
20,6,5,NA,NA,NA,0
21,6,5,NA,NA,NA,0
22,6,5,NA,NA,NA,0
23,6,5,"E",318,NA,0
24,6,5,NA,NA,NA,0
25,5,6,NA,NA,NA,0
26,5,6,"E",NA,NA,0
27,5,6,NA,NA,NA,0
28,5,6,"E",295,NA,0
29,5,6,NA,NA,NA,0
30,4,7,NA,NA,NA,0
31,4,7,"E",331,NA,0
32,4,7,NA,NA,NA,0
33,4,7,"E",305,NA,0
34,6,8,"E",NA,NA,0
35,6,8,NA,NA,NA,0
36,6,8,"E",NA,NA,0
37,6,8,"E",260,NA,0
38,6,8,NA,NA,NA,0
39,6,8,NA,NA,NA,0
40,3,9,"E",NA,NA,0
41,3,9,NA,NA,NA,0
42,3,9,NA,NA,NA,0
43,4,10,NA,NA,NA,0
44,4,10,"E",298,NA,0
45,4,10,NA,NA,NA,0
46,4,10,"E",340,NA,0
47,3,11,"E",356,NA,0
48,3,11,NA,NA,NA,0
49,3,11,NA,NA,NA,0
50,4,12,NA,NA,NA,0
51,4,12,NA,NA,NA,0
52,4,12,"E",175,NA,0
53,4,12,"E",320,NA,0
54,4,13,NA,NA,NA,0
55,4,13,NA,NA,NA,0
56,4,13,"E",NA,NA,0
57,4,13,NA,NA,NA,0
58,6,14,"E",186,NA,0
59,6,14,"E",317,NA,0
60,6,14,"E",247,NA,0
61,6,14,NA,NA,NA,0
62,6,14,NA,NA,NA,0
63,6,14,NA,NA,NA,0
64,5,15,"E",337,NA,0
65,5,15,NA,NA,NA,0
66,5,15,"E",307,NA,0
67,5,15,NA,NA,NA,0
68,5,15,"E",327,NA,0
69,3,16,"E",364,NA,0
70,3,16,NA,NA,NA,0
71,3,16,NA,NA,NA,0
72,4,17,"E",166,NA,0
73,4,17,NA,NA,NA,0
74,4,17,NA,NA,NA,0
75,4,17,"E",238,NA,0
76,6,18,NA,NA,NA,0
77,6,18,"E",NA,NA,0
78,6,18,NA,NA,NA,0
79,6,18,NA,NA,NA,0
80,6,18,"E",NA,NA,0
81,6,18,"E",357,NA,0
82,3,19,"E",253,NA,0
83,3,19,NA,NA,NA,0
84,3,19,NA,NA,NA,0
85,5,20,NA,NA,NA,0
86,5,20,NA,NA,NA,0
87,5,20,NA,NA,NA,0
88,5,20,NA,NA,NA,0
89,5,20,NA,NA,NA,0
90,4,21,"E",258,NA,0
91,4,21,NA,NA,NA,0
92,4,21,"E",195,NA,0
93,4,21,"E",223,NA,0
94,5,22,NA,NA,NA,0
95,5,22,"E",344,NA,0
96,5,22,"E",NA,NA,0
97,5,22,"E",353,NA,0
98,5,22,NA,NA,NA,0
99,6,23,NA,NA,NA,0
100,6,23,"E",NA,NA,0
101,6,23,"E",314,NA,0
102,6,23,"E",106,NA,0
103,6,23,NA,NA,NA,0
104,6,23,NA,NA,NA,0
105,6,24,"E",285,NA,0
106,6,24,NA,NA,NA,0
107,6,24,"E",345,NA,0
108,6,24,"E",NA,NA,0
109,6,24,"E",NA,NA,0
110,6,24,NA,NA,NA,0
111,5,25,NA,NA,NA,0
112,5,25,"E",NA,NA,0
113,5,25,NA,NA,NA,0
114,5,25,NA,NA,NA,0
115,5,25,"E",79,NA,0
116,4,26,"E",355,NA,0
117,4,26,NA,NA,NA,0
118,4,26,NA,NA,NA,0
119,4,26,"E",244,NA,0
120,4,27,NA,NA,NA,0
121,4,27,NA,NA,NA,0
122,4,27,NA,NA,NA,0
123,4,27,NA,NA,NA,0
124,4,28,NA,NA,NA,0
125,4,28,NA,NA,NA,0
126,4,28,"E",334,NA,0
127,4,28,NA,NA,NA,0
128,5,29,"E",335,NA,0
129,5,29,NA,NA,NA,0
130,5,29,"E",NA,NA,0
131,5,29,"E",261,NA,0
132,5,29,NA,NA,NA,0
133,6,30,NA,NA,NA,0
134,6,30,NA,NA,NA,0
135,6,30,"E",311,NA,0
136,6,30,NA,NA,NA,0
137,6,30,NA,NA,NA,0
138,6,30,"E",363,NA,0
139,4,31,NA,NA,NA,0
140,4,31,NA,NA,NA,0
141,4,31,NA,NA,NA,0
142,4,31,NA,NA,NA,0
143,6,32,"E",316,NA,0
144,6,32,NA,NA,NA,0
145,6,32,NA,NA,NA,0
146,6,32,NA,NA,NA,0
147,6,32,NA,NA,NA,0
148,6,32,"E",NA,NA,0
149,5,33,"E",NA,NA,0
150,5,33,NA,NA,NA,0
151,5,33,NA,NA,NA,0
152,5,33,NA,NA,NA,0
153,5,33,NA,NA,NA,0
154,3,34,"E",166,NA,0
155,3,34,NA,NA,NA,0
156,3,34,NA,NA,NA,0
157,3,35,NA,NA,NA,0
158,3,35,NA,NA,NA,0
159,3,35,NA,NA,NA,0
160,5,36,"E",185,NA,0
161,5,36,"E",342,NA,0
162,5,36,"E",NA,NA,0
163,5,36,"E",347,NA,0
164,5,36,"E",324,NA,0
165,5,37,"E",271,NA,0
166,5,37,"E",357,NA,0
167,5,37,NA,NA,NA,0
168,5,37,"E",289,NA,0
169,5,37,"E",NA,NA,0
170,3,38,"E",323,NA,0
171,3,38,NA,NA,NA,0
172,3,38,NA,NA,NA,0
173,5,39,"E",NA,NA,0
174,5,39,"E",322,NA,0
175,5,39,"E",336,NA,0
176,5,39,"E",268,NA,0
177,5,39,NA,NA,NA,0
178,3,40,NA,NA,NA,0
179,3,40,NA,NA,NA,0
180,3,40,NA,NA,NA,0
181,4,41,NA,NA,NA,0
182,4,41,"E",345,NA,0
183,4,41,"E",NA,NA,0
184,4,41,NA,NA,NA,0
185,6,42,NA,NA,NA,0
186,6,42,NA,NA,NA,0
187,6,42,NA,NA,NA,0
188,6,42,NA,NA,NA,0
189,6,42,"E",317,NA,0
190,6,42,NA,NA,NA,0
191,4,43,NA,NA,NA,0
192,4,43,"E",NA,NA,0
193,4,43,NA,NA,NA,0
194,4,43,NA,NA,NA,0
195,5,44,NA,NA,NA,0
196,5,44,NA,NA,NA,0
197,5,44,NA,NA,NA,0
198,5,44,NA,NA,NA,0
199,5,44,NA,NA,NA,0
200,5,45,NA,NA,NA,0
201,5,45,NA,NA,NA,0
202,5,45,NA,NA,NA,0
203,5,45,NA,NA,NA,0
204,5,45,NA,NA,NA,0
205,3,46,NA,NA,NA,0
206,3,46,NA,NA,NA,0
207,3,46,NA,NA,NA,0
208,5,47,NA,NA,NA,0
209,5,47,NA,NA,NA,0
210,5,47,NA,NA,NA,0
211,5,47,"E",264,NA,0
212,5,47,NA,NA,NA,0
213,6,48,"E",279,NA,0
214,6,48,NA,NA,NA,0
215,6,48,"E",NA,NA,0
216,6,48,"E",NA,NA,0
217,6,48,"E",335,NA,0
218,6,48,NA,NA,NA,0
219,4,49,NA,NA,NA,0
220,4,49,NA,NA,NA,0
221,4,49,NA,NA,NA,0
222,4,49,"E",254,NA,0
223,3,50,"E",222,NA,0
224,3,50,NA,NA,NA,0
225,3,50,NA,NA,NA,0
226,5,51,"E",356,NA,0
227,5,51,"E",261,NA,0
228,5,51,"E",341,NA,0
229,5,51,"E",278,NA,0
230,5,51,NA,NA,NA,0
231,5,52,NA,NA,NA,0
232,5,52,"E",169,NA,0
233,5,52,"E",222,NA,0
234,5,52,NA,NA,NA,0
235,5,52,"E",NA,NA,0
236,5,53,"E",212,NA,0
237,5,53,"E",327,NA,0
238,5,53,"E",350,NA,0
239,5,53,"E",NA,NA,0
240,5,53,NA,NA,NA,0
241,3,54,NA,NA,NA,0
242,3,54,"E",358,NA,0
243,3,54,NA,NA,NA,0
244,3,55,NA,NA,NA,0
245,3,55,"E",132,NA,0
246,3,55,NA,NA,NA,0
247,3,56,NA,NA,NA,0
248,3,56,NA,NA,NA,0
249,3,56,NA,NA,NA,0
250,4,57,"E",NA,NA,0
251,4,57,NA,NA,NA,0
252,4,57,NA,NA,NA,0
253,4,57,NA,NA,NA,0
254,3,58,NA,NA,NA,0
255,3,58,NA,NA,NA,0
256,3,58,NA,NA,NA,0
257,4,59,"E",354,NA,0
258,4,59,"E",350,NA,0
259,4,59,"E",NA,NA,0
260,4,59,NA,NA,NA,0
261,5,60,NA,NA,NA,0
262,5,60,NA,NA,NA,0
263,5,60,"E",339,NA,0
264,5,60,"E",NA,NA,0
265,5,60,NA,NA,NA,0
266,3,61,NA,NA,NA,0
267,3,61,"E",142,NA,0
268,3,61,NA,NA,NA,0
269,3,62,NA,NA,NA,0
270,3,62,NA,NA,NA,0
271,3,62,"E",NA,NA,0
272,4,63,NA,NA,NA,0
273,4,63,NA,NA,NA,0
274,4,63,NA,NA,NA,0
275,4,63,"E",NA,NA,0
276,3,64,NA,NA,NA,0
277,3,64,NA,NA,NA,0
278,3,64,NA,NA,NA,0
279,4,65,NA,NA,NA,0
280,4,65,NA,NA,NA,0
281,4,65,NA,NA,NA,0
282,4,65,NA,NA,NA,0
283,3,66,NA,NA,NA,0
284,3,66,"E",NA,NA,0
285,3,66,NA,NA,NA,0
286,6,67,NA,NA,NA,0
287,6,67,NA,NA,NA,0
288,6,67,"E",NA,NA,0
289,6,67,NA,NA,NA,0
290,6,67,NA,NA,NA,0
291,6,67,NA,NA,NA,0
292,6,68,NA,NA,NA,0
293,6,68,NA,NA,NA,0
294,6,68,NA,NA,NA,0
295,6,68,NA,NA,NA,0
296,6,68,NA,NA,NA,0
297,6,68,NA,NA,NA,0
298,3,69,NA,NA,NA,0
299,3,69,NA,NA,NA,0
300,3,69,NA,NA,NA,0
301,6,70,NA,NA,NA,0
302,6,70,"E",NA,NA,0
303,6,70,NA,NA,NA,0
304,6,70,NA,NA,NA,0
305,6,70,NA,NA,NA,0
306,6,70,NA,NA,NA,0
307,4,71,"E",339,NA,0
308,4,71,NA,NA,NA,0
309,4,71,"E",NA,NA,0
310,4,71,NA,NA,NA,0
311,6,72,NA,NA,NA,0
312,6,72,NA,NA,NA,0
313,6,72,NA,NA,NA,0
314,6,72,"E",291,NA,0
315,6,72,"E",197,NA,0
316,6,72,NA,NA,NA,0
317,4,73,"E",298,NA,0
318,4,73,NA,NA,NA,0
319,4,73,"E",325,NA,0
320,4,73,"E",296,NA,0
321,4,74,NA,NA,NA,0
322,4,74,NA,NA,NA,0
323,4,74,"E",266,NA,0
324,4,74,NA,NA,NA,0
325,4,75,NA,NA,NA,0
326,4,75,"E",343,NA,0
327,4,75,"E",216,NA,0
328,4,75,NA,NA,NA,0
329,4,76,"E",104,NA,0
330,4,76,NA,NA,NA,0
331,4,76,NA,NA,NA,0
332,4,76,"E",NA,NA,0
333,5,77,NA,NA,NA,0
334,5,77,"E",NA,NA,0
335,5,77,"E",312,NA,0
336,5,77,NA,NA,NA,0
337,5,77,"E",336,NA,0
338,5,78,"E",341,NA,0
339,5,78,NA,NA,NA,0
340,5,78,NA,NA,NA,0
341,5,78,NA,NA,NA,0
342,5,78,"E",330,NA,0
343,6,79,"E",272,NA,0
344,6,79,"E",273,NA,0
345,6,79,"E",NA,NA,0
346,6,79,NA,NA,NA,0
347,6,79,NA,NA,NA,0
348,6,79,NA,NA,NA,0
349,4,80,NA,NA,NA,0
350,4,80,NA,NA,NA,0
351,4,80,NA,NA,NA,0
352,4,80,NA,NA,NA,0
353,5,81,"E",228,NA,0
354,5,81,NA,NA,NA,0
355,5,81,"E",345,NA,0
356,5,81,NA,NA,NA,0
357,5,81,NA,NA,NA,0
358,5,82,NA,NA,NA,0
359,5,82,NA,NA,NA,0
360,5,82,"E",224,NA,0
361,5,82,"E",349,NA,0
362,5,82,"E",260,NA,0
363,6,83,"E",NA,NA,0
364,6,83,"E",164,NA,0
365,6,83,"E",361,NA,0
366,6,83,NA,NA,NA,0
367,6,83,NA,NA,NA,0
368,6,83,NA,NA,NA,0
369,5,84,NA,NA,NA,0
370,5,84,"E",254,NA,0
371,5,84,NA,NA,NA,0
372,5,84,NA,NA,NA,0
373,5,84,"E",191,NA,0
374,3,85,"E",359,NA,0
375,3,85,NA,NA,NA,0
376,3,85,"E",326,NA,0
377,6,86,"E",330,NA,0
378,6,86,NA,NA,NA,0
379,6,86,NA,NA,NA,0
380,6,86,NA,NA,NA,0
381,6,86,NA,NA,NA,0
382,6,86,NA,NA,NA,0
383,3,87,"E",288,NA,0
384,3,87,NA,NA,NA,0
385,3,87,NA,NA,NA,0
386,5,88,"E",NA,NA,0
387,5,88,"E",290,NA,0
388,5,88,NA,NA,NA,0
389,5,88,NA,NA,NA,0
390,5,88,NA,NA,NA,0
391,3,89,NA,NA,NA,0
392,3,89,NA,NA,NA,0
393,3,89,NA,NA,NA,0
394,6,90,"E",328,NA,0
395,6,90,"E",257,NA,0
396,6,90,NA,NA,NA,0
397,6,90,NA,NA,NA,0
398,6,90,NA,NA,NA,0
399,6,90,NA,NA,NA,0
400,3,91,NA,NA,NA,0
401,3,91,"E",NA,NA,0
402,3,91,NA,NA,NA,0
403,4,92,"E",279,NA,0
404,4,92,NA,NA,NA,0
405,4,92,NA,NA,NA,0
406,4,92,NA,NA,NA,0
407,6,93,NA,NA,NA,0
408,6,93,NA,NA,NA,0
409,6,93,NA,NA,NA,0
410,6,93,"E",303,NA,0
411,6,93,"E",364,NA,0
412,6,93,NA,NA,NA,0
413,5,94,"E",298,NA,0
414,5,94,"E",NA,NA,0
415,5,94,NA,NA,NA,0
416,5,94,NA,NA,NA,0
417,5,94,NA,NA,NA,0
418,4,95,NA,NA,NA,0
419,4,95,"E",267,NA,0
420,4,95,"E",NA,NA,0
421,4,95,NA,NA,NA,0
422,3,96,NA,NA,NA,0
423,3,96,"E",330,NA,0
424,3,96,NA,NA,NA,0
425,5,97,NA,NA,NA,0
426,5,97,NA,NA,NA,0
427,5,97,NA,NA,NA,0
428,5,97,NA,NA,NA,0
429,5,97,NA,NA,NA,0
430,6,98,NA,NA,NA,0
431,6,98,"E",NA,NA,0
432,6,98,NA,NA,NA,0
433,6,98,"E",315,NA,0
434,6,98,NA,NA,NA,0
435,6,98,NA,NA,NA,0
436,6,99,NA,NA,NA,0
437,6,99,NA,NA,NA,0
438,6,99,NA,NA,NA,0
439,6,99,NA,NA,NA,0
440,6,99,NA,NA,NA,0
441,6,99,NA,NA,NA,0
442,3,100,NA,NA,NA,0
443,3,100,NA,NA,NA,0
444,3,100,"E",235,NA,0
445,6,101,"E",338,NA,0
446,6,101,NA,NA,NA,0
447,6,101,NA,NA,NA,0
448,6,101,NA,NA,NA,0
449,6,101,NA,NA,NA,0
450,6,101,NA,NA,NA,0
451,5,102,NA,NA,NA,0
452,5,102,"E",323,NA,0
453,5,102,"E",150,NA,0
454,5,102,"E",285,NA,0
455,5,102,"E",364,NA,0
456,4,103,NA,NA,NA,0
457,4,103,"E",312,NA,0
458,4,103,NA,NA,NA,0
459,4,103,"E",245,NA,0
460,4,104,NA,NA,NA,0
461,4,104,NA,NA,NA,0
462,4,104,NA,NA,NA,0
463,4,104,NA,NA,NA,0
464,5,105,"E",294,NA,0
465,5,105,NA,NA,NA,0
466,5,105,NA,NA,NA,0
467,5,105,"E",217,NA,0
468,5,105,NA,NA,NA,0
469,3,106,NA,NA,NA,0
470,3,106,"E",305,NA,0
471,3,106,NA,NA,NA,0
472,3,107,NA,NA,NA,0
473,3,107,NA,NA,NA,0
474,3,107,"E",176,NA,0
475,4,108,NA,NA,NA,0
476,4,108,NA,NA,NA,0
477,4,108,"E",326,NA,0
478,4,108,NA,NA,NA,0
479,3,109,NA,NA,NA,0
480,3,109,NA,NA,NA,0
481,3,109,NA,NA,NA,0
482,3,110,NA,NA,NA,0
483,3,110,"E",309,NA,0
484,3,110,NA,NA,NA,0
485,4,111,NA,NA,NA,0
486,4,111,NA,NA,NA,0
487,4,111,NA,NA,NA,0
488,4,111,NA,NA,NA,0
489,6,112,"E",204,NA,0
490,6,112,NA,NA,NA,0
491,6,112,NA,NA,NA,0
492,6,112,NA,NA,NA,0
493,6,112,"E",346,NA,0
494,6,112,"E",NA,NA,0
495,6,113,NA,NA,NA,0
496,6,113,"E",262,NA,0
497,6,113,"E",260,NA,0
498,6,113,NA,NA,NA,0
499,6,113,"E",NA,NA,0
500,6,113,NA,NA,NA,0
501,4,114,NA,NA,NA,0
502,4,114,"E",NA,NA,0
503,4,114,"E",315,NA,0
504,4,114,"E",337,NA,0
505,6,115,NA,NA,NA,0
506,6,115,NA,NA,NA,0
507,6,115,NA,NA,NA,0
508,6,115,NA,NA,NA,0
509,6,115,NA,NA,NA,0
510,6,115,"E",NA,NA,0
511,6,116,NA,NA,NA,0
512,6,116,NA,NA,NA,0
513,6,116,"E",354,NA,0
514,6,116,NA,NA,NA,0
515,6,116,NA,NA,NA,0
516,6,116,"E",NA,NA,0
517,5,117,NA,NA,NA,0
518,5,117,NA,NA,NA,0
519,5,117,NA,NA,NA,0
520,5,117,"E",NA,NA,0
521,5,117,NA,NA,NA,0
522,6,118,"E",NA,NA,0
523,6,118,"E",291,NA,0
524,6,118,"E",225,NA,0
525,6,118,NA,NA,NA,0
526,6,118,"E",271,NA,0
527,6,118,NA,NA,NA,0
528,5,119,NA,NA,NA,0
529,5,119,NA,NA,NA,0
530,5,119,"E",324,NA,0
531,5,119,"E",361,NA,0
532,5,119,"E",296,NA,0
533,6,120,NA,NA,NA,0
534,6,120,"E",351,NA,0
535,6,120,NA,NA,NA,0
536,6,120,NA,NA,NA,0
537,6,120,NA,NA,NA,0
538,6,120,NA,NA,NA,0
539,5,121,NA,NA,NA,0
540,5,121,NA,NA,NA,0
541,5,121,"E",NA,NA,0
542,5,121,"E",NA,NA,0
543,5,121,"E",225,NA,0
544,5,122,NA,NA,NA,0
545,5,122,NA,NA,NA,0
546,5,122,NA,NA,NA,0
547,5,122,NA,NA,NA,0
548,5,122,"E",318,NA,0
549,4,123,NA,NA,NA,0
550,4,123,"E",NA,NA,0
551,4,123,"E",265,NA,0
552,4,123,NA,NA,NA,0
553,6,124,NA,NA,NA,0
554,6,124,NA,NA,NA,0
555,6,124,"E",184,NA,0
556,6,124,NA,NA,NA,0
557,6,124,NA,NA,NA,0
558,6,124,NA,NA,NA,0
559,3,125,NA,NA,NA,0
560,3,125,"E",237,NA,0
561,3,125,"E",189,NA,0
562,4,126,"E",349,NA,0
563,4,126,NA,NA,NA,0
564,4,126,NA,NA,NA,0
565,4,126,"E",250,NA,0
566,6,127,"E",321,NA,0
567,6,127,NA,NA,NA,0
568,6,127,"E",329,NA,0
569,6,127,"E",253,NA,0
570,6,127,"E",318,NA,0
571,6,127,"E",NA,NA,0
572,4,128,NA,NA,NA,0
573,4,128,"E",358,NA,0
574,4,128,NA,NA,NA,0
575,4,128,"E",315,NA,0
576,6,129,NA,NA,NA,0
577,6,129,"E",335,NA,0
578,6,129,"E",336,NA,0
579,6,129,"E",231,NA,0
580,6,129,NA,NA,NA,0
581,6,129,NA,NA,NA,0
582,5,130,"E",201,NA,0
583,5,130,NA,NA,NA,0
584,5,130,NA,NA,NA,0
585,5,130,NA,NA,NA,0
586,5,130,NA,NA,NA,0
587,6,131,"E",NA,NA,0
588,6,131,"E",134,NA,0
589,6,131,NA,NA,NA,0
590,6,131,"E",287,NA,0
591,6,131,"E",300,NA,0
592,6,131,NA,NA,NA,0
593,6,132,"E",323,NA,0
594,6,132,NA,NA,NA,0
595,6,132,"E",NA,NA,0
596,6,132,"E",297,NA,0
597,6,132,NA,NA,NA,0
598,6,132,NA,NA,NA,0
599,3,133,"E",198,NA,0
600,3,133,"E",347,NA,0
601,3,133,"E",349,NA,0
602,5,134,NA,NA,NA,0
603,5,134,"E",NA,NA,0
604,5,134,NA,NA,NA,0
605,5,134,"E",294,NA,0
606,5,134,NA,NA,NA,0
607,6,135,"E",356,NA,0
608,6,135,"E",362,NA,0
609,6,135,"E",NA,NA,0
610,6,135,NA,NA,NA,0
611,6,135,NA,NA,NA,0
612,6,135,NA,NA,NA,0
613,3,136,"E",293,NA,0
614,3,136,NA,NA,NA,0
615,3,136,"E",NA,NA,0
616,6,137,NA,NA,NA,0
617,6,137,"E",328,NA,0
618,6,137,"E",322,NA,0
619,6,137,NA,NA,NA,0
620,6,137,NA,NA,NA,0
621,6,137,NA,NA,NA,0
622,4,138,NA,NA,NA,0
623,4,138,"E",NA,NA,0
624,4,138,NA,NA,NA,0
625,4,138,NA,NA,NA,0
626,4,139,NA,NA,NA,0
627,4,139,NA,NA,NA,0
628,4,139,NA,NA,NA,0
629,4,139,NA,NA,NA,0
630,5,140,NA,NA,NA,0
631,5,140,"E",329,NA,0
632,5,140,NA,NA,NA,0
633,5,140,"E",76,NA,0
634,5,140,NA,NA,NA,0
635,3,141,NA,NA,NA,0
636,3,141,NA,NA,NA,0
637,3,141,NA,NA,NA,0
638,5,142,NA,NA,NA,0
639,5,142,"E",NA,NA,0
640,5,142,"E",320,NA,0
641,5,142,NA,NA,NA,0
642,5,142,NA,NA,NA,0
643,6,143,"E",248,NA,0
644,6,143,"E",263,NA,0
645,6,143,NA,NA,NA,0
646,6,143,NA,NA,NA,0
647,6,143,"E",329,NA,0
648,6,143,NA,NA,NA,0
649,5,144,"E",195,NA,0
650,5,144,"E",273,NA,0
651,5,144,NA,NA,NA,0
652,5,144,"E",344,NA,0
653,5,144,NA,NA,NA,0
654,3,145,NA,NA,NA,0
655,3,145,NA,NA,NA,0
656,3,145,NA,NA,NA,0
657,5,146,NA,NA,NA,0
658,5,146,NA,NA,NA,0
659,5,146,"E",356,NA,0
660,5,146,NA,NA,NA,0
661,5,146,NA,NA,NA,0
662,4,147,"E",285,NA,0
663,4,147,"E",228,NA,0
664,4,147,"E",334,NA,0
665,4,147,NA,NA,NA,0
666,4,148,NA,NA,NA,0
667,4,148,NA,NA,NA,0
668,4,148,NA,NA,NA,0
669,4,148,"E",204,NA,0
670,4,149,"E",317,NA,0
671,4,149,NA,NA,NA,0
672,4,149,NA,NA,NA,0
673,4,149,NA,NA,NA,0
674,3,150,NA,NA,NA,0
675,3,150,NA,NA,NA,0
676,3,150,"E",139,NA,0
677,6,151,NA,NA,NA,0
678,6,151,NA,NA,NA,0
679,6,151,NA,NA,NA,0
680,6,151,NA,NA,NA,0
681,6,151,NA,NA,NA,0
682,6,151,"E",286,NA,0
683,3,152,NA,NA,NA,0
684,3,152,NA,NA,NA,0
685,3,152,NA,NA,NA,0
686,5,153,"E",267,NA,0
687,5,153,NA,NA,NA,0
688,5,153,NA,NA,NA,0
689,5,153,"E",164,NA,0
690,5,153,NA,NA,NA,0
691,5,154,NA,NA,NA,0
692,5,154,NA,NA,NA,0
693,5,154,NA,NA,NA,0
694,5,154,NA,NA,NA,0
695,5,154,"E",325,NA,0
696,3,155,NA,NA,NA,0
697,3,155,NA,NA,NA,0
698,3,155,NA,NA,NA,0
699,5,156,"E",355,NA,0
700,5,156,"E",362,NA,0
701,5,156,"E",NA,NA,0
702,5,156,NA,NA,NA,0
703,5,156,NA,NA,NA,0
704,3,157,"E",350,NA,0
705,3,157,"E",326,NA,0
706,3,157,"E",322,NA,0
707,6,158,NA,NA,NA,0
708,6,158,NA,NA,NA,0
709,6,158,NA,NA,NA,0
710,6,158,"E",265,NA,0
711,6,158,NA,NA,NA,0
712,6,158,NA,NA,NA,0
713,3,159,NA,NA,NA,0
714,3,159,"E",65,NA,0
715,3,159,NA,NA,NA,0
716,4,160,"E",320,NA,0
717,4,160,NA,NA,NA,0
718,4,160,"E",NA,NA,0
719,4,160,"E",353,NA,0
720,3,161,"E",300,NA,0
721,3,161,NA,NA,NA,0
722,3,161,NA,NA,NA,0
723,4,162,"E",340,NA,0
724,4,162,NA,NA,NA,0
725,4,162,"E",NA,NA,0
726,4,162,"E",NA,NA,0
727,6,163,"E",299,NA,0
728,6,163,NA,NA,NA,0
729,6,163,NA,NA,NA,0
730,6,163,NA,NA,NA,0
731,6,163,NA,NA,NA,0
732,6,163,"E",NA,NA,0
733,6,164,"E",295,NA,0
734,6,164,NA,NA,NA,0
735,6,164,NA,NA,NA,0
736,6,164,"E",340,NA,0
737,6,164,"E",354,NA,0
738,6,164,NA,NA,NA,0
739,4,165,"E",NA,NA,0
740,4,165,"E",294,NA,0
741,4,165,NA,NA,NA,0
742,4,165,NA,NA,NA,0
743,6,166,"E",360,NA,0
744,6,166,NA,NA,NA,0
745,6,166,NA,NA,NA,0
746,6,166,NA,NA,NA,0
747,6,166,"E",358,NA,0
748,6,166,"E",356,NA,0
749,3,167,NA,NA,NA,0
750,3,167,"E",347,NA,0
751,3,167,NA,NA,NA,0
752,4,168,NA,NA,NA,0
753,4,168,NA,NA,NA,0
754,4,168,"E",275,NA,0
755,4,168,NA,NA,NA,0
756,4,169,NA,NA,NA,0
757,4,169,NA,NA,NA,0
758,4,169,NA,NA,NA,0
759,4,169,NA,NA,NA,0
760,6,170,NA,NA,NA,0
761,6,170,"E",139,NA,0
762,6,170,"E",320,NA,0
763,6,170,NA,NA,NA,0
764,6,170,NA,NA,NA,0
765,6,170,NA,NA,NA,0
766,6,171,NA,NA,NA,0
767,6,171,NA,NA,NA,0
768,6,171,NA,NA,NA,0
769,6,171,"E",357,NA,0
770,6,171,NA,NA,NA,0
771,6,171,"E",354,NA,0
772,5,172,NA,NA,NA,0
773,5,172,"E",251,NA,0
774,5,172,"E",218,NA,0
775,5,172,"E",182,NA,0
776,5,172,"E",208,NA,0
777,3,173,"E",364,NA,0
778,3,173,NA,NA,NA,0
779,3,173,NA,NA,NA,0
780,3,174,NA,NA,NA,0
781,3,174,NA,NA,NA,0
782,3,174,"E",NA,NA,0
783,6,175,"E",NA,NA,0
784,6,175,"E",286,NA,0
785,6,175,NA,NA,NA,0
786,6,175,NA,NA,NA,0
787,6,175,NA,NA,NA,0
788,6,175,"E",199,NA,0
789,3,176,"E",332,NA,0
790,3,176,NA,NA,NA,0
791,3,176,"E",NA,NA,0
792,6,177,"E",362,NA,0
793,6,177,NA,NA,NA,0
794,6,177,"E",311,NA,0
795,6,177,"E",NA,NA,0
796,6,177,"E",NA,NA,0
797,6,177,NA,NA,NA,0
798,6,178,"E",NA,NA,0
799,6,178,NA,NA,NA,0
800,6,178,"E",337,NA,0
801,6,178,NA,NA,NA,0
802,6,178,NA,NA,NA,0
803,6,178,NA,NA,NA,0
804,3,179,NA,NA,NA,0
805,3,179,"E",328,NA,0
806,3,179,NA,NA,NA,0
807,4,180,NA,NA,NA,0
808,4,180,"E",111,NA,0
809,4,180,NA,NA,NA,0
810,4,180,"E",287,NA,0
811,3,181,NA,NA,NA,0
812,3,181,"E",NA,NA,0
813,3,181,NA,NA,NA,0
814,6,182,"E",333,NA,0
815,6,182,NA,NA,NA,0
816,6,182,NA,NA,NA,0
817,6,182,"E",196,NA,0
818,6,182,NA,NA,NA,0
819,6,182,"E",NA,NA,0
820,3,183,NA,NA,NA,0
821,3,183,NA,NA,NA,0
822,3,183,"E",327,NA,0
823,6,184,"E",312,NA,0
824,6,184,NA,NA,NA,0
825,6,184,NA,NA,NA,0
826,6,184,"E",NA,NA,0
827,6,184,"E",170,NA,0
828,6,184,NA,NA,NA,0
829,4,185,"E",297,NA,0
830,4,185,NA,NA,NA,0
831,4,185,NA,NA,NA,0
832,4,185,"E",52,NA,0
833,3,186,"E",205,NA,0
834,3,186,NA,NA,NA,0
835,3,186,NA,NA,NA,0
836,5,187,NA,NA,NA,0
837,5,187,NA,NA,NA,0
838,5,187,"E",310,NA,0
839,5,187,NA,NA,NA,0
840,5,187,NA,NA,NA,0
841,6,188,NA,NA,NA,0
842,6,188,"E",263,NA,0
843,6,188,"E",NA,NA,0
844,6,188,NA,NA,NA,0
845,6,188,"E",265,NA,0
846,6,188,NA,NA,NA,0
847,3,189,NA,NA,NA,0
848,3,189,NA,NA,NA,0
849,3,189,"E",275,NA,0
850,6,190,NA,NA,NA,0
851,6,190,"E",347,NA,0
852,6,190,"E",NA,NA,0
853,6,190,"E",342,NA,0
854,6,190,"E",NA,NA,0
855,6,190,NA,NA,NA,0
856,5,191,NA,NA,NA,0
857,5,191,NA,NA,NA,0
858,5,191,NA,NA,NA,0
859,5,191,"E",337,NA,0
860,5,191,NA,NA,NA,0
861,6,192,NA,NA,NA,0
862,6,192,NA,NA,NA,0
863,6,192,NA,NA,NA,0
864,6,192,NA,NA,NA,0
865,6,192,"E",79,NA,0
866,6,192,NA,NA,NA,0
867,6,193,"E",308,NA,0
868,6,193,NA,NA,NA,0
869,6,193,"E",NA,NA,0
870,6,193,NA,NA,NA,0
871,6,193,NA,NA,NA,0
872,6,193,"E",131,NA,0
873,6,194,NA,NA,NA,0
874,6,194,NA,NA,NA,0
875,6,194,"E",325,NA,0
876,6,194,NA,NA,NA,0
877,6,194,"E",NA,NA,0
878,6,194,"E",218,NA,0
879,3,195,NA,NA,NA,0
880,3,195,"E",323,NA,0
881,3,195,"E",352,NA,0
882,6,196,NA,NA,NA,0
883,6,196,NA,NA,NA,0
884,6,196,NA,NA,NA,0
885,6,196,NA,NA,NA,0
886,6,196,NA,NA,NA,0
887,6,196,NA,NA,NA,0
888,5,197,"E",302,NA,0
889,5,197,"E",350,NA,0
890,5,197,NA,NA,NA,0
891,5,197,NA,NA,NA,0
892,5,197,"E",272,NA,0
893,6,198,NA,NA,NA,0
894,6,198,"E",361,NA,0
895,6,198,NA,NA,NA,0
896,6,198,"E",266,NA,0
897,6,198,NA,NA,NA,0
898,6,198,NA,NA,NA,0
899,5,199,NA,NA,NA,0
900,5,199,NA,NA,NA,0
901,5,199,NA,NA,NA,0
902,5,199,"E",320,NA,0
903,5,199,NA,NA,NA,0
904,3,200,"E",286,NA,0
905,3,200,NA,NA,NA,0
906,3,200,NA,NA,NA,0
907,4,201,NA,NA,NA,0
908,4,201,NA,NA,NA,0
909,4,201,"E",363,NA,0
910,4,201,NA,NA,NA,0
911,4,202,NA,NA,NA,0
912,4,202,"E",NA,NA,0
913,4,202,NA,NA,NA,0
914,4,202,"E",174,NA,0
915,4,203,NA,NA,NA,0
916,4,203,"E",360,NA,0
917,4,203,NA,NA,NA,0
918,4,203,"E",260,NA,0
919,6,204,"E",120,NA,0
920,6,204,"E",NA,NA,0
921,6,204,NA,NA,NA,0
922,6,204,"E",336,NA,0
923,6,204,NA,NA,NA,0
924,6,204,NA,NA,NA,0
925,3,205,"E",335,NA,0
926,3,205,NA,NA,NA,0
927,3,205,"E",344,NA,0
928,3,206,NA,NA,NA,0
929,3,206,NA,NA,NA,0
930,3,206,NA,NA,NA,0
931,5,207,NA,NA,NA,0
932,5,207,"E",317,NA,0
933,5,207,NA,NA,NA,0
934,5,207,NA,NA,NA,0
935,5,207,NA,NA,NA,0
936,5,208,NA,NA,NA,0
937,5,208,NA,NA,NA,0
938,5,208,"E",349,NA,0
939,5,208,NA,NA,NA,0
940,5,208,"E",NA,NA,0
941,3,209,"E",340,NA,0
942,3,209,NA,NA,NA,0
943,3,209,NA,NA,NA,0
944,3,210,NA,NA,NA,0
945,3,210,"E",364,NA,0
946,3,210,NA,NA,NA,0
947,3,211,NA,NA,NA,0
948,3,211,"E",NA,NA,0
949,3,211,"E",332,NA,0
950,5,212,NA,NA,NA,0
951,5,212,NA,NA,NA,0
952,5,212,NA,NA,NA,0
953,5,212,NA,NA,NA,0
954,5,212,NA,NA,NA,0
955,3,213,"E",228,NA,0
956,3,213,NA,NA,NA,0
957,3,213,"E",165,NA,0
958,5,214,"E",NA,NA,0
959,5,214,NA,NA,NA,0
960,5,214,NA,NA,NA,0
961,5,214,NA,NA,NA,0
962,5,214,NA,NA,NA,0
963,5,215,NA,NA,NA,0
964,5,215,"E",NA,NA,0
965,5,215,"E",278,NA,0
966,5,215,NA,NA,NA,0
967,5,215,NA,NA,NA,0
968,3,216,NA,NA,NA,0
969,3,216,NA,NA,NA,0
970,3,216,"E",330,NA,0
971,5,217,"E",274,NA,0
972,5,217,"E",362,NA,0
973,5,217,NA,NA,NA,0
974,5,217,NA,NA,NA,0
975,5,217,"E",NA,NA,0
976,4,218,"E",335,NA,0
977,4,218,NA,NA,NA,0
978,4,218,NA,NA,NA,0
979,4,218,NA,NA,NA,0
980,5,219,"E",NA,NA,0
981,5,219,NA,NA,NA,0
982,5,219,NA,NA,NA,0
983,5,219,NA,NA,NA,0
984,5,219,"E",234,NA,0
985,6,220,"E",288,NA,0
986,6,220,NA,NA,NA,0
987,6,220,"E",NA,NA,0
988,6,220,NA,NA,NA,0
989,6,220,NA,NA,NA,0
990,6,220,"E",208,NA,0
991,6,221,NA,NA,NA,0
992,6,221,"E",NA,NA,0
993,6,221,"E",218,NA,0
994,6,221,NA,NA,NA,0
995,6,221,NA,NA,NA,0
996,6,221,NA,NA,NA,0
997,4,222,NA,NA,NA,0
998,4,222,NA,NA,NA,0
999,4,222,NA,NA,NA,0
1000,4,222,NA,NA,NA,0
