"ID","SIZE","HH","TYPE","TIME","S_NUM","I_NUM"
1,3,1,"0",NA,NA,0
2,3,1,NA,NA,NA,0
3,3,1,NA,NA,NA,0
4,4,2,NA,NA,NA,0
5,4,2,NA,NA,NA,0
6,4,2,NA,NA,NA,0
7,4,2,NA,NA,NA,0
8,5,3,NA,NA,NA,0
9,5,3,"E",NA,4,1
10,5,3,NA,NA,NA,0
11,5,3,NA,NA,NA,0
12,5,3,"H",313,3,0
13,3,4,NA,NA,NA,0
14,3,4,NA,NA,NA,0
15,3,4,NA,NA,NA,0
16,4,5,"E",366,3,0
17,4,5,NA,NA,NA,0
18,4,5,NA,NA,NA,0
19,4,5,NA,NA,NA,0
20,5,6,NA,NA,NA,0
21,5,6,NA,NA,NA,0
22,5,6,NA,NA,NA,0
23,5,6,NA,NA,NA,0
24,5,6,NA,NA,NA,0
25,4,7,"H",NA,2,1
26,4,7,"E",NA,3,1
27,4,7,NA,NA,NA,0
28,4,7,"H",NA,1,0
29,3,8,NA,NA,NA,0
30,3,8,NA,NA,NA,0
31,3,8,NA,NA,NA,0
32,5,9,NA,NA,NA,0
33,5,9,NA,NA,NA,0
34,5,9,"E",NA,NA,0
35,5,9,NA,NA,NA,0
36,5,9,NA,NA,NA,0
37,5,10,NA,NA,NA,0
38,5,10,NA,NA,NA,0
39,5,10,NA,NA,NA,0
40,5,10,NA,NA,NA,0
41,5,10,NA,NA,NA,0
42,5,11,NA,NA,NA,0
43,5,11,NA,NA,NA,0
44,5,11,NA,NA,NA,0
45,5,11,NA,NA,NA,0
46,5,11,NA,NA,NA,0
47,4,12,NA,NA,NA,0
48,4,12,NA,NA,NA,0
49,4,12,NA,NA,NA,0
50,4,12,NA,NA,NA,0
51,5,13,NA,NA,NA,0
52,5,13,NA,NA,NA,0
53,5,13,NA,NA,NA,0
54,5,13,NA,NA,NA,0
55,5,13,NA,NA,NA,0
56,5,14,NA,NA,NA,0
57,5,14,NA,NA,NA,0
58,5,14,NA,NA,NA,0
59,5,14,NA,NA,NA,0
60,5,14,NA,NA,NA,0
61,4,15,NA,NA,NA,0
62,4,15,NA,NA,NA,0
63,4,15,NA,NA,NA,0
64,4,15,NA,NA,NA,0
65,6,16,NA,NA,NA,0
66,6,16,NA,NA,NA,0
67,6,16,NA,NA,NA,0
68,6,16,NA,NA,NA,0
69,6,16,NA,NA,NA,0
70,6,16,NA,NA,NA,0
71,6,17,NA,NA,NA,0
72,6,17,NA,NA,NA,0
73,6,17,NA,NA,NA,0
74,6,17,NA,NA,NA,0
75,6,17,NA,NA,NA,0
76,6,17,NA,NA,NA,0
77,3,18,NA,NA,NA,0
78,3,18,NA,NA,NA,0
79,3,18,NA,NA,NA,0
80,6,19,NA,NA,NA,0
81,6,19,NA,NA,NA,0
82,6,19,NA,NA,NA,0
83,6,19,NA,NA,NA,0
84,6,19,NA,NA,NA,0
85,6,19,NA,NA,NA,0
86,5,20,NA,NA,NA,0
87,5,20,NA,NA,NA,0
88,5,20,NA,NA,NA,0
89,5,20,NA,NA,NA,0
90,5,20,NA,NA,NA,0
91,5,21,NA,NA,NA,0
92,5,21,NA,NA,NA,0
93,5,21,NA,NA,NA,0
94,5,21,NA,NA,NA,0
95,5,21,NA,NA,NA,0
96,4,22,"H",169,2,0
97,4,22,"E",131,3,1
98,4,22,NA,NA,NA,0
99,4,22,NA,NA,NA,0
100,6,23,NA,NA,NA,0
101,6,23,NA,NA,NA,0
102,6,23,NA,NA,NA,0
103,6,23,NA,NA,NA,0
104,6,23,NA,NA,NA,0
105,6,23,NA,NA,NA,0
106,4,24,NA,NA,NA,0
107,4,24,NA,NA,NA,0
108,4,24,NA,NA,NA,0
109,4,24,NA,NA,NA,0
110,3,25,NA,NA,NA,0
111,3,25,NA,NA,NA,0
112,3,25,NA,NA,NA,0
113,6,26,NA,NA,NA,0
114,6,26,NA,NA,NA,0
115,6,26,NA,NA,NA,0
116,6,26,NA,NA,NA,0
117,6,26,NA,NA,NA,0
118,6,26,NA,NA,NA,0
119,3,27,NA,NA,NA,0
120,3,27,NA,NA,NA,0
121,3,27,"E",NA,2,0
122,4,28,NA,NA,NA,0
123,4,28,NA,NA,NA,0
124,4,28,NA,NA,NA,0
125,4,28,NA,NA,NA,0
126,6,29,NA,NA,NA,0
127,6,29,NA,NA,NA,0
128,6,29,NA,NA,NA,0
129,6,29,NA,NA,NA,0
130,6,29,NA,NA,NA,0
131,6,29,NA,NA,NA,0
132,3,30,NA,NA,NA,0
133,3,30,NA,NA,NA,0
134,3,30,NA,NA,NA,0
135,5,31,NA,NA,NA,0
136,5,31,NA,NA,NA,0
137,5,31,NA,NA,NA,0
138,5,31,NA,NA,NA,0
139,5,31,NA,NA,NA,0
140,5,32,"H",NA,2,0
141,5,32,NA,NA,NA,0
142,5,32,NA,NA,NA,0
143,5,32,"E",90,4,1
144,5,32,"H",112,3,1
145,5,33,NA,NA,NA,0
146,5,33,NA,NA,NA,0
147,5,33,NA,NA,NA,0
148,5,33,NA,NA,NA,0
149,5,33,NA,NA,NA,0
150,3,34,NA,NA,NA,0
151,3,34,NA,NA,NA,0
152,3,34,NA,NA,NA,0
153,6,35,NA,NA,NA,0
154,6,35,NA,NA,NA,0
155,6,35,NA,NA,NA,0
156,6,35,NA,NA,NA,0
157,6,35,NA,NA,NA,0
158,6,35,NA,NA,NA,0
159,6,36,"E",265,5,1
160,6,36,NA,NA,NA,0
161,6,36,NA,NA,NA,0
162,6,36,NA,NA,NA,0
163,6,36,"H",299,4,1
164,6,36,"H",NA,3,0
165,3,37,NA,NA,NA,0
166,3,37,NA,NA,NA,0
167,3,37,NA,NA,NA,0
168,5,38,NA,NA,NA,0
169,5,38,NA,NA,NA,0
170,5,38,NA,NA,NA,0
171,5,38,NA,NA,NA,0
172,5,38,NA,NA,NA,0
173,3,39,NA,NA,NA,0
174,3,39,NA,NA,NA,0
175,3,39,NA,NA,NA,0
176,6,40,"E",170,5,1
177,6,40,NA,NA,NA,0
178,6,40,"H",190,4,0
179,6,40,NA,NA,NA,0
180,6,40,NA,NA,NA,0
181,6,40,NA,NA,NA,0
182,5,41,NA,NA,NA,0
183,5,41,NA,NA,NA,0
184,5,41,NA,NA,NA,0
185,5,41,NA,NA,NA,0
186,5,41,NA,NA,NA,0
187,3,42,NA,NA,NA,0
188,3,42,NA,NA,NA,0
189,3,42,NA,NA,NA,0
190,6,43,"H",194,4,1
191,6,43,NA,NA,NA,0
192,6,43,"H",221,3,0
193,6,43,NA,NA,NA,0
194,6,43,"E",148,5,1
195,6,43,NA,NA,NA,0
196,3,44,NA,NA,NA,0
197,3,44,NA,NA,NA,0
198,3,44,NA,NA,NA,0
199,6,45,NA,NA,NA,0
200,6,45,NA,NA,NA,0
201,6,45,NA,NA,NA,0
202,6,45,NA,NA,NA,0
203,6,45,NA,NA,NA,0
204,6,45,NA,NA,NA,0
205,5,46,NA,NA,NA,0
206,5,46,NA,NA,NA,0
207,5,46,NA,NA,NA,0
208,5,46,NA,NA,NA,0
209,5,46,NA,NA,NA,0
210,5,47,NA,NA,NA,0
211,5,47,NA,NA,NA,0
212,5,47,NA,NA,NA,0
213,5,47,"E",157,4,0
214,5,47,NA,NA,NA,0
215,3,48,NA,NA,NA,0
216,3,48,NA,NA,NA,0
217,3,48,NA,NA,NA,0
218,4,49,NA,NA,NA,0
219,4,49,"E",NA,NA,0
220,4,49,NA,NA,NA,0
221,4,49,NA,NA,NA,0
222,4,50,NA,NA,NA,0
223,4,50,NA,NA,NA,0
224,4,50,NA,NA,NA,0
225,4,50,NA,NA,NA,0
226,4,51,NA,NA,NA,0
227,4,51,NA,NA,NA,0
228,4,51,NA,NA,NA,0
229,4,51,NA,NA,NA,0
230,6,52,NA,NA,NA,0
231,6,52,"E",NA,4,0
232,6,52,NA,NA,NA,0
233,6,52,NA,NA,NA,0
234,6,52,"E",35,5,0
235,6,52,NA,NA,NA,0
236,5,53,NA,NA,NA,0
237,5,53,NA,NA,NA,0
238,5,53,NA,NA,NA,0
239,5,53,NA,NA,NA,0
240,5,53,NA,NA,NA,0
241,3,54,NA,NA,NA,0
242,3,54,NA,NA,NA,0
243,3,54,NA,NA,NA,0
244,5,55,"H",NA,3,1
245,5,55,"H",NA,2,0
246,5,55,NA,NA,NA,0
247,5,55,"C",297,4,1
248,5,55,NA,NA,NA,0
249,4,56,NA,NA,NA,0
250,4,56,NA,NA,NA,0
251,4,56,NA,NA,NA,0
252,4,56,NA,NA,NA,0
253,6,57,NA,NA,NA,0
254,6,57,"E",344,4,0
255,6,57,NA,NA,NA,0
256,6,57,NA,NA,NA,0
257,6,57,"E",144,5,0
258,6,57,NA,NA,NA,0
259,6,58,NA,NA,NA,0
260,6,58,NA,NA,NA,0
261,6,58,NA,NA,NA,0
262,6,58,NA,NA,NA,0
263,6,58,NA,NA,NA,0
264,6,58,NA,NA,NA,0
265,3,59,"E",199,2,1
266,3,59,NA,NA,NA,0
267,3,59,"H",NA,1,0
268,6,60,"H",NA,2,1
269,6,60,NA,NA,NA,0
270,6,60,"E",NA,5,2
271,6,60,"H",94,1,0
272,6,60,"H",NA,3,1
273,6,60,"H",NA,1,0
274,6,61,NA,NA,NA,0
275,6,61,NA,NA,NA,0
276,6,61,NA,NA,NA,0
277,6,61,NA,NA,NA,0
278,6,61,NA,NA,NA,0
279,6,61,NA,NA,NA,0
280,6,62,NA,NA,NA,0
281,6,62,NA,NA,NA,0
282,6,62,NA,NA,NA,0
283,6,62,NA,NA,NA,0
284,6,62,NA,NA,NA,0
285,6,62,NA,NA,NA,0
286,3,63,NA,NA,NA,0
287,3,63,NA,NA,NA,0
288,3,63,NA,NA,NA,0
289,5,64,NA,NA,NA,0
290,5,64,NA,NA,NA,0
291,5,64,NA,NA,NA,0
292,5,64,NA,NA,NA,0
293,5,64,NA,NA,NA,0
294,4,65,NA,NA,NA,0
295,4,65,NA,NA,NA,0
296,4,65,NA,NA,NA,0
297,4,65,NA,NA,NA,0
298,6,66,NA,NA,NA,0
299,6,66,NA,NA,NA,0
300,6,66,NA,NA,NA,0
301,6,66,NA,NA,NA,0
302,6,66,NA,NA,NA,0
303,6,66,NA,NA,NA,0
304,6,67,NA,NA,NA,0
305,6,67,NA,NA,NA,0
306,6,67,NA,NA,NA,0
307,6,67,NA,NA,NA,0
308,6,67,NA,NA,NA,0
309,6,67,NA,NA,NA,0
310,4,68,NA,NA,NA,0
311,4,68,"H",NA,2,1
312,4,68,"E",232,3,1
313,4,68,"H",NA,1,0
314,4,69,NA,NA,NA,0
315,4,69,"H",192,1,0
316,4,69,"H",189,1,0
317,4,69,"E",173,3,2
318,5,70,NA,NA,NA,0
319,5,70,NA,NA,NA,0
320,5,70,NA,NA,NA,0
321,5,70,NA,NA,NA,0
322,5,70,NA,NA,NA,0
323,6,71,NA,NA,NA,0
324,6,71,NA,NA,NA,0
325,6,71,NA,NA,NA,0
326,6,71,NA,NA,NA,0
327,6,71,NA,NA,NA,0
328,6,71,NA,NA,NA,0
329,4,72,"E",120,3,0
330,4,72,NA,NA,NA,0
331,4,72,NA,NA,NA,0
332,4,72,NA,NA,NA,0
333,3,73,NA,NA,NA,0
334,3,73,NA,NA,NA,0
335,3,73,NA,NA,NA,0
336,4,74,NA,NA,NA,0
337,4,74,NA,NA,NA,0
338,4,74,NA,NA,NA,0
339,4,74,NA,NA,NA,0
340,6,75,NA,NA,NA,0
341,6,75,NA,NA,NA,0
342,6,75,NA,NA,NA,0
343,6,75,NA,NA,NA,0
344,6,75,NA,NA,NA,0
345,6,75,NA,NA,NA,0
346,3,76,"H",NA,0,0
347,3,76,"H",NA,0,0
348,3,76,"E",78,2,2
349,6,77,NA,NA,NA,0
350,6,77,NA,NA,NA,0
351,6,77,NA,NA,NA,0
352,6,77,NA,NA,NA,0
353,6,77,NA,NA,NA,0
354,6,77,NA,NA,NA,0
355,4,78,NA,NA,NA,0
356,4,78,NA,NA,NA,0
357,4,78,NA,NA,NA,0
358,4,78,NA,NA,NA,0
359,3,79,NA,NA,NA,0
360,3,79,NA,NA,NA,0
361,3,79,NA,NA,NA,0
362,4,80,NA,NA,NA,0
363,4,80,NA,NA,NA,0
364,4,80,NA,NA,NA,0
365,4,80,NA,NA,NA,0
366,6,81,"E",NA,NA,0
367,6,81,NA,NA,NA,0
368,6,81,NA,NA,NA,0
369,6,81,NA,NA,NA,0
370,6,81,NA,NA,NA,0
371,6,81,NA,NA,NA,0
372,3,82,NA,NA,NA,0
373,3,82,NA,NA,NA,0
374,3,82,NA,NA,NA,0
375,3,83,NA,NA,NA,0
376,3,83,NA,NA,NA,0
377,3,83,NA,NA,NA,0
378,6,84,NA,NA,NA,0
379,6,84,"E",340,5,1
380,6,84,NA,NA,NA,0
381,6,84,"H",NA,4,0
382,6,84,NA,NA,NA,0
383,6,84,NA,NA,NA,0
384,6,85,NA,NA,NA,0
385,6,85,NA,NA,NA,0
386,6,85,NA,NA,NA,0
387,6,85,NA,NA,NA,0
388,6,85,NA,NA,NA,0
389,6,85,NA,NA,NA,0
390,4,86,NA,NA,NA,0
391,4,86,"H",NA,NA,0
392,4,86,"H",NA,2,1
393,4,86,"E",NA,3,1
394,4,87,NA,NA,NA,0
395,4,87,NA,NA,NA,0
396,4,87,NA,NA,NA,0
397,4,87,NA,NA,NA,0
398,4,88,NA,NA,NA,0
399,4,88,NA,NA,NA,0
400,4,88,NA,NA,NA,0
401,4,88,NA,NA,NA,0
402,4,89,NA,NA,NA,0
403,4,89,NA,NA,NA,0
404,4,89,NA,NA,NA,0
405,4,89,NA,NA,NA,0
406,5,90,NA,NA,NA,0
407,5,90,NA,NA,NA,0
408,5,90,NA,NA,NA,0
409,5,90,NA,NA,NA,0
410,5,90,NA,NA,NA,0
411,3,91,NA,NA,NA,0
412,3,91,NA,NA,NA,0
413,3,91,NA,NA,NA,0
414,6,92,NA,NA,NA,0
415,6,92,NA,NA,NA,0
416,6,92,NA,NA,NA,0
417,6,92,NA,NA,NA,0
418,6,92,NA,NA,NA,0
419,6,92,NA,NA,NA,0
420,5,93,NA,NA,NA,0
421,5,93,NA,NA,NA,0
422,5,93,NA,NA,NA,0
423,5,93,NA,NA,NA,0
424,5,93,NA,NA,NA,0
425,6,94,NA,NA,NA,0
426,6,94,NA,NA,NA,0
427,6,94,NA,NA,NA,0
428,6,94,NA,NA,NA,0
429,6,94,NA,NA,NA,0
430,6,94,NA,NA,NA,0
431,3,95,NA,NA,NA,0
432,3,95,NA,NA,NA,0
433,3,95,NA,NA,NA,0
434,3,96,NA,NA,NA,0
435,3,96,NA,NA,NA,0
436,3,96,NA,NA,NA,0
437,4,97,NA,NA,NA,0
438,4,97,"H",NA,2,1
439,4,97,"E",NA,3,1
440,4,97,"H",NA,NA,0
441,6,98,NA,NA,NA,0
442,6,98,NA,NA,NA,0
443,6,98,NA,NA,NA,0
444,6,98,NA,NA,NA,0
445,6,98,NA,NA,NA,0
446,6,98,NA,NA,NA,0
447,3,99,NA,NA,NA,0
448,3,99,NA,NA,NA,0
449,3,99,"E",363,2,0
450,3,100,NA,NA,NA,0
451,3,100,NA,NA,NA,0
452,3,100,NA,NA,NA,0
453,4,101,NA,NA,NA,0
454,4,101,NA,NA,NA,0
455,4,101,NA,NA,NA,0
456,4,101,NA,NA,NA,0
457,3,102,NA,NA,NA,0
458,3,102,NA,NA,NA,0
459,3,102,NA,NA,NA,0
460,3,103,NA,NA,NA,0
461,3,103,NA,NA,NA,0
462,3,103,NA,NA,NA,0
463,5,104,NA,NA,NA,0
464,5,104,NA,NA,NA,0
465,5,104,NA,NA,NA,0
466,5,104,"E",88,4,0
467,5,104,NA,NA,NA,0
468,6,105,NA,NA,NA,0
469,6,105,NA,NA,NA,0
470,6,105,NA,NA,NA,0
471,6,105,NA,NA,NA,0
472,6,105,NA,NA,NA,0
473,6,105,NA,NA,NA,0
474,5,106,NA,NA,NA,0
475,5,106,NA,NA,NA,0
476,5,106,NA,NA,NA,0
477,5,106,NA,NA,NA,0
478,5,106,NA,NA,NA,0
479,5,107,NA,NA,NA,0
480,5,107,NA,NA,NA,0
481,5,107,NA,NA,NA,0
482,5,107,NA,NA,NA,0
483,5,107,NA,NA,NA,0
484,4,108,NA,NA,NA,0
485,4,108,NA,NA,NA,0
486,4,108,NA,NA,NA,0
487,4,108,NA,NA,NA,0
488,4,109,NA,NA,NA,0
489,4,109,NA,NA,NA,0
490,4,109,NA,NA,NA,0
491,4,109,NA,NA,NA,0
492,4,110,NA,NA,NA,0
493,4,110,NA,NA,NA,0
494,4,110,NA,NA,NA,0
495,4,110,NA,NA,NA,0
496,5,111,NA,NA,NA,0
497,5,111,NA,NA,NA,0
498,5,111,NA,NA,NA,0
499,5,111,NA,NA,NA,0
500,5,111,NA,NA,NA,0
501,6,112,NA,NA,NA,0
502,6,112,NA,NA,NA,0
503,6,112,NA,NA,NA,0
504,6,112,NA,NA,NA,0
505,6,112,NA,NA,NA,0
506,6,112,NA,NA,NA,0
507,3,113,NA,NA,NA,0
508,3,113,NA,NA,NA,0
509,3,113,NA,NA,NA,0
510,4,114,NA,NA,NA,0
511,4,114,NA,NA,NA,0
512,4,114,NA,NA,NA,0
513,4,114,NA,NA,NA,0
514,5,115,NA,NA,NA,0
515,5,115,NA,NA,NA,0
516,5,115,NA,NA,NA,0
517,5,115,NA,NA,NA,0
518,5,115,NA,NA,NA,0
519,6,116,NA,NA,NA,0
520,6,116,NA,NA,NA,0
521,6,116,NA,NA,NA,0
522,6,116,NA,NA,NA,0
523,6,116,NA,NA,NA,0
524,6,116,NA,NA,NA,0
525,5,117,NA,NA,NA,0
526,5,117,NA,NA,NA,0
527,5,117,NA,NA,NA,0
528,5,117,NA,NA,NA,0
529,5,117,NA,NA,NA,0
530,4,118,NA,NA,NA,0
531,4,118,NA,NA,NA,0
532,4,118,NA,NA,NA,0
533,4,118,"E",NA,3,0
534,3,119,NA,NA,NA,0
535,3,119,NA,NA,NA,0
536,3,119,NA,NA,NA,0
537,3,120,NA,NA,NA,0
538,3,120,NA,NA,NA,0
539,3,120,NA,NA,NA,0
540,3,121,NA,NA,NA,0
541,3,121,NA,NA,NA,0
542,3,121,NA,NA,NA,0
543,6,122,NA,NA,NA,0
544,6,122,NA,NA,NA,0
545,6,122,NA,NA,NA,0
546,6,122,NA,NA,NA,0
547,6,122,NA,NA,NA,0
548,6,122,NA,NA,NA,0
549,3,123,NA,NA,NA,0
550,3,123,NA,NA,NA,0
551,3,123,NA,NA,NA,0
552,3,124,NA,NA,NA,0
553,3,124,NA,NA,NA,0
554,3,124,NA,NA,NA,0
555,3,125,"H",NA,1,0
556,3,125,"E",249,2,1
557,3,125,NA,NA,NA,0
558,3,126,NA,NA,NA,0
559,3,126,NA,NA,NA,0
560,3,126,NA,NA,NA,0
561,4,127,NA,NA,NA,0
562,4,127,NA,NA,NA,0
563,4,127,NA,NA,NA,0
564,4,127,NA,NA,NA,0
565,3,128,NA,NA,NA,0
566,3,128,NA,NA,NA,0
567,3,128,NA,NA,NA,0
568,6,129,"E",NA,NA,0
569,6,129,NA,NA,NA,0
570,6,129,NA,NA,NA,0
571,6,129,NA,NA,NA,0
572,6,129,NA,NA,NA,0
573,6,129,NA,NA,NA,0
574,4,130,NA,NA,NA,0
575,4,130,NA,NA,NA,0
576,4,130,NA,NA,NA,0
577,4,130,NA,NA,NA,0
578,5,131,NA,NA,NA,0
579,5,131,NA,NA,NA,0
580,5,131,NA,NA,NA,0
581,5,131,NA,NA,NA,0
582,5,131,NA,NA,NA,0
583,5,132,NA,NA,NA,0
584,5,132,"E",355,4,0
585,5,132,NA,NA,NA,0
586,5,132,NA,NA,NA,0
587,5,132,NA,NA,NA,0
588,4,133,"E",NA,3,0
589,4,133,NA,NA,NA,0
590,4,133,NA,NA,NA,0
591,4,133,NA,NA,NA,0
592,5,134,NA,NA,NA,0
593,5,134,NA,NA,NA,0
594,5,134,NA,NA,NA,0
595,5,134,NA,NA,NA,0
596,5,134,NA,NA,NA,0
597,6,135,NA,NA,NA,0
598,6,135,NA,NA,NA,0
599,6,135,NA,NA,NA,0
600,6,135,NA,NA,NA,0
601,6,135,NA,NA,NA,0
602,6,135,NA,NA,NA,0
603,6,136,NA,NA,NA,0
604,6,136,NA,NA,NA,0
605,6,136,NA,NA,NA,0
606,6,136,NA,NA,NA,0
607,6,136,NA,NA,NA,0
608,6,136,NA,NA,NA,0
609,6,137,NA,NA,NA,0
610,6,137,NA,NA,NA,0
611,6,137,NA,NA,NA,0
612,6,137,NA,NA,NA,0
613,6,137,NA,NA,NA,0
614,6,137,NA,NA,NA,0
615,4,138,NA,NA,NA,0
616,4,138,NA,NA,NA,0
617,4,138,NA,NA,NA,0
618,4,138,NA,NA,NA,0
619,6,139,NA,NA,NA,0
620,6,139,NA,NA,NA,0
621,6,139,NA,NA,NA,0
622,6,139,NA,NA,NA,0
623,6,139,NA,NA,NA,0
624,6,139,NA,NA,NA,0
625,6,140,NA,NA,NA,0
626,6,140,NA,NA,NA,0
627,6,140,NA,NA,NA,0
628,6,140,NA,NA,NA,0
629,6,140,NA,NA,NA,0
630,6,140,NA,NA,NA,0
631,6,141,NA,NA,NA,0
632,6,141,NA,NA,NA,0
633,6,141,NA,NA,NA,0
634,6,141,NA,NA,NA,0
635,6,141,NA,NA,NA,0
636,6,141,NA,NA,NA,0
637,6,142,NA,NA,NA,0
638,6,142,NA,NA,NA,0
639,6,142,NA,NA,NA,0
640,6,142,NA,NA,NA,0
641,6,142,NA,NA,NA,0
642,6,142,NA,NA,NA,0
643,6,143,NA,NA,NA,0
644,6,143,NA,NA,NA,0
645,6,143,NA,NA,NA,0
646,6,143,NA,NA,NA,0
647,6,143,NA,NA,NA,0
648,6,143,NA,NA,NA,0
649,4,144,NA,NA,NA,0
650,4,144,NA,NA,NA,0
651,4,144,NA,NA,NA,0
652,4,144,NA,NA,NA,0
653,5,145,"H",NA,3,0
654,5,145,"E",NA,4,1
655,5,145,NA,NA,NA,0
656,5,145,NA,NA,NA,0
657,5,145,NA,NA,NA,0
658,6,146,NA,NA,NA,0
659,6,146,NA,NA,NA,0
660,6,146,NA,NA,NA,0
661,6,146,NA,NA,NA,0
662,6,146,NA,NA,NA,0
663,6,146,NA,NA,NA,0
664,3,147,NA,NA,NA,0
665,3,147,NA,NA,NA,0
666,3,147,NA,NA,NA,0
667,4,148,NA,NA,NA,0
668,4,148,NA,NA,NA,0
669,4,148,NA,NA,NA,0
670,4,148,NA,NA,NA,0
671,5,149,NA,NA,NA,0
672,5,149,NA,NA,NA,0
673,5,149,NA,NA,NA,0
674,5,149,NA,NA,NA,0
675,5,149,NA,NA,NA,0
676,4,150,NA,NA,NA,0
677,4,150,NA,NA,NA,0
678,4,150,NA,NA,NA,0
679,4,150,NA,NA,NA,0
680,3,151,NA,NA,NA,0
681,3,151,NA,NA,NA,0
682,3,151,NA,NA,NA,0
683,4,152,NA,NA,NA,0
684,4,152,NA,NA,NA,0
685,4,152,NA,NA,NA,0
686,4,152,NA,NA,NA,0
687,6,153,NA,NA,NA,0
688,6,153,NA,NA,NA,0
689,6,153,NA,NA,NA,0
690,6,153,"H",NA,4,0
691,6,153,NA,NA,NA,0
692,6,153,"E",NA,5,1
693,5,154,NA,NA,NA,0
694,5,154,"E",NA,NA,0
695,5,154,NA,NA,NA,0
696,5,154,NA,NA,NA,0
697,5,154,NA,NA,NA,0
698,4,155,NA,NA,NA,0
699,4,155,NA,NA,NA,0
700,4,155,NA,NA,NA,0
701,4,155,NA,NA,NA,0
702,3,156,NA,NA,NA,0
703,3,156,NA,NA,NA,0
704,3,156,NA,NA,NA,0
705,4,157,NA,NA,NA,0
706,4,157,NA,NA,NA,0
707,4,157,NA,NA,NA,0
708,4,157,NA,NA,NA,0
709,6,158,NA,NA,NA,0
710,6,158,NA,NA,NA,0
711,6,158,NA,NA,NA,0
712,6,158,NA,NA,NA,0
713,6,158,NA,NA,NA,0
714,6,158,NA,NA,NA,0
715,4,159,NA,NA,NA,0
716,4,159,NA,NA,NA,0
717,4,159,NA,NA,NA,0
718,4,159,NA,NA,NA,0
719,4,160,NA,NA,NA,0
720,4,160,NA,NA,NA,0
721,4,160,NA,NA,NA,0
722,4,160,NA,NA,NA,0
723,3,161,NA,NA,NA,0
724,3,161,NA,NA,NA,0
725,3,161,NA,NA,NA,0
726,3,162,NA,NA,NA,0
727,3,162,NA,NA,NA,0
728,3,162,NA,NA,NA,0
729,6,163,NA,NA,NA,0
730,6,163,NA,NA,NA,0
731,6,163,NA,NA,NA,0
732,6,163,NA,NA,NA,0
733,6,163,NA,NA,NA,0
734,6,163,NA,NA,NA,0
735,3,164,NA,NA,NA,0
736,3,164,NA,NA,NA,0
737,3,164,NA,NA,NA,0
738,4,165,NA,NA,NA,0
739,4,165,NA,NA,NA,0
740,4,165,NA,NA,NA,0
741,4,165,NA,NA,NA,0
742,4,166,NA,NA,NA,0
743,4,166,NA,NA,NA,0
744,4,166,NA,NA,NA,0
745,4,166,NA,NA,NA,0
746,6,167,NA,NA,NA,0
747,6,167,NA,NA,NA,0
748,6,167,NA,NA,NA,0
749,6,167,NA,NA,NA,0
750,6,167,NA,NA,NA,0
751,6,167,NA,NA,NA,0
752,6,168,NA,NA,NA,0
753,6,168,NA,NA,NA,0
754,6,168,NA,NA,NA,0
755,6,168,NA,NA,NA,0
756,6,168,NA,NA,NA,0
757,6,168,NA,NA,NA,0
758,3,169,NA,NA,NA,0
759,3,169,NA,NA,NA,0
760,3,169,NA,NA,NA,0
761,5,170,NA,NA,NA,0
762,5,170,NA,NA,NA,0
763,5,170,NA,NA,NA,0
764,5,170,NA,NA,NA,0
765,5,170,NA,NA,NA,0
766,6,171,NA,NA,NA,0
767,6,171,"H",91,3,0
768,6,171,"H",NA,3,0
769,6,171,NA,NA,NA,0
770,6,171,"E",57,5,2
771,6,171,NA,NA,NA,0
772,4,172,NA,NA,NA,0
773,4,172,NA,NA,NA,0
774,4,172,NA,NA,NA,0
775,4,172,NA,NA,NA,0
776,6,173,NA,NA,NA,0
777,6,173,NA,NA,NA,0
778,6,173,NA,NA,NA,0
779,6,173,NA,NA,NA,0
780,6,173,NA,NA,NA,0
781,6,173,NA,NA,NA,0
782,6,174,"E",NA,5,0
783,6,174,NA,NA,NA,0
784,6,174,NA,NA,NA,0
785,6,174,"E",237,4,0
786,6,174,NA,NA,NA,0
787,6,174,NA,NA,NA,0
788,5,175,NA,NA,NA,0
789,5,175,NA,NA,NA,0
790,5,175,NA,NA,NA,0
791,5,175,NA,NA,NA,0
792,5,175,NA,NA,NA,0
793,5,176,NA,NA,NA,0
794,5,176,NA,NA,NA,0
795,5,176,NA,NA,NA,0
796,5,176,NA,NA,NA,0
797,5,176,NA,NA,NA,0
798,5,177,NA,NA,NA,0
799,5,177,NA,NA,NA,0
800,5,177,NA,NA,NA,0
801,5,177,NA,NA,NA,0
802,5,177,NA,NA,NA,0
803,4,178,NA,NA,NA,0
804,4,178,NA,NA,NA,0
805,4,178,NA,NA,NA,0
806,4,178,NA,NA,NA,0
807,5,179,NA,NA,NA,0
808,5,179,NA,NA,NA,0
809,5,179,NA,NA,NA,0
810,5,179,NA,NA,NA,0
811,5,179,NA,NA,NA,0
812,5,180,NA,NA,NA,0
813,5,180,NA,NA,NA,0
814,5,180,NA,NA,NA,0
815,5,180,NA,NA,NA,0
816,5,180,NA,NA,NA,0
817,3,181,NA,NA,NA,0
818,3,181,NA,NA,NA,0
819,3,181,NA,NA,NA,0
820,4,182,NA,NA,NA,0
821,4,182,NA,NA,NA,0
822,4,182,NA,NA,NA,0
823,4,182,NA,NA,NA,0
824,3,183,NA,NA,NA,0
825,3,183,NA,NA,NA,0
826,3,183,NA,NA,NA,0
827,6,184,NA,NA,NA,0
828,6,184,NA,NA,NA,0
829,6,184,NA,NA,NA,0
830,6,184,NA,NA,NA,0
831,6,184,NA,NA,NA,0
832,6,184,NA,NA,NA,0
833,4,185,NA,NA,NA,0
834,4,185,NA,NA,NA,0
835,4,185,NA,NA,NA,0
836,4,185,NA,NA,NA,0
837,3,186,NA,NA,NA,0
838,3,186,NA,NA,NA,0
839,3,186,NA,NA,NA,0
840,4,187,"E",55,3,1
841,4,187,"H",NA,1,0
842,4,187,NA,NA,NA,0
843,4,187,"H",80,2,1
844,5,188,NA,NA,NA,0
845,5,188,NA,NA,NA,0
846,5,188,NA,NA,NA,0
847,5,188,NA,NA,NA,0
848,5,188,NA,NA,NA,0
849,5,189,"H",NA,2,1
850,5,189,"H",90,0,0
851,5,189,"H",NA,0,0
852,5,189,"H",NA,1,1
853,5,189,"E",NA,4,2
854,6,190,NA,NA,NA,0
855,6,190,NA,NA,NA,0
856,6,190,NA,NA,NA,0
857,6,190,NA,NA,NA,0
858,6,190,NA,NA,NA,0
859,6,190,NA,NA,NA,0
860,4,191,NA,NA,NA,0
861,4,191,NA,NA,NA,0
862,4,191,"E",NA,3,0
863,4,191,NA,NA,NA,0
864,4,192,NA,NA,NA,0
865,4,192,NA,NA,NA,0
866,4,192,NA,NA,NA,0
867,4,192,NA,NA,NA,0
868,4,193,NA,NA,NA,0
869,4,193,NA,NA,NA,0
870,4,193,NA,NA,NA,0
871,4,193,NA,NA,NA,0
872,4,194,"E",NA,3,0
873,4,194,NA,NA,NA,0
874,4,194,NA,NA,NA,0
875,4,194,NA,NA,NA,0
876,4,195,"C",166,3,0
877,4,195,NA,NA,NA,0
878,4,195,NA,NA,NA,0
879,4,195,NA,NA,NA,0
880,5,196,NA,NA,NA,0
881,5,196,NA,NA,NA,0
882,5,196,NA,NA,NA,0
883,5,196,NA,NA,NA,0
884,5,196,NA,NA,NA,0
885,6,197,NA,NA,NA,0
886,6,197,NA,NA,NA,0
887,6,197,NA,NA,NA,0
888,6,197,"H",332,4,0
889,6,197,"E",NA,5,1
890,6,197,NA,NA,NA,0
891,6,198,NA,NA,NA,0
892,6,198,NA,NA,NA,0
893,6,198,NA,NA,NA,0
894,6,198,NA,NA,NA,0
895,6,198,NA,NA,NA,0
896,6,198,NA,NA,NA,0
897,5,199,NA,NA,NA,0
898,5,199,NA,NA,NA,0
899,5,199,NA,NA,NA,0
900,5,199,NA,NA,NA,0
901,5,199,NA,NA,NA,0
902,3,200,NA,NA,NA,0
903,3,200,NA,NA,NA,0
904,3,200,NA,NA,NA,0
905,5,201,NA,NA,NA,0
906,5,201,NA,NA,NA,0
907,5,201,NA,NA,NA,0
908,5,201,NA,NA,NA,0
909,5,201,NA,NA,NA,0
910,4,202,NA,NA,NA,0
911,4,202,NA,NA,NA,0
912,4,202,NA,NA,NA,0
913,4,202,NA,NA,NA,0
914,5,203,"H",116,2,1
915,5,203,NA,NA,NA,0
916,5,203,"E",94,4,2
917,5,203,"H",NA,2,0
918,5,203,"H",150,1,0
919,6,204,NA,NA,NA,0
920,6,204,"E",NA,5,0
921,6,204,NA,NA,NA,0
922,6,204,NA,NA,NA,0
923,6,204,NA,NA,NA,0
924,6,204,NA,NA,NA,0
925,4,205,NA,NA,NA,0
926,4,205,NA,NA,NA,0
927,4,205,NA,NA,NA,0
928,4,205,NA,NA,NA,0
929,3,206,NA,NA,NA,0
930,3,206,NA,NA,NA,0
931,3,206,NA,NA,NA,0
932,6,207,NA,NA,NA,0
933,6,207,NA,NA,NA,0
934,6,207,NA,NA,NA,0
935,6,207,NA,NA,NA,0
936,6,207,NA,NA,NA,0
937,6,207,NA,NA,NA,0
938,5,208,NA,NA,NA,0
939,5,208,NA,NA,NA,0
940,5,208,NA,NA,NA,0
941,5,208,NA,NA,NA,0
942,5,208,NA,NA,NA,0
943,3,209,NA,NA,NA,0
944,3,209,NA,NA,NA,0
945,3,209,NA,NA,NA,0
946,3,210,NA,NA,NA,0
947,3,210,NA,NA,NA,0
948,3,210,NA,NA,NA,0
949,4,211,NA,NA,NA,0
950,4,211,NA,NA,NA,0
951,4,211,NA,NA,NA,0
952,4,211,NA,NA,NA,0
953,4,212,"E",NA,3,1
954,4,212,NA,NA,NA,0
955,4,212,NA,NA,NA,0
956,4,212,"H",NA,2,0
957,5,213,NA,NA,NA,0
958,5,213,NA,NA,NA,0
959,5,213,NA,NA,NA,0
960,5,213,NA,NA,NA,0
961,5,213,NA,NA,NA,0
962,3,214,NA,NA,NA,0
963,3,214,NA,NA,NA,0
964,3,214,NA,NA,NA,0
965,4,215,NA,NA,NA,0
966,4,215,NA,NA,NA,0
967,4,215,NA,NA,NA,0
968,4,215,NA,NA,NA,0
969,5,216,"E",285,4,1
970,5,216,"H",361,2,1
971,5,216,NA,NA,NA,0
972,5,216,"H",NA,NA,0
973,5,216,"H",NA,3,1
974,4,217,NA,NA,NA,0
975,4,217,NA,NA,NA,0
976,4,217,NA,NA,NA,0
977,4,217,"E",250,3,0
978,5,218,NA,NA,NA,0
979,5,218,NA,NA,NA,0
980,5,218,NA,NA,NA,0
981,5,218,NA,NA,NA,0
982,5,218,NA,NA,NA,0
983,5,219,NA,NA,NA,0
984,5,219,NA,NA,NA,0
985,5,219,NA,NA,NA,0
986,5,219,NA,NA,NA,0
987,5,219,NA,NA,NA,0
988,3,220,NA,NA,NA,0
989,3,220,NA,NA,NA,0
990,3,220,NA,NA,NA,0
991,4,221,NA,NA,NA,0
992,4,221,NA,NA,NA,0
993,4,221,NA,NA,NA,0
994,4,221,NA,NA,NA,0
995,6,222,NA,NA,NA,0
996,6,222,NA,NA,NA,0
997,6,222,NA,NA,NA,0
998,6,222,NA,NA,NA,0
999,6,222,NA,NA,NA,0
1000,6,222,NA,NA,NA,0
