"ID","SIZE","HH","TYPE","TIME","S_NUM","I_NUM"
1,6,1,"0",NA,NA,0
2,6,1,"E",108,4,0
3,6,1,NA,NA,NA,0
4,6,1,NA,NA,NA,0
5,6,1,NA,NA,NA,0
6,6,1,NA,NA,NA,0
7,5,2,NA,NA,NA,0
8,5,2,NA,NA,NA,0
9,5,2,"E",89,4,0
10,5,2,NA,NA,NA,0
11,5,2,NA,NA,NA,0
12,4,3,"C",339,3,2
13,4,3,NA,NA,NA,0
14,4,3,"H",NA,NA,0
15,4,3,"H",NA,NA,0
16,3,4,NA,NA,NA,0
17,3,4,"C",364,2,0
18,3,4,NA,NA,NA,0
19,6,5,NA,NA,NA,0
20,6,5,NA,NA,NA,0
21,6,5,NA,NA,NA,0
22,6,5,NA,NA,NA,0
23,6,5,NA,NA,NA,0
24,6,5,NA,NA,NA,0
25,6,6,"E",351,3,1
26,6,6,"H",NA,NA,0
27,6,6,"H",165,4,0
28,6,6,NA,NA,NA,0
29,6,6,NA,NA,NA,0
30,6,6,"E",119,5,1
31,3,7,NA,NA,NA,0
32,3,7,NA,NA,NA,0
33,3,7,NA,NA,NA,0
34,5,8,NA,NA,NA,0
35,5,8,NA,NA,NA,0
36,5,8,NA,NA,NA,0
37,5,8,NA,NA,NA,0
38,5,8,"E",353,4,0
39,5,9,NA,NA,NA,0
40,5,9,NA,NA,NA,0
41,5,9,NA,NA,NA,0
42,5,9,NA,NA,NA,0
43,5,9,NA,NA,NA,0
44,5,10,"E",23,4,2
45,5,10,"H",62,2,0
46,5,10,NA,NA,NA,0
47,5,10,"H",49,2,0
48,5,10,NA,NA,NA,0
49,6,11,NA,NA,NA,0
50,6,11,NA,NA,NA,0
51,6,11,NA,NA,NA,0
52,6,11,"E",58,5,0
53,6,11,"E",311,4,0
54,6,11,NA,NA,NA,0
55,6,12,NA,NA,NA,0
56,6,12,NA,NA,NA,0
57,6,12,NA,NA,NA,0
58,6,12,"E",115,5,0
59,6,12,NA,NA,NA,0
60,6,12,NA,NA,NA,0
61,5,13,NA,NA,NA,0
62,5,13,NA,NA,NA,0
63,5,13,NA,NA,NA,0
64,5,13,NA,NA,NA,0
65,5,13,"E",290,4,0
66,4,14,NA,NA,NA,0
67,4,14,NA,NA,NA,0
68,4,14,NA,NA,NA,0
69,4,14,NA,NA,NA,0
70,5,15,NA,NA,NA,0
71,5,15,"E",296,4,1
72,5,15,NA,NA,NA,0
73,5,15,NA,NA,NA,0
74,5,15,"H",NA,NA,0
75,6,16,"H",314,0,0
76,6,16,"E",266,4,2
77,6,16,"H",307,0,0
78,6,16,"E",287,1,1
79,6,16,"H",298,0,0
80,6,16,"E",250,4,0
81,6,17,"E",NA,NA,0
82,6,17,NA,NA,NA,0
83,6,17,NA,NA,NA,0
84,6,17,NA,NA,NA,0
85,6,17,NA,NA,NA,0
86,6,17,NA,NA,NA,0
87,6,18,NA,NA,NA,0
88,6,18,NA,NA,NA,0
89,6,18,NA,NA,NA,0
90,6,18,NA,NA,NA,0
91,6,18,NA,NA,NA,0
92,6,18,NA,NA,NA,0
93,6,19,NA,NA,NA,0
94,6,19,"C",100,5,0
95,6,19,NA,NA,NA,0
96,6,19,NA,NA,NA,0
97,6,19,NA,NA,NA,0
98,6,19,NA,NA,NA,0
99,6,20,"H",331,4,1
100,6,20,NA,NA,NA,0
101,6,20,NA,NA,NA,0
102,6,20,NA,NA,NA,0
103,6,20,"H",NA,NA,0
104,6,20,"E",312,5,1
105,3,21,"E",NA,NA,0
106,3,21,"E",264,2,0
107,3,21,NA,NA,NA,0
108,4,22,NA,NA,NA,0
109,4,22,NA,NA,NA,0
110,4,22,NA,NA,NA,0
111,4,22,NA,NA,NA,0
112,6,23,NA,NA,NA,0
113,6,23,NA,NA,NA,0
114,6,23,NA,NA,NA,0
115,6,23,NA,NA,NA,0
116,6,23,NA,NA,NA,0
117,6,23,NA,NA,NA,0
118,6,24,NA,NA,NA,0
119,6,24,"H",211,1,0
120,6,24,"H",178,1,0
121,6,24,"C",85,5,1
122,6,24,"H",111,4,1
123,6,24,"H",134,3,2
124,5,25,NA,NA,NA,0
125,5,25,NA,NA,NA,0
126,5,25,NA,NA,NA,0
127,5,25,"E",278,4,0
128,5,25,NA,NA,NA,0
129,3,26,NA,NA,NA,0
130,3,26,NA,NA,NA,0
131,3,26,NA,NA,NA,0
132,5,27,NA,NA,NA,0
133,5,27,NA,NA,NA,0
134,5,27,NA,NA,NA,0
135,5,27,NA,NA,NA,0
136,5,27,NA,NA,NA,0
137,6,28,NA,NA,NA,0
138,6,28,"H",344,4,0
139,6,28,NA,NA,NA,0
140,6,28,NA,NA,NA,0
141,6,28,"E",329,5,1
142,6,28,NA,NA,NA,0
143,4,29,"E",171,3,0
144,4,29,"C",360,2,1
145,4,29,NA,NA,NA,0
146,4,29,"H",NA,NA,0
147,3,30,NA,NA,NA,0
148,3,30,NA,NA,NA,0
149,3,30,NA,NA,NA,0
150,5,31,NA,NA,NA,0
151,5,31,"H",362,3,1
152,5,31,"H",NA,NA,0
153,5,31,NA,NA,NA,0
154,5,31,"E",332,4,1
155,3,32,NA,NA,NA,0
156,3,32,NA,NA,NA,0
157,3,32,NA,NA,NA,0
158,4,33,NA,NA,NA,0
159,4,33,"E",130,2,1
160,4,33,"E",51,3,0
161,4,33,"H",166,1,0
162,4,34,NA,NA,NA,0
163,4,34,NA,NA,NA,0
164,4,34,NA,NA,NA,0
165,4,34,NA,NA,NA,0
166,6,35,"E",NA,NA,0
167,6,35,"E",123,5,0
168,6,35,"H",255,3,1
169,6,35,"E",190,4,1
170,6,35,"H",NA,NA,0
171,6,35,"H",302,2,1
172,5,36,"H",NA,NA,0
173,5,36,NA,NA,NA,0
174,5,36,"H",NA,NA,0
175,5,36,"E",80,4,0
176,5,36,"C",314,3,2
177,6,37,NA,NA,NA,0
178,6,37,"H",239,3,0
179,6,37,NA,NA,NA,0
180,6,37,"H",249,3,0
181,6,37,NA,NA,NA,0
182,6,37,"E",215,5,2
183,4,38,NA,NA,NA,0
184,4,38,NA,NA,NA,0
185,4,38,"E",84,3,0
186,4,38,NA,NA,NA,0
187,4,39,"H",250,2,0
188,4,39,"E",222,3,1
189,4,39,NA,NA,NA,0
190,4,39,NA,NA,NA,0
191,4,40,NA,NA,NA,0
192,4,40,NA,NA,NA,0
193,4,40,NA,NA,NA,0
194,4,40,NA,NA,NA,0
195,3,41,NA,NA,NA,0
196,3,41,NA,NA,NA,0
197,3,41,NA,NA,NA,0
198,4,42,NA,NA,NA,0
199,4,42,NA,NA,NA,0
200,4,42,NA,NA,NA,0
201,4,42,NA,NA,NA,0
202,3,43,NA,NA,NA,0
203,3,43,"E",243,2,0
204,3,43,NA,NA,NA,0
205,6,44,"E",101,5,0
206,6,44,NA,NA,NA,0
207,6,44,"E",189,4,1
208,6,44,NA,NA,NA,0
209,6,44,"H",218,2,0
210,6,44,"C",238,2,0
211,3,45,NA,NA,NA,0
212,3,45,NA,NA,NA,0
213,3,45,"E",90,2,0
214,4,46,NA,NA,NA,0
215,4,46,NA,NA,NA,0
216,4,46,NA,NA,NA,0
217,4,46,NA,NA,NA,0
218,5,47,NA,NA,NA,0
219,5,47,NA,NA,NA,0
220,5,47,NA,NA,NA,0
221,5,47,NA,NA,NA,0
222,5,47,NA,NA,NA,0
223,6,48,"H",360,3,1
224,6,48,"H",NA,NA,0
225,6,48,NA,NA,NA,0
226,6,48,"E",324,4,1
227,6,48,NA,NA,NA,0
228,6,48,"E",199,5,0
229,4,49,NA,NA,NA,0
230,4,49,"E",NA,NA,0
231,4,49,"E",361,2,1
232,4,49,"H",NA,NA,0
233,4,50,"E",110,3,0
234,4,50,NA,NA,NA,0
235,4,50,NA,NA,NA,0
236,4,50,NA,NA,NA,0
237,3,51,"C",100,2,0
238,3,51,NA,NA,NA,0
239,3,51,NA,NA,NA,0
240,6,52,"H",306,2,0
241,6,52,NA,NA,NA,0
242,6,52,"E",59,5,0
243,6,52,"E",172,4,1
244,6,52,"H",207,3,1
245,6,52,NA,NA,NA,0
246,5,53,"H",NA,NA,0
247,5,53,"H",NA,NA,0
248,5,53,"H",334,3,2
249,5,53,"E",308,4,1
250,5,53,NA,NA,NA,0
251,3,54,NA,NA,NA,0
252,3,54,NA,NA,NA,0
253,3,54,NA,NA,NA,0
254,5,55,NA,NA,NA,0
255,5,55,NA,NA,NA,0
256,5,55,NA,NA,NA,0
257,5,55,NA,NA,NA,0
258,5,55,"E",234,4,0
259,5,56,NA,NA,NA,0
260,5,56,NA,NA,NA,0
261,5,56,NA,NA,NA,0
262,5,56,NA,NA,NA,0
263,5,56,NA,NA,NA,0
264,6,57,NA,NA,NA,0
265,6,57,NA,NA,NA,0
266,6,57,NA,NA,NA,0
267,6,57,NA,NA,NA,0
268,6,57,NA,NA,NA,0
269,6,57,NA,NA,NA,0
270,5,58,NA,NA,NA,0
271,5,58,NA,NA,NA,0
272,5,58,NA,NA,NA,0
273,5,58,NA,NA,NA,0
274,5,58,NA,NA,NA,0
275,3,59,NA,NA,NA,0
276,3,59,NA,NA,NA,0
277,3,59,NA,NA,NA,0
278,6,60,NA,NA,NA,0
279,6,60,NA,NA,NA,0
280,6,60,NA,NA,NA,0
281,6,60,NA,NA,NA,0
282,6,60,NA,NA,NA,0
283,6,60,NA,NA,NA,0
284,3,61,"H",107,1,1
285,3,61,"E",46,2,1
286,3,61,"H",125,0,0
287,3,62,NA,NA,NA,0
288,3,62,NA,NA,NA,0
289,3,62,NA,NA,NA,0
290,3,63,NA,NA,NA,0
291,3,63,NA,NA,NA,0
292,3,63,NA,NA,NA,0
293,5,64,"E",154,4,0
294,5,64,NA,NA,NA,0
295,5,64,NA,NA,NA,0
296,5,64,"E",330,3,0
297,5,64,NA,NA,NA,0
298,6,65,NA,NA,NA,0
299,6,65,NA,NA,NA,0
300,6,65,NA,NA,NA,0
301,6,65,NA,NA,NA,0
302,6,65,NA,NA,NA,0
303,6,65,NA,NA,NA,0
304,4,66,NA,NA,NA,0
305,4,66,NA,NA,NA,0
306,4,66,NA,NA,NA,0
307,4,66,NA,NA,NA,0
308,6,67,NA,NA,NA,0
309,6,67,NA,NA,NA,0
310,6,67,NA,NA,NA,0
311,6,67,NA,NA,NA,0
312,6,67,NA,NA,NA,0
313,6,67,NA,NA,NA,0
314,6,68,"H",236,1,1
315,6,68,"H",234,1,0
316,6,68,"H",278,0,0
317,6,68,"E",192,5,1
318,6,68,"H",251,0,0
319,6,68,"E",223,3,2
320,6,69,"H",354,1,1
321,6,69,"C",117,4,0
322,6,69,"H",NA,NA,0
323,6,69,"H",NA,NA,0
324,6,69,"E",331,3,2
325,6,69,"E",61,5,0
326,3,70,NA,NA,NA,0
327,3,70,NA,NA,NA,0
328,3,70,NA,NA,NA,0
329,3,71,NA,NA,NA,0
330,3,71,NA,NA,NA,0
331,3,71,"E",45,2,0
332,6,72,NA,NA,NA,0
333,6,72,NA,NA,NA,0
334,6,72,NA,NA,NA,0
335,6,72,NA,NA,NA,0
336,6,72,NA,NA,NA,0
337,6,72,NA,NA,NA,0
338,4,73,NA,NA,NA,0
339,4,73,NA,NA,NA,0
340,4,73,NA,NA,NA,0
341,4,73,NA,NA,NA,0
342,5,74,NA,NA,NA,0
343,5,74,NA,NA,NA,0
344,5,74,NA,NA,NA,0
345,5,74,NA,NA,NA,0
346,5,74,NA,NA,NA,0
347,4,75,NA,NA,NA,0
348,4,75,NA,NA,NA,0
349,4,75,NA,NA,NA,0
350,4,75,NA,NA,NA,0
351,5,76,NA,NA,NA,0
352,5,76,NA,NA,NA,0
353,5,76,NA,NA,NA,0
354,5,76,NA,NA,NA,0
355,5,76,NA,NA,NA,0
356,3,77,NA,NA,NA,0
357,3,77,NA,NA,NA,0
358,3,77,NA,NA,NA,0
359,4,78,NA,NA,NA,0
360,4,78,NA,NA,NA,0
361,4,78,"E",41,3,0
362,4,78,"E",308,2,0
363,6,79,"H",175,0,0
364,6,79,"C",121,3,2
365,6,79,"H",148,1,1
366,6,79,"H",155,0,0
367,6,79,"H",121,3,0
368,6,79,"E",80,5,1
369,5,80,NA,NA,NA,0
370,5,80,NA,NA,NA,0
371,5,80,NA,NA,NA,0
372,5,80,NA,NA,NA,0
373,5,80,NA,NA,NA,0
374,6,81,NA,NA,NA,0
375,6,81,NA,NA,NA,0
376,6,81,"E",362,4,0
377,6,81,NA,NA,NA,0
378,6,81,"E",344,5,0
379,6,81,NA,NA,NA,0
380,3,82,NA,NA,NA,0
381,3,82,"H",209,1,0
382,3,82,"E",182,2,1
383,5,83,NA,NA,NA,0
384,5,83,NA,NA,NA,0
385,5,83,"H",245,3,0
386,5,83,"C",212,4,1
387,5,83,NA,NA,NA,0
388,3,84,NA,NA,NA,0
389,3,84,NA,NA,NA,0
390,3,84,NA,NA,NA,0
391,5,85,NA,NA,NA,0
392,5,85,NA,NA,NA,0
393,5,85,NA,NA,NA,0
394,5,85,NA,NA,NA,0
395,5,85,NA,NA,NA,0
396,5,86,"H",179,2,0
397,5,86,NA,NA,NA,0
398,5,86,"H",165,2,0
399,5,86,"C",140,4,2
400,5,86,NA,NA,NA,0
401,4,87,NA,NA,NA,0
402,4,87,NA,NA,NA,0
403,4,87,NA,NA,NA,0
404,4,87,NA,NA,NA,0
405,3,88,NA,NA,NA,0
406,3,88,"E",181,2,0
407,3,88,NA,NA,NA,0
408,4,89,"E",187,3,2
409,4,89,NA,NA,NA,0
410,4,89,"H",227,1,0
411,4,89,"H",221,1,0
412,3,90,"E",271,2,1
413,3,90,"H",302,1,0
414,3,90,NA,NA,NA,0
415,3,91,NA,NA,NA,0
416,3,91,NA,NA,NA,0
417,3,91,NA,NA,NA,0
418,4,92,NA,NA,NA,0
419,4,92,NA,NA,NA,0
420,4,92,NA,NA,NA,0
421,4,92,NA,NA,NA,0
422,6,93,"H",98,3,1
423,6,93,NA,NA,NA,0
424,6,93,"H",114,2,1
425,6,93,"H",148,1,0
426,6,93,"H",132,1,0
427,6,93,"E",72,5,2
428,3,94,"E",207,1,0
429,3,94,NA,NA,NA,0
430,3,94,"E",206,1,0
431,4,95,NA,NA,NA,0
432,4,95,NA,NA,NA,0
433,4,95,NA,NA,NA,0
434,4,95,NA,NA,NA,0
435,6,96,NA,NA,NA,0
436,6,96,"E",306,5,0
437,6,96,NA,NA,NA,0
438,6,96,NA,NA,NA,0
439,6,96,NA,NA,NA,0
440,6,96,NA,NA,NA,0
441,5,97,NA,NA,NA,0
442,5,97,NA,NA,NA,0
443,5,97,NA,NA,NA,0
444,5,97,NA,NA,NA,0
445,5,97,NA,NA,NA,0
446,4,98,NA,NA,NA,0
447,4,98,NA,NA,NA,0
448,4,98,NA,NA,NA,0
449,4,98,NA,NA,NA,0
450,3,99,NA,NA,NA,0
451,3,99,NA,NA,NA,0
452,3,99,NA,NA,NA,0
453,5,100,NA,NA,NA,0
454,5,100,NA,NA,NA,0
455,5,100,NA,NA,NA,0
456,5,100,NA,NA,NA,0
457,5,100,NA,NA,NA,0
458,6,101,NA,NA,NA,0
459,6,101,"E",NA,NA,0
460,6,101,NA,NA,NA,0
461,6,101,"E",201,4,0
462,6,101,"E",230,4,0
463,6,101,NA,NA,NA,0
464,4,102,NA,NA,NA,0
465,4,102,NA,NA,NA,0
466,4,102,NA,NA,NA,0
467,4,102,NA,NA,NA,0
468,6,103,"H",287,1,0
469,6,103,"H",268,3,2
470,6,103,"E",216,5,1
471,6,103,NA,NA,NA,0
472,6,103,"H",297,1,0
473,6,103,"H",243,4,1
474,4,104,NA,NA,NA,0
475,4,104,"H",254,2,0
476,4,104,"C",229,3,1
477,4,104,NA,NA,NA,0
478,4,105,NA,NA,NA,0
479,4,105,NA,NA,NA,0
480,4,105,NA,NA,NA,0
481,4,105,NA,NA,NA,0
482,3,106,"E",72,1,1
483,3,106,"E",104,0,0
484,3,106,"H",100,0,0
485,6,107,"H",204,4,1
486,6,107,NA,NA,NA,0
487,6,107,NA,NA,NA,0
488,6,107,"H",232,3,0
489,6,107,"C",159,5,1
490,6,107,NA,NA,NA,0
491,6,108,"H",220,1,1
492,6,108,"H",266,0,0
493,6,108,"H",249,0,0
494,6,108,"E",171,5,2
495,6,108,"H",200,2,1
496,6,108,"H",190,3,1
497,6,109,NA,NA,NA,0
498,6,109,NA,NA,NA,0
499,6,109,NA,NA,NA,0
500,6,109,NA,NA,NA,0
501,6,109,NA,NA,NA,0
502,6,109,NA,NA,NA,0
503,4,110,NA,NA,NA,0
504,4,110,NA,NA,NA,0
505,4,110,NA,NA,NA,0
506,4,110,NA,NA,NA,0
507,4,111,NA,NA,NA,0
508,4,111,"E",106,3,1
509,4,111,NA,NA,NA,0
510,4,111,"H",128,2,0
511,5,112,NA,NA,NA,0
512,5,112,NA,NA,NA,0
513,5,112,NA,NA,NA,0
514,5,112,NA,NA,NA,0
515,5,112,NA,NA,NA,0
516,6,113,"H",291,3,0
517,6,113,"H",257,4,1
518,6,113,NA,NA,NA,0
519,6,113,NA,NA,NA,0
520,6,113,NA,NA,NA,0
521,6,113,"E",234,5,1
522,3,114,NA,NA,NA,0
523,3,114,"E",194,2,0
524,3,114,NA,NA,NA,0
525,4,115,"E",NA,NA,0
526,4,115,"H",NA,NA,0
527,4,115,"H",354,0,0
528,4,115,"E",340,3,2
529,6,116,NA,NA,NA,0
530,6,116,NA,NA,NA,0
531,6,116,NA,NA,NA,0
532,6,116,NA,NA,NA,0
533,6,116,NA,NA,NA,0
534,6,116,NA,NA,NA,0
535,5,117,NA,NA,NA,0
536,5,117,NA,NA,NA,0
537,5,117,"E",98,4,1
538,5,117,"H",135,3,0
539,5,117,NA,NA,NA,0
540,6,118,NA,NA,NA,0
541,6,118,NA,NA,NA,0
542,6,118,"E",364,4,0
543,6,118,NA,NA,NA,0
544,6,118,"E",333,4,0
545,6,118,NA,NA,NA,0
546,3,119,NA,NA,NA,0
547,3,119,NA,NA,NA,0
548,3,119,NA,NA,NA,0
549,5,120,"E",126,4,2
550,5,120,"H",156,2,2
551,5,120,"H",190,0,0
552,5,120,"H",202,0,0
553,5,120,"H",170,0,0
554,6,121,"E",251,5,0
555,6,121,"H",360,2,1
556,6,121,"H",NA,NA,0
557,6,121,NA,NA,NA,0
558,6,121,"H",349,2,0
559,6,121,"E",320,4,2
560,3,122,NA,NA,NA,0
561,3,122,NA,NA,NA,0
562,3,122,NA,NA,NA,0
563,4,123,NA,NA,NA,0
564,4,123,"E",149,3,1
565,4,123,"H",190,2,0
566,4,123,NA,NA,NA,0
567,5,124,NA,NA,NA,0
568,5,124,NA,NA,NA,0
569,5,124,NA,NA,NA,0
570,5,124,NA,NA,NA,0
571,5,124,NA,NA,NA,0
572,6,125,"H",353,4,0
573,6,125,NA,NA,NA,0
574,6,125,NA,NA,NA,0
575,6,125,"E",310,5,1
576,6,125,NA,NA,NA,0
577,6,125,NA,NA,NA,0
578,4,126,"H",284,1,0
579,4,126,"H",267,1,0
580,4,126,NA,NA,NA,0
581,4,126,"E",232,3,2
582,3,127,"E",149,2,1
583,3,127,"C",333,0,0
584,3,127,"H",198,1,0
585,6,128,"H",241,2,1
586,6,128,"H",207,2,0
587,6,128,"C",157,5,1
588,6,128,"H",200,4,2
589,6,128,NA,NA,NA,0
590,6,128,"H",296,1,0
591,6,129,NA,NA,NA,0
592,6,129,NA,NA,NA,0
593,6,129,NA,NA,NA,0
594,6,129,NA,NA,NA,0
595,6,129,"E",313,5,0
596,6,129,NA,NA,NA,0
597,3,130,"H",208,1,0
598,3,130,"E",178,2,1
599,3,130,NA,NA,NA,0
600,6,131,NA,NA,NA,0
601,6,131,NA,NA,NA,0
602,6,131,"C",125,5,1
603,6,131,"H",154,4,0
604,6,131,NA,NA,NA,0
605,6,131,NA,NA,NA,0
606,5,132,NA,NA,NA,0
607,5,132,NA,NA,NA,0
608,5,132,NA,NA,NA,0
609,5,132,"E",NA,NA,0
610,5,132,NA,NA,NA,0
611,5,133,"E",295,3,0
612,5,133,"E",97,4,0
613,5,133,NA,NA,NA,0
614,5,133,NA,NA,NA,0
615,5,133,NA,NA,NA,0
616,6,134,"C",194,5,1
617,6,134,NA,NA,NA,0
618,6,134,NA,NA,NA,0
619,6,134,"H",220,4,0
620,6,134,NA,NA,NA,0
621,6,134,NA,NA,NA,0
622,3,135,NA,NA,NA,0
623,3,135,NA,NA,NA,0
624,3,135,NA,NA,NA,0
625,5,136,"H",110,3,0
626,5,136,"E",92,4,1
627,5,136,NA,NA,NA,0
628,5,136,NA,NA,NA,0
629,5,136,NA,NA,NA,0
630,5,137,NA,NA,NA,0
631,5,137,NA,NA,NA,0
632,5,137,NA,NA,NA,0
633,5,137,NA,NA,NA,0
634,5,137,NA,NA,NA,0
635,4,138,"H",180,2,0
636,4,138,NA,NA,NA,0
637,4,138,"E",160,3,1
638,4,138,NA,NA,NA,0
639,5,139,"E",NA,NA,0
640,5,139,NA,NA,NA,0
641,5,139,NA,NA,NA,0
642,5,139,NA,NA,NA,0
643,5,139,NA,NA,NA,0
644,5,140,"H",301,2,0
645,5,140,"E",257,4,1
646,5,140,"H",NA,NA,0
647,5,140,"C",334,2,2
648,5,140,"H",NA,NA,0
649,3,141,NA,NA,NA,0
650,3,141,NA,NA,NA,0
651,3,141,NA,NA,NA,0
652,6,142,NA,NA,NA,0
653,6,142,"E",66,5,2
654,6,142,"H",120,2,0
655,6,142,"C",266,1,0
656,6,142,"H",85,3,1
657,6,142,"H",109,2,0
658,6,143,NA,NA,NA,0
659,6,143,NA,NA,NA,0
660,6,143,NA,NA,NA,0
661,6,143,NA,NA,NA,0
662,6,143,NA,NA,NA,0
663,6,143,NA,NA,NA,0
664,3,144,NA,NA,NA,0
665,3,144,NA,NA,NA,0
666,3,144,NA,NA,NA,0
667,4,145,NA,NA,NA,0
668,4,145,NA,NA,NA,0
669,4,145,NA,NA,NA,0
670,4,145,NA,NA,NA,0
671,5,146,NA,NA,NA,0
672,5,146,NA,NA,NA,0
673,5,146,"E",322,4,2
674,5,146,"H",338,2,0
675,5,146,"H",NA,NA,0
676,6,147,NA,NA,NA,0
677,6,147,"E",70,5,0
678,6,147,NA,NA,NA,0
679,6,147,NA,NA,NA,0
680,6,147,"E",304,3,0
681,6,147,"E",293,3,0
682,4,148,NA,NA,NA,0
683,4,148,"E",303,3,0
684,4,148,NA,NA,NA,0
685,4,148,NA,NA,NA,0
686,6,149,NA,NA,NA,0
687,6,149,"E",162,5,0
688,6,149,NA,NA,NA,0
689,6,149,NA,NA,NA,0
690,6,149,NA,NA,NA,0
691,6,149,NA,NA,NA,0
692,3,150,NA,NA,NA,0
693,3,150,NA,NA,NA,0
694,3,150,NA,NA,NA,0
695,5,151,NA,NA,NA,0
696,5,151,NA,NA,NA,0
697,5,151,NA,NA,NA,0
698,5,151,NA,NA,NA,0
699,5,151,NA,NA,NA,0
700,4,152,NA,NA,NA,0
701,4,152,NA,NA,NA,0
702,4,152,NA,NA,NA,0
703,4,152,NA,NA,NA,0
704,5,153,"E",61,4,1
705,5,153,NA,NA,NA,0
706,5,153,"H",83,3,0
707,5,153,NA,NA,NA,0
708,5,153,NA,NA,NA,0
709,4,154,"C",NA,NA,0
710,4,154,NA,NA,NA,0
711,4,154,"E",56,3,0
712,4,154,NA,NA,NA,0
713,4,155,"H",221,1,0
714,4,155,"E",171,3,1
715,4,155,NA,NA,NA,0
716,4,155,"H",187,2,1
717,6,156,"H",207,3,0
718,6,156,"E",166,5,2
719,6,156,"H",215,3,1
720,6,156,"H",276,1,0
721,6,156,"H",249,2,1
722,6,156,NA,NA,NA,0
723,4,157,NA,NA,NA,0
724,4,157,NA,NA,NA,0
725,4,157,NA,NA,NA,0
726,4,157,"C",215,3,0
727,4,158,NA,NA,NA,0
728,4,158,"E",143,3,0
729,4,158,NA,NA,NA,0
730,4,158,NA,NA,NA,0
731,6,159,NA,NA,NA,0
732,6,159,NA,NA,NA,0
733,6,159,NA,NA,NA,0
734,6,159,NA,NA,NA,0
735,6,159,NA,NA,NA,0
736,6,159,NA,NA,NA,0
737,6,160,NA,NA,NA,0
738,6,160,NA,NA,NA,0
739,6,160,NA,NA,NA,0
740,6,160,NA,NA,NA,0
741,6,160,NA,NA,NA,0
742,6,160,NA,NA,NA,0
743,5,161,"H",166,2,0
744,5,161,NA,NA,NA,0
745,5,161,"H",153,3,1
746,5,161,NA,NA,NA,0
747,5,161,"E",110,4,1
748,6,162,"H",106,4,0
749,6,162,NA,NA,NA,0
750,6,162,"E",86,5,1
751,6,162,NA,NA,NA,0
752,6,162,NA,NA,NA,0
753,6,162,NA,NA,NA,0
754,5,163,"H",353,1,0
755,5,163,"E",258,4,1
756,5,163,"H",311,2,1
757,5,163,NA,NA,NA,0
758,5,163,"H",290,3,1
759,5,164,"H",NA,NA,0
760,5,164,"H",NA,NA,0
761,5,164,"C",360,4,2
762,5,164,NA,NA,NA,0
763,5,164,NA,NA,NA,0
764,3,165,NA,NA,NA,0
765,3,165,"E",211,2,0
766,3,165,NA,NA,NA,0
767,3,166,NA,NA,NA,0
768,3,166,NA,NA,NA,0
769,3,166,NA,NA,NA,0
770,6,167,NA,NA,NA,0
771,6,167,NA,NA,NA,0
772,6,167,NA,NA,NA,0
773,6,167,NA,NA,NA,0
774,6,167,NA,NA,NA,0
775,6,167,NA,NA,NA,0
776,3,168,NA,NA,NA,0
777,3,168,NA,NA,NA,0
778,3,168,NA,NA,NA,0
779,4,169,NA,NA,NA,0
780,4,169,NA,NA,NA,0
781,4,169,NA,NA,NA,0
782,4,169,NA,NA,NA,0
783,3,170,"E",248,2,0
784,3,170,NA,NA,NA,0
785,3,170,NA,NA,NA,0
786,5,171,NA,NA,NA,0
787,5,171,"E",110,3,0
788,5,171,"E",127,3,0
789,5,171,NA,NA,NA,0
790,5,171,NA,NA,NA,0
791,4,172,NA,NA,NA,0
792,4,172,NA,NA,NA,0
793,4,172,"E",132,3,0
794,4,172,NA,NA,NA,0
795,4,173,NA,NA,NA,0
796,4,173,NA,NA,NA,0
797,4,173,NA,NA,NA,0
798,4,173,NA,NA,NA,0
799,3,174,NA,NA,NA,0
800,3,174,NA,NA,NA,0
801,3,174,"E",178,2,0
802,4,175,"H",212,1,1
803,4,175,"H",240,0,0
804,4,175,"E",168,3,1
805,4,175,"H",195,2,1
806,4,176,NA,NA,NA,0
807,4,176,NA,NA,NA,0
808,4,176,NA,NA,NA,0
809,4,176,NA,NA,NA,0
810,5,177,NA,NA,NA,0
811,5,177,NA,NA,NA,0
812,5,177,"E",38,4,0
813,5,177,NA,NA,NA,0
814,5,177,"E",319,3,0
815,6,178,"E",360,5,2
816,6,178,NA,NA,NA,0
817,6,178,"H",NA,NA,0
818,6,178,NA,NA,NA,0
819,6,178,NA,NA,NA,0
820,6,178,"H",NA,NA,0
821,4,179,NA,NA,NA,0
822,4,179,"E",225,3,0
823,4,179,NA,NA,NA,0
824,4,179,NA,NA,NA,0
825,6,180,NA,NA,NA,0
826,6,180,NA,NA,NA,0
827,6,180,NA,NA,NA,0
828,6,180,NA,NA,NA,0
829,6,180,NA,NA,NA,0
830,6,180,NA,NA,NA,0
831,5,181,NA,NA,NA,0
832,5,181,NA,NA,NA,0
833,5,181,NA,NA,NA,0
834,5,181,NA,NA,NA,0
835,5,181,"E",50,4,0
836,6,182,"C",NA,NA,0
837,6,182,NA,NA,NA,0
838,6,182,NA,NA,NA,0
839,6,182,NA,NA,NA,0
840,6,182,NA,NA,NA,0
841,6,182,"E",117,5,0
842,5,183,"H",79,3,0
843,5,183,NA,NA,NA,0
844,5,183,NA,NA,NA,0
845,5,183,NA,NA,NA,0
846,5,183,"E",41,4,1
847,3,184,"E",329,2,1
848,3,184,"H",360,1,0
849,3,184,NA,NA,NA,0
850,4,185,"E",85,3,1
851,4,185,"H",112,2,0
852,4,185,NA,NA,NA,0
853,4,185,"E",NA,NA,0
854,4,186,NA,NA,NA,0
855,4,186,"E",314,3,0
856,4,186,NA,NA,NA,0
857,4,186,NA,NA,NA,0
858,5,187,"H",301,2,0
859,5,187,NA,NA,NA,0
860,5,187,NA,NA,NA,0
861,5,187,"E",174,4,1
862,5,187,"H",217,3,1
863,3,188,NA,NA,NA,0
864,3,188,NA,NA,NA,0
865,3,188,NA,NA,NA,0
866,4,189,"E",205,3,0
867,4,189,NA,NA,NA,0
868,4,189,NA,NA,NA,0
869,4,189,NA,NA,NA,0
870,4,190,NA,NA,NA,0
871,4,190,NA,NA,NA,0
872,4,190,NA,NA,NA,0
873,4,190,"E",231,3,0
874,3,191,NA,NA,NA,0
875,3,191,NA,NA,NA,0
876,3,191,NA,NA,NA,0
877,4,192,NA,NA,NA,0
878,4,192,NA,NA,NA,0
879,4,192,NA,NA,NA,0
880,4,192,"E",359,3,0
881,6,193,NA,NA,NA,0
882,6,193,NA,NA,NA,0
883,6,193,"E",314,4,0
884,6,193,"E",71,5,0
885,6,193,NA,NA,NA,0
886,6,193,NA,NA,NA,0
887,3,194,NA,NA,NA,0
888,3,194,NA,NA,NA,0
889,3,194,NA,NA,NA,0
890,3,195,NA,NA,NA,0
891,3,195,NA,NA,NA,0
892,3,195,NA,NA,NA,0
893,5,196,NA,NA,NA,0
894,5,196,NA,NA,NA,0
895,5,196,NA,NA,NA,0
896,5,196,NA,NA,NA,0
897,5,196,NA,NA,NA,0
898,3,197,NA,NA,NA,0
899,3,197,NA,NA,NA,0
900,3,197,NA,NA,NA,0
901,5,198,"H",270,2,0
902,5,198,"E",150,4,0
903,5,198,NA,NA,NA,0
904,5,198,"E",210,3,1
905,5,198,NA,NA,NA,0
906,6,199,NA,NA,NA,0
907,6,199,NA,NA,NA,0
908,6,199,NA,NA,NA,0
909,6,199,NA,NA,NA,0
910,6,199,NA,NA,NA,0
911,6,199,NA,NA,NA,0
912,4,200,NA,NA,NA,0
913,4,200,NA,NA,NA,0
914,4,200,NA,NA,NA,0
915,4,200,NA,NA,NA,0
916,6,201,"E",186,4,1
917,6,201,"E",216,3,0
918,6,201,"H",331,1,0
919,6,201,NA,NA,NA,0
920,6,201,"H",257,3,1
921,6,201,"H",297,2,1
922,4,202,NA,NA,NA,0
923,4,202,NA,NA,NA,0
924,4,202,NA,NA,NA,0
925,4,202,NA,NA,NA,0
926,6,203,NA,NA,NA,0
927,6,203,"E",336,5,2
928,6,203,NA,NA,NA,0
929,6,203,"H",NA,NA,0
930,6,203,NA,NA,NA,0
931,6,203,"H",348,3,0
932,5,204,"H",225,2,0
933,5,204,"H",220,2,0
934,5,204,NA,NA,NA,0
935,5,204,NA,NA,NA,0
936,5,204,"E",195,4,2
937,3,205,NA,NA,NA,0
938,3,205,NA,NA,NA,0
939,3,205,NA,NA,NA,0
940,4,206,NA,NA,NA,0
941,4,206,NA,NA,NA,0
942,4,206,NA,NA,NA,0
943,4,206,NA,NA,NA,0
944,4,207,NA,NA,NA,0
945,4,207,"E",336,3,0
946,4,207,NA,NA,NA,0
947,4,207,NA,NA,NA,0
948,6,208,NA,NA,NA,0
949,6,208,NA,NA,NA,0
950,6,208,NA,NA,NA,0
951,6,208,NA,NA,NA,0
952,6,208,NA,NA,NA,0
953,6,208,NA,NA,NA,0
954,6,209,NA,NA,NA,0
955,6,209,"E",NA,NA,0
956,6,209,"C",296,4,0
957,6,209,NA,NA,NA,0
958,6,209,"E",132,5,0
959,6,209,NA,NA,NA,0
960,5,210,NA,NA,NA,0
961,5,210,NA,NA,NA,0
962,5,210,NA,NA,NA,0
963,5,210,NA,NA,NA,0
964,5,210,NA,NA,NA,0
965,4,211,NA,NA,NA,0
966,4,211,"H",202,2,0
967,4,211,NA,NA,NA,0
968,4,211,"E",175,3,1
969,5,212,"E",104,4,0
970,5,212,NA,NA,NA,0
971,5,212,NA,NA,NA,0
972,5,212,NA,NA,NA,0
973,5,212,NA,NA,NA,0
974,3,213,"H",141,1,0
975,3,213,NA,NA,NA,0
976,3,213,"E",118,2,1
977,6,214,"E",326,2,0
978,6,214,"H",86,4,1
979,6,214,"E",41,5,1
980,6,214,NA,NA,NA,0
981,6,214,"H",121,3,0
982,6,214,NA,NA,NA,0
983,5,215,"H",319,3,1
984,5,215,"H",358,2,1
985,5,215,NA,NA,NA,0
986,5,215,"H",NA,NA,0
987,5,215,"E",282,4,1
988,4,216,NA,NA,NA,0
989,4,216,NA,NA,NA,0
990,4,216,NA,NA,NA,0
991,4,216,NA,NA,NA,0
992,4,217,"E",307,2,0
993,4,217,"C",224,3,0
994,4,217,NA,NA,NA,0
995,4,217,NA,NA,NA,0
996,5,218,"E",295,4,2
997,5,218,"H",327,2,0
998,5,218,"H",330,2,0
999,5,218,NA,NA,NA,0
1000,5,218,NA,NA,NA,0
