"ID","SIZE","HH","TYPE","TIME","S_NUM","I_NUM"
1,6,1,"0",NA,NA,0
2,6,1,"E",NA,NA,0
3,6,1,NA,NA,NA,0
4,6,1,NA,NA,NA,0
5,6,1,"E",77,4,0
6,6,1,NA,NA,NA,0
7,3,2,NA,NA,NA,0
8,3,2,NA,NA,NA,0
9,3,2,NA,NA,NA,0
10,4,3,"E",63,3,0
11,4,3,NA,NA,NA,0
12,4,3,NA,NA,NA,0
13,4,3,NA,NA,NA,0
14,5,4,NA,NA,NA,0
15,5,4,NA,NA,NA,0
16,5,4,NA,NA,NA,0
17,5,4,NA,NA,NA,0
18,5,4,NA,NA,NA,0
19,6,5,"H",252,3,0
20,6,5,NA,NA,NA,0
21,6,5,"E",214,4,1
22,6,5,"E",192,4,0
23,6,5,NA,NA,NA,0
24,6,5,NA,NA,NA,0
25,6,6,NA,NA,NA,0
26,6,6,NA,NA,NA,0
27,6,6,"E",119,5,0
28,6,6,NA,NA,NA,0
29,6,6,NA,NA,NA,0
30,6,6,NA,NA,NA,0
31,4,7,NA,NA,NA,0
32,4,7,"H",NA,NA,0
33,4,7,NA,NA,NA,0
34,4,7,"C",356,3,1
35,3,8,NA,NA,NA,0
36,3,8,NA,NA,NA,0
37,3,8,NA,NA,NA,0
38,3,9,NA,NA,NA,0
39,3,9,NA,NA,NA,0
40,3,9,NA,NA,NA,0
41,4,10,"E",64,2,0
42,4,10,NA,NA,NA,0
43,4,10,NA,NA,NA,0
44,4,10,"E",67,2,0
45,3,11,NA,NA,NA,0
46,3,11,NA,NA,NA,0
47,3,11,NA,NA,NA,0
48,3,12,NA,NA,NA,0
49,3,12,"E",51,2,0
50,3,12,NA,NA,NA,0
51,4,13,NA,NA,NA,0
52,4,13,NA,NA,NA,0
53,4,13,NA,NA,NA,0
54,4,13,NA,NA,NA,0
55,3,14,NA,NA,NA,0
56,3,14,NA,NA,NA,0
57,3,14,NA,NA,NA,0
58,3,15,"C",162,2,0
59,3,15,"E",239,1,0
60,3,15,NA,NA,NA,0
61,3,16,NA,NA,NA,0
62,3,16,NA,NA,NA,0
63,3,16,NA,NA,NA,0
64,6,17,"H",354,4,0
65,6,17,"E",NA,NA,0
66,6,17,NA,NA,NA,0
67,6,17,NA,NA,NA,0
68,6,17,"E",320,5,1
69,6,17,NA,NA,NA,0
70,5,18,"H",296,3,1
71,5,18,"C",256,4,1
72,5,18,NA,NA,NA,0
73,5,18,NA,NA,NA,0
74,5,18,"H",337,2,0
75,4,19,"H",227,0,0
76,4,19,"H",220,1,1
77,4,19,"H",256,0,0
78,4,19,"E",195,3,2
79,4,20,"E",NA,NA,0
80,4,20,"E",156,3,0
81,4,20,NA,NA,NA,0
82,4,20,NA,NA,NA,0
83,4,21,"C",281,3,0
84,4,21,NA,NA,NA,0
85,4,21,NA,NA,NA,0
86,4,21,NA,NA,NA,0
87,5,22,NA,NA,NA,0
88,5,22,NA,NA,NA,0
89,5,22,NA,NA,NA,0
90,5,22,NA,NA,NA,0
91,5,22,NA,NA,NA,0
92,3,23,NA,NA,NA,0
93,3,23,NA,NA,NA,0
94,3,23,NA,NA,NA,0
95,3,24,NA,NA,NA,0
96,3,24,NA,NA,NA,0
97,3,24,NA,NA,NA,0
98,4,25,NA,NA,NA,0
99,4,25,"H",198,1,0
100,4,25,"H",141,2,1
101,4,25,"E",98,3,1
102,5,26,NA,NA,NA,0
103,5,26,NA,NA,NA,0
104,5,26,NA,NA,NA,0
105,5,26,NA,NA,NA,0
106,5,26,NA,NA,NA,0
107,5,27,"H",179,2,0
108,5,27,"E",302,1,0
109,5,27,NA,NA,NA,0
110,5,27,"C",80,4,0
111,5,27,"E",138,3,1
112,3,28,NA,NA,NA,0
113,3,28,NA,NA,NA,0
114,3,28,NA,NA,NA,0
115,3,29,NA,NA,NA,0
116,3,29,"E",180,2,0
117,3,29,NA,NA,NA,0
118,5,30,NA,NA,NA,0
119,5,30,NA,NA,NA,0
120,5,30,NA,NA,NA,0
121,5,30,NA,NA,NA,0
122,5,30,NA,NA,NA,0
123,3,31,NA,NA,NA,0
124,3,31,NA,NA,NA,0
125,3,31,NA,NA,NA,0
126,5,32,NA,NA,NA,0
127,5,32,"E",198,1,0
128,5,32,"H",97,3,1
129,5,32,"H",127,2,0
130,5,32,"E",58,4,1
131,6,33,"E",NA,NA,0
132,6,33,"H",145,2,0
133,6,33,"H",139,2,0
134,6,33,"E",354,0,0
135,6,33,"E",108,5,3
136,6,33,"H",124,2,0
137,6,34,NA,NA,NA,0
138,6,34,NA,NA,NA,0
139,6,34,"H",191,2,0
140,6,34,"H",180,2,0
141,6,34,"H",162,2,0
142,6,34,"C",147,5,3
143,4,35,"H",332,1,1
144,4,35,"H",321,1,0
145,4,35,"E",302,3,2
146,4,35,"H",NA,NA,0
147,5,36,"E",329,4,1
148,5,36,NA,NA,NA,0
149,5,36,"H",NA,NA,0
150,5,36,"H",351,3,1
151,5,36,NA,NA,NA,0
152,5,37,"E",82,4,2
153,5,37,"H",158,0,0
154,5,37,"H",118,2,2
155,5,37,"H",122,0,0
156,5,37,"H",170,0,0
157,4,38,"E",130,3,0
158,4,38,NA,NA,NA,0
159,4,38,NA,NA,NA,0
160,4,38,"E",253,2,0
161,4,39,NA,NA,NA,0
162,4,39,NA,NA,NA,0
163,4,39,NA,NA,NA,0
164,4,39,NA,NA,NA,0
165,4,40,NA,NA,NA,0
166,4,40,"C",157,3,0
167,4,40,NA,NA,NA,0
168,4,40,NA,NA,NA,0
169,5,41,"E",188,4,1
170,5,41,NA,NA,NA,0
171,5,41,NA,NA,NA,0
172,5,41,NA,NA,NA,0
173,5,41,"H",213,3,0
174,4,42,NA,NA,NA,0
175,4,42,NA,NA,NA,0
176,4,42,NA,NA,NA,0
177,4,42,"E",85,3,0
178,3,43,NA,NA,NA,0
179,3,43,NA,NA,NA,0
180,3,43,NA,NA,NA,0
181,4,44,NA,NA,NA,0
182,4,44,NA,NA,NA,0
183,4,44,NA,NA,NA,0
184,4,44,NA,NA,NA,0
185,5,45,NA,NA,NA,0
186,5,45,NA,NA,NA,0
187,5,45,NA,NA,NA,0
188,5,45,"E",254,4,0
189,5,45,NA,NA,NA,0
190,4,46,NA,NA,NA,0
191,4,46,NA,NA,NA,0
192,4,46,NA,NA,NA,0
193,4,46,NA,NA,NA,0
194,6,47,NA,NA,NA,0
195,6,47,NA,NA,NA,0
196,6,47,NA,NA,NA,0
197,6,47,NA,NA,NA,0
198,6,47,NA,NA,NA,0
199,6,47,"E",156,5,0
200,5,48,NA,NA,NA,0
201,5,48,NA,NA,NA,0
202,5,48,NA,NA,NA,0
203,5,48,NA,NA,NA,0
204,5,48,NA,NA,NA,0
205,4,49,NA,NA,NA,0
206,4,49,"H",96,1,0
207,4,49,"H",82,1,0
208,4,49,"E",64,3,2
209,4,50,"H",98,2,0
210,4,50,NA,NA,NA,0
211,4,50,"E",65,3,1
212,4,50,NA,NA,NA,0
213,6,51,NA,NA,NA,0
214,6,51,"E",101,5,0
215,6,51,NA,NA,NA,0
216,6,51,NA,NA,NA,0
217,6,51,NA,NA,NA,0
218,6,51,NA,NA,NA,0
219,3,52,"E",NA,NA,0
220,3,52,NA,NA,NA,0
221,3,52,NA,NA,NA,0
222,6,53,NA,NA,NA,0
223,6,53,NA,NA,NA,0
224,6,53,NA,NA,NA,0
225,6,53,NA,NA,NA,0
226,6,53,"H",237,4,0
227,6,53,"E",208,5,1
228,6,54,"H",66,2,0
229,6,54,"H",71,2,0
230,6,54,NA,NA,NA,0
231,6,54,"E",246,1,0
232,6,54,"H",52,3,1
233,6,54,"E",36,5,2
234,5,55,"H",198,2,0
235,5,55,NA,NA,NA,0
236,5,55,"E",242,1,0
237,5,55,"E",145,3,1
238,5,55,"E",59,4,0
239,6,56,NA,NA,NA,0
240,6,56,"H",316,2,0
241,6,56,"C",163,5,0
242,6,56,"H",334,2,0
243,6,56,"E",291,4,2
244,6,56,NA,NA,NA,0
245,5,57,"C",151,4,0
246,5,57,NA,NA,NA,0
247,5,57,NA,NA,NA,0
248,5,57,"E",356,3,0
249,5,57,NA,NA,NA,0
250,5,58,"H",213,0,0
251,5,58,"H",175,0,0
252,5,58,"H",161,2,2
253,5,58,"H",197,0,0
254,5,58,"E",116,4,2
255,4,59,"E",170,3,1
256,4,59,"H",200,2,1
257,4,59,"H",236,1,0
258,4,59,NA,NA,NA,0
259,3,60,NA,NA,NA,0
260,3,60,NA,NA,NA,0
261,3,60,NA,NA,NA,0
262,3,61,NA,NA,NA,0
263,3,61,"E",149,2,0
264,3,61,"E",277,1,0
265,4,62,NA,NA,NA,0
266,4,62,"E",322,2,0
267,4,62,NA,NA,NA,0
268,4,62,"C",NA,NA,0
269,3,63,NA,NA,NA,0
270,3,63,NA,NA,NA,0
271,3,63,NA,NA,NA,0
272,3,64,NA,NA,NA,0
273,3,64,NA,NA,NA,0
274,3,64,NA,NA,NA,0
275,3,65,NA,NA,NA,0
276,3,65,"E",347,2,1
277,3,65,"H",NA,NA,0
278,3,66,NA,NA,NA,0
279,3,66,"E",311,2,0
280,3,66,NA,NA,NA,0
281,6,67,NA,NA,NA,0
282,6,67,NA,NA,NA,0
283,6,67,NA,NA,NA,0
284,6,67,"H",NA,NA,0
285,6,67,NA,NA,NA,0
286,6,67,"E",353,5,1
287,3,68,"C",137,2,0
288,3,68,NA,NA,NA,0
289,3,68,NA,NA,NA,0
290,5,69,"H",82,3,1
291,5,69,NA,NA,NA,0
292,5,69,NA,NA,NA,0
293,5,69,"E",55,4,1
294,5,69,"H",101,2,0
295,5,70,NA,NA,NA,0
296,5,70,NA,NA,NA,0
297,5,70,NA,NA,NA,0
298,5,70,NA,NA,NA,0
299,5,70,NA,NA,NA,0
300,5,71,NA,NA,NA,0
301,5,71,"H",222,2,0
302,5,71,"E",129,4,1
303,5,71,"H",158,3,1
304,5,71,NA,NA,NA,0
305,5,72,NA,NA,NA,0
306,5,72,NA,NA,NA,0
307,5,72,NA,NA,NA,0
308,5,72,NA,NA,NA,0
309,5,72,NA,NA,NA,0
310,4,73,"E",278,2,0
311,4,73,NA,NA,NA,0
312,4,73,"E",36,3,0
313,4,73,NA,NA,NA,0
314,6,74,NA,NA,NA,0
315,6,74,NA,NA,NA,0
316,6,74,"E",133,5,0
317,6,74,NA,NA,NA,0
318,6,74,"E",NA,NA,0
319,6,74,NA,NA,NA,0
320,4,75,"E",246,3,0
321,4,75,NA,NA,NA,0
322,4,75,NA,NA,NA,0
323,4,75,NA,NA,NA,0
324,6,76,"H",218,2,1
325,6,76,NA,NA,NA,0
326,6,76,"H",264,1,0
327,6,76,"H",174,3,0
328,6,76,"H",185,3,1
329,6,76,"E",129,5,2
330,4,77,"E",115,3,1
331,4,77,"H",149,2,0
332,4,77,NA,NA,NA,0
333,4,77,NA,NA,NA,0
334,4,78,NA,NA,NA,0
335,4,78,NA,NA,NA,0
336,4,78,NA,NA,NA,0
337,4,78,NA,NA,NA,0
338,5,79,NA,NA,NA,0
339,5,79,"H",NA,NA,0
340,5,79,NA,NA,NA,0
341,5,79,"H",360,2,0
342,5,79,"E",344,4,2
343,3,80,"E",320,2,0
344,3,80,NA,NA,NA,0
345,3,80,NA,NA,NA,0
346,4,81,NA,NA,NA,0
347,4,81,"E",269,3,0
348,4,81,NA,NA,NA,0
349,4,81,NA,NA,NA,0
350,5,82,NA,NA,NA,0
351,5,82,NA,NA,NA,0
352,5,82,NA,NA,NA,0
353,5,82,NA,NA,NA,0
354,5,82,NA,NA,NA,0
355,5,83,NA,NA,NA,0
356,5,83,NA,NA,NA,0
357,5,83,NA,NA,NA,0
358,5,83,NA,NA,NA,0
359,5,83,NA,NA,NA,0
360,4,84,NA,NA,NA,0
361,4,84,"E",163,3,1
362,4,84,"H",197,2,0
363,4,84,"E",264,1,0
364,4,85,"H",196,2,0
365,4,85,"E",160,3,1
366,4,85,NA,NA,NA,0
367,4,85,NA,NA,NA,0
368,6,86,NA,NA,NA,0
369,6,86,NA,NA,NA,0
370,6,86,NA,NA,NA,0
371,6,86,NA,NA,NA,0
372,6,86,"E",143,5,0
373,6,86,NA,NA,NA,0
374,6,87,NA,NA,NA,0
375,6,87,NA,NA,NA,0
376,6,87,NA,NA,NA,0
377,6,87,NA,NA,NA,0
378,6,87,NA,NA,NA,0
379,6,87,"E",198,5,0
380,5,88,NA,NA,NA,0
381,5,88,NA,NA,NA,0
382,5,88,NA,NA,NA,0
383,5,88,NA,NA,NA,0
384,5,88,NA,NA,NA,0
385,5,89,"E",216,1,0
386,5,89,"H",197,1,0
387,5,89,"E",143,3,1
388,5,89,"E",144,3,0
389,5,89,NA,NA,NA,0
390,4,90,NA,NA,NA,0
391,4,90,NA,NA,NA,0
392,4,90,NA,NA,NA,0
393,4,90,"C",103,3,0
394,4,91,NA,NA,NA,0
395,4,91,NA,NA,NA,0
396,4,91,NA,NA,NA,0
397,4,91,NA,NA,NA,0
398,6,92,NA,NA,NA,0
399,6,92,NA,NA,NA,0
400,6,92,NA,NA,NA,0
401,6,92,NA,NA,NA,0
402,6,92,NA,NA,NA,0
403,6,92,NA,NA,NA,0
404,6,93,"H",159,1,0
405,6,93,"E",80,5,2
406,6,93,"H",122,2,0
407,6,93,NA,NA,NA,0
408,6,93,"H",129,2,1
409,6,93,"H",101,3,1
410,5,94,"H",279,2,0
411,5,94,NA,NA,NA,0
412,5,94,"E",229,4,2
413,5,94,NA,NA,NA,0
414,5,94,"H",246,2,0
415,4,95,NA,NA,NA,0
416,4,95,NA,NA,NA,0
417,4,95,NA,NA,NA,0
418,4,95,NA,NA,NA,0
419,4,96,NA,NA,NA,0
420,4,96,"E",159,3,1
421,4,96,NA,NA,NA,0
422,4,96,"H",185,2,0
423,3,97,NA,NA,NA,0
424,3,97,NA,NA,NA,0
425,3,97,NA,NA,NA,0
426,3,98,NA,NA,NA,0
427,3,98,NA,NA,NA,0
428,3,98,NA,NA,NA,0
429,5,99,"E",119,4,1
430,5,99,NA,NA,NA,0
431,5,99,NA,NA,NA,0
432,5,99,"H",188,3,0
433,5,99,NA,NA,NA,0
434,4,100,NA,NA,NA,0
435,4,100,NA,NA,NA,0
436,4,100,NA,NA,NA,0
437,4,100,NA,NA,NA,0
438,3,101,NA,NA,NA,0
439,3,101,NA,NA,NA,0
440,3,101,"E",338,2,0
441,6,102,NA,NA,NA,0
442,6,102,NA,NA,NA,0
443,6,102,NA,NA,NA,0
444,6,102,NA,NA,NA,0
445,6,102,NA,NA,NA,0
446,6,102,"E",41,5,0
447,3,103,NA,NA,NA,0
448,3,103,NA,NA,NA,0
449,3,103,NA,NA,NA,0
450,6,104,"H",296,3,0
451,6,104,NA,NA,NA,0
452,6,104,"H",264,4,1
453,6,104,"E",209,5,1
454,6,104,NA,NA,NA,0
455,6,104,NA,NA,NA,0
456,5,105,NA,NA,NA,0
457,5,105,NA,NA,NA,0
458,5,105,NA,NA,NA,0
459,5,105,"E",322,3,0
460,5,105,"E",284,4,0
461,3,106,NA,NA,NA,0
462,3,106,NA,NA,NA,0
463,3,106,NA,NA,NA,0
464,5,107,"E",234,4,0
465,5,107,NA,NA,NA,0
466,5,107,NA,NA,NA,0
467,5,107,NA,NA,NA,0
468,5,107,NA,NA,NA,0
469,4,108,NA,NA,NA,0
470,4,108,NA,NA,NA,0
471,4,108,NA,NA,NA,0
472,4,108,"E",168,3,0
473,4,109,"H",242,1,0
474,4,109,"H",239,1,0
475,4,109,NA,NA,NA,0
476,4,109,"E",221,3,2
477,4,110,NA,NA,NA,0
478,4,110,NA,NA,NA,0
479,4,110,NA,NA,NA,0
480,4,110,NA,NA,NA,0
481,6,111,NA,NA,NA,0
482,6,111,NA,NA,NA,0
483,6,111,NA,NA,NA,0
484,6,111,NA,NA,NA,0
485,6,111,NA,NA,NA,0
486,6,111,NA,NA,NA,0
487,3,112,NA,NA,NA,0
488,3,112,NA,NA,NA,0
489,3,112,NA,NA,NA,0
490,6,113,NA,NA,NA,0
491,6,113,NA,NA,NA,0
492,6,113,NA,NA,NA,0
493,6,113,NA,NA,NA,0
494,6,113,NA,NA,NA,0
495,6,113,NA,NA,NA,0
496,6,114,"E",288,0,0
497,6,114,"H",245,1,0
498,6,114,"H",199,2,1
499,6,114,"E",174,5,2
500,6,114,"H",185,3,1
501,6,114,"H",211,1,0
502,5,115,NA,NA,NA,0
503,5,115,NA,NA,NA,0
504,5,115,NA,NA,NA,0
505,5,115,NA,NA,NA,0
506,5,115,"E",NA,NA,0
507,4,116,"E",104,3,1
508,4,116,NA,NA,NA,0
509,4,116,"H",126,2,0
510,4,116,"E",190,1,0
511,4,117,NA,NA,NA,0
512,4,117,NA,NA,NA,0
513,4,117,NA,NA,NA,0
514,4,117,NA,NA,NA,0
515,6,118,"H",364,3,0
516,6,118,NA,NA,NA,0
517,6,118,NA,NA,NA,0
518,6,118,NA,NA,NA,0
519,6,118,"E",332,4,1
520,6,118,"E",146,5,0
521,4,119,NA,NA,NA,0
522,4,119,NA,NA,NA,0
523,4,119,NA,NA,NA,0
524,4,119,NA,NA,NA,0
525,6,120,NA,NA,NA,0
526,6,120,NA,NA,NA,0
527,6,120,"E",236,4,0
528,6,120,NA,NA,NA,0
529,6,120,NA,NA,NA,0
530,6,120,"E",118,5,0
531,4,121,NA,NA,NA,0
532,4,121,NA,NA,NA,0
533,4,121,NA,NA,NA,0
534,4,121,NA,NA,NA,0
535,3,122,NA,NA,NA,0
536,3,122,NA,NA,NA,0
537,3,122,NA,NA,NA,0
538,3,123,NA,NA,NA,0
539,3,123,NA,NA,NA,0
540,3,123,NA,NA,NA,0
541,6,124,NA,NA,NA,0
542,6,124,NA,NA,NA,0
543,6,124,NA,NA,NA,0
544,6,124,"E",221,5,0
545,6,124,NA,NA,NA,0
546,6,124,NA,NA,NA,0
547,4,125,NA,NA,NA,0
548,4,125,NA,NA,NA,0
549,4,125,NA,NA,NA,0
550,4,125,NA,NA,NA,0
551,6,126,"E",201,4,1
552,6,126,"E",222,3,1
553,6,126,NA,NA,NA,0
554,6,126,"E",293,1,0
555,6,126,"H",243,2,0
556,6,126,"H",245,2,0
557,4,127,"E",NA,NA,0
558,4,127,NA,NA,NA,0
559,4,127,NA,NA,NA,0
560,4,127,"E",47,3,0
561,6,128,NA,NA,NA,0
562,6,128,NA,NA,NA,0
563,6,128,NA,NA,NA,0
564,6,128,"E",296,5,0
565,6,128,"E",348,4,1
566,6,128,"H",NA,NA,0
567,4,129,NA,NA,NA,0
568,4,129,NA,NA,NA,0
569,4,129,"E",155,3,0
570,4,129,NA,NA,NA,0
571,5,130,NA,NA,NA,0
572,5,130,NA,NA,NA,0
573,5,130,NA,NA,NA,0
574,5,130,"E",NA,NA,0
575,5,130,NA,NA,NA,0
576,3,131,NA,NA,NA,0
577,3,131,"E",283,2,1
578,3,131,"H",319,1,0
579,6,132,NA,NA,NA,0
580,6,132,NA,NA,NA,0
581,6,132,NA,NA,NA,0
582,6,132,NA,NA,NA,0
583,6,132,NA,NA,NA,0
584,6,132,NA,NA,NA,0
585,4,133,NA,NA,NA,0
586,4,133,NA,NA,NA,0
587,4,133,NA,NA,NA,0
588,4,133,NA,NA,NA,0
589,5,134,"H",146,3,2
590,5,134,"H",233,0,0
591,5,134,"H",175,1,0
592,5,134,"E",107,4,1
593,5,134,"H",197,1,1
594,6,135,NA,NA,NA,0
595,6,135,NA,NA,NA,0
596,6,135,NA,NA,NA,0
597,6,135,NA,NA,NA,0
598,6,135,NA,NA,NA,0
599,6,135,NA,NA,NA,0
600,6,136,NA,NA,NA,0
601,6,136,"H",143,2,1
602,6,136,"H",150,1,0
603,6,136,"E",98,5,2
604,6,136,"H",130,3,1
605,6,136,"H",161,1,0
606,3,137,NA,NA,NA,0
607,3,137,"E",154,2,0
608,3,137,"C",252,1,0
609,5,138,"E",NA,NA,0
610,5,138,"E",81,4,1
611,5,138,NA,NA,NA,0
612,5,138,"H",117,3,1
613,5,138,"H",139,2,0
614,4,139,"E",272,3,2
615,4,139,"E",312,0,0
616,4,139,"H",307,0,0
617,4,139,"H",307,0,0
618,5,140,NA,NA,NA,0
619,5,140,NA,NA,NA,0
620,5,140,NA,NA,NA,0
621,5,140,NA,NA,NA,0
622,5,140,NA,NA,NA,0
623,5,141,NA,NA,NA,0
624,5,141,NA,NA,NA,0
625,5,141,NA,NA,NA,0
626,5,141,NA,NA,NA,0
627,5,141,NA,NA,NA,0
628,4,142,"E",172,3,0
629,4,142,NA,NA,NA,0
630,4,142,NA,NA,NA,0
631,4,142,NA,NA,NA,0
632,3,143,NA,NA,NA,0
633,3,143,NA,NA,NA,0
634,3,143,NA,NA,NA,0
635,5,144,NA,NA,NA,0
636,5,144,NA,NA,NA,0
637,5,144,NA,NA,NA,0
638,5,144,NA,NA,NA,0
639,5,144,NA,NA,NA,0
640,6,145,NA,NA,NA,0
641,6,145,NA,NA,NA,0
642,6,145,NA,NA,NA,0
643,6,145,NA,NA,NA,0
644,6,145,NA,NA,NA,0
645,6,145,NA,NA,NA,0
646,3,146,NA,NA,NA,0
647,3,146,NA,NA,NA,0
648,3,146,NA,NA,NA,0
649,5,147,"E",159,4,0
650,5,147,NA,NA,NA,0
651,5,147,NA,NA,NA,0
652,5,147,NA,NA,NA,0
653,5,147,NA,NA,NA,0
654,3,148,NA,NA,NA,0
655,3,148,NA,NA,NA,0
656,3,148,NA,NA,NA,0
657,4,149,NA,NA,NA,0
658,4,149,"H",299,2,0
659,4,149,NA,NA,NA,0
660,4,149,"E",279,3,1
661,5,150,"C",110,3,1
662,5,150,"H",153,2,1
663,5,150,NA,NA,NA,0
664,5,150,"E",121,2,0
665,5,150,"H",183,1,0
666,6,151,"H",115,3,1
667,6,151,"H",100,3,0
668,6,151,NA,NA,NA,0
669,6,151,"E",82,5,2
670,6,151,"H",137,2,0
671,6,151,NA,NA,NA,0
672,4,152,NA,NA,NA,0
673,4,152,NA,NA,NA,0
674,4,152,NA,NA,NA,0
675,4,152,NA,NA,NA,0
676,5,153,NA,NA,NA,0
677,5,153,NA,NA,NA,0
678,5,153,NA,NA,NA,0
679,5,153,NA,NA,NA,0
680,5,153,NA,NA,NA,0
681,3,154,NA,NA,NA,0
682,3,154,NA,NA,NA,0
683,3,154,NA,NA,NA,0
684,3,155,NA,NA,NA,0
685,3,155,NA,NA,NA,0
686,3,155,"E",329,2,0
687,6,156,"E",200,5,0
688,6,156,"H",359,2,0
689,6,156,"E",314,4,1
690,6,156,NA,NA,NA,0
691,6,156,"E",NA,NA,0
692,6,156,NA,NA,NA,0
693,3,157,NA,NA,NA,0
694,3,157,NA,NA,NA,0
695,3,157,NA,NA,NA,0
696,5,158,NA,NA,NA,0
697,5,158,NA,NA,NA,0
698,5,158,NA,NA,NA,0
699,5,158,NA,NA,NA,0
700,5,158,NA,NA,NA,0
701,3,159,NA,NA,NA,0
702,3,159,"E",52,2,0
703,3,159,NA,NA,NA,0
704,5,160,NA,NA,NA,0
705,5,160,NA,NA,NA,0
706,5,160,NA,NA,NA,0
707,5,160,NA,NA,NA,0
708,5,160,NA,NA,NA,0
709,6,161,NA,NA,NA,0
710,6,161,NA,NA,NA,0
711,6,161,NA,NA,NA,0
712,6,161,NA,NA,NA,0
713,6,161,NA,NA,NA,0
714,6,161,NA,NA,NA,0
715,6,162,NA,NA,NA,0
716,6,162,NA,NA,NA,0
717,6,162,NA,NA,NA,0
718,6,162,NA,NA,NA,0
719,6,162,NA,NA,NA,0
720,6,162,NA,NA,NA,0
721,3,163,NA,NA,NA,0
722,3,163,NA,NA,NA,0
723,3,163,NA,NA,NA,0
724,6,164,NA,NA,NA,0
725,6,164,NA,NA,NA,0
726,6,164,NA,NA,NA,0
727,6,164,"E",245,5,1
728,6,164,"H",270,4,0
729,6,164,NA,NA,NA,0
730,6,165,NA,NA,NA,0
731,6,165,NA,NA,NA,0
732,6,165,"E",331,4,0
733,6,165,NA,NA,NA,0
734,6,165,NA,NA,NA,0
735,6,165,"E",357,4,0
736,5,166,NA,NA,NA,0
737,5,166,NA,NA,NA,0
738,5,166,NA,NA,NA,0
739,5,166,NA,NA,NA,0
740,5,166,NA,NA,NA,0
741,3,167,NA,NA,NA,0
742,3,167,NA,NA,NA,0
743,3,167,NA,NA,NA,0
744,5,168,"E",191,4,0
745,5,168,NA,NA,NA,0
746,5,168,NA,NA,NA,0
747,5,168,NA,NA,NA,0
748,5,168,NA,NA,NA,0
749,6,169,"H",106,4,0
750,6,169,NA,NA,NA,0
751,6,169,"H",289,2,0
752,6,169,"E",244,3,1
753,6,169,"E",70,5,1
754,6,169,NA,NA,NA,0
755,4,170,"E",227,3,1
756,4,170,"H",328,2,0
757,4,170,NA,NA,NA,0
758,4,170,NA,NA,NA,0
759,6,171,NA,NA,NA,0
760,6,171,"E",292,5,0
761,6,171,NA,NA,NA,0
762,6,171,NA,NA,NA,0
763,6,171,NA,NA,NA,0
764,6,171,NA,NA,NA,0
765,4,172,"H",265,2,0
766,4,172,"E",242,3,1
767,4,172,"E",313,1,0
768,4,172,NA,NA,NA,0
769,6,173,NA,NA,NA,0
770,6,173,"E",NA,NA,0
771,6,173,NA,NA,NA,0
772,6,173,NA,NA,NA,0
773,6,173,NA,NA,NA,0
774,6,173,NA,NA,NA,0
775,5,174,NA,NA,NA,0
776,5,174,NA,NA,NA,0
777,5,174,NA,NA,NA,0
778,5,174,NA,NA,NA,0
779,5,174,NA,NA,NA,0
780,3,175,NA,NA,NA,0
781,3,175,"E",268,2,0
782,3,175,NA,NA,NA,0
783,6,176,NA,NA,NA,0
784,6,176,NA,NA,NA,0
785,6,176,NA,NA,NA,0
786,6,176,NA,NA,NA,0
787,6,176,NA,NA,NA,0
788,6,176,NA,NA,NA,0
789,5,177,NA,NA,NA,0
790,5,177,"C",187,4,0
791,5,177,NA,NA,NA,0
792,5,177,NA,NA,NA,0
793,5,177,NA,NA,NA,0
794,3,178,NA,NA,NA,0
795,3,178,"E",280,2,0
796,3,178,NA,NA,NA,0
797,4,179,NA,NA,NA,0
798,4,179,NA,NA,NA,0
799,4,179,NA,NA,NA,0
800,4,179,NA,NA,NA,0
801,3,180,"H",122,0,0
802,3,180,"E",72,2,1
803,3,180,"H",96,1,1
804,6,181,NA,NA,NA,0
805,6,181,NA,NA,NA,0
806,6,181,NA,NA,NA,0
807,6,181,NA,NA,NA,0
808,6,181,NA,NA,NA,0
809,6,181,NA,NA,NA,0
810,4,182,NA,NA,NA,0
811,4,182,NA,NA,NA,0
812,4,182,NA,NA,NA,0
813,4,182,NA,NA,NA,0
814,5,183,NA,NA,NA,0
815,5,183,NA,NA,NA,0
816,5,183,"H",NA,NA,0
817,5,183,"E",332,4,1
818,5,183,"C",NA,NA,0
819,6,184,NA,NA,NA,0
820,6,184,"H",117,2,0
821,6,184,"H",109,2,0
822,6,184,"E",82,5,3
823,6,184,NA,NA,NA,0
824,6,184,"H",105,2,0
825,5,185,NA,NA,NA,0
826,5,185,NA,NA,NA,0
827,5,185,NA,NA,NA,0
828,5,185,"E",206,4,0
829,5,185,NA,NA,NA,0
830,4,186,"H",171,1,0
831,4,186,"H",192,1,0
832,4,186,"E",154,3,2
833,4,186,NA,NA,NA,0
834,5,187,NA,NA,NA,0
835,5,187,NA,NA,NA,0
836,5,187,NA,NA,NA,0
837,5,187,NA,NA,NA,0
838,5,187,NA,NA,NA,0
839,4,188,NA,NA,NA,0
840,4,188,"E",NA,NA,0
841,4,188,NA,NA,NA,0
842,4,188,NA,NA,NA,0
843,4,189,NA,NA,NA,0
844,4,189,NA,NA,NA,0
845,4,189,NA,NA,NA,0
846,4,189,NA,NA,NA,0
847,5,190,NA,NA,NA,0
848,5,190,"H",256,3,1
849,5,190,NA,NA,NA,0
850,5,190,"E",215,4,1
851,5,190,"H",292,2,0
852,3,191,NA,NA,NA,0
853,3,191,"H",157,1,0
854,3,191,"E",125,2,1
855,4,192,NA,NA,NA,0
856,4,192,NA,NA,NA,0
857,4,192,NA,NA,NA,0
858,4,192,NA,NA,NA,0
859,4,193,"E",291,3,0
860,4,193,NA,NA,NA,0
861,4,193,NA,NA,NA,0
862,4,193,NA,NA,NA,0
863,5,194,"H",138,1,0
864,5,194,"H",162,1,0
865,5,194,NA,NA,NA,0
866,5,194,"E",101,4,2
867,5,194,"H",129,2,1
868,4,195,NA,NA,NA,0
869,4,195,NA,NA,NA,0
870,4,195,NA,NA,NA,0
871,4,195,NA,NA,NA,0
872,6,196,NA,NA,NA,0
873,6,196,NA,NA,NA,0
874,6,196,NA,NA,NA,0
875,6,196,NA,NA,NA,0
876,6,196,"C",189,5,0
877,6,196,NA,NA,NA,0
878,5,197,NA,NA,NA,0
879,5,197,NA,NA,NA,0
880,5,197,NA,NA,NA,0
881,5,197,NA,NA,NA,0
882,5,197,NA,NA,NA,0
883,6,198,"H",158,0,0
884,6,198,"H",152,0,0
885,6,198,"H",126,2,2
886,6,198,"E",77,5,1
887,6,198,"H",102,4,2
888,6,198,"H",162,0,0
889,4,199,NA,NA,NA,0
890,4,199,NA,NA,NA,0
891,4,199,NA,NA,NA,0
892,4,199,NA,NA,NA,0
893,3,200,NA,NA,NA,0
894,3,200,"E",326,2,0
895,3,200,NA,NA,NA,0
896,3,201,NA,NA,NA,0
897,3,201,"C",128,2,0
898,3,201,NA,NA,NA,0
899,4,202,NA,NA,NA,0
900,4,202,NA,NA,NA,0
901,4,202,NA,NA,NA,0
902,4,202,NA,NA,NA,0
903,3,203,"E",145,2,0
904,3,203,NA,NA,NA,0
905,3,203,NA,NA,NA,0
906,4,204,NA,NA,NA,0
907,4,204,NA,NA,NA,0
908,4,204,NA,NA,NA,0
909,4,204,NA,NA,NA,0
910,6,205,NA,NA,NA,0
911,6,205,NA,NA,NA,0
912,6,205,NA,NA,NA,0
913,6,205,NA,NA,NA,0
914,6,205,"E",NA,NA,0
915,6,205,NA,NA,NA,0
916,6,206,"H",57,4,1
917,6,206,"H",149,3,2
918,6,206,"H",238,0,0
919,6,206,"H",203,1,1
920,6,206,"H",166,1,0
921,6,206,"E",26,5,1
922,5,207,NA,NA,NA,0
923,5,207,NA,NA,NA,0
924,5,207,"E",70,4,0
925,5,207,NA,NA,NA,0
926,5,207,NA,NA,NA,0
927,3,208,NA,NA,NA,0
928,3,208,NA,NA,NA,0
929,3,208,"E",99,2,0
930,4,209,"E",228,0,0
931,4,209,"E",89,3,0
932,4,209,"H",164,1,0
933,4,209,"E",147,2,1
934,4,210,NA,NA,NA,0
935,4,210,NA,NA,NA,0
936,4,210,NA,NA,NA,0
937,4,210,NA,NA,NA,0
938,6,211,NA,NA,NA,0
939,6,211,"H",NA,NA,0
940,6,211,"E",319,5,1
941,6,211,"H",359,4,1
942,6,211,NA,NA,NA,0
943,6,211,NA,NA,NA,0
944,3,212,NA,NA,NA,0
945,3,212,NA,NA,NA,0
946,3,212,"E",31,2,0
947,6,213,NA,NA,NA,0
948,6,213,NA,NA,NA,0
949,6,213,NA,NA,NA,0
950,6,213,"E",NA,NA,0
951,6,213,"E",55,5,0
952,6,213,NA,NA,NA,0
953,3,214,NA,NA,NA,0
954,3,214,NA,NA,NA,0
955,3,214,NA,NA,NA,0
956,6,215,NA,NA,NA,0
957,6,215,NA,NA,NA,0
958,6,215,NA,NA,NA,0
959,6,215,NA,NA,NA,0
960,6,215,NA,NA,NA,0
961,6,215,NA,NA,NA,0
962,4,216,NA,NA,NA,0
963,4,216,NA,NA,NA,0
964,4,216,NA,NA,NA,0
965,4,216,NA,NA,NA,0
966,4,217,NA,NA,NA,0
967,4,217,NA,NA,NA,0
968,4,217,NA,NA,NA,0
969,4,217,NA,NA,NA,0
970,4,218,"E",33,3,0
971,4,218,NA,NA,NA,0
972,4,218,NA,NA,NA,0
973,4,218,NA,NA,NA,0
974,4,219,"H",76,2,0
975,4,219,"E",60,3,1
976,4,219,NA,NA,NA,0
977,4,219,NA,NA,NA,0
978,3,220,"H",204,1,0
979,3,220,"E",178,2,1
980,3,220,NA,NA,NA,0
981,5,221,"E",62,4,1
982,5,221,NA,NA,NA,0
983,5,221,NA,NA,NA,0
984,5,221,"H",97,3,0
985,5,221,NA,NA,NA,0
986,3,222,NA,NA,NA,0
987,3,222,NA,NA,NA,0
988,3,222,NA,NA,NA,0
989,6,223,NA,NA,NA,0
990,6,223,"H",257,4,0
991,6,223,NA,NA,NA,0
992,6,223,NA,NA,NA,0
993,6,223,"E",219,5,1
994,6,223,NA,NA,NA,0
995,6,224,NA,NA,NA,0
996,6,224,NA,NA,NA,0
997,6,224,NA,NA,NA,0
998,6,224,NA,NA,NA,0
999,6,224,"E",186,5,0
1000,6,224,NA,NA,NA,0
