"ID","SIZE","HH","TYPE","TIME","S_NUM","I_NUM"
1,4,1,"0",NA,NA,0
2,4,1,"C",266,2,1
3,4,1,"H",319,1,0
4,4,1,NA,NA,NA,0
5,4,2,"E",85,1,0
6,4,2,NA,NA,NA,0
7,4,2,"E",16,3,0
8,4,2,"E",65,2,0
9,5,3,NA,NA,NA,0
10,5,3,"E",351,4,0
11,5,3,NA,NA,NA,0
12,5,3,NA,NA,NA,0
13,5,3,NA,NA,NA,0
14,4,4,NA,NA,NA,0
15,4,4,NA,NA,NA,0
16,4,4,"E",41,3,1
17,4,4,"H",69,2,0
18,5,5,NA,NA,NA,0
19,5,5,NA,NA,NA,0
20,5,5,NA,NA,NA,0
21,5,5,NA,NA,NA,0
22,5,5,NA,NA,NA,0
23,3,6,NA,NA,NA,0
24,3,6,NA,NA,NA,0
25,3,6,"E",115,2,0
26,5,7,"H",272,3,0
27,5,7,NA,NA,NA,0
28,5,7,NA,NA,NA,0
29,5,7,"E",259,4,1
30,5,7,NA,NA,NA,0
31,5,8,"H",199,2,0
32,5,8,"E",70,4,1
33,5,8,NA,NA,NA,0
34,5,8,NA,NA,NA,0
35,5,8,"H",149,3,1
36,4,9,NA,NA,NA,0
37,4,9,"H",NA,NA,0
38,4,9,"E",323,3,1
39,4,9,NA,NA,NA,0
40,6,10,NA,NA,NA,0
41,6,10,NA,NA,NA,0
42,6,10,NA,NA,NA,0
43,6,10,NA,NA,NA,0
44,6,10,NA,NA,NA,0
45,6,10,NA,NA,NA,0
46,6,11,"H",172,1,0
47,6,11,"E",96,5,2
48,6,11,"H",120,3,2
49,6,11,NA,NA,NA,0
50,6,11,"H",198,1,0
51,6,11,"H",123,3,0
52,4,12,NA,NA,NA,0
53,4,12,"E",NA,NA,0
54,4,12,NA,NA,NA,0
55,4,12,NA,NA,NA,0
56,5,13,"H",NA,NA,0
57,5,13,"H",NA,NA,0
58,5,13,NA,NA,NA,0
59,5,13,"H",348,3,2
60,5,13,"E",323,4,1
61,6,14,NA,NA,NA,0
62,6,14,NA,NA,NA,0
63,6,14,NA,NA,NA,0
64,6,14,NA,NA,NA,0
65,6,14,NA,NA,NA,0
66,6,14,"E",53,5,0
67,4,15,NA,NA,NA,0
68,4,15,"E",166,3,1
69,4,15,"H",197,2,1
70,4,15,"H",223,1,0
71,4,16,NA,NA,NA,0
72,4,16,NA,NA,NA,0
73,4,16,NA,NA,NA,0
74,4,16,NA,NA,NA,0
75,4,17,NA,NA,NA,0
76,4,17,NA,NA,NA,0
77,4,17,NA,NA,NA,0
78,4,17,NA,NA,NA,0
79,4,18,NA,NA,NA,0
80,4,18,"E",118,3,1
81,4,18,"H",150,2,0
82,4,18,NA,NA,NA,0
83,5,19,"E",105,3,0
84,5,19,"H",177,1,0
85,5,19,"E",149,2,1
86,5,19,NA,NA,NA,0
87,5,19,"E",117,2,0
88,3,20,NA,NA,NA,0
89,3,20,NA,NA,NA,0
90,3,20,NA,NA,NA,0
91,5,21,"H",324,2,0
92,5,21,NA,NA,NA,0
93,5,21,NA,NA,NA,0
94,5,21,"H",271,3,1
95,5,21,"E",245,4,1
96,3,22,"H",254,1,1
97,3,22,"H",339,0,0
98,3,22,"E",228,2,1
99,4,23,NA,NA,NA,0
100,4,23,NA,NA,NA,0
101,4,23,NA,NA,NA,0
102,4,23,"E",239,3,0
103,5,24,NA,NA,NA,0
104,5,24,NA,NA,NA,0
105,5,24,NA,NA,NA,0
106,5,24,"H",198,3,0
107,5,24,"E",178,4,1
108,3,25,NA,NA,NA,0
109,3,25,"E",NA,NA,0
110,3,25,"E",32,2,0
111,6,26,NA,NA,NA,0
112,6,26,NA,NA,NA,0
113,6,26,"E",167,5,0
114,6,26,NA,NA,NA,0
115,6,26,NA,NA,NA,0
116,6,26,"E",320,4,0
117,3,27,NA,NA,NA,0
118,3,27,NA,NA,NA,0
119,3,27,NA,NA,NA,0
120,5,28,NA,NA,NA,0
121,5,28,"H",253,3,0
122,5,28,NA,NA,NA,0
123,5,28,NA,NA,NA,0
124,5,28,"E",184,4,1
125,6,29,"H",77,2,2
126,6,29,"H",117,0,0
127,6,29,"H",74,2,0
128,6,29,"H",66,2,0
129,6,29,"H",96,0,0
130,6,29,"E",49,5,3
131,4,30,NA,NA,NA,0
132,4,30,NA,NA,NA,0
133,4,30,NA,NA,NA,0
134,4,30,"E",339,3,0
135,5,31,NA,NA,NA,0
136,5,31,NA,NA,NA,0
137,5,31,"E",288,4,0
138,5,31,NA,NA,NA,0
139,5,31,NA,NA,NA,0
140,5,32,NA,NA,NA,0
141,5,32,NA,NA,NA,0
142,5,32,NA,NA,NA,0
143,5,32,NA,NA,NA,0
144,5,32,NA,NA,NA,0
145,3,33,NA,NA,NA,0
146,3,33,"E",235,2,0
147,3,33,NA,NA,NA,0
148,6,34,NA,NA,NA,0
149,6,34,NA,NA,NA,0
150,6,34,NA,NA,NA,0
151,6,34,NA,NA,NA,0
152,6,34,NA,NA,NA,0
153,6,34,NA,NA,NA,0
154,6,35,NA,NA,NA,0
155,6,35,"E",354,3,0
156,6,35,NA,NA,NA,0
157,6,35,"E",43,5,1
158,6,35,"H",83,4,0
159,6,35,NA,NA,NA,0
160,3,36,"E",108,1,0
161,3,36,NA,NA,NA,0
162,3,36,"E",113,1,0
163,6,37,NA,NA,NA,0
164,6,37,NA,NA,NA,0
165,6,37,NA,NA,NA,0
166,6,37,NA,NA,NA,0
167,6,37,NA,NA,NA,0
168,6,37,NA,NA,NA,0
169,4,38,NA,NA,NA,0
170,4,38,NA,NA,NA,0
171,4,38,NA,NA,NA,0
172,4,38,NA,NA,NA,0
173,4,39,NA,NA,NA,0
174,4,39,NA,NA,NA,0
175,4,39,NA,NA,NA,0
176,4,39,NA,NA,NA,0
177,5,40,NA,NA,NA,0
178,5,40,NA,NA,NA,0
179,5,40,"E",258,4,2
180,5,40,"H",289,2,0
181,5,40,"H",277,2,0
182,6,41,NA,NA,NA,0
183,6,41,"E",204,3,0
184,6,41,"E",127,5,1
185,6,41,NA,NA,NA,0
186,6,41,"H",145,4,0
187,6,41,NA,NA,NA,0
188,3,42,NA,NA,NA,0
189,3,42,NA,NA,NA,0
190,3,42,NA,NA,NA,0
191,5,43,"E",118,4,1
192,5,43,"H",157,1,0
193,5,43,"H",128,3,2
194,5,43,"E",236,0,0
195,5,43,"H",146,1,0
196,4,44,NA,NA,NA,0
197,4,44,NA,NA,NA,0
198,4,44,"H",248,2,0
199,4,44,"E",207,3,1
200,4,45,NA,NA,NA,0
201,4,45,"H",294,2,0
202,4,45,"E",259,3,1
203,4,45,NA,NA,NA,0
204,4,46,NA,NA,NA,0
205,4,46,NA,NA,NA,0
206,4,46,NA,NA,NA,0
207,4,46,NA,NA,NA,0
208,3,47,"E",125,2,1
209,3,47,"H",166,1,0
210,3,47,NA,NA,NA,0
211,6,48,NA,NA,NA,0
212,6,48,NA,NA,NA,0
213,6,48,NA,NA,NA,0
214,6,48,"E",NA,NA,0
215,6,48,NA,NA,NA,0
216,6,48,NA,NA,NA,0
217,5,49,NA,NA,NA,0
218,5,49,NA,NA,NA,0
219,5,49,NA,NA,NA,0
220,5,49,NA,NA,NA,0
221,5,49,NA,NA,NA,0
222,5,50,NA,NA,NA,0
223,5,50,NA,NA,NA,0
224,5,50,NA,NA,NA,0
225,5,50,NA,NA,NA,0
226,5,50,NA,NA,NA,0
227,5,51,"E",170,3,1
228,5,51,"E",149,3,0
229,5,51,NA,NA,NA,0
230,5,51,"H",203,2,0
231,5,51,NA,NA,NA,0
232,3,52,NA,NA,NA,0
233,3,52,NA,NA,NA,0
234,3,52,"E",364,2,0
235,4,53,NA,NA,NA,0
236,4,53,NA,NA,NA,0
237,4,53,NA,NA,NA,0
238,4,53,"E",163,3,0
239,6,54,NA,NA,NA,0
240,6,54,NA,NA,NA,0
241,6,54,"E",179,4,0
242,6,54,"E",152,4,0
243,6,54,NA,NA,NA,0
244,6,54,NA,NA,NA,0
245,5,55,"H",334,3,1
246,5,55,NA,NA,NA,0
247,5,55,"E",301,4,1
248,5,55,"H",NA,NA,0
249,5,55,NA,NA,NA,0
250,6,56,NA,NA,NA,0
251,6,56,NA,NA,NA,0
252,6,56,NA,NA,NA,0
253,6,56,NA,NA,NA,0
254,6,56,NA,NA,NA,0
255,6,56,NA,NA,NA,0
256,6,57,NA,NA,NA,0
257,6,57,"E",130,5,0
258,6,57,NA,NA,NA,0
259,6,57,NA,NA,NA,0
260,6,57,NA,NA,NA,0
261,6,57,NA,NA,NA,0
262,5,58,NA,NA,NA,0
263,5,58,NA,NA,NA,0
264,5,58,"E",96,4,0
265,5,58,NA,NA,NA,0
266,5,58,NA,NA,NA,0
267,5,59,"E",304,2,0
268,5,59,NA,NA,NA,0
269,5,59,"C",164,4,1
270,5,59,NA,NA,NA,0
271,5,59,"H",202,3,0
272,5,60,NA,NA,NA,0
273,5,60,"H",89,3,0
274,5,60,"E",67,4,1
275,5,60,"E",177,2,0
276,5,60,NA,NA,NA,0
277,5,61,"E",172,4,1
278,5,61,NA,NA,NA,0
279,5,61,NA,NA,NA,0
280,5,61,"H",196,3,0
281,5,61,NA,NA,NA,0
282,3,62,NA,NA,NA,0
283,3,62,NA,NA,NA,0
284,3,62,NA,NA,NA,0
285,6,63,NA,NA,NA,0
286,6,63,NA,NA,NA,0
287,6,63,NA,NA,NA,0
288,6,63,NA,NA,NA,0
289,6,63,NA,NA,NA,0
290,6,63,NA,NA,NA,0
291,4,64,NA,NA,NA,0
292,4,64,NA,NA,NA,0
293,4,64,NA,NA,NA,0
294,4,64,NA,NA,NA,0
295,4,65,"H",149,1,0
296,4,65,"E",63,3,1
297,4,65,"H",115,2,1
298,4,65,NA,NA,NA,0
299,3,66,"E",263,2,0
300,3,66,NA,NA,NA,0
301,3,66,NA,NA,NA,0
302,4,67,"H",139,1,0
303,4,67,"H",137,1,0
304,4,67,"E",107,3,2
305,4,67,NA,NA,NA,0
306,3,68,"E",202,2,1
307,3,68,NA,NA,NA,0
308,3,68,"H",235,1,0
309,3,69,NA,NA,NA,0
310,3,69,NA,NA,NA,0
311,3,69,NA,NA,NA,0
312,3,70,"E",54,2,1
313,3,70,"H",100,1,0
314,3,70,NA,NA,NA,0
315,3,71,NA,NA,NA,0
316,3,71,NA,NA,NA,0
317,3,71,NA,NA,NA,0
318,3,72,NA,NA,NA,0
319,3,72,NA,NA,NA,0
320,3,72,"C",270,2,0
321,6,73,NA,NA,NA,0
322,6,73,NA,NA,NA,0
323,6,73,NA,NA,NA,0
324,6,73,NA,NA,NA,0
325,6,73,NA,NA,NA,0
326,6,73,NA,NA,NA,0
327,5,74,NA,NA,NA,0
328,5,74,NA,NA,NA,0
329,5,74,NA,NA,NA,0
330,5,74,"E",77,4,0
331,5,74,NA,NA,NA,0
332,3,75,"E",299,1,0
333,3,75,"E",277,2,0
334,3,75,NA,NA,NA,0
335,4,76,NA,NA,NA,0
336,4,76,NA,NA,NA,0
337,4,76,NA,NA,NA,0
338,4,76,NA,NA,NA,0
339,4,77,NA,NA,NA,0
340,4,77,NA,NA,NA,0
341,4,77,NA,NA,NA,0
342,4,77,NA,NA,NA,0
343,4,78,NA,NA,NA,0
344,4,78,"E",NA,NA,0
345,4,78,NA,NA,NA,0
346,4,78,NA,NA,NA,0
347,6,79,"E",212,1,0
348,6,79,"H",111,4,1
349,6,79,"E",78,5,1
350,6,79,"H",154,2,0
351,6,79,"H",130,3,1
352,6,79,NA,NA,NA,0
353,4,80,NA,NA,NA,0
354,4,80,NA,NA,NA,0
355,4,80,NA,NA,NA,0
356,4,80,NA,NA,NA,0
357,4,81,"E",88,2,1
358,4,81,"H",119,1,0
359,4,81,NA,NA,NA,0
360,4,81,"E",72,2,0
361,5,82,NA,NA,NA,0
362,5,82,NA,NA,NA,0
363,5,82,NA,NA,NA,0
364,5,82,NA,NA,NA,0
365,5,82,NA,NA,NA,0
366,3,83,NA,NA,NA,0
367,3,83,"E",341,2,0
368,3,83,NA,NA,NA,0
369,3,84,NA,NA,NA,0
370,3,84,NA,NA,NA,0
371,3,84,NA,NA,NA,0
372,4,85,NA,NA,NA,0
373,4,85,NA,NA,NA,0
374,4,85,NA,NA,NA,0
375,4,85,NA,NA,NA,0
376,5,86,"H",174,3,2
377,5,86,"H",203,1,0
378,5,86,"H",188,1,0
379,5,86,"E",NA,NA,0
380,5,86,"E",141,4,1
381,5,87,"H",317,1,0
382,5,87,"H",326,1,0
383,5,87,NA,NA,NA,0
384,5,87,"H",296,2,1
385,5,87,"E",267,4,2
386,4,88,NA,NA,NA,0
387,4,88,NA,NA,NA,0
388,4,88,NA,NA,NA,0
389,4,88,NA,NA,NA,0
390,3,89,NA,NA,NA,0
391,3,89,"H",170,1,0
392,3,89,"E",143,2,1
393,6,90,NA,NA,NA,0
394,6,90,NA,NA,NA,0
395,6,90,NA,NA,NA,0
396,6,90,NA,NA,NA,0
397,6,90,NA,NA,NA,0
398,6,90,NA,NA,NA,0
399,6,91,"E",52,5,1
400,6,91,"H",171,2,0
401,6,91,"H",147,3,1
402,6,91,"H",86,4,1
403,6,91,NA,NA,NA,0
404,6,91,NA,NA,NA,0
405,4,92,"E",332,3,1
406,4,92,"H",362,2,0
407,4,92,NA,NA,NA,0
408,4,92,NA,NA,NA,0
409,3,93,NA,NA,NA,0
410,3,93,NA,NA,NA,0
411,3,93,NA,NA,NA,0
412,6,94,"H",187,4,1
413,6,94,"E",360,2,0
414,6,94,"H",209,3,0
415,6,94,"E",129,5,1
416,6,94,NA,NA,NA,0
417,6,94,NA,NA,NA,0
418,5,95,NA,NA,NA,0
419,5,95,NA,NA,NA,0
420,5,95,"E",335,4,0
421,5,95,"C",NA,NA,0
422,5,95,NA,NA,NA,0
423,6,96,NA,NA,NA,0
424,6,96,NA,NA,NA,0
425,6,96,NA,NA,NA,0
426,6,96,NA,NA,NA,0
427,6,96,NA,NA,NA,0
428,6,96,NA,NA,NA,0
429,6,97,NA,NA,NA,0
430,6,97,"E",157,4,0
431,6,97,NA,NA,NA,0
432,6,97,NA,NA,NA,0
433,6,97,NA,NA,NA,0
434,6,97,"E",59,5,0
435,4,98,"C",219,3,0
436,4,98,"H",348,1,0
437,4,98,"E",292,2,1
438,4,98,NA,NA,NA,0
439,3,99,NA,NA,NA,0
440,3,99,NA,NA,NA,0
441,3,99,NA,NA,NA,0
442,3,100,"E",245,2,0
443,3,100,NA,NA,NA,0
444,3,100,NA,NA,NA,0
445,4,101,NA,NA,NA,0
446,4,101,NA,NA,NA,0
447,4,101,NA,NA,NA,0
448,4,101,NA,NA,NA,0
449,4,102,"H",77,1,0
450,4,102,"E",56,3,2
451,4,102,NA,NA,NA,0
452,4,102,"H",93,1,0
453,4,103,NA,NA,NA,0
454,4,103,NA,NA,NA,0
455,4,103,NA,NA,NA,0
456,4,103,NA,NA,NA,0
457,4,104,NA,NA,NA,0
458,4,104,NA,NA,NA,0
459,4,104,NA,NA,NA,0
460,4,104,NA,NA,NA,0
461,5,105,"H",325,0,0
462,5,105,"E",280,4,3
463,5,105,"H",304,1,0
464,5,105,"H",308,1,1
465,5,105,"H",313,1,0
466,4,106,NA,NA,NA,0
467,4,106,NA,NA,NA,0
468,4,106,NA,NA,NA,0
469,4,106,NA,NA,NA,0
470,5,107,NA,NA,NA,0
471,5,107,NA,NA,NA,0
472,5,107,NA,NA,NA,0
473,5,107,"C",NA,NA,0
474,5,107,NA,NA,NA,0
475,3,108,NA,NA,NA,0
476,3,108,NA,NA,NA,0
477,3,108,NA,NA,NA,0
478,6,109,NA,NA,NA,0
479,6,109,NA,NA,NA,0
480,6,109,NA,NA,NA,0
481,6,109,NA,NA,NA,0
482,6,109,"E",25,5,0
483,6,109,NA,NA,NA,0
484,3,110,NA,NA,NA,0
485,3,110,NA,NA,NA,0
486,3,110,NA,NA,NA,0
487,6,111,NA,NA,NA,0
488,6,111,NA,NA,NA,0
489,6,111,NA,NA,NA,0
490,6,111,NA,NA,NA,0
491,6,111,NA,NA,NA,0
492,6,111,NA,NA,NA,0
493,4,112,NA,NA,NA,0
494,4,112,"E",238,3,0
495,4,112,"E",NA,NA,0
496,4,112,NA,NA,NA,0
497,3,113,NA,NA,NA,0
498,3,113,"E",284,2,0
499,3,113,NA,NA,NA,0
500,3,114,NA,NA,NA,0
501,3,114,NA,NA,NA,0
502,3,114,NA,NA,NA,0
503,6,115,NA,NA,NA,0
504,6,115,"E",113,4,0
505,6,115,NA,NA,NA,0
506,6,115,"E",NA,NA,0
507,6,115,"C",138,4,0
508,6,115,NA,NA,NA,0
509,6,116,NA,NA,NA,0
510,6,116,NA,NA,NA,0
511,6,116,"E",84,5,0
512,6,116,NA,NA,NA,0
513,6,116,NA,NA,NA,0
514,6,116,NA,NA,NA,0
515,5,117,"H",305,2,0
516,5,117,"E",150,4,0
517,5,117,"E",259,3,1
518,5,117,NA,NA,NA,0
519,5,117,NA,NA,NA,0
520,4,118,NA,NA,NA,0
521,4,118,NA,NA,NA,0
522,4,118,NA,NA,NA,0
523,4,118,NA,NA,NA,0
524,4,119,"H",110,2,1
525,4,119,"E",75,3,1
526,4,119,"H",135,1,1
527,4,119,"H",161,0,0
528,3,120,NA,NA,NA,0
529,3,120,"E",128,2,1
530,3,120,"H",160,1,0
531,5,121,NA,NA,NA,0
532,5,121,NA,NA,NA,0
533,5,121,"H",206,3,0
534,5,121,NA,NA,NA,0
535,5,121,"C",114,4,1
536,3,122,NA,NA,NA,0
537,3,122,NA,NA,NA,0
538,3,122,NA,NA,NA,0
539,4,123,NA,NA,NA,0
540,4,123,NA,NA,NA,0
541,4,123,NA,NA,NA,0
542,4,123,NA,NA,NA,0
543,6,124,NA,NA,NA,0
544,6,124,"E",NA,NA,0
545,6,124,NA,NA,NA,0
546,6,124,NA,NA,NA,0
547,6,124,NA,NA,NA,0
548,6,124,NA,NA,NA,0
549,6,125,NA,NA,NA,0
550,6,125,NA,NA,NA,0
551,6,125,NA,NA,NA,0
552,6,125,NA,NA,NA,0
553,6,125,NA,NA,NA,0
554,6,125,NA,NA,NA,0
555,5,126,NA,NA,NA,0
556,5,126,NA,NA,NA,0
557,5,126,NA,NA,NA,0
558,5,126,NA,NA,NA,0
559,5,126,NA,NA,NA,0
560,3,127,NA,NA,NA,0
561,3,127,NA,NA,NA,0
562,3,127,NA,NA,NA,0
563,3,128,NA,NA,NA,0
564,3,128,NA,NA,NA,0
565,3,128,"E",183,2,0
566,5,129,NA,NA,NA,0
567,5,129,NA,NA,NA,0
568,5,129,NA,NA,NA,0
569,5,129,NA,NA,NA,0
570,5,129,NA,NA,NA,0
571,5,130,"E",191,4,1
572,5,130,NA,NA,NA,0
573,5,130,NA,NA,NA,0
574,5,130,"H",215,3,0
575,5,130,NA,NA,NA,0
576,6,131,"E",86,5,0
577,6,131,NA,NA,NA,0
578,6,131,NA,NA,NA,0
579,6,131,NA,NA,NA,0
580,6,131,NA,NA,NA,0
581,6,131,NA,NA,NA,0
582,5,132,NA,NA,NA,0
583,5,132,"E",288,4,1
584,5,132,"H",315,3,0
585,5,132,NA,NA,NA,0
586,5,132,NA,NA,NA,0
587,6,133,"C",166,5,1
588,6,133,NA,NA,NA,0
589,6,133,"H",212,3,0
590,6,133,NA,NA,NA,0
591,6,133,"E",206,3,0
592,6,133,NA,NA,NA,0
593,4,134,NA,NA,NA,0
594,4,134,"H",135,1,0
595,4,134,"H",78,2,1
596,4,134,"E",50,3,1
597,3,135,NA,NA,NA,0
598,3,135,"E",251,2,0
599,3,135,NA,NA,NA,0
600,6,136,NA,NA,NA,0
601,6,136,NA,NA,NA,0
602,6,136,NA,NA,NA,0
603,6,136,NA,NA,NA,0
604,6,136,NA,NA,NA,0
605,6,136,NA,NA,NA,0
606,6,137,NA,NA,NA,0
607,6,137,NA,NA,NA,0
608,6,137,"E",189,5,0
609,6,137,NA,NA,NA,0
610,6,137,NA,NA,NA,0
611,6,137,NA,NA,NA,0
612,4,138,NA,NA,NA,0
613,4,138,NA,NA,NA,0
614,4,138,NA,NA,NA,0
615,4,138,"E",173,3,0
616,3,139,"E",85,2,0
617,3,139,"E",311,1,0
618,3,139,NA,NA,NA,0
619,3,140,NA,NA,NA,0
620,3,140,NA,NA,NA,0
621,3,140,NA,NA,NA,0
622,6,141,NA,NA,NA,0
623,6,141,"H",96,3,0
624,6,141,"E",29,5,2
625,6,141,"H",46,3,0
626,6,141,NA,NA,NA,0
627,6,141,"E",NA,NA,0
628,5,142,NA,NA,NA,0
629,5,142,NA,NA,NA,0
630,5,142,NA,NA,NA,0
631,5,142,NA,NA,NA,0
632,5,142,NA,NA,NA,0
633,5,143,"E",309,4,1
634,5,143,"E",362,1,0
635,5,143,"H",NA,NA,0
636,5,143,"H",349,2,1
637,5,143,NA,NA,NA,0
638,4,144,NA,NA,NA,0
639,4,144,"E",NA,NA,0
640,4,144,NA,NA,NA,0
641,4,144,NA,NA,NA,0
642,4,145,NA,NA,NA,0
643,4,145,NA,NA,NA,0
644,4,145,NA,NA,NA,0
645,4,145,NA,NA,NA,0
646,6,146,NA,NA,NA,0
647,6,146,NA,NA,NA,0
648,6,146,NA,NA,NA,0
649,6,146,NA,NA,NA,0
650,6,146,"E",311,4,0
651,6,146,"E",54,5,0
652,4,147,NA,NA,NA,0
653,4,147,NA,NA,NA,0
654,4,147,NA,NA,NA,0
655,4,147,NA,NA,NA,0
656,5,148,"E",146,4,0
657,5,148,NA,NA,NA,0
658,5,148,NA,NA,NA,0
659,5,148,NA,NA,NA,0
660,5,148,NA,NA,NA,0
661,4,149,"E",142,3,1
662,4,149,"H",186,2,1
663,4,149,"E",356,0,0
664,4,149,"H",277,1,0
665,6,150,"E",128,5,1
666,6,150,"H",192,4,2
667,6,150,"H",222,2,1
668,6,150,"H",219,2,0
669,6,150,"H",285,0,0
670,6,150,"H",257,1,1
671,3,151,NA,NA,NA,0
672,3,151,NA,NA,NA,0
673,3,151,NA,NA,NA,0
674,3,152,"E",NA,NA,0
675,3,152,NA,NA,NA,0
676,3,152,NA,NA,NA,0
677,5,153,NA,NA,NA,0
678,5,153,NA,NA,NA,0
679,5,153,NA,NA,NA,0
680,5,153,NA,NA,NA,0
681,5,153,NA,NA,NA,0
682,3,154,NA,NA,NA,0
683,3,154,NA,NA,NA,0
684,3,154,NA,NA,NA,0
685,5,155,"H",80,2,0
686,5,155,"H",97,2,1
687,5,155,"E",43,4,2
688,5,155,NA,NA,NA,0
689,5,155,"H",122,1,0
690,3,156,NA,NA,NA,0
691,3,156,NA,NA,NA,0
692,3,156,NA,NA,NA,0
693,6,157,"E",296,1,0
694,6,157,"H",286,1,0
695,6,157,NA,NA,NA,0
696,6,157,"H",287,1,0
697,6,157,"C",213,5,1
698,6,157,"H",261,4,2
699,6,158,NA,NA,NA,0
700,6,158,NA,NA,NA,0
701,6,158,"H",313,4,1
702,6,158,NA,NA,NA,0
703,6,158,"E",288,5,1
704,6,158,"H",339,3,0
705,3,159,"E",305,2,1
706,3,159,"H",354,0,0
707,3,159,"H",334,1,1
708,6,160,NA,NA,NA,0
709,6,160,NA,NA,NA,0
710,6,160,NA,NA,NA,0
711,6,160,NA,NA,NA,0
712,6,160,NA,NA,NA,0
713,6,160,NA,NA,NA,0
714,6,161,"H",227,0,0
715,6,161,"H",209,1,1
716,6,161,"E",55,5,0
717,6,161,"H",240,0,0
718,6,161,"H",236,0,0
719,6,161,"E",182,4,3
720,3,162,NA,NA,NA,0
721,3,162,NA,NA,NA,0
722,3,162,NA,NA,NA,0
723,6,163,NA,NA,NA,0
724,6,163,NA,NA,NA,0
725,6,163,NA,NA,NA,0
726,6,163,NA,NA,NA,0
727,6,163,NA,NA,NA,0
728,6,163,NA,NA,NA,0
729,5,164,NA,NA,NA,0
730,5,164,NA,NA,NA,0
731,5,164,"E",145,4,0
732,5,164,NA,NA,NA,0
733,5,164,NA,NA,NA,0
734,6,165,NA,NA,NA,0
735,6,165,NA,NA,NA,0
736,6,165,"C",168,5,0
737,6,165,NA,NA,NA,0
738,6,165,NA,NA,NA,0
739,6,165,NA,NA,NA,0
740,5,166,"H",136,3,0
741,5,166,NA,NA,NA,0
742,5,166,NA,NA,NA,0
743,5,166,NA,NA,NA,0
744,5,166,"E",109,4,1
745,4,167,NA,NA,NA,0
746,4,167,"E",79,3,0
747,4,167,NA,NA,NA,0
748,4,167,NA,NA,NA,0
749,3,168,NA,NA,NA,0
750,3,168,NA,NA,NA,0
751,3,168,NA,NA,NA,0
752,3,169,NA,NA,NA,0
753,3,169,NA,NA,NA,0
754,3,169,NA,NA,NA,0
755,5,170,NA,NA,NA,0
756,5,170,"H",NA,NA,0
757,5,170,"C",189,4,0
758,5,170,"E",347,3,1
759,5,170,NA,NA,NA,0
760,5,171,NA,NA,NA,0
761,5,171,NA,NA,NA,0
762,5,171,NA,NA,NA,0
763,5,171,"E",123,4,0
764,5,171,NA,NA,NA,0
765,6,172,NA,NA,NA,0
766,6,172,"E",52,5,0
767,6,172,NA,NA,NA,0
768,6,172,NA,NA,NA,0
769,6,172,NA,NA,NA,0
770,6,172,NA,NA,NA,0
771,6,173,NA,NA,NA,0
772,6,173,NA,NA,NA,0
773,6,173,NA,NA,NA,0
774,6,173,NA,NA,NA,0
775,6,173,NA,NA,NA,0
776,6,173,NA,NA,NA,0
777,5,174,NA,NA,NA,0
778,5,174,NA,NA,NA,0
779,5,174,NA,NA,NA,0
780,5,174,NA,NA,NA,0
781,5,174,NA,NA,NA,0
782,5,175,NA,NA,NA,0
783,5,175,"C",192,4,2
784,5,175,"H",212,2,0
785,5,175,"H",209,2,0
786,5,175,NA,NA,NA,0
787,5,176,"E",78,4,1
788,5,176,NA,NA,NA,0
789,5,176,"C",313,2,0
790,5,176,NA,NA,NA,0
791,5,176,"H",101,3,0
792,6,177,"E",173,5,0
793,6,177,NA,NA,NA,0
794,6,177,NA,NA,NA,0
795,6,177,NA,NA,NA,0
796,6,177,NA,NA,NA,0
797,6,177,NA,NA,NA,0
798,5,178,NA,NA,NA,0
799,5,178,NA,NA,NA,0
800,5,178,NA,NA,NA,0
801,5,178,NA,NA,NA,0
802,5,178,NA,NA,NA,0
803,6,179,NA,NA,NA,0
804,6,179,NA,NA,NA,0
805,6,179,NA,NA,NA,0
806,6,179,NA,NA,NA,0
807,6,179,NA,NA,NA,0
808,6,179,NA,NA,NA,0
809,4,180,NA,NA,NA,0
810,4,180,"E",300,3,0
811,4,180,NA,NA,NA,0
812,4,180,NA,NA,NA,0
813,6,181,"E",348,5,0
814,6,181,NA,NA,NA,0
815,6,181,NA,NA,NA,0
816,6,181,NA,NA,NA,0
817,6,181,NA,NA,NA,0
818,6,181,"E",NA,NA,0
819,4,182,NA,NA,NA,0
820,4,182,NA,NA,NA,0
821,4,182,"H",179,2,0
822,4,182,"E",135,3,1
823,6,183,"H",129,3,0
824,6,183,"E",82,5,2
825,6,183,"E",265,2,0
826,6,183,"H",133,3,0
827,6,183,NA,NA,NA,0
828,6,183,NA,NA,NA,0
829,4,184,NA,NA,NA,0
830,4,184,NA,NA,NA,0
831,4,184,NA,NA,NA,0
832,4,184,NA,NA,NA,0
833,3,185,NA,NA,NA,0
834,3,185,NA,NA,NA,0
835,3,185,NA,NA,NA,0
836,6,186,"E",334,5,1
837,6,186,NA,NA,NA,0
838,6,186,NA,NA,NA,0
839,6,186,"H",NA,NA,0
840,6,186,NA,NA,NA,0
841,6,186,NA,NA,NA,0
842,5,187,NA,NA,NA,0
843,5,187,NA,NA,NA,0
844,5,187,NA,NA,NA,0
845,5,187,NA,NA,NA,0
846,5,187,NA,NA,NA,0
847,6,188,NA,NA,NA,0
848,6,188,"H",139,4,0
849,6,188,NA,NA,NA,0
850,6,188,"E",114,5,1
851,6,188,NA,NA,NA,0
852,6,188,NA,NA,NA,0
853,3,189,"H",325,0,0
854,3,189,"E",276,2,2
855,3,189,"H",311,0,0
856,4,190,"E",58,3,0
857,4,190,"E",176,2,0
858,4,190,"E",326,1,0
859,4,190,NA,NA,NA,0
860,3,191,NA,NA,NA,0
861,3,191,NA,NA,NA,0
862,3,191,NA,NA,NA,0
863,4,192,NA,NA,NA,0
864,4,192,NA,NA,NA,0
865,4,192,NA,NA,NA,0
866,4,192,NA,NA,NA,0
867,6,193,NA,NA,NA,0
868,6,193,NA,NA,NA,0
869,6,193,NA,NA,NA,0
870,6,193,NA,NA,NA,0
871,6,193,"C",234,5,0
872,6,193,NA,NA,NA,0
873,6,194,NA,NA,NA,0
874,6,194,NA,NA,NA,0
875,6,194,NA,NA,NA,0
876,6,194,NA,NA,NA,0
877,6,194,NA,NA,NA,0
878,6,194,NA,NA,NA,0
879,5,195,"H",236,3,1
880,5,195,"E",210,4,1
881,5,195,NA,NA,NA,0
882,5,195,"H",321,1,0
883,5,195,"H",267,2,1
884,4,196,NA,NA,NA,0
885,4,196,NA,NA,NA,0
886,4,196,"E",110,3,0
887,4,196,NA,NA,NA,0
888,6,197,NA,NA,NA,0
889,6,197,NA,NA,NA,0
890,6,197,NA,NA,NA,0
891,6,197,NA,NA,NA,0
892,6,197,NA,NA,NA,0
893,6,197,NA,NA,NA,0
894,4,198,NA,NA,NA,0
895,4,198,NA,NA,NA,0
896,4,198,NA,NA,NA,0
897,4,198,NA,NA,NA,0
898,6,199,"E",109,5,1
899,6,199,NA,NA,NA,0
900,6,199,NA,NA,NA,0
901,6,199,"H",168,3,0
902,6,199,"H",146,4,1
903,6,199,NA,NA,NA,0
904,4,200,NA,NA,NA,0
905,4,200,"E",228,3,0
906,4,200,NA,NA,NA,0
907,4,200,NA,NA,NA,0
908,6,201,NA,NA,NA,0
909,6,201,NA,NA,NA,0
910,6,201,NA,NA,NA,0
911,6,201,NA,NA,NA,0
912,6,201,NA,NA,NA,0
913,6,201,NA,NA,NA,0
914,6,202,NA,NA,NA,0
915,6,202,NA,NA,NA,0
916,6,202,"E",334,5,0
917,6,202,NA,NA,NA,0
918,6,202,NA,NA,NA,0
919,6,202,NA,NA,NA,0
920,5,203,NA,NA,NA,0
921,5,203,NA,NA,NA,0
922,5,203,NA,NA,NA,0
923,5,203,NA,NA,NA,0
924,5,203,NA,NA,NA,0
925,3,204,NA,NA,NA,0
926,3,204,NA,NA,NA,0
927,3,204,NA,NA,NA,0
928,4,205,NA,NA,NA,0
929,4,205,"E",284,3,1
930,4,205,"H",311,2,0
931,4,205,NA,NA,NA,0
932,6,206,NA,NA,NA,0
933,6,206,"E",NA,NA,0
934,6,206,NA,NA,NA,0
935,6,206,"E",286,5,0
936,6,206,NA,NA,NA,0
937,6,206,NA,NA,NA,0
938,3,207,NA,NA,NA,0
939,3,207,NA,NA,NA,0
940,3,207,NA,NA,NA,0
941,4,208,"H",308,2,1
942,4,208,NA,NA,NA,0
943,4,208,"H",325,1,0
944,4,208,"E",277,3,1
945,3,209,NA,NA,NA,0
946,3,209,NA,NA,NA,0
947,3,209,NA,NA,NA,0
948,6,210,NA,NA,NA,0
949,6,210,"E",164,1,0
950,6,210,"H",107,1,0
951,6,210,"E",65,4,2
952,6,210,"H",89,2,0
953,6,210,"E",60,4,0
954,5,211,NA,NA,NA,0
955,5,211,"E",213,3,0
956,5,211,NA,NA,NA,0
957,5,211,"E",248,3,0
958,5,211,NA,NA,NA,0
959,5,212,NA,NA,NA,0
960,5,212,"H",118,3,0
961,5,212,NA,NA,NA,0
962,5,212,"C",92,4,1
963,5,212,NA,NA,NA,0
964,5,213,"H",64,1,0
965,5,213,"E",22,4,3
966,5,213,"H",48,1,0
967,5,213,"E",167,0,0
968,5,213,"H",39,1,0
969,6,214,NA,NA,NA,0
970,6,214,NA,NA,NA,0
971,6,214,"H",254,3,0
972,6,214,NA,NA,NA,0
973,6,214,"E",212,4,1
974,6,214,"E",179,5,0
975,5,215,NA,NA,NA,0
976,5,215,"E",364,3,0
977,5,215,NA,NA,NA,0
978,5,215,"E",258,4,0
979,5,215,NA,NA,NA,0
980,4,216,"E",151,3,1
981,4,216,"H",184,2,1
982,4,216,"H",223,1,0
983,4,216,NA,NA,NA,0
984,3,217,"E",264,2,0
985,3,217,"E",NA,NA,0
986,3,217,NA,NA,NA,0
987,6,218,NA,NA,NA,0
988,6,218,NA,NA,NA,0
989,6,218,NA,NA,NA,0
990,6,218,NA,NA,NA,0
991,6,218,NA,NA,NA,0
992,6,218,NA,NA,NA,0
993,3,219,NA,NA,NA,0
994,3,219,NA,NA,NA,0
995,3,219,NA,NA,NA,0
996,5,220,"H",263,2,1
997,5,220,"E",246,4,2
998,5,220,"H",312,0,0
999,5,220,"H",298,0,0
1000,5,220,"H",287,1,1
