"ID","SIZE","HH","TYPE","TIME","S_NUM","I_NUM"
1,5,1,"0",NA,NA,0
2,5,1,NA,NA,NA,0
3,5,1,"H",238,2,0
4,5,1,"E",196,3,1
5,5,1,NA,NA,NA,0
6,5,2,NA,NA,NA,0
7,5,2,NA,NA,NA,0
8,5,2,NA,NA,NA,0
9,5,2,NA,NA,NA,0
10,5,2,NA,NA,NA,0
11,3,3,NA,NA,NA,0
12,3,3,NA,NA,NA,0
13,3,3,NA,NA,NA,0
14,5,4,"H",82,3,0
15,5,4,NA,NA,NA,0
16,5,4,"E",49,4,1
17,5,4,"E",213,2,0
18,5,4,NA,NA,NA,0
19,4,5,NA,NA,NA,0
20,4,5,NA,NA,NA,0
21,4,5,NA,NA,NA,0
22,4,5,"E",NA,NA,0
23,6,6,"H",176,4,2
24,6,6,"E",158,5,1
25,6,6,"H",224,2,0
26,6,6,NA,NA,NA,0
27,6,6,"H",204,2,0
28,6,6,"E",NA,NA,0
29,4,7,NA,NA,NA,0
30,4,7,NA,NA,NA,0
31,4,7,"C",362,3,0
32,4,7,NA,NA,NA,0
33,3,8,"E",97,2,1
34,3,8,"H",126,1,0
35,3,8,NA,NA,NA,0
36,4,9,NA,NA,NA,0
37,4,9,NA,NA,NA,0
38,4,9,NA,NA,NA,0
39,4,9,NA,NA,NA,0
40,3,10,NA,NA,NA,0
41,3,10,NA,NA,NA,0
42,3,10,NA,NA,NA,0
43,5,11,NA,NA,NA,0
44,5,11,NA,NA,NA,0
45,5,11,NA,NA,NA,0
46,5,11,NA,NA,NA,0
47,5,11,NA,NA,NA,0
48,6,12,NA,NA,NA,0
49,6,12,"E",100,5,1
50,6,12,NA,NA,NA,0
51,6,12,"H",124,4,0
52,6,12,NA,NA,NA,0
53,6,12,NA,NA,NA,0
54,4,13,NA,NA,NA,0
55,4,13,NA,NA,NA,0
56,4,13,NA,NA,NA,0
57,4,13,NA,NA,NA,0
58,6,14,"H",156,1,0
59,6,14,"H",89,3,0
60,6,14,"H",132,2,1
61,6,14,NA,NA,NA,0
62,6,14,"E",57,5,2
63,6,14,"H",101,3,1
64,3,15,NA,NA,NA,0
65,3,15,NA,NA,NA,0
66,3,15,NA,NA,NA,0
67,5,16,NA,NA,NA,0
68,5,16,NA,NA,NA,0
69,5,16,NA,NA,NA,0
70,5,16,NA,NA,NA,0
71,5,16,NA,NA,NA,0
72,5,17,"E",NA,NA,0
73,5,17,NA,NA,NA,0
74,5,17,"E",232,3,0
75,5,17,"E",184,4,0
76,5,17,NA,NA,NA,0
77,6,18,NA,NA,NA,0
78,6,18,NA,NA,NA,0
79,6,18,NA,NA,NA,0
80,6,18,NA,NA,NA,0
81,6,18,NA,NA,NA,0
82,6,18,"E",284,5,0
83,6,19,NA,NA,NA,0
84,6,19,NA,NA,NA,0
85,6,19,NA,NA,NA,0
86,6,19,NA,NA,NA,0
87,6,19,NA,NA,NA,0
88,6,19,NA,NA,NA,0
89,5,20,"E",241,4,1
90,5,20,"H",330,1,0
91,5,20,"H",271,3,2
92,5,20,"H",299,1,0
93,5,20,NA,NA,NA,0
94,6,21,"E",141,5,0
95,6,21,NA,NA,NA,0
96,6,21,NA,NA,NA,0
97,6,21,NA,NA,NA,0
98,6,21,NA,NA,NA,0
99,6,21,NA,NA,NA,0
100,5,22,NA,NA,NA,0
101,5,22,NA,NA,NA,0
102,5,22,NA,NA,NA,0
103,5,22,NA,NA,NA,0
104,5,22,NA,NA,NA,0
105,6,23,"E",337,3,1
106,6,23,"H",308,4,0
107,6,23,NA,NA,NA,0
108,6,23,NA,NA,NA,0
109,6,23,"E",279,5,1
110,6,23,"H",NA,NA,0
111,4,24,NA,NA,NA,0
112,4,24,NA,NA,NA,0
113,4,24,NA,NA,NA,0
114,4,24,NA,NA,NA,0
115,5,25,"E",215,3,0
116,5,25,"E",236,3,1
117,5,25,NA,NA,NA,0
118,5,25,"H",268,2,0
119,5,25,NA,NA,NA,0
120,5,26,NA,NA,NA,0
121,5,26,NA,NA,NA,0
122,5,26,NA,NA,NA,0
123,5,26,NA,NA,NA,0
124,5,26,NA,NA,NA,0
125,6,27,NA,NA,NA,0
126,6,27,NA,NA,NA,0
127,6,27,"E",302,5,0
128,6,27,NA,NA,NA,0
129,6,27,NA,NA,NA,0
130,6,27,NA,NA,NA,0
131,4,28,NA,NA,NA,0
132,4,28,NA,NA,NA,0
133,4,28,NA,NA,NA,0
134,4,28,NA,NA,NA,0
135,3,29,"E",53,2,0
136,3,29,NA,NA,NA,0
137,3,29,NA,NA,NA,0
138,3,30,"H",200,1,0
139,3,30,"C",159,2,1
140,3,30,NA,NA,NA,0
141,4,31,"H",269,2,1
142,4,31,"H",336,0,0
143,4,31,"C",225,3,1
144,4,31,"H",307,1,1
145,6,32,"H",280,3,1
146,6,32,NA,NA,NA,0
147,6,32,"H",243,3,0
148,6,32,NA,NA,NA,0
149,6,32,"H",NA,NA,0
150,6,32,"E",213,5,2
151,4,33,NA,NA,NA,0
152,4,33,NA,NA,NA,0
153,4,33,"E",113,3,0
154,4,33,NA,NA,NA,0
155,3,34,NA,NA,NA,0
156,3,34,NA,NA,NA,0
157,3,34,NA,NA,NA,0
158,5,35,"H",119,3,0
159,5,35,"E",93,4,1
160,5,35,NA,NA,NA,0
161,5,35,NA,NA,NA,0
162,5,35,NA,NA,NA,0
163,4,36,NA,NA,NA,0
164,4,36,NA,NA,NA,0
165,4,36,NA,NA,NA,0
166,4,36,NA,NA,NA,0
167,6,37,NA,NA,NA,0
168,6,37,NA,NA,NA,0
169,6,37,"E",NA,NA,0
170,6,37,NA,NA,NA,0
171,6,37,NA,NA,NA,0
172,6,37,"C",365,4,0
173,3,38,NA,NA,NA,0
174,3,38,NA,NA,NA,0
175,3,38,"E",309,2,0
176,4,39,"H",250,1,1
177,4,39,"E",232,3,2
178,4,39,"H",304,0,0
179,4,39,"H",273,0,0
180,3,40,NA,NA,NA,0
181,3,40,NA,NA,NA,0
182,3,40,NA,NA,NA,0
183,4,41,NA,NA,NA,0
184,4,41,NA,NA,NA,0
185,4,41,NA,NA,NA,0
186,4,41,NA,NA,NA,0
187,3,42,NA,NA,NA,0
188,3,42,NA,NA,NA,0
189,3,42,NA,NA,NA,0
190,5,43,"E",NA,NA,0
191,5,43,"C",299,2,0
192,5,43,NA,NA,NA,0
193,5,43,"E",305,2,0
194,5,43,"C",188,4,0
195,4,44,NA,NA,NA,0
196,4,44,NA,NA,NA,0
197,4,44,NA,NA,NA,0
198,4,44,NA,NA,NA,0
199,5,45,NA,NA,NA,0
200,5,45,NA,NA,NA,0
201,5,45,NA,NA,NA,0
202,5,45,NA,NA,NA,0
203,5,45,NA,NA,NA,0
204,4,46,NA,NA,NA,0
205,4,46,NA,NA,NA,0
206,4,46,NA,NA,NA,0
207,4,46,"E",106,3,0
208,3,47,NA,NA,NA,0
209,3,47,NA,NA,NA,0
210,3,47,NA,NA,NA,0
211,4,48,NA,NA,NA,0
212,4,48,NA,NA,NA,0
213,4,48,"E",NA,NA,0
214,4,48,NA,NA,NA,0
215,6,49,NA,NA,NA,0
216,6,49,NA,NA,NA,0
217,6,49,NA,NA,NA,0
218,6,49,"E",221,4,0
219,6,49,"E",177,5,0
220,6,49,NA,NA,NA,0
221,5,50,NA,NA,NA,0
222,5,50,NA,NA,NA,0
223,5,50,NA,NA,NA,0
224,5,50,NA,NA,NA,0
225,5,50,NA,NA,NA,0
226,6,51,"H",216,3,1
227,6,51,NA,NA,NA,0
228,6,51,"H",197,4,1
229,6,51,"H",270,1,0
230,6,51,"E",152,5,1
231,6,51,"H",246,2,1
232,6,52,NA,NA,NA,0
233,6,52,NA,NA,NA,0
234,6,52,NA,NA,NA,0
235,6,52,NA,NA,NA,0
236,6,52,"E",259,5,0
237,6,52,NA,NA,NA,0
238,3,53,NA,NA,NA,0
239,3,53,NA,NA,NA,0
240,3,53,"C",124,2,0
241,3,54,"E",328,2,0
242,3,54,NA,NA,NA,0
243,3,54,NA,NA,NA,0
244,6,55,"H",274,1,0
245,6,55,NA,NA,NA,0
246,6,55,"E",242,5,2
247,6,55,"H",255,3,2
248,6,55,"H",270,1,0
249,6,55,"H",280,1,0
250,4,56,NA,NA,NA,0
251,4,56,NA,NA,NA,0
252,4,56,NA,NA,NA,0
253,4,56,NA,NA,NA,0
254,3,57,NA,NA,NA,0
255,3,57,"E",240,2,0
256,3,57,NA,NA,NA,0
257,5,58,NA,NA,NA,0
258,5,58,"E",185,4,1
259,5,58,"E",231,2,0
260,5,58,"H",213,2,0
261,5,58,NA,NA,NA,0
262,3,59,"E",108,2,1
263,3,59,"H",173,0,0
264,3,59,"H",152,1,1
265,3,60,NA,NA,NA,0
266,3,60,NA,NA,NA,0
267,3,60,NA,NA,NA,0
268,4,61,"H",191,2,0
269,4,61,NA,NA,NA,0
270,4,61,NA,NA,NA,0
271,4,61,"E",152,3,1
272,4,62,NA,NA,NA,0
273,4,62,NA,NA,NA,0
274,4,62,NA,NA,NA,0
275,4,62,NA,NA,NA,0
276,3,63,NA,NA,NA,0
277,3,63,NA,NA,NA,0
278,3,63,NA,NA,NA,0
279,6,64,NA,NA,NA,0
280,6,64,NA,NA,NA,0
281,6,64,NA,NA,NA,0
282,6,64,NA,NA,NA,0
283,6,64,NA,NA,NA,0
284,6,64,NA,NA,NA,0
285,5,65,NA,NA,NA,0
286,5,65,NA,NA,NA,0
287,5,65,"E",NA,NA,0
288,5,65,NA,NA,NA,0
289,5,65,NA,NA,NA,0
290,4,66,NA,NA,NA,0
291,4,66,"H",169,2,0
292,4,66,NA,NA,NA,0
293,4,66,"E",143,3,1
294,4,67,NA,NA,NA,0
295,4,67,NA,NA,NA,0
296,4,67,"E",77,3,1
297,4,67,"H",99,2,0
298,6,68,NA,NA,NA,0
299,6,68,NA,NA,NA,0
300,6,68,NA,NA,NA,0
301,6,68,NA,NA,NA,0
302,6,68,NA,NA,NA,0
303,6,68,NA,NA,NA,0
304,3,69,"E",226,1,0
305,3,69,"E",42,2,0
306,3,69,NA,NA,NA,0
307,5,70,"H",NA,NA,0
308,5,70,"E",308,4,1
309,5,70,NA,NA,NA,0
310,5,70,"H",336,3,1
311,5,70,NA,NA,NA,0
312,6,71,NA,NA,NA,0
313,6,71,NA,NA,NA,0
314,6,71,NA,NA,NA,0
315,6,71,NA,NA,NA,0
316,6,71,NA,NA,NA,0
317,6,71,NA,NA,NA,0
318,6,72,NA,NA,NA,0
319,6,72,NA,NA,NA,0
320,6,72,NA,NA,NA,0
321,6,72,NA,NA,NA,0
322,6,72,NA,NA,NA,0
323,6,72,NA,NA,NA,0
324,4,73,"H",NA,NA,0
325,4,73,"E",277,3,1
326,4,73,"H",347,1,1
327,4,73,"H",300,2,1
328,4,74,NA,NA,NA,0
329,4,74,NA,NA,NA,0
330,4,74,NA,NA,NA,0
331,4,74,NA,NA,NA,0
332,6,75,NA,NA,NA,0
333,6,75,NA,NA,NA,0
334,6,75,NA,NA,NA,0
335,6,75,"E",148,5,0
336,6,75,NA,NA,NA,0
337,6,75,NA,NA,NA,0
338,4,76,NA,NA,NA,0
339,4,76,NA,NA,NA,0
340,4,76,NA,NA,NA,0
341,4,76,NA,NA,NA,0
342,4,77,"H",168,0,0
343,4,77,"E",119,3,2
344,4,77,"E",185,0,0
345,4,77,"H",172,0,0
346,4,78,NA,NA,NA,0
347,4,78,NA,NA,NA,0
348,4,78,NA,NA,NA,0
349,4,78,NA,NA,NA,0
350,4,79,NA,NA,NA,0
351,4,79,NA,NA,NA,0
352,4,79,NA,NA,NA,0
353,4,79,NA,NA,NA,0
354,4,80,"E",48,3,2
355,4,80,"H",68,1,0
356,4,80,NA,NA,NA,0
357,4,80,"H",107,1,0
358,4,81,NA,NA,NA,0
359,4,81,"E",353,3,0
360,4,81,NA,NA,NA,0
361,4,81,NA,NA,NA,0
362,6,82,"H",95,4,1
363,6,82,NA,NA,NA,0
364,6,82,"E",259,2,1
365,6,82,"H",284,1,0
366,6,82,"H",137,3,0
367,6,82,"E",69,5,1
368,4,83,NA,NA,NA,0
369,4,83,NA,NA,NA,0
370,4,83,NA,NA,NA,0
371,4,83,NA,NA,NA,0
372,6,84,NA,NA,NA,0
373,6,84,NA,NA,NA,0
374,6,84,NA,NA,NA,0
375,6,84,NA,NA,NA,0
376,6,84,NA,NA,NA,0
377,6,84,NA,NA,NA,0
378,4,85,NA,NA,NA,0
379,4,85,"E",234,3,0
380,4,85,"E",324,1,0
381,4,85,"E",311,1,0
382,3,86,"E",47,2,0
383,3,86,NA,NA,NA,0
384,3,86,NA,NA,NA,0
385,4,87,NA,NA,NA,0
386,4,87,"E",189,3,1
387,4,87,"E",308,1,0
388,4,87,"H",224,2,0
389,3,88,NA,NA,NA,0
390,3,88,NA,NA,NA,0
391,3,88,NA,NA,NA,0
392,3,89,NA,NA,NA,0
393,3,89,NA,NA,NA,0
394,3,89,NA,NA,NA,0
395,4,90,NA,NA,NA,0
396,4,90,"E",157,3,1
397,4,90,"H",192,2,0
398,4,90,NA,NA,NA,0
399,6,91,NA,NA,NA,0
400,6,91,NA,NA,NA,0
401,6,91,NA,NA,NA,0
402,6,91,NA,NA,NA,0
403,6,91,"H",280,4,0
404,6,91,"E",258,5,1
405,3,92,NA,NA,NA,0
406,3,92,NA,NA,NA,0
407,3,92,NA,NA,NA,0
408,5,93,NA,NA,NA,0
409,5,93,"E",250,3,0
410,5,93,NA,NA,NA,0
411,5,93,"E",220,3,0
412,5,93,NA,NA,NA,0
413,4,94,NA,NA,NA,0
414,4,94,NA,NA,NA,0
415,4,94,NA,NA,NA,0
416,4,94,NA,NA,NA,0
417,3,95,"H",328,1,0
418,3,95,NA,NA,NA,0
419,3,95,"E",286,2,1
420,3,96,NA,NA,NA,0
421,3,96,NA,NA,NA,0
422,3,96,NA,NA,NA,0
423,4,97,NA,NA,NA,0
424,4,97,NA,NA,NA,0
425,4,97,NA,NA,NA,0
426,4,97,"E",309,3,0
427,3,98,NA,NA,NA,0
428,3,98,"H",60,1,0
429,3,98,"E",35,2,1
430,6,99,NA,NA,NA,0
431,6,99,NA,NA,NA,0
432,6,99,NA,NA,NA,0
433,6,99,"E",NA,NA,0
434,6,99,NA,NA,NA,0
435,6,99,NA,NA,NA,0
436,6,100,"H",300,1,1
437,6,100,"H",319,0,0
438,6,100,"H",292,1,0
439,6,100,"H",324,0,0
440,6,100,"E",280,5,4
441,6,100,"H",307,0,0
442,5,101,"H",177,1,0
443,5,101,NA,NA,NA,0
444,5,101,"H",176,1,0
445,5,101,"E",135,4,2
446,5,101,"E",217,1,0
447,4,102,NA,NA,NA,0
448,4,102,NA,NA,NA,0
449,4,102,NA,NA,NA,0
450,4,102,"E",26,3,0
451,3,103,NA,NA,NA,0
452,3,103,NA,NA,NA,0
453,3,103,NA,NA,NA,0
454,6,104,NA,NA,NA,0
455,6,104,NA,NA,NA,0
456,6,104,NA,NA,NA,0
457,6,104,NA,NA,NA,0
458,6,104,NA,NA,NA,0
459,6,104,NA,NA,NA,0
460,6,105,NA,NA,NA,0
461,6,105,"H",107,4,0
462,6,105,"E",56,5,1
463,6,105,NA,NA,NA,0
464,6,105,NA,NA,NA,0
465,6,105,NA,NA,NA,0
466,3,106,NA,NA,NA,0
467,3,106,"E",230,2,0
468,3,106,NA,NA,NA,0
469,5,107,NA,NA,NA,0
470,5,107,NA,NA,NA,0
471,5,107,NA,NA,NA,0
472,5,107,NA,NA,NA,0
473,5,107,NA,NA,NA,0
474,4,108,NA,NA,NA,0
475,4,108,NA,NA,NA,0
476,4,108,NA,NA,NA,0
477,4,108,NA,NA,NA,0
478,3,109,NA,NA,NA,0
479,3,109,NA,NA,NA,0
480,3,109,"E",310,2,0
481,6,110,NA,NA,NA,0
482,6,110,"E",96,5,0
483,6,110,"E",204,4,1
484,6,110,NA,NA,NA,0
485,6,110,"H",284,2,0
486,6,110,"H",252,3,1
487,3,111,NA,NA,NA,0
488,3,111,NA,NA,NA,0
489,3,111,NA,NA,NA,0
490,3,112,NA,NA,NA,0
491,3,112,NA,NA,NA,0
492,3,112,NA,NA,NA,0
493,5,113,NA,NA,NA,0
494,5,113,"E",44,4,0
495,5,113,NA,NA,NA,0
496,5,113,NA,NA,NA,0
497,5,113,NA,NA,NA,0
498,5,114,NA,NA,NA,0
499,5,114,NA,NA,NA,0
500,5,114,NA,NA,NA,0
501,5,114,NA,NA,NA,0
502,5,114,NA,NA,NA,0
503,6,115,NA,NA,NA,0
504,6,115,"E",249,5,1
505,6,115,NA,NA,NA,0
506,6,115,NA,NA,NA,0
507,6,115,NA,NA,NA,0
508,6,115,"H",267,4,0
509,6,116,NA,NA,NA,0
510,6,116,NA,NA,NA,0
511,6,116,NA,NA,NA,0
512,6,116,"E",347,5,0
513,6,116,NA,NA,NA,0
514,6,116,NA,NA,NA,0
515,6,117,NA,NA,NA,0
516,6,117,"H",198,3,1
517,6,117,"E",96,5,1
518,6,117,NA,NA,NA,0
519,6,117,"H",141,4,1
520,6,117,"H",222,2,0
521,3,118,NA,NA,NA,0
522,3,118,NA,NA,NA,0
523,3,118,NA,NA,NA,0
524,3,119,NA,NA,NA,0
525,3,119,NA,NA,NA,0
526,3,119,NA,NA,NA,0
527,5,120,"E",206,4,1
528,5,120,NA,NA,NA,0
529,5,120,"H",268,2,0
530,5,120,"H",226,3,1
531,5,120,NA,NA,NA,0
532,6,121,NA,NA,NA,0
533,6,121,NA,NA,NA,0
534,6,121,NA,NA,NA,0
535,6,121,NA,NA,NA,0
536,6,121,NA,NA,NA,0
537,6,121,"E",200,5,0
538,3,122,"E",326,2,0
539,3,122,NA,NA,NA,0
540,3,122,NA,NA,NA,0
541,4,123,NA,NA,NA,0
542,4,123,NA,NA,NA,0
543,4,123,"E",173,3,0
544,4,123,NA,NA,NA,0
545,3,124,NA,NA,NA,0
546,3,124,NA,NA,NA,0
547,3,124,NA,NA,NA,0
548,4,125,NA,NA,NA,0
549,4,125,NA,NA,NA,0
550,4,125,NA,NA,NA,0
551,4,125,NA,NA,NA,0
552,4,126,NA,NA,NA,0
553,4,126,NA,NA,NA,0
554,4,126,"E",212,3,0
555,4,126,NA,NA,NA,0
556,6,127,NA,NA,NA,0
557,6,127,"E",101,2,0
558,6,127,"H",150,1,0
559,6,127,"C",71,4,2
560,6,127,"H",104,2,1
561,6,127,"H",133,1,0
562,5,128,NA,NA,NA,0
563,5,128,NA,NA,NA,0
564,5,128,"E",163,4,1
565,5,128,"H",188,3,0
566,5,128,NA,NA,NA,0
567,4,129,"E",275,2,1
568,4,129,"H",331,1,1
569,4,129,"E",264,2,0
570,4,129,"H",345,0,0
571,4,130,NA,NA,NA,0
572,4,130,NA,NA,NA,0
573,4,130,NA,NA,NA,0
574,4,130,NA,NA,NA,0
575,5,131,NA,NA,NA,0
576,5,131,NA,NA,NA,0
577,5,131,NA,NA,NA,0
578,5,131,NA,NA,NA,0
579,5,131,NA,NA,NA,0
580,6,132,NA,NA,NA,0
581,6,132,NA,NA,NA,0
582,6,132,NA,NA,NA,0
583,6,132,NA,NA,NA,0
584,6,132,NA,NA,NA,0
585,6,132,NA,NA,NA,0
586,5,133,NA,NA,NA,0
587,5,133,NA,NA,NA,0
588,5,133,NA,NA,NA,0
589,5,133,NA,NA,NA,0
590,5,133,"E",231,4,0
591,6,134,NA,NA,NA,0
592,6,134,NA,NA,NA,0
593,6,134,"E",337,5,0
594,6,134,NA,NA,NA,0
595,6,134,NA,NA,NA,0
596,6,134,"E",NA,NA,0
597,6,135,"E",140,5,1
598,6,135,NA,NA,NA,0
599,6,135,NA,NA,NA,0
600,6,135,"H",178,4,0
601,6,135,NA,NA,NA,0
602,6,135,NA,NA,NA,0
603,4,136,NA,NA,NA,0
604,4,136,NA,NA,NA,0
605,4,136,NA,NA,NA,0
606,4,136,NA,NA,NA,0
607,5,137,NA,NA,NA,0
608,5,137,NA,NA,NA,0
609,5,137,NA,NA,NA,0
610,5,137,NA,NA,NA,0
611,5,137,NA,NA,NA,0
612,6,138,NA,NA,NA,0
613,6,138,NA,NA,NA,0
614,6,138,NA,NA,NA,0
615,6,138,NA,NA,NA,0
616,6,138,NA,NA,NA,0
617,6,138,NA,NA,NA,0
618,5,139,NA,NA,NA,0
619,5,139,NA,NA,NA,0
620,5,139,NA,NA,NA,0
621,5,139,NA,NA,NA,0
622,5,139,NA,NA,NA,0
623,3,140,NA,NA,NA,0
624,3,140,NA,NA,NA,0
625,3,140,NA,NA,NA,0
626,5,141,NA,NA,NA,0
627,5,141,NA,NA,NA,0
628,5,141,NA,NA,NA,0
629,5,141,NA,NA,NA,0
630,5,141,NA,NA,NA,0
631,6,142,"E",116,5,3
632,6,142,NA,NA,NA,0
633,6,142,"H",134,2,0
634,6,142,"H",145,2,1
635,6,142,"H",144,2,0
636,6,142,"H",167,1,0
637,4,143,"H",69,2,0
638,4,143,NA,NA,NA,0
639,4,143,NA,NA,NA,0
640,4,143,"E",41,3,1
641,3,144,NA,NA,NA,0
642,3,144,NA,NA,NA,0
643,3,144,NA,NA,NA,0
644,3,145,NA,NA,NA,0
645,3,145,"H",350,1,0
646,3,145,"C",311,2,1
647,6,146,"E",43,4,0
648,6,146,NA,NA,NA,0
649,6,146,NA,NA,NA,0
650,6,146,NA,NA,NA,0
651,6,146,NA,NA,NA,0
652,6,146,"E",76,4,0
653,6,147,"H",178,2,1
654,6,147,"C",161,5,3
655,6,147,"H",197,1,0
656,6,147,NA,NA,NA,0
657,6,147,"H",195,1,0
658,6,147,"H",191,1,0
659,6,148,NA,NA,NA,0
660,6,148,NA,NA,NA,0
661,6,148,NA,NA,NA,0
662,6,148,NA,NA,NA,0
663,6,148,NA,NA,NA,0
664,6,148,"E",354,5,0
665,4,149,"H",284,2,0
666,4,149,NA,NA,NA,0
667,4,149,"E",243,3,1
668,4,149,NA,NA,NA,0
669,5,150,NA,NA,NA,0
670,5,150,NA,NA,NA,0
671,5,150,NA,NA,NA,0
672,5,150,NA,NA,NA,0
673,5,150,NA,NA,NA,0
674,3,151,"H",95,1,0
675,3,151,"E",62,2,1
676,3,151,NA,NA,NA,0
677,5,152,NA,NA,NA,0
678,5,152,NA,NA,NA,0
679,5,152,NA,NA,NA,0
680,5,152,NA,NA,NA,0
681,5,152,NA,NA,NA,0
682,5,153,NA,NA,NA,0
683,5,153,NA,NA,NA,0
684,5,153,NA,NA,NA,0
685,5,153,NA,NA,NA,0
686,5,153,NA,NA,NA,0
687,4,154,NA,NA,NA,0
688,4,154,NA,NA,NA,0
689,4,154,"E",312,2,0
690,4,154,"E",272,3,0
691,5,155,NA,NA,NA,0
692,5,155,NA,NA,NA,0
693,5,155,NA,NA,NA,0
694,5,155,NA,NA,NA,0
695,5,155,"E",248,4,0
696,5,156,"E",200,4,2
697,5,156,"H",252,1,0
698,5,156,NA,NA,NA,0
699,5,156,"H",217,2,1
700,5,156,"H",246,1,0
701,6,157,"E",154,5,1
702,6,157,"E",196,2,1
703,6,157,"H",226,1,0
704,6,157,"H",189,3,1
705,6,157,"H",218,1,0
706,6,157,NA,NA,NA,0
707,6,158,NA,NA,NA,0
708,6,158,NA,NA,NA,0
709,6,158,NA,NA,NA,0
710,6,158,NA,NA,NA,0
711,6,158,NA,NA,NA,0
712,6,158,"C",281,5,0
713,3,159,"E",341,2,1
714,3,159,NA,NA,NA,0
715,3,159,"H",365,1,0
716,5,160,NA,NA,NA,0
717,5,160,NA,NA,NA,0
718,5,160,NA,NA,NA,0
719,5,160,NA,NA,NA,0
720,5,160,NA,NA,NA,0
721,5,161,"E",264,4,1
722,5,161,NA,NA,NA,0
723,5,161,NA,NA,NA,0
724,5,161,"H",336,3,0
725,5,161,NA,NA,NA,0
726,5,162,NA,NA,NA,0
727,5,162,NA,NA,NA,0
728,5,162,NA,NA,NA,0
729,5,162,NA,NA,NA,0
730,5,162,NA,NA,NA,0
731,6,163,"E",172,3,1
732,6,163,"E",57,5,1
733,6,163,"H",204,2,1
734,6,163,"H",91,4,0
735,6,163,"H",264,1,0
736,6,163,NA,NA,NA,0
737,6,164,"H",170,1,0
738,6,164,"H",122,3,1
739,6,164,"H",124,3,0
740,6,164,"E",321,0,0
741,6,164,"E",104,5,2
742,6,164,"E",183,1,0
743,3,165,"E",24,2,1
744,3,165,"H",63,1,0
745,3,165,NA,NA,NA,0
746,5,166,NA,NA,NA,0
747,5,166,"C",203,4,0
748,5,166,NA,NA,NA,0
749,5,166,"E",NA,NA,0
750,5,166,NA,NA,NA,0
751,4,167,"E",NA,NA,0
752,4,167,NA,NA,NA,0
753,4,167,NA,NA,NA,0
754,4,167,NA,NA,NA,0
755,4,168,NA,NA,NA,0
756,4,168,NA,NA,NA,0
757,4,168,NA,NA,NA,0
758,4,168,NA,NA,NA,0
759,6,169,NA,NA,NA,0
760,6,169,NA,NA,NA,0
761,6,169,NA,NA,NA,0
762,6,169,NA,NA,NA,0
763,6,169,NA,NA,NA,0
764,6,169,NA,NA,NA,0
765,5,170,"H",308,0,0
766,5,170,"E",282,1,1
767,5,170,"E",248,3,0
768,5,170,"E",215,4,0
769,5,170,"E",276,1,0
770,6,171,"H",257,3,0
771,6,171,NA,NA,NA,0
772,6,171,NA,NA,NA,0
773,6,171,"H",232,4,1
774,6,171,"E",178,5,1
775,6,171,NA,NA,NA,0
776,5,172,NA,NA,NA,0
777,5,172,NA,NA,NA,0
778,5,172,NA,NA,NA,0
779,5,172,NA,NA,NA,0
780,5,172,NA,NA,NA,0
781,6,173,"E",193,5,0
782,6,173,"H",346,1,0
783,6,173,"E",267,2,0
784,6,173,NA,NA,NA,0
785,6,173,"E",260,3,1
786,6,173,"H",292,2,1
787,4,174,NA,NA,NA,0
788,4,174,NA,NA,NA,0
789,4,174,NA,NA,NA,0
790,4,174,NA,NA,NA,0
791,3,175,NA,NA,NA,0
792,3,175,NA,NA,NA,0
793,3,175,NA,NA,NA,0
794,4,176,"E",82,3,1
795,4,176,"H",162,2,0
796,4,176,"H",331,0,0
797,4,176,"E",246,1,1
798,3,177,NA,NA,NA,0
799,3,177,NA,NA,NA,0
800,3,177,NA,NA,NA,0
801,4,178,NA,NA,NA,0
802,4,178,NA,NA,NA,0
803,4,178,NA,NA,NA,0
804,4,178,NA,NA,NA,0
805,5,179,NA,NA,NA,0
806,5,179,NA,NA,NA,0
807,5,179,"E",299,4,0
808,5,179,NA,NA,NA,0
809,5,179,NA,NA,NA,0
810,5,180,NA,NA,NA,0
811,5,180,"H",100,3,1
812,5,180,"H",148,2,0
813,5,180,"E",62,4,1
814,5,180,NA,NA,NA,0
815,6,181,NA,NA,NA,0
816,6,181,NA,NA,NA,0
817,6,181,NA,NA,NA,0
818,6,181,NA,NA,NA,0
819,6,181,NA,NA,NA,0
820,6,181,"C",NA,NA,0
821,3,182,"E",137,2,0
822,3,182,NA,NA,NA,0
823,3,182,NA,NA,NA,0
824,6,183,NA,NA,NA,0
825,6,183,"H",41,2,0
826,6,183,"E",28,5,3
827,6,183,"H",48,2,0
828,6,183,"E",NA,NA,0
829,6,183,"H",60,2,0
830,3,184,NA,NA,NA,0
831,3,184,NA,NA,NA,0
832,3,184,NA,NA,NA,0
833,6,185,"H",277,2,0
834,6,185,"H",280,2,0
835,6,185,"H",296,2,0
836,6,185,"C",254,5,3
837,6,185,NA,NA,NA,0
838,6,185,NA,NA,NA,0
839,3,186,NA,NA,NA,0
840,3,186,NA,NA,NA,0
841,3,186,NA,NA,NA,0
842,5,187,NA,NA,NA,0
843,5,187,NA,NA,NA,0
844,5,187,NA,NA,NA,0
845,5,187,NA,NA,NA,0
846,5,187,NA,NA,NA,0
847,4,188,"E",NA,NA,0
848,4,188,NA,NA,NA,0
849,4,188,NA,NA,NA,0
850,4,188,NA,NA,NA,0
851,3,189,NA,NA,NA,0
852,3,189,NA,NA,NA,0
853,3,189,NA,NA,NA,0
854,5,190,NA,NA,NA,0
855,5,190,NA,NA,NA,0
856,5,190,NA,NA,NA,0
857,5,190,NA,NA,NA,0
858,5,190,"E",99,4,0
859,3,191,NA,NA,NA,0
860,3,191,NA,NA,NA,0
861,3,191,NA,NA,NA,0
862,6,192,NA,NA,NA,0
863,6,192,NA,NA,NA,0
864,6,192,NA,NA,NA,0
865,6,192,NA,NA,NA,0
866,6,192,"E",230,4,0
867,6,192,"E",211,4,0
868,5,193,NA,NA,NA,0
869,5,193,NA,NA,NA,0
870,5,193,NA,NA,NA,0
871,5,193,NA,NA,NA,0
872,5,193,NA,NA,NA,0
873,3,194,NA,NA,NA,0
874,3,194,NA,NA,NA,0
875,3,194,NA,NA,NA,0
876,5,195,NA,NA,NA,0
877,5,195,NA,NA,NA,0
878,5,195,NA,NA,NA,0
879,5,195,NA,NA,NA,0
880,5,195,NA,NA,NA,0
881,6,196,NA,NA,NA,0
882,6,196,NA,NA,NA,0
883,6,196,"E",250,5,0
884,6,196,NA,NA,NA,0
885,6,196,NA,NA,NA,0
886,6,196,NA,NA,NA,0
887,5,197,NA,NA,NA,0
888,5,197,NA,NA,NA,0
889,5,197,NA,NA,NA,0
890,5,197,NA,NA,NA,0
891,5,197,NA,NA,NA,0
892,4,198,NA,NA,NA,0
893,4,198,NA,NA,NA,0
894,4,198,NA,NA,NA,0
895,4,198,NA,NA,NA,0
896,3,199,NA,NA,NA,0
897,3,199,NA,NA,NA,0
898,3,199,"E",318,2,0
899,3,200,"E",137,2,1
900,3,200,"H",169,1,1
901,3,200,"H",209,0,0
902,4,201,NA,NA,NA,0
903,4,201,NA,NA,NA,0
904,4,201,NA,NA,NA,0
905,4,201,NA,NA,NA,0
906,5,202,NA,NA,NA,0
907,5,202,"H",NA,NA,0
908,5,202,NA,NA,NA,0
909,5,202,"E",356,4,1
910,5,202,NA,NA,NA,0
911,4,203,NA,NA,NA,0
912,4,203,NA,NA,NA,0
913,4,203,NA,NA,NA,0
914,4,203,NA,NA,NA,0
915,4,204,NA,NA,NA,0
916,4,204,NA,NA,NA,0
917,4,204,NA,NA,NA,0
918,4,204,NA,NA,NA,0
919,3,205,NA,NA,NA,0
920,3,205,NA,NA,NA,0
921,3,205,"E",170,2,0
922,5,206,NA,NA,NA,0
923,5,206,NA,NA,NA,0
924,5,206,NA,NA,NA,0
925,5,206,NA,NA,NA,0
926,5,206,NA,NA,NA,0
927,3,207,NA,NA,NA,0
928,3,207,NA,NA,NA,0
929,3,207,"E",319,2,0
930,5,208,"C",259,4,1
931,5,208,"H",330,1,0
932,5,208,NA,NA,NA,0
933,5,208,"H",311,1,0
934,5,208,"H",289,3,2
935,4,209,"H",321,1,1
936,4,209,"E",298,2,1
937,4,209,"E",314,1,0
938,4,209,"H",338,0,0
939,4,210,NA,NA,NA,0
940,4,210,NA,NA,NA,0
941,4,210,"C",269,3,1
942,4,210,"H",297,2,0
943,3,211,NA,NA,NA,0
944,3,211,NA,NA,NA,0
945,3,211,NA,NA,NA,0
946,4,212,"C",NA,NA,0
947,4,212,NA,NA,NA,0
948,4,212,NA,NA,NA,0
949,4,212,"E",311,3,0
950,3,213,NA,NA,NA,0
951,3,213,NA,NA,NA,0
952,3,213,NA,NA,NA,0
953,5,214,NA,NA,NA,0
954,5,214,NA,NA,NA,0
955,5,214,NA,NA,NA,0
956,5,214,NA,NA,NA,0
957,5,214,"E",313,4,0
958,5,215,"H",214,3,1
959,5,215,"H",241,1,0
960,5,215,"E",263,1,1
961,5,215,"E",177,4,1
962,5,215,"H",293,0,0
963,6,216,NA,NA,NA,0
964,6,216,NA,NA,NA,0
965,6,216,"H",260,4,0
966,6,216,"E",239,5,1
967,6,216,NA,NA,NA,0
968,6,216,NA,NA,NA,0
969,6,217,"H",155,3,0
970,6,217,NA,NA,NA,0
971,6,217,"E",131,5,2
972,6,217,"H",256,1,0
973,6,217,"H",207,2,1
974,6,217,"H",171,3,1
975,4,218,NA,NA,NA,0
976,4,218,NA,NA,NA,0
977,4,218,NA,NA,NA,0
978,4,218,NA,NA,NA,0
979,6,219,NA,NA,NA,0
980,6,219,NA,NA,NA,0
981,6,219,NA,NA,NA,0
982,6,219,NA,NA,NA,0
983,6,219,NA,NA,NA,0
984,6,219,NA,NA,NA,0
985,6,220,"E",202,5,0
986,6,220,NA,NA,NA,0
987,6,220,NA,NA,NA,0
988,6,220,"E",309,4,0
989,6,220,NA,NA,NA,0
990,6,220,NA,NA,NA,0
991,6,221,NA,NA,NA,0
992,6,221,NA,NA,NA,0
993,6,221,NA,NA,NA,0
994,6,221,NA,NA,NA,0
995,6,221,NA,NA,NA,0
996,6,221,NA,NA,NA,0
997,4,222,NA,NA,NA,0
998,4,222,"E",100,3,1
999,4,222,"E",NA,NA,0
1000,4,222,"H",187,2,0
