"ID","SIZE","HH","TYPE","TIME","S_NUM","I_NUM"
1,3,1,"0",NA,NA,0
2,3,1,NA,NA,NA,0
3,3,1,NA,NA,NA,0
4,6,2,"H",NA,NA,0
5,6,2,"E",320,4,2
6,6,2,NA,NA,NA,0
7,6,2,"E",189,5,0
8,6,2,NA,NA,NA,0
9,6,2,"H",NA,NA,0
10,5,3,"H",197,1,1
11,5,3,"E",164,3,2
12,5,3,"E",107,4,0
13,5,3,"H",196,1,0
14,5,3,"H",223,0,0
15,3,4,NA,NA,NA,0
16,3,4,"E",199,2,0
17,3,4,NA,NA,NA,0
18,3,5,NA,NA,NA,0
19,3,5,NA,NA,NA,0
20,3,5,NA,NA,NA,0
21,4,6,"E",NA,NA,0
22,4,6,NA,NA,NA,0
23,4,6,NA,NA,NA,0
24,4,6,NA,NA,NA,0
25,6,7,NA,NA,NA,0
26,6,7,NA,NA,NA,0
27,6,7,NA,NA,NA,0
28,6,7,NA,NA,NA,0
29,6,7,NA,NA,NA,0
30,6,7,NA,NA,NA,0
31,6,8,NA,NA,NA,0
32,6,8,"E",229,5,1
33,6,8,"H",250,4,1
34,6,8,NA,NA,NA,0
35,6,8,"H",287,3,0
36,6,8,NA,NA,NA,0
37,5,9,NA,NA,NA,0
38,5,9,"H",209,2,0
39,5,9,"H",215,2,0
40,5,9,NA,NA,NA,0
41,5,9,"E",188,4,2
42,4,10,"E",144,3,1
43,4,10,NA,NA,NA,0
44,4,10,NA,NA,NA,0
45,4,10,"H",219,2,0
46,5,11,NA,NA,NA,0
47,5,11,NA,NA,NA,0
48,5,11,NA,NA,NA,0
49,5,11,NA,NA,NA,0
50,5,11,NA,NA,NA,0
51,6,12,"H",NA,NA,0
52,6,12,NA,NA,NA,0
53,6,12,"E",258,5,1
54,6,12,"H",312,4,1
55,6,12,NA,NA,NA,0
56,6,12,"H",345,3,1
57,3,13,NA,NA,NA,0
58,3,13,"E",35,2,1
59,3,13,"H",123,1,0
60,4,14,NA,NA,NA,0
61,4,14,NA,NA,NA,0
62,4,14,NA,NA,NA,0
63,4,14,NA,NA,NA,0
64,3,15,NA,NA,NA,0
65,3,15,NA,NA,NA,0
66,3,15,NA,NA,NA,0
67,5,16,NA,NA,NA,0
68,5,16,NA,NA,NA,0
69,5,16,NA,NA,NA,0
70,5,16,NA,NA,NA,0
71,5,16,NA,NA,NA,0
72,4,17,NA,NA,NA,0
73,4,17,NA,NA,NA,0
74,4,17,NA,NA,NA,0
75,4,17,"E",42,3,0
76,4,18,NA,NA,NA,0
77,4,18,NA,NA,NA,0
78,4,18,NA,NA,NA,0
79,4,18,"E",138,3,0
80,3,19,NA,NA,NA,0
81,3,19,NA,NA,NA,0
82,3,19,NA,NA,NA,0
83,3,20,NA,NA,NA,0
84,3,20,NA,NA,NA,0
85,3,20,NA,NA,NA,0
86,4,21,NA,NA,NA,0
87,4,21,NA,NA,NA,0
88,4,21,NA,NA,NA,0
89,4,21,"E",75,3,0
90,6,22,"H",236,1,0
91,6,22,NA,NA,NA,0
92,6,22,"E",201,4,2
93,6,22,"H",254,1,0
94,6,22,"E",53,5,0
95,6,22,"H",226,2,1
96,4,23,"E",211,3,0
97,4,23,NA,NA,NA,0
98,4,23,NA,NA,NA,0
99,4,23,NA,NA,NA,0
100,3,24,NA,NA,NA,0
101,3,24,NA,NA,NA,0
102,3,24,NA,NA,NA,0
103,6,25,NA,NA,NA,0
104,6,25,NA,NA,NA,0
105,6,25,"H",98,4,0
106,6,25,"E",51,5,1
107,6,25,NA,NA,NA,0
108,6,25,NA,NA,NA,0
109,3,26,NA,NA,NA,0
110,3,26,NA,NA,NA,0
111,3,26,NA,NA,NA,0
112,5,27,NA,NA,NA,0
113,5,27,NA,NA,NA,0
114,5,27,NA,NA,NA,0
115,5,27,NA,NA,NA,0
116,5,27,NA,NA,NA,0
117,3,28,NA,NA,NA,0
118,3,28,NA,NA,NA,0
119,3,28,NA,NA,NA,0
120,5,29,NA,NA,NA,0
121,5,29,NA,NA,NA,0
122,5,29,NA,NA,NA,0
123,5,29,NA,NA,NA,0
124,5,29,NA,NA,NA,0
125,3,30,NA,NA,NA,0
126,3,30,NA,NA,NA,0
127,3,30,NA,NA,NA,0
128,5,31,"H",98,0,0
129,5,31,"H",84,0,0
130,5,31,"E",34,4,3
131,5,31,"H",63,1,1
132,5,31,"H",126,0,0
133,5,32,"E",198,4,0
134,5,32,"H",NA,NA,0
135,5,32,"H",NA,NA,0
136,5,32,"H",349,2,2
137,5,32,"E",302,3,1
138,5,33,"E",82,4,2
139,5,33,"H",111,2,0
140,5,33,NA,NA,NA,0
141,5,33,NA,NA,NA,0
142,5,33,"H",117,2,0
143,6,34,NA,NA,NA,0
144,6,34,"E",361,5,1
145,6,34,NA,NA,NA,0
146,6,34,NA,NA,NA,0
147,6,34,"H",NA,NA,0
148,6,34,NA,NA,NA,0
149,3,35,NA,NA,NA,0
150,3,35,"E",131,1,0
151,3,35,"E",139,1,0
152,5,36,NA,NA,NA,0
153,5,36,NA,NA,NA,0
154,5,36,NA,NA,NA,0
155,5,36,NA,NA,NA,0
156,5,36,NA,NA,NA,0
157,5,37,NA,NA,NA,0
158,5,37,"E",NA,NA,0
159,5,37,NA,NA,NA,0
160,5,37,"E",NA,NA,0
161,5,37,NA,NA,NA,0
162,3,38,"E",341,1,1
163,3,38,"E",164,2,0
164,3,38,"H",351,0,0
165,3,39,NA,NA,NA,0
166,3,39,NA,NA,NA,0
167,3,39,NA,NA,NA,0
168,4,40,NA,NA,NA,0
169,4,40,NA,NA,NA,0
170,4,40,NA,NA,NA,0
171,4,40,NA,NA,NA,0
172,6,41,NA,NA,NA,0
173,6,41,NA,NA,NA,0
174,6,41,"H",284,4,0
175,6,41,NA,NA,NA,0
176,6,41,"E",246,5,1
177,6,41,NA,NA,NA,0
178,3,42,NA,NA,NA,0
179,3,42,NA,NA,NA,0
180,3,42,NA,NA,NA,0
181,3,43,NA,NA,NA,0
182,3,43,NA,NA,NA,0
183,3,43,NA,NA,NA,0
184,4,44,NA,NA,NA,0
185,4,44,NA,NA,NA,0
186,4,44,NA,NA,NA,0
187,4,44,NA,NA,NA,0
188,3,45,NA,NA,NA,0
189,3,45,NA,NA,NA,0
190,3,45,"E",36,2,0
191,3,46,NA,NA,NA,0
192,3,46,NA,NA,NA,0
193,3,46,NA,NA,NA,0
194,4,47,NA,NA,NA,0
195,4,47,NA,NA,NA,0
196,4,47,NA,NA,NA,0
197,4,47,NA,NA,NA,0
198,4,48,NA,NA,NA,0
199,4,48,NA,NA,NA,0
200,4,48,NA,NA,NA,0
201,4,48,NA,NA,NA,0
202,4,49,"H",329,2,0
203,4,49,NA,NA,NA,0
204,4,49,NA,NA,NA,0
205,4,49,"E",244,3,1
206,4,50,"E",303,3,0
207,4,50,NA,NA,NA,0
208,4,50,NA,NA,NA,0
209,4,50,NA,NA,NA,0
210,3,51,"E",100,2,0
211,3,51,"E",316,1,1
212,3,51,"H",344,0,0
213,5,52,"E",153,4,0
214,5,52,NA,NA,NA,0
215,5,52,NA,NA,NA,0
216,5,52,NA,NA,NA,0
217,5,52,NA,NA,NA,0
218,3,53,NA,NA,NA,0
219,3,53,NA,NA,NA,0
220,3,53,NA,NA,NA,0
221,3,54,NA,NA,NA,0
222,3,54,NA,NA,NA,0
223,3,54,NA,NA,NA,0
224,6,55,"H",329,1,0
225,6,55,"H",333,1,0
226,6,55,"H",289,3,2
227,6,55,"H",291,2,0
228,6,55,"E",266,5,2
229,6,55,NA,NA,NA,0
230,5,56,"E",147,3,3
231,5,56,"H",182,0,0
232,5,56,"H",167,0,0
233,5,56,"E",66,4,0
234,5,56,"H",177,0,0
235,6,57,NA,NA,NA,0
236,6,57,"E",167,5,0
237,6,57,NA,NA,NA,0
238,6,57,NA,NA,NA,0
239,6,57,"E",228,4,1
240,6,57,"H",248,3,0
241,4,58,NA,NA,NA,0
242,4,58,NA,NA,NA,0
243,4,58,NA,NA,NA,0
244,4,58,NA,NA,NA,0
245,3,59,NA,NA,NA,0
246,3,59,NA,NA,NA,0
247,3,59,NA,NA,NA,0
248,4,60,"E",NA,NA,0
249,4,60,NA,NA,NA,0
250,4,60,NA,NA,NA,0
251,4,60,"E",363,2,0
252,6,61,NA,NA,NA,0
253,6,61,NA,NA,NA,0
254,6,61,"C",NA,NA,0
255,6,61,NA,NA,NA,0
256,6,61,NA,NA,NA,0
257,6,61,NA,NA,NA,0
258,4,62,"C",357,3,2
259,4,62,NA,NA,NA,0
260,4,62,"H",NA,NA,0
261,4,62,"H",NA,NA,0
262,5,63,"E",79,1,1
263,5,63,"H",115,0,0
264,5,63,"H",52,1,0
265,5,63,"E",40,4,2
266,5,63,"H",78,1,0
267,5,64,NA,NA,NA,0
268,5,64,"H",299,3,1
269,5,64,"E",NA,NA,0
270,5,64,"H",329,2,0
271,5,64,"E",233,4,1
272,4,65,"E",217,3,0
273,4,65,NA,NA,NA,0
274,4,65,"E",271,2,0
275,4,65,NA,NA,NA,0
276,6,66,"E",323,4,1
277,6,66,NA,NA,NA,0
278,6,66,"E",35,5,0
279,6,66,"H",364,3,0
280,6,66,NA,NA,NA,0
281,6,66,NA,NA,NA,0
282,6,67,"E",285,5,0
283,6,67,NA,NA,NA,0
284,6,67,NA,NA,NA,0
285,6,67,NA,NA,NA,0
286,6,67,"E",NA,NA,0
287,6,67,NA,NA,NA,0
288,5,68,NA,NA,NA,0
289,5,68,"E",18,4,1
290,5,68,NA,NA,NA,0
291,5,68,"E",116,2,0
292,5,68,"H",46,3,0
293,5,69,"E",338,4,1
294,5,69,NA,NA,NA,0
295,5,69,NA,NA,NA,0
296,5,69,NA,NA,NA,0
297,5,69,"H",NA,NA,0
298,6,70,NA,NA,NA,0
299,6,70,NA,NA,NA,0
300,6,70,NA,NA,NA,0
301,6,70,"H",NA,NA,0
302,6,70,"E",331,5,1
303,6,70,NA,NA,NA,0
304,6,71,NA,NA,NA,0
305,6,71,NA,NA,NA,0
306,6,71,NA,NA,NA,0
307,6,71,NA,NA,NA,0
308,6,71,"E",89,5,0
309,6,71,NA,NA,NA,0
310,4,72,"E",339,2,0
311,4,72,"E",NA,NA,0
312,4,72,NA,NA,NA,0
313,4,72,"E",186,3,0
314,5,73,"H",166,0,0
315,5,73,"E",36,4,1
316,5,73,"H",135,0,0
317,5,73,"H",90,3,2
318,5,73,"H",126,1,1
319,5,74,"E",NA,NA,0
320,5,74,NA,NA,NA,0
321,5,74,NA,NA,NA,0
322,5,74,NA,NA,NA,0
323,5,74,NA,NA,NA,0
324,3,75,NA,NA,NA,0
325,3,75,NA,NA,NA,0
326,3,75,NA,NA,NA,0
327,3,76,"C",129,1,1
328,3,76,"H",146,0,0
329,3,76,"E",121,1,0
330,4,77,NA,NA,NA,0
331,4,77,NA,NA,NA,0
332,4,77,NA,NA,NA,0
333,4,77,NA,NA,NA,0
334,4,78,NA,NA,NA,0
335,4,78,NA,NA,NA,0
336,4,78,NA,NA,NA,0
337,4,78,NA,NA,NA,0
338,5,79,NA,NA,NA,0
339,5,79,NA,NA,NA,0
340,5,79,NA,NA,NA,0
341,5,79,NA,NA,NA,0
342,5,79,NA,NA,NA,0
343,4,80,"H",333,0,0
344,4,80,"H",289,1,1
345,4,80,"H",246,1,0
346,4,80,"E",220,3,2
347,4,81,"E",283,2,0
348,4,81,"E",51,3,0
349,4,81,NA,NA,NA,0
350,4,81,"E",NA,NA,0
351,6,82,"H",295,2,1
352,6,82,"H",348,1,0
353,6,82,"H",249,4,2
354,6,82,NA,NA,NA,0
355,6,82,"H",293,2,0
356,6,82,"E",216,5,1
357,3,83,NA,NA,NA,0
358,3,83,NA,NA,NA,0
359,3,83,NA,NA,NA,0
360,4,84,NA,NA,NA,0
361,4,84,NA,NA,NA,0
362,4,84,"E",265,3,0
363,4,84,"E",339,2,0
364,5,85,"H",356,0,0
365,5,85,"H",327,2,2
366,5,85,"E",299,4,2
367,5,85,"H",340,0,0
368,5,85,"H",343,0,0
369,5,86,NA,NA,NA,0
370,5,86,NA,NA,NA,0
371,5,86,NA,NA,NA,0
372,5,86,NA,NA,NA,0
373,5,86,NA,NA,NA,0
374,3,87,NA,NA,NA,0
375,3,87,NA,NA,NA,0
376,3,87,NA,NA,NA,0
377,4,88,NA,NA,NA,0
378,4,88,NA,NA,NA,0
379,4,88,NA,NA,NA,0
380,4,88,NA,NA,NA,0
381,3,89,NA,NA,NA,0
382,3,89,NA,NA,NA,0
383,3,89,NA,NA,NA,0
384,3,90,NA,NA,NA,0
385,3,90,NA,NA,NA,0
386,3,90,NA,NA,NA,0
387,5,91,"E",34,4,1
388,5,91,"H",54,3,0
389,5,91,"E",NA,NA,0
390,5,91,NA,NA,NA,0
391,5,91,"C",280,2,0
392,5,92,"H",118,3,0
393,5,92,NA,NA,NA,0
394,5,92,"E",83,4,1
395,5,92,"E",291,2,0
396,5,92,NA,NA,NA,0
397,4,93,NA,NA,NA,0
398,4,93,NA,NA,NA,0
399,4,93,NA,NA,NA,0
400,4,93,NA,NA,NA,0
401,6,94,NA,NA,NA,0
402,6,94,NA,NA,NA,0
403,6,94,NA,NA,NA,0
404,6,94,NA,NA,NA,0
405,6,94,NA,NA,NA,0
406,6,94,NA,NA,NA,0
407,6,95,NA,NA,NA,0
408,6,95,"E",340,4,1
409,6,95,"H",NA,NA,0
410,6,95,NA,NA,NA,0
411,6,95,NA,NA,NA,0
412,6,95,"E",170,5,0
413,3,96,"E",NA,NA,0
414,3,96,NA,NA,NA,0
415,3,96,NA,NA,NA,0
416,5,97,"H",239,1,0
417,5,97,NA,NA,NA,0
418,5,97,"H",211,2,1
419,5,97,"E",183,4,2
420,5,97,"H",245,1,0
421,5,98,NA,NA,NA,0
422,5,98,NA,NA,NA,0
423,5,98,"E",358,4,0
424,5,98,NA,NA,NA,0
425,5,98,NA,NA,NA,0
426,5,99,"H",280,3,2
427,5,99,"H",298,1,0
428,5,99,NA,NA,NA,0
429,5,99,"E",249,4,1
430,5,99,"H",327,1,0
431,5,100,NA,NA,NA,0
432,5,100,NA,NA,NA,0
433,5,100,NA,NA,NA,0
434,5,100,NA,NA,NA,0
435,5,100,NA,NA,NA,0
436,5,101,NA,NA,NA,0
437,5,101,NA,NA,NA,0
438,5,101,NA,NA,NA,0
439,5,101,"E",NA,NA,0
440,5,101,"E",323,4,0
441,3,102,NA,NA,NA,0
442,3,102,NA,NA,NA,0
443,3,102,NA,NA,NA,0
444,5,103,NA,NA,NA,0
445,5,103,NA,NA,NA,0
446,5,103,NA,NA,NA,0
447,5,103,NA,NA,NA,0
448,5,103,NA,NA,NA,0
449,3,104,NA,NA,NA,0
450,3,104,"E",295,1,0
451,3,104,"E",59,2,0
452,4,105,NA,NA,NA,0
453,4,105,NA,NA,NA,0
454,4,105,NA,NA,NA,0
455,4,105,NA,NA,NA,0
456,6,106,NA,NA,NA,0
457,6,106,NA,NA,NA,0
458,6,106,NA,NA,NA,0
459,6,106,NA,NA,NA,0
460,6,106,NA,NA,NA,0
461,6,106,NA,NA,NA,0
462,5,107,NA,NA,NA,0
463,5,107,NA,NA,NA,0
464,5,107,"E",129,4,0
465,5,107,NA,NA,NA,0
466,5,107,NA,NA,NA,0
467,6,108,NA,NA,NA,0
468,6,108,NA,NA,NA,0
469,6,108,NA,NA,NA,0
470,6,108,NA,NA,NA,0
471,6,108,"E",124,5,0
472,6,108,NA,NA,NA,0
473,3,109,NA,NA,NA,0
474,3,109,"E",298,2,0
475,3,109,NA,NA,NA,0
476,4,110,"E",169,0,0
477,4,110,"E",116,3,1
478,4,110,"H",208,0,0
479,4,110,"H",155,1,1
480,4,111,NA,NA,NA,0
481,4,111,NA,NA,NA,0
482,4,111,NA,NA,NA,0
483,4,111,NA,NA,NA,0
484,5,112,NA,NA,NA,0
485,5,112,NA,NA,NA,0
486,5,112,NA,NA,NA,0
487,5,112,NA,NA,NA,0
488,5,112,NA,NA,NA,0
489,6,113,NA,NA,NA,0
490,6,113,NA,NA,NA,0
491,6,113,NA,NA,NA,0
492,6,113,NA,NA,NA,0
493,6,113,NA,NA,NA,0
494,6,113,NA,NA,NA,0
495,4,114,"H",91,2,1
496,4,114,"E",50,3,1
497,4,114,"H",124,1,0
498,4,114,NA,NA,NA,0
499,4,115,NA,NA,NA,0
500,4,115,NA,NA,NA,0
501,4,115,NA,NA,NA,0
502,4,115,NA,NA,NA,0
503,6,116,NA,NA,NA,0
504,6,116,"H",NA,NA,0
505,6,116,NA,NA,NA,0
506,6,116,"C",361,4,1
507,6,116,NA,NA,NA,0
508,6,116,"E",354,4,0
509,6,117,NA,NA,NA,0
510,6,117,NA,NA,NA,0
511,6,117,NA,NA,NA,0
512,6,117,NA,NA,NA,0
513,6,117,"E",67,5,0
514,6,117,NA,NA,NA,0
515,4,118,"E",40,3,1
516,4,118,"H",67,2,0
517,4,118,NA,NA,NA,0
518,4,118,NA,NA,NA,0
519,6,119,NA,NA,NA,0
520,6,119,NA,NA,NA,0
521,6,119,NA,NA,NA,0
522,6,119,NA,NA,NA,0
523,6,119,NA,NA,NA,0
524,6,119,NA,NA,NA,0
525,3,120,NA,NA,NA,0
526,3,120,NA,NA,NA,0
527,3,120,NA,NA,NA,0
528,6,121,NA,NA,NA,0
529,6,121,NA,NA,NA,0
530,6,121,NA,NA,NA,0
531,6,121,"C",NA,NA,0
532,6,121,NA,NA,NA,0
533,6,121,"C",NA,NA,0
534,3,122,NA,NA,NA,0
535,3,122,NA,NA,NA,0
536,3,122,NA,NA,NA,0
537,6,123,"H",226,3,1
538,6,123,NA,NA,NA,0
539,6,123,"H",204,3,0
540,6,123,"H",245,2,0
541,6,123,NA,NA,NA,0
542,6,123,"E",173,5,2
543,6,124,NA,NA,NA,0
544,6,124,NA,NA,NA,0
545,6,124,NA,NA,NA,0
546,6,124,NA,NA,NA,0
547,6,124,NA,NA,NA,0
548,6,124,NA,NA,NA,0
549,5,125,NA,NA,NA,0
550,5,125,NA,NA,NA,0
551,5,125,"E",340,4,2
552,5,125,"H",NA,NA,0
553,5,125,"H",NA,NA,0
554,6,126,"E",NA,NA,0
555,6,126,NA,NA,NA,0
556,6,126,NA,NA,NA,0
557,6,126,NA,NA,NA,0
558,6,126,NA,NA,NA,0
559,6,126,NA,NA,NA,0
560,6,127,NA,NA,NA,0
561,6,127,"E",193,5,1
562,6,127,"H",265,2,0
563,6,127,"H",243,3,1
564,6,127,NA,NA,NA,0
565,6,127,"H",214,4,1
566,5,128,NA,NA,NA,0
567,5,128,"E",212,3,2
568,5,128,"E",153,4,0
569,5,128,"H",244,1,0
570,5,128,"H",239,1,0
571,3,129,NA,NA,NA,0
572,3,129,NA,NA,NA,0
573,3,129,NA,NA,NA,0
574,3,130,"C",344,2,1
575,3,130,NA,NA,NA,0
576,3,130,"H",NA,NA,0
577,4,131,"E",85,3,1
578,4,131,"H",132,1,0
579,4,131,"E",102,1,0
580,4,131,"E",329,0,0
581,6,132,"H",149,2,1
582,6,132,"H",121,3,1
583,6,132,NA,NA,NA,0
584,6,132,"H",174,1,0
585,6,132,"H",68,4,1
586,6,132,"E",44,5,1
587,4,133,NA,NA,NA,0
588,4,133,NA,NA,NA,0
589,4,133,NA,NA,NA,0
590,4,133,NA,NA,NA,0
591,6,134,NA,NA,NA,0
592,6,134,NA,NA,NA,0
593,6,134,NA,NA,NA,0
594,6,134,NA,NA,NA,0
595,6,134,NA,NA,NA,0
596,6,134,NA,NA,NA,0
597,4,135,NA,NA,NA,0
598,4,135,NA,NA,NA,0
599,4,135,NA,NA,NA,0
600,4,135,NA,NA,NA,0
601,5,136,NA,NA,NA,0
602,5,136,NA,NA,NA,0
603,5,136,NA,NA,NA,0
604,5,136,NA,NA,NA,0
605,5,136,NA,NA,NA,0
606,4,137,NA,NA,NA,0
607,4,137,NA,NA,NA,0
608,4,137,NA,NA,NA,0
609,4,137,NA,NA,NA,0
610,6,138,NA,NA,NA,0
611,6,138,NA,NA,NA,0
612,6,138,NA,NA,NA,0
613,6,138,NA,NA,NA,0
614,6,138,NA,NA,NA,0
615,6,138,NA,NA,NA,0
616,3,139,"E",138,2,0
617,3,139,NA,NA,NA,0
618,3,139,NA,NA,NA,0
619,6,140,NA,NA,NA,0
620,6,140,NA,NA,NA,0
621,6,140,NA,NA,NA,0
622,6,140,NA,NA,NA,0
623,6,140,NA,NA,NA,0
624,6,140,NA,NA,NA,0
625,5,141,NA,NA,NA,0
626,5,141,NA,NA,NA,0
627,5,141,NA,NA,NA,0
628,5,141,"E",303,4,0
629,5,141,NA,NA,NA,0
630,6,142,"H",NA,NA,0
631,6,142,"E",319,4,1
632,6,142,"H",340,3,1
633,6,142,NA,NA,NA,0
634,6,142,NA,NA,NA,0
635,6,142,"E",225,5,0
636,3,143,NA,NA,NA,0
637,3,143,NA,NA,NA,0
638,3,143,NA,NA,NA,0
639,6,144,"H",156,3,0
640,6,144,"H",203,2,0
641,6,144,NA,NA,NA,0
642,6,144,"E",120,5,2
643,6,144,"H",175,3,1
644,6,144,NA,NA,NA,0
645,5,145,NA,NA,NA,0
646,5,145,NA,NA,NA,0
647,5,145,NA,NA,NA,0
648,5,145,NA,NA,NA,0
649,5,145,NA,NA,NA,0
650,5,146,NA,NA,NA,0
651,5,146,NA,NA,NA,0
652,5,146,NA,NA,NA,0
653,5,146,NA,NA,NA,0
654,5,146,NA,NA,NA,0
655,3,147,"H",327,0,0
656,3,147,"H",302,1,1
657,3,147,"C",264,2,1
658,5,148,NA,NA,NA,0
659,5,148,NA,NA,NA,0
660,5,148,NA,NA,NA,0
661,5,148,NA,NA,NA,0
662,5,148,"E",221,4,0
663,5,149,NA,NA,NA,0
664,5,149,NA,NA,NA,0
665,5,149,NA,NA,NA,0
666,5,149,"E",119,4,0
667,5,149,NA,NA,NA,0
668,4,150,NA,NA,NA,0
669,4,150,NA,NA,NA,0
670,4,150,"E",NA,NA,0
671,4,150,NA,NA,NA,0
672,5,151,NA,NA,NA,0
673,5,151,NA,NA,NA,0
674,5,151,NA,NA,NA,0
675,5,151,NA,NA,NA,0
676,5,151,NA,NA,NA,0
677,4,152,NA,NA,NA,0
678,4,152,NA,NA,NA,0
679,4,152,NA,NA,NA,0
680,4,152,NA,NA,NA,0
681,6,153,NA,NA,NA,0
682,6,153,NA,NA,NA,0
683,6,153,"E",151,5,0
684,6,153,NA,NA,NA,0
685,6,153,"E",336,4,0
686,6,153,NA,NA,NA,0
687,3,154,"H",261,0,0
688,3,154,"E",228,2,2
689,3,154,"H",265,0,0
690,6,155,"E",240,5,1
691,6,155,NA,NA,NA,0
692,6,155,"E",278,2,0
693,6,155,NA,NA,NA,0
694,6,155,"H",264,3,0
695,6,155,"E",294,2,0
696,5,156,"E",231,4,1
697,5,156,NA,NA,NA,0
698,5,156,"H",298,2,0
699,5,156,NA,NA,NA,0
700,5,156,"H",272,3,1
701,5,157,NA,NA,NA,0
702,5,157,NA,NA,NA,0
703,5,157,NA,NA,NA,0
704,5,157,NA,NA,NA,0
705,5,157,NA,NA,NA,0
706,3,158,"E",NA,NA,0
707,3,158,NA,NA,NA,0
708,3,158,NA,NA,NA,0
709,3,159,"E",185,2,1
710,3,159,NA,NA,NA,0
711,3,159,"H",225,1,0
712,3,160,NA,NA,NA,0
713,3,160,"E",253,2,0
714,3,160,NA,NA,NA,0
715,5,161,NA,NA,NA,0
716,5,161,NA,NA,NA,0
717,5,161,NA,NA,NA,0
718,5,161,NA,NA,NA,0
719,5,161,NA,NA,NA,0
720,6,162,NA,NA,NA,0
721,6,162,"H",340,3,0
722,6,162,NA,NA,NA,0
723,6,162,"E",316,4,1
724,6,162,"C",141,5,0
725,6,162,NA,NA,NA,0
726,5,163,NA,NA,NA,0
727,5,163,"E",226,4,0
728,5,163,NA,NA,NA,0
729,5,163,"C",257,3,0
730,5,163,NA,NA,NA,0
731,5,164,NA,NA,NA,0
732,5,164,NA,NA,NA,0
733,5,164,NA,NA,NA,0
734,5,164,NA,NA,NA,0
735,5,164,NA,NA,NA,0
736,3,165,NA,NA,NA,0
737,3,165,"E",342,2,0
738,3,165,NA,NA,NA,0
739,6,166,NA,NA,NA,0
740,6,166,"E",297,5,0
741,6,166,NA,NA,NA,0
742,6,166,NA,NA,NA,0
743,6,166,NA,NA,NA,0
744,6,166,NA,NA,NA,0
745,3,167,NA,NA,NA,0
746,3,167,NA,NA,NA,0
747,3,167,NA,NA,NA,0
748,4,168,NA,NA,NA,0
749,4,168,NA,NA,NA,0
750,4,168,NA,NA,NA,0
751,4,168,NA,NA,NA,0
752,3,169,"H",224,1,1
753,3,169,"H",254,0,0
754,3,169,"E",196,2,1
755,5,170,NA,NA,NA,0
756,5,170,NA,NA,NA,0
757,5,170,NA,NA,NA,0
758,5,170,"E",230,4,0
759,5,170,NA,NA,NA,0
760,5,171,NA,NA,NA,0
761,5,171,"E",314,4,0
762,5,171,NA,NA,NA,0
763,5,171,NA,NA,NA,0
764,5,171,NA,NA,NA,0
765,3,172,NA,NA,NA,0
766,3,172,"E",106,2,0
767,3,172,NA,NA,NA,0
768,6,173,NA,NA,NA,0
769,6,173,"H",300,2,0
770,6,173,"H",266,3,1
771,6,173,"H",NA,NA,0
772,6,173,"H",327,2,1
773,6,173,"E",206,5,2
774,5,174,NA,NA,NA,0
775,5,174,NA,NA,NA,0
776,5,174,"E",109,4,0
777,5,174,"E",167,3,0
778,5,174,NA,NA,NA,0
779,3,175,NA,NA,NA,0
780,3,175,NA,NA,NA,0
781,3,175,NA,NA,NA,0
782,6,176,"E",151,5,1
783,6,176,NA,NA,NA,0
784,6,176,"E",190,3,0
785,6,176,NA,NA,NA,0
786,6,176,"H",248,2,0
787,6,176,"H",219,3,1
788,6,177,NA,NA,NA,0
789,6,177,NA,NA,NA,0
790,6,177,NA,NA,NA,0
791,6,177,NA,NA,NA,0
792,6,177,NA,NA,NA,0
793,6,177,NA,NA,NA,0
794,6,178,NA,NA,NA,0
795,6,178,NA,NA,NA,0
796,6,178,NA,NA,NA,0
797,6,178,NA,NA,NA,0
798,6,178,NA,NA,NA,0
799,6,178,NA,NA,NA,0
800,4,179,NA,NA,NA,0
801,4,179,NA,NA,NA,0
802,4,179,NA,NA,NA,0
803,4,179,NA,NA,NA,0
804,6,180,"E",120,4,1
805,6,180,"H",166,1,0
806,6,180,"E",344,0,0
807,6,180,"H",145,3,2
808,6,180,"E",118,4,0
809,6,180,"H",186,1,0
810,3,181,"E",265,1,0
811,3,181,NA,NA,NA,0
812,3,181,"E",212,1,0
813,5,182,NA,NA,NA,0
814,5,182,NA,NA,NA,0
815,5,182,NA,NA,NA,0
816,5,182,NA,NA,NA,0
817,5,182,NA,NA,NA,0
818,5,183,"H",200,1,1
819,5,183,"H",239,0,0
820,5,183,"H",202,0,0
821,5,183,"E",129,4,0
822,5,183,"E",180,3,2
823,5,184,NA,NA,NA,0
824,5,184,"H",213,3,0
825,5,184,NA,NA,NA,0
826,5,184,NA,NA,NA,0
827,5,184,"E",180,4,1
828,5,185,"E",216,4,0
829,5,185,NA,NA,NA,0
830,5,185,NA,NA,NA,0
831,5,185,NA,NA,NA,0
832,5,185,NA,NA,NA,0
833,3,186,NA,NA,NA,0
834,3,186,NA,NA,NA,0
835,3,186,NA,NA,NA,0
836,5,187,NA,NA,NA,0
837,5,187,NA,NA,NA,0
838,5,187,NA,NA,NA,0
839,5,187,"C",207,4,0
840,5,187,NA,NA,NA,0
841,5,188,NA,NA,NA,0
842,5,188,NA,NA,NA,0
843,5,188,NA,NA,NA,0
844,5,188,"E",27,4,0
845,5,188,NA,NA,NA,0
846,5,189,NA,NA,NA,0
847,5,189,NA,NA,NA,0
848,5,189,NA,NA,NA,0
849,5,189,NA,NA,NA,0
850,5,189,NA,NA,NA,0
851,6,190,"H",297,3,0
852,6,190,NA,NA,NA,0
853,6,190,NA,NA,NA,0
854,6,190,"E",28,5,0
855,6,190,NA,NA,NA,0
856,6,190,"C",276,4,1
857,3,191,NA,NA,NA,0
858,3,191,"E",312,2,1
859,3,191,"H",358,1,0
860,5,192,NA,NA,NA,0
861,5,192,"E",102,4,0
862,5,192,NA,NA,NA,0
863,5,192,NA,NA,NA,0
864,5,192,NA,NA,NA,0
865,5,193,NA,NA,NA,0
866,5,193,NA,NA,NA,0
867,5,193,NA,NA,NA,0
868,5,193,NA,NA,NA,0
869,5,193,NA,NA,NA,0
870,3,194,NA,NA,NA,0
871,3,194,NA,NA,NA,0
872,3,194,"E",249,2,0
873,3,195,NA,NA,NA,0
874,3,195,NA,NA,NA,0
875,3,195,NA,NA,NA,0
876,4,196,NA,NA,NA,0
877,4,196,"E",62,3,1
878,4,196,"H",172,1,0
879,4,196,"C",120,1,0
880,5,197,NA,NA,NA,0
881,5,197,NA,NA,NA,0
882,5,197,"E",98,4,1
883,5,197,"H",118,3,0
884,5,197,NA,NA,NA,0
885,4,198,"C",267,3,0
886,4,198,NA,NA,NA,0
887,4,198,NA,NA,NA,0
888,4,198,"E",323,2,0
889,6,199,NA,NA,NA,0
890,6,199,NA,NA,NA,0
891,6,199,"E",141,5,0
892,6,199,NA,NA,NA,0
893,6,199,"C",201,4,0
894,6,199,NA,NA,NA,0
895,4,200,"E",304,2,1
896,4,200,"E",270,2,0
897,4,200,NA,NA,NA,0
898,4,200,"H",329,1,0
899,6,201,NA,NA,NA,0
900,6,201,NA,NA,NA,0
901,6,201,NA,NA,NA,0
902,6,201,NA,NA,NA,0
903,6,201,NA,NA,NA,0
904,6,201,NA,NA,NA,0
905,4,202,NA,NA,NA,0
906,4,202,"E",280,3,0
907,4,202,NA,NA,NA,0
908,4,202,NA,NA,NA,0
909,3,203,NA,NA,NA,0
910,3,203,NA,NA,NA,0
911,3,203,"E",211,2,0
912,3,204,NA,NA,NA,0
913,3,204,NA,NA,NA,0
914,3,204,NA,NA,NA,0
915,6,205,NA,NA,NA,0
916,6,205,NA,NA,NA,0
917,6,205,NA,NA,NA,0
918,6,205,NA,NA,NA,0
919,6,205,NA,NA,NA,0
920,6,205,NA,NA,NA,0
921,3,206,NA,NA,NA,0
922,3,206,NA,NA,NA,0
923,3,206,NA,NA,NA,0
924,5,207,NA,NA,NA,0
925,5,207,"H",NA,NA,0
926,5,207,NA,NA,NA,0
927,5,207,NA,NA,NA,0
928,5,207,"E",354,4,1
929,5,208,"E",83,4,0
930,5,208,"E",124,3,1
931,5,208,NA,NA,NA,0
932,5,208,"H",190,1,0
933,5,208,"E",172,1,0
934,5,209,NA,NA,NA,0
935,5,209,"E",98,4,0
936,5,209,NA,NA,NA,0
937,5,209,NA,NA,NA,0
938,5,209,NA,NA,NA,0
939,6,210,"E",57,5,1
940,6,210,NA,NA,NA,0
941,6,210,NA,NA,NA,0
942,6,210,"H",118,4,1
943,6,210,"H",199,2,0
944,6,210,"H",176,3,1
945,3,211,NA,NA,NA,0
946,3,211,NA,NA,NA,0
947,3,211,NA,NA,NA,0
948,6,212,NA,NA,NA,0
949,6,212,NA,NA,NA,0
950,6,212,NA,NA,NA,0
951,6,212,NA,NA,NA,0
952,6,212,NA,NA,NA,0
953,6,212,NA,NA,NA,0
954,4,213,NA,NA,NA,0
955,4,213,NA,NA,NA,0
956,4,213,NA,NA,NA,0
957,4,213,NA,NA,NA,0
958,4,214,NA,NA,NA,0
959,4,214,NA,NA,NA,0
960,4,214,"C",162,3,0
961,4,214,NA,NA,NA,0
962,3,215,NA,NA,NA,0
963,3,215,NA,NA,NA,0
964,3,215,NA,NA,NA,0
965,6,216,"H",135,1,0
966,6,216,"H",62,3,2
967,6,216,"H",87,1,0
968,6,216,"H",63,3,0
969,6,216,"E",35,5,2
970,6,216,NA,NA,NA,0
971,4,217,"C",335,3,0
972,4,217,NA,NA,NA,0
973,4,217,NA,NA,NA,0
974,4,217,NA,NA,NA,0
975,4,218,NA,NA,NA,0
976,4,218,"E",204,3,1
977,4,218,"H",250,2,0
978,4,218,NA,NA,NA,0
979,4,219,"E",257,3,1
980,4,219,NA,NA,NA,0
981,4,219,"H",283,2,0
982,4,219,NA,NA,NA,0
983,6,220,"E",210,2,0
984,6,220,"E",187,5,2
985,6,220,"H",246,1,0
986,6,220,"H",255,1,0
987,6,220,NA,NA,NA,0
988,6,220,"H",222,2,1
989,3,221,NA,NA,NA,0
990,3,221,NA,NA,NA,0
991,3,221,NA,NA,NA,0
992,6,222,NA,NA,NA,0
993,6,222,NA,NA,NA,0
994,6,222,NA,NA,NA,0
995,6,222,NA,NA,NA,0
996,6,222,NA,NA,NA,0
997,6,222,NA,NA,NA,0
998,3,223,NA,NA,NA,0
999,3,223,NA,NA,NA,0
1000,3,223,NA,NA,NA,0
