"ID","SIZE","HH","TYPE","TIME","S_NUM","I_NUM"
1,3,1,"0",NA,NA,0
2,3,1,NA,NA,NA,0
3,3,1,NA,NA,NA,0
4,6,2,"E",247,5,1
5,6,2,"H",266,4,1
6,6,2,"H",288,3,1
7,6,2,NA,NA,NA,0
8,6,2,NA,NA,NA,0
9,6,2,"H",331,2,0
10,5,3,NA,NA,NA,0
11,5,3,NA,NA,NA,0
12,5,3,NA,NA,NA,0
13,5,3,NA,NA,NA,0
14,5,3,NA,NA,NA,0
15,4,4,"H",71,2,1
16,4,4,"H",127,1,0
17,4,4,NA,NA,NA,0
18,4,4,"E",43,3,1
19,3,5,NA,NA,NA,0
20,3,5,"E",NA,NA,0
21,3,5,NA,NA,NA,0
22,5,6,NA,NA,NA,0
23,5,6,NA,NA,NA,0
24,5,6,NA,NA,NA,0
25,5,6,NA,NA,NA,0
26,5,6,NA,NA,NA,0
27,6,7,"H",78,3,0
28,6,7,"H",74,3,0
29,6,7,"E",43,5,2
30,6,7,NA,NA,NA,0
31,6,7,NA,NA,NA,0
32,6,7,"E",238,2,0
33,4,8,NA,NA,NA,0
34,4,8,NA,NA,NA,0
35,4,8,"E",55,3,0
36,4,8,NA,NA,NA,0
37,4,9,NA,NA,NA,0
38,4,9,"E",127,3,0
39,4,9,NA,NA,NA,0
40,4,9,NA,NA,NA,0
41,4,10,NA,NA,NA,0
42,4,10,"E",102,3,0
43,4,10,NA,NA,NA,0
44,4,10,NA,NA,NA,0
45,4,11,"E",184,3,1
46,4,11,NA,NA,NA,0
47,4,11,NA,NA,NA,0
48,4,11,"H",205,2,0
49,6,12,NA,NA,NA,0
50,6,12,"H",221,2,0
51,6,12,NA,NA,NA,0
52,6,12,"H",171,2,0
53,6,12,"E",108,5,1
54,6,12,"H",137,4,2
55,3,13,"E",NA,NA,0
56,3,13,NA,NA,NA,0
57,3,13,NA,NA,NA,0
58,6,14,NA,NA,NA,0
59,6,14,NA,NA,NA,0
60,6,14,NA,NA,NA,0
61,6,14,NA,NA,NA,0
62,6,14,NA,NA,NA,0
63,6,14,NA,NA,NA,0
64,6,15,"E",265,4,1
65,6,15,NA,NA,NA,0
66,6,15,"E",100,5,0
67,6,15,"H",290,3,1
68,6,15,"H",320,1,0
69,6,15,"H",309,2,1
70,5,16,NA,NA,NA,0
71,5,16,NA,NA,NA,0
72,5,16,NA,NA,NA,0
73,5,16,NA,NA,NA,0
74,5,16,"E",183,4,0
75,3,17,NA,NA,NA,0
76,3,17,NA,NA,NA,0
77,3,17,NA,NA,NA,0
78,4,18,"E",NA,NA,0
79,4,18,NA,NA,NA,0
80,4,18,NA,NA,NA,0
81,4,18,NA,NA,NA,0
82,4,19,"E",66,3,0
83,4,19,NA,NA,NA,0
84,4,19,NA,NA,NA,0
85,4,19,NA,NA,NA,0
86,6,20,NA,NA,NA,0
87,6,20,NA,NA,NA,0
88,6,20,NA,NA,NA,0
89,6,20,"H",106,4,0
90,6,20,"E",71,5,1
91,6,20,NA,NA,NA,0
92,6,21,"E",305,4,1
93,6,21,NA,NA,NA,0
94,6,21,NA,NA,NA,0
95,6,21,"H",340,3,1
96,6,21,"E",89,5,0
97,6,21,"H",NA,NA,0
98,3,22,NA,NA,NA,0
99,3,22,NA,NA,NA,0
100,3,22,NA,NA,NA,0
101,5,23,"E",155,4,0
102,5,23,NA,NA,NA,0
103,5,23,NA,NA,NA,0
104,5,23,NA,NA,NA,0
105,5,23,NA,NA,NA,0
106,4,24,"E",26,2,0
107,4,24,"E",35,2,0
108,4,24,NA,NA,NA,0
109,4,24,NA,NA,NA,0
110,6,25,NA,NA,NA,0
111,6,25,NA,NA,NA,0
112,6,25,NA,NA,NA,0
113,6,25,NA,NA,NA,0
114,6,25,NA,NA,NA,0
115,6,25,NA,NA,NA,0
116,4,26,NA,NA,NA,0
117,4,26,NA,NA,NA,0
118,4,26,"E",NA,NA,0
119,4,26,NA,NA,NA,0
120,3,27,NA,NA,NA,0
121,3,27,NA,NA,NA,0
122,3,27,NA,NA,NA,0
123,5,28,NA,NA,NA,0
124,5,28,NA,NA,NA,0
125,5,28,NA,NA,NA,0
126,5,28,NA,NA,NA,0
127,5,28,NA,NA,NA,0
128,3,29,"E",95,2,0
129,3,29,"E",357,0,0
130,3,29,"E",315,1,0
131,6,30,"H",323,0,0
132,6,30,"H",249,3,1
133,6,30,"H",327,0,0
134,6,30,"H",283,2,2
135,6,30,"H",259,2,0
136,6,30,"C",211,5,2
137,4,31,NA,NA,NA,0
138,4,31,NA,NA,NA,0
139,4,31,NA,NA,NA,0
140,4,31,NA,NA,NA,0
141,5,32,"H",163,2,0
142,5,32,NA,NA,NA,0
143,5,32,"E",118,4,2
144,5,32,"H",145,2,0
145,5,32,NA,NA,NA,0
146,4,33,"H",56,2,0
147,4,33,NA,NA,NA,0
148,4,33,"E",17,3,1
149,4,33,NA,NA,NA,0
150,4,34,NA,NA,NA,0
151,4,34,"E",208,3,0
152,4,34,NA,NA,NA,0
153,4,34,NA,NA,NA,0
154,6,35,NA,NA,NA,0
155,6,35,NA,NA,NA,0
156,6,35,NA,NA,NA,0
157,6,35,NA,NA,NA,0
158,6,35,"E",144,5,0
159,6,35,NA,NA,NA,0
160,3,36,NA,NA,NA,0
161,3,36,NA,NA,NA,0
162,3,36,NA,NA,NA,0
163,3,37,NA,NA,NA,0
164,3,37,"E",295,1,0
165,3,37,"E",129,2,0
166,4,38,"H",265,0,0
167,4,38,"H",159,2,1
168,4,38,"C",131,3,1
169,4,38,"H",228,1,1
170,4,39,NA,NA,NA,0
171,4,39,NA,NA,NA,0
172,4,39,NA,NA,NA,0
173,4,39,"E",142,3,0
174,3,40,"H",85,0,0
175,3,40,"E",55,1,1
176,3,40,"E",53,1,0
177,6,41,NA,NA,NA,0
178,6,41,"H",328,2,0
179,6,41,"H",306,3,1
180,6,41,"H",269,4,1
181,6,41,"C",246,5,1
182,6,41,"E",NA,NA,0
183,5,42,NA,NA,NA,0
184,5,42,"E",229,4,2
185,5,42,"H",248,2,0
186,5,42,"H",249,2,0
187,5,42,NA,NA,NA,0
188,6,43,NA,NA,NA,0
189,6,43,NA,NA,NA,0
190,6,43,NA,NA,NA,0
191,6,43,"E",82,5,0
192,6,43,NA,NA,NA,0
193,6,43,NA,NA,NA,0
194,6,44,NA,NA,NA,0
195,6,44,NA,NA,NA,0
196,6,44,NA,NA,NA,0
197,6,44,NA,NA,NA,0
198,6,44,NA,NA,NA,0
199,6,44,"E",287,5,0
200,4,45,NA,NA,NA,0
201,4,45,NA,NA,NA,0
202,4,45,NA,NA,NA,0
203,4,45,NA,NA,NA,0
204,6,46,NA,NA,NA,0
205,6,46,NA,NA,NA,0
206,6,46,NA,NA,NA,0
207,6,46,NA,NA,NA,0
208,6,46,NA,NA,NA,0
209,6,46,NA,NA,NA,0
210,3,47,NA,NA,NA,0
211,3,47,NA,NA,NA,0
212,3,47,NA,NA,NA,0
213,3,48,NA,NA,NA,0
214,3,48,NA,NA,NA,0
215,3,48,"E",305,2,0
216,4,49,NA,NA,NA,0
217,4,49,NA,NA,NA,0
218,4,49,NA,NA,NA,0
219,4,49,NA,NA,NA,0
220,3,50,NA,NA,NA,0
221,3,50,NA,NA,NA,0
222,3,50,NA,NA,NA,0
223,4,51,NA,NA,NA,0
224,4,51,NA,NA,NA,0
225,4,51,NA,NA,NA,0
226,4,51,NA,NA,NA,0
227,5,52,NA,NA,NA,0
228,5,52,NA,NA,NA,0
229,5,52,NA,NA,NA,0
230,5,52,NA,NA,NA,0
231,5,52,NA,NA,NA,0
232,6,53,NA,NA,NA,0
233,6,53,NA,NA,NA,0
234,6,53,NA,NA,NA,0
235,6,53,NA,NA,NA,0
236,6,53,NA,NA,NA,0
237,6,53,NA,NA,NA,0
238,4,54,NA,NA,NA,0
239,4,54,NA,NA,NA,0
240,4,54,NA,NA,NA,0
241,4,54,NA,NA,NA,0
242,5,55,NA,NA,NA,0
243,5,55,NA,NA,NA,0
244,5,55,NA,NA,NA,0
245,5,55,"E",186,4,0
246,5,55,NA,NA,NA,0
247,6,56,NA,NA,NA,0
248,6,56,NA,NA,NA,0
249,6,56,NA,NA,NA,0
250,6,56,NA,NA,NA,0
251,6,56,NA,NA,NA,0
252,6,56,NA,NA,NA,0
253,3,57,"E",154,2,0
254,3,57,NA,NA,NA,0
255,3,57,"E",365,1,0
256,5,58,NA,NA,NA,0
257,5,58,NA,NA,NA,0
258,5,58,NA,NA,NA,0
259,5,58,"E",78,4,0
260,5,58,NA,NA,NA,0
261,4,59,NA,NA,NA,0
262,4,59,"C",76,3,0
263,4,59,NA,NA,NA,0
264,4,59,NA,NA,NA,0
265,3,60,NA,NA,NA,0
266,3,60,NA,NA,NA,0
267,3,60,NA,NA,NA,0
268,6,61,"E",184,5,2
269,6,61,NA,NA,NA,0
270,6,61,"H",213,2,0
271,6,61,"H",249,2,0
272,6,61,"H",202,3,1
273,6,61,NA,NA,NA,0
274,3,62,"E",36,2,0
275,3,62,NA,NA,NA,0
276,3,62,NA,NA,NA,0
277,6,63,NA,NA,NA,0
278,6,63,NA,NA,NA,0
279,6,63,NA,NA,NA,0
280,6,63,NA,NA,NA,0
281,6,63,NA,NA,NA,0
282,6,63,NA,NA,NA,0
283,3,64,NA,NA,NA,0
284,3,64,NA,NA,NA,0
285,3,64,NA,NA,NA,0
286,3,65,NA,NA,NA,0
287,3,65,NA,NA,NA,0
288,3,65,NA,NA,NA,0
289,4,66,"C",204,3,1
290,4,66,"H",262,0,0
291,4,66,"H",247,0,0
292,4,66,"E",238,1,1
293,3,67,NA,NA,NA,0
294,3,67,NA,NA,NA,0
295,3,67,"E",71,2,0
296,4,68,NA,NA,NA,0
297,4,68,NA,NA,NA,0
298,4,68,"E",118,3,1
299,4,68,"H",140,2,0
300,5,69,NA,NA,NA,0
301,5,69,NA,NA,NA,0
302,5,69,NA,NA,NA,0
303,5,69,NA,NA,NA,0
304,5,69,NA,NA,NA,0
305,5,70,NA,NA,NA,0
306,5,70,NA,NA,NA,0
307,5,70,NA,NA,NA,0
308,5,70,"H",294,3,0
309,5,70,"E",272,4,1
310,5,71,NA,NA,NA,0
311,5,71,NA,NA,NA,0
312,5,71,NA,NA,NA,0
313,5,71,"E",74,4,0
314,5,71,NA,NA,NA,0
315,5,72,NA,NA,NA,0
316,5,72,NA,NA,NA,0
317,5,72,NA,NA,NA,0
318,5,72,NA,NA,NA,0
319,5,72,"E",141,4,0
320,3,73,NA,NA,NA,0
321,3,73,NA,NA,NA,0
322,3,73,NA,NA,NA,0
323,4,74,NA,NA,NA,0
324,4,74,"E",87,3,0
325,4,74,NA,NA,NA,0
326,4,74,NA,NA,NA,0
327,4,75,"E",341,3,1
328,4,75,"H",363,2,0
329,4,75,NA,NA,NA,0
330,4,75,NA,NA,NA,0
331,3,76,NA,NA,NA,0
332,3,76,NA,NA,NA,0
333,3,76,NA,NA,NA,0
334,6,77,NA,NA,NA,0
335,6,77,NA,NA,NA,0
336,6,77,NA,NA,NA,0
337,6,77,NA,NA,NA,0
338,6,77,NA,NA,NA,0
339,6,77,NA,NA,NA,0
340,5,78,NA,NA,NA,0
341,5,78,"E",272,3,1
342,5,78,"H",323,2,0
343,5,78,NA,NA,NA,0
344,5,78,"E",237,3,0
345,4,79,"E",220,2,0
346,4,79,NA,NA,NA,0
347,4,79,NA,NA,NA,0
348,4,79,"E",207,2,0
349,3,80,NA,NA,NA,0
350,3,80,NA,NA,NA,0
351,3,80,NA,NA,NA,0
352,3,81,"H",216,1,0
353,3,81,"E",187,2,1
354,3,81,NA,NA,NA,0
355,5,82,NA,NA,NA,0
356,5,82,NA,NA,NA,0
357,5,82,NA,NA,NA,0
358,5,82,NA,NA,NA,0
359,5,82,NA,NA,NA,0
360,3,83,"E",53,2,0
361,3,83,"E",103,1,0
362,3,83,NA,NA,NA,0
363,6,84,"E",209,5,1
364,6,84,"H",286,1,0
365,6,84,"H",285,1,0
366,6,84,"H",256,3,2
367,6,84,NA,NA,NA,0
368,6,84,"H",231,4,1
369,4,85,NA,NA,NA,0
370,4,85,NA,NA,NA,0
371,4,85,NA,NA,NA,0
372,4,85,NA,NA,NA,0
373,6,86,NA,NA,NA,0
374,6,86,"H",288,2,1
375,6,86,"E",210,4,1
376,6,86,"H",309,1,0
377,6,86,"E",246,3,1
378,6,86,"H",269,2,0
379,3,87,NA,NA,NA,0
380,3,87,NA,NA,NA,0
381,3,87,NA,NA,NA,0
382,4,88,NA,NA,NA,0
383,4,88,NA,NA,NA,0
384,4,88,"E",243,2,0
385,4,88,"E",118,3,0
386,6,89,"H",85,3,1
387,6,89,"H",75,3,0
388,6,89,"E",45,5,2
389,6,89,"H",213,1,1
390,6,89,"H",175,2,1
391,6,89,"H",229,0,0
392,3,90,NA,NA,NA,0
393,3,90,NA,NA,NA,0
394,3,90,NA,NA,NA,0
395,3,91,NA,NA,NA,0
396,3,91,NA,NA,NA,0
397,3,91,NA,NA,NA,0
398,4,92,NA,NA,NA,0
399,4,92,NA,NA,NA,0
400,4,92,NA,NA,NA,0
401,4,92,NA,NA,NA,0
402,3,93,NA,NA,NA,0
403,3,93,NA,NA,NA,0
404,3,93,NA,NA,NA,0
405,3,94,NA,NA,NA,0
406,3,94,NA,NA,NA,0
407,3,94,NA,NA,NA,0
408,5,95,"C",132,4,0
409,5,95,NA,NA,NA,0
410,5,95,NA,NA,NA,0
411,5,95,NA,NA,NA,0
412,5,95,NA,NA,NA,0
413,6,96,NA,NA,NA,0
414,6,96,"E",42,5,2
415,6,96,"H",91,2,0
416,6,96,NA,NA,NA,0
417,6,96,"H",66,3,1
418,6,96,"H",69,2,0
419,5,97,NA,NA,NA,0
420,5,97,NA,NA,NA,0
421,5,97,NA,NA,NA,0
422,5,97,NA,NA,NA,0
423,5,97,NA,NA,NA,0
424,4,98,"H",185,2,0
425,4,98,NA,NA,NA,0
426,4,98,NA,NA,NA,0
427,4,98,"E",141,3,1
428,6,99,NA,NA,NA,0
429,6,99,NA,NA,NA,0
430,6,99,"E",141,5,0
431,6,99,NA,NA,NA,0
432,6,99,NA,NA,NA,0
433,6,99,NA,NA,NA,0
434,4,100,NA,NA,NA,0
435,4,100,NA,NA,NA,0
436,4,100,NA,NA,NA,0
437,4,100,NA,NA,NA,0
438,5,101,NA,NA,NA,0
439,5,101,NA,NA,NA,0
440,5,101,"E",210,3,0
441,5,101,"E",206,3,0
442,5,101,NA,NA,NA,0
443,6,102,"H",273,0,0
444,6,102,"H",318,0,0
445,6,102,"H",230,3,3
446,6,102,"H",276,0,0
447,6,102,"H",190,4,1
448,6,102,"E",154,5,1
449,6,103,"E",276,3,0
450,6,103,NA,NA,NA,0
451,6,103,NA,NA,NA,0
452,6,103,"H",205,3,0
453,6,103,"E",160,5,1
454,6,103,NA,NA,NA,0
455,3,104,NA,NA,NA,0
456,3,104,NA,NA,NA,0
457,3,104,NA,NA,NA,0
458,5,105,NA,NA,NA,0
459,5,105,NA,NA,NA,0
460,5,105,NA,NA,NA,0
461,5,105,NA,NA,NA,0
462,5,105,NA,NA,NA,0
463,3,106,"E",349,1,0
464,3,106,NA,NA,NA,0
465,3,106,"E",130,2,0
466,3,107,NA,NA,NA,0
467,3,107,NA,NA,NA,0
468,3,107,NA,NA,NA,0
469,6,108,NA,NA,NA,0
470,6,108,"E",145,5,1
471,6,108,NA,NA,NA,0
472,6,108,"H",170,4,1
473,6,108,"H",195,3,1
474,6,108,"H",223,2,0
475,4,109,NA,NA,NA,0
476,4,109,NA,NA,NA,0
477,4,109,NA,NA,NA,0
478,4,109,NA,NA,NA,0
479,4,110,NA,NA,NA,0
480,4,110,"C",258,3,1
481,4,110,"H",279,2,0
482,4,110,NA,NA,NA,0
483,5,111,NA,NA,NA,0
484,5,111,NA,NA,NA,0
485,5,111,NA,NA,NA,0
486,5,111,NA,NA,NA,0
487,5,111,NA,NA,NA,0
488,4,112,"E",58,3,1
489,4,112,NA,NA,NA,0
490,4,112,"H",91,2,0
491,4,112,"E",179,1,0
492,6,113,NA,NA,NA,0
493,6,113,"E",43,5,0
494,6,113,NA,NA,NA,0
495,6,113,NA,NA,NA,0
496,6,113,NA,NA,NA,0
497,6,113,"E",93,4,0
498,4,114,NA,NA,NA,0
499,4,114,"E",348,3,1
500,4,114,NA,NA,NA,0
501,4,114,"H",NA,NA,0
502,5,115,NA,NA,NA,0
503,5,115,NA,NA,NA,0
504,5,115,NA,NA,NA,0
505,5,115,NA,NA,NA,0
506,5,115,NA,NA,NA,0
507,5,116,"E",231,4,0
508,5,116,NA,NA,NA,0
509,5,116,NA,NA,NA,0
510,5,116,NA,NA,NA,0
511,5,116,NA,NA,NA,0
512,3,117,"E",81,2,0
513,3,117,NA,NA,NA,0
514,3,117,NA,NA,NA,0
515,3,118,NA,NA,NA,0
516,3,118,NA,NA,NA,0
517,3,118,NA,NA,NA,0
518,5,119,NA,NA,NA,0
519,5,119,"H",62,2,0
520,5,119,NA,NA,NA,0
521,5,119,"E",17,4,1
522,5,119,"H",45,3,1
523,3,120,NA,NA,NA,0
524,3,120,NA,NA,NA,0
525,3,120,NA,NA,NA,0
526,4,121,NA,NA,NA,0
527,4,121,NA,NA,NA,0
528,4,121,NA,NA,NA,0
529,4,121,NA,NA,NA,0
530,3,122,"H",173,1,0
531,3,122,NA,NA,NA,0
532,3,122,"E",153,2,1
533,4,123,NA,NA,NA,0
534,4,123,"C",111,3,0
535,4,123,NA,NA,NA,0
536,4,123,NA,NA,NA,0
537,4,124,NA,NA,NA,0
538,4,124,NA,NA,NA,0
539,4,124,NA,NA,NA,0
540,4,124,NA,NA,NA,0
541,6,125,NA,NA,NA,0
542,6,125,NA,NA,NA,0
543,6,125,NA,NA,NA,0
544,6,125,NA,NA,NA,0
545,6,125,NA,NA,NA,0
546,6,125,"E",211,5,0
547,3,126,"E",324,2,1
548,3,126,"H",NA,NA,0
549,3,126,NA,NA,NA,0
550,6,127,NA,NA,NA,0
551,6,127,NA,NA,NA,0
552,6,127,NA,NA,NA,0
553,6,127,NA,NA,NA,0
554,6,127,NA,NA,NA,0
555,6,127,NA,NA,NA,0
556,3,128,NA,NA,NA,0
557,3,128,NA,NA,NA,0
558,3,128,"E",100,2,0
559,3,129,NA,NA,NA,0
560,3,129,NA,NA,NA,0
561,3,129,NA,NA,NA,0
562,3,130,NA,NA,NA,0
563,3,130,NA,NA,NA,0
564,3,130,NA,NA,NA,0
565,3,131,NA,NA,NA,0
566,3,131,NA,NA,NA,0
567,3,131,NA,NA,NA,0
568,3,132,NA,NA,NA,0
569,3,132,NA,NA,NA,0
570,3,132,"E",258,2,0
571,6,133,NA,NA,NA,0
572,6,133,NA,NA,NA,0
573,6,133,NA,NA,NA,0
574,6,133,NA,NA,NA,0
575,6,133,NA,NA,NA,0
576,6,133,NA,NA,NA,0
577,6,134,NA,NA,NA,0
578,6,134,NA,NA,NA,0
579,6,134,NA,NA,NA,0
580,6,134,NA,NA,NA,0
581,6,134,NA,NA,NA,0
582,6,134,NA,NA,NA,0
583,4,135,NA,NA,NA,0
584,4,135,NA,NA,NA,0
585,4,135,"E",106,3,0
586,4,135,NA,NA,NA,0
587,3,136,NA,NA,NA,0
588,3,136,"E",296,2,0
589,3,136,NA,NA,NA,0
590,4,137,NA,NA,NA,0
591,4,137,NA,NA,NA,0
592,4,137,NA,NA,NA,0
593,4,137,NA,NA,NA,0
594,6,138,NA,NA,NA,0
595,6,138,"E",313,4,1
596,6,138,"E",275,5,0
597,6,138,NA,NA,NA,0
598,6,138,"H",335,3,0
599,6,138,NA,NA,NA,0
600,6,139,NA,NA,NA,0
601,6,139,NA,NA,NA,0
602,6,139,NA,NA,NA,0
603,6,139,NA,NA,NA,0
604,6,139,NA,NA,NA,0
605,6,139,NA,NA,NA,0
606,3,140,"E",NA,NA,0
607,3,140,NA,NA,NA,0
608,3,140,NA,NA,NA,0
609,3,141,NA,NA,NA,0
610,3,141,NA,NA,NA,0
611,3,141,NA,NA,NA,0
612,3,142,"E",225,1,1
613,3,142,"E",81,2,0
614,3,142,"H",239,0,0
615,6,143,NA,NA,NA,0
616,6,143,NA,NA,NA,0
617,6,143,NA,NA,NA,0
618,6,143,NA,NA,NA,0
619,6,143,"E",265,5,0
620,6,143,NA,NA,NA,0
621,6,144,NA,NA,NA,0
622,6,144,NA,NA,NA,0
623,6,144,NA,NA,NA,0
624,6,144,NA,NA,NA,0
625,6,144,"E",NA,NA,0
626,6,144,NA,NA,NA,0
627,6,145,NA,NA,NA,0
628,6,145,NA,NA,NA,0
629,6,145,NA,NA,NA,0
630,6,145,NA,NA,NA,0
631,6,145,"H",183,4,0
632,6,145,"E",144,5,1
633,5,146,"E",198,2,1
634,5,146,NA,NA,NA,0
635,5,146,"E",65,4,0
636,5,146,"E",174,3,0
637,5,146,"H",218,1,0
638,4,147,"E",260,3,0
639,4,147,NA,NA,NA,0
640,4,147,NA,NA,NA,0
641,4,147,NA,NA,NA,0
642,4,148,NA,NA,NA,0
643,4,148,"H",288,2,0
644,4,148,NA,NA,NA,0
645,4,148,"E",256,3,1
646,5,149,NA,NA,NA,0
647,5,149,NA,NA,NA,0
648,5,149,NA,NA,NA,0
649,5,149,"E",358,4,1
650,5,149,"H",NA,NA,0
651,5,150,NA,NA,NA,0
652,5,150,NA,NA,NA,0
653,5,150,NA,NA,NA,0
654,5,150,NA,NA,NA,0
655,5,150,NA,NA,NA,0
656,4,151,NA,NA,NA,0
657,4,151,NA,NA,NA,0
658,4,151,NA,NA,NA,0
659,4,151,NA,NA,NA,0
660,3,152,NA,NA,NA,0
661,3,152,"E",203,2,0
662,3,152,"E",238,1,0
663,4,153,NA,NA,NA,0
664,4,153,NA,NA,NA,0
665,4,153,NA,NA,NA,0
666,4,153,NA,NA,NA,0
667,6,154,NA,NA,NA,0
668,6,154,NA,NA,NA,0
669,6,154,NA,NA,NA,0
670,6,154,NA,NA,NA,0
671,6,154,"C",254,5,0
672,6,154,NA,NA,NA,0
673,6,155,NA,NA,NA,0
674,6,155,NA,NA,NA,0
675,6,155,NA,NA,NA,0
676,6,155,NA,NA,NA,0
677,6,155,NA,NA,NA,0
678,6,155,NA,NA,NA,0
679,6,156,NA,NA,NA,0
680,6,156,NA,NA,NA,0
681,6,156,NA,NA,NA,0
682,6,156,NA,NA,NA,0
683,6,156,NA,NA,NA,0
684,6,156,NA,NA,NA,0
685,6,157,NA,NA,NA,0
686,6,157,NA,NA,NA,0
687,6,157,NA,NA,NA,0
688,6,157,NA,NA,NA,0
689,6,157,NA,NA,NA,0
690,6,157,NA,NA,NA,0
691,5,158,NA,NA,NA,0
692,5,158,NA,NA,NA,0
693,5,158,NA,NA,NA,0
694,5,158,NA,NA,NA,0
695,5,158,NA,NA,NA,0
696,6,159,"H",60,2,0
697,6,159,NA,NA,NA,0
698,6,159,"E",17,5,2
699,6,159,"H",38,3,1
700,6,159,"E",180,1,0
701,6,159,"H",75,2,0
702,5,160,NA,NA,NA,0
703,5,160,NA,NA,NA,0
704,5,160,"E",102,4,1
705,5,160,NA,NA,NA,0
706,5,160,"H",175,3,0
707,6,161,"H",345,4,1
708,6,161,NA,NA,NA,0
709,6,161,"E",308,5,1
710,6,161,NA,NA,NA,0
711,6,161,"H",NA,NA,0
712,6,161,NA,NA,NA,0
713,5,162,"H",326,2,0
714,5,162,NA,NA,NA,0
715,5,162,"C",NA,NA,0
716,5,162,NA,NA,NA,0
717,5,162,"E",301,4,1
718,6,163,NA,NA,NA,0
719,6,163,NA,NA,NA,0
720,6,163,NA,NA,NA,0
721,6,163,NA,NA,NA,0
722,6,163,NA,NA,NA,0
723,6,163,NA,NA,NA,0
724,4,164,NA,NA,NA,0
725,4,164,NA,NA,NA,0
726,4,164,NA,NA,NA,0
727,4,164,NA,NA,NA,0
728,6,165,NA,NA,NA,0
729,6,165,NA,NA,NA,0
730,6,165,NA,NA,NA,0
731,6,165,NA,NA,NA,0
732,6,165,NA,NA,NA,0
733,6,165,NA,NA,NA,0
734,3,166,NA,NA,NA,0
735,3,166,NA,NA,NA,0
736,3,166,NA,NA,NA,0
737,6,167,NA,NA,NA,0
738,6,167,NA,NA,NA,0
739,6,167,NA,NA,NA,0
740,6,167,NA,NA,NA,0
741,6,167,NA,NA,NA,0
742,6,167,NA,NA,NA,0
743,6,168,"H",129,4,1
744,6,168,NA,NA,NA,0
745,6,168,"H",188,2,0
746,6,168,NA,NA,NA,0
747,6,168,"H",164,3,1
748,6,168,"E",104,5,1
749,6,169,NA,NA,NA,0
750,6,169,NA,NA,NA,0
751,6,169,NA,NA,NA,0
752,6,169,NA,NA,NA,0
753,6,169,NA,NA,NA,0
754,6,169,NA,NA,NA,0
755,5,170,NA,NA,NA,0
756,5,170,"E",124,3,0
757,5,170,NA,NA,NA,0
758,5,170,"E",182,3,1
759,5,170,"H",210,2,0
760,4,171,"E",149,3,1
761,4,171,"H",168,2,0
762,4,171,NA,NA,NA,0
763,4,171,NA,NA,NA,0
764,5,172,NA,NA,NA,0
765,5,172,NA,NA,NA,0
766,5,172,NA,NA,NA,0
767,5,172,NA,NA,NA,0
768,5,172,NA,NA,NA,0
769,4,173,NA,NA,NA,0
770,4,173,NA,NA,NA,0
771,4,173,"E",348,3,0
772,4,173,NA,NA,NA,0
773,6,174,NA,NA,NA,0
774,6,174,"H",295,2,0
775,6,174,"E",242,4,1
776,6,174,"C",246,4,1
777,6,174,"H",272,2,0
778,6,174,NA,NA,NA,0
779,4,175,"E",180,0,0
780,4,175,"E",112,3,1
781,4,175,"H",142,1,1
782,4,175,"H",205,0,0
783,6,176,NA,NA,NA,0
784,6,176,NA,NA,NA,0
785,6,176,NA,NA,NA,0
786,6,176,NA,NA,NA,0
787,6,176,NA,NA,NA,0
788,6,176,NA,NA,NA,0
789,6,177,"E",133,4,1
790,6,177,NA,NA,NA,0
791,6,177,"H",240,2,0
792,6,177,"H",180,3,1
793,6,177,NA,NA,NA,0
794,6,177,"C",101,5,0
795,5,178,"H",234,2,1
796,5,178,NA,NA,NA,0
797,5,178,"H",296,1,0
798,5,178,"H",223,2,0
799,5,178,"E",193,4,2
800,4,179,"H",188,0,0
801,4,179,"E",115,3,1
802,4,179,"H",134,2,1
803,4,179,"H",153,1,1
804,4,180,"E",357,3,1
805,4,180,NA,NA,NA,0
806,4,180,NA,NA,NA,0
807,4,180,"H",NA,NA,0
808,6,181,NA,NA,NA,0
809,6,181,NA,NA,NA,0
810,6,181,"E",212,5,0
811,6,181,NA,NA,NA,0
812,6,181,NA,NA,NA,0
813,6,181,NA,NA,NA,0
814,3,182,NA,NA,NA,0
815,3,182,NA,NA,NA,0
816,3,182,NA,NA,NA,0
817,4,183,NA,NA,NA,0
818,4,183,NA,NA,NA,0
819,4,183,"E",255,2,0
820,4,183,"E",134,3,0
821,4,184,NA,NA,NA,0
822,4,184,NA,NA,NA,0
823,4,184,NA,NA,NA,0
824,4,184,NA,NA,NA,0
825,5,185,NA,NA,NA,0
826,5,185,NA,NA,NA,0
827,5,185,NA,NA,NA,0
828,5,185,NA,NA,NA,0
829,5,185,NA,NA,NA,0
830,6,186,NA,NA,NA,0
831,6,186,NA,NA,NA,0
832,6,186,NA,NA,NA,0
833,6,186,NA,NA,NA,0
834,6,186,NA,NA,NA,0
835,6,186,NA,NA,NA,0
836,4,187,NA,NA,NA,0
837,4,187,NA,NA,NA,0
838,4,187,NA,NA,NA,0
839,4,187,NA,NA,NA,0
840,4,188,NA,NA,NA,0
841,4,188,"H",246,2,0
842,4,188,NA,NA,NA,0
843,4,188,"E",214,3,1
844,4,189,NA,NA,NA,0
845,4,189,NA,NA,NA,0
846,4,189,"E",162,3,0
847,4,189,NA,NA,NA,0
848,6,190,NA,NA,NA,0
849,6,190,"H",101,3,1
850,6,190,"E",62,5,1
851,6,190,"H",169,1,0
852,6,190,"H",135,2,1
853,6,190,"H",79,4,1
854,6,191,"H",321,3,2
855,6,191,"H",284,4,1
856,6,191,"H",361,1,1
857,6,191,"H",333,1,0
858,6,191,"H",NA,NA,0
859,6,191,"E",259,5,1
860,4,192,"E",82,3,1
861,4,192,NA,NA,NA,0
862,4,192,NA,NA,NA,0
863,4,192,"H",107,2,0
864,3,193,"H",266,1,1
865,3,193,"H",284,0,0
866,3,193,"E",228,2,1
867,6,194,NA,NA,NA,0
868,6,194,NA,NA,NA,0
869,6,194,NA,NA,NA,0
870,6,194,NA,NA,NA,0
871,6,194,"C",342,5,0
872,6,194,NA,NA,NA,0
873,5,195,NA,NA,NA,0
874,5,195,NA,NA,NA,0
875,5,195,NA,NA,NA,0
876,5,195,NA,NA,NA,0
877,5,195,NA,NA,NA,0
878,6,196,NA,NA,NA,0
879,6,196,NA,NA,NA,0
880,6,196,NA,NA,NA,0
881,6,196,NA,NA,NA,0
882,6,196,NA,NA,NA,0
883,6,196,NA,NA,NA,0
884,5,197,NA,NA,NA,0
885,5,197,"E",158,4,0
886,5,197,NA,NA,NA,0
887,5,197,NA,NA,NA,0
888,5,197,NA,NA,NA,0
889,3,198,NA,NA,NA,0
890,3,198,NA,NA,NA,0
891,3,198,NA,NA,NA,0
892,5,199,NA,NA,NA,0
893,5,199,NA,NA,NA,0
894,5,199,NA,NA,NA,0
895,5,199,NA,NA,NA,0
896,5,199,NA,NA,NA,0
897,5,200,NA,NA,NA,0
898,5,200,NA,NA,NA,0
899,5,200,NA,NA,NA,0
900,5,200,NA,NA,NA,0
901,5,200,NA,NA,NA,0
902,4,201,NA,NA,NA,0
903,4,201,NA,NA,NA,0
904,4,201,"E",123,3,0
905,4,201,NA,NA,NA,0
906,4,202,NA,NA,NA,0
907,4,202,NA,NA,NA,0
908,4,202,NA,NA,NA,0
909,4,202,NA,NA,NA,0
910,5,203,NA,NA,NA,0
911,5,203,"E",197,4,0
912,5,203,NA,NA,NA,0
913,5,203,"E",NA,NA,0
914,5,203,NA,NA,NA,0
915,3,204,NA,NA,NA,0
916,3,204,"E",138,2,0
917,3,204,NA,NA,NA,0
918,6,205,"H",266,4,2
919,6,205,"H",295,2,0
920,6,205,"H",297,2,0
921,6,205,"E",235,5,1
922,6,205,NA,NA,NA,0
923,6,205,NA,NA,NA,0
924,3,206,NA,NA,NA,0
925,3,206,"E",323,1,0
926,3,206,"E",121,2,0
927,4,207,NA,NA,NA,0
928,4,207,NA,NA,NA,0
929,4,207,NA,NA,NA,0
930,4,207,NA,NA,NA,0
931,3,208,"C",124,2,1
932,3,208,NA,NA,NA,0
933,3,208,"H",148,1,0
934,3,209,NA,NA,NA,0
935,3,209,NA,NA,NA,0
936,3,209,NA,NA,NA,0
937,3,210,"E",132,2,0
938,3,210,NA,NA,NA,0
939,3,210,NA,NA,NA,0
940,6,211,NA,NA,NA,0
941,6,211,NA,NA,NA,0
942,6,211,NA,NA,NA,0
943,6,211,NA,NA,NA,0
944,6,211,NA,NA,NA,0
945,6,211,NA,NA,NA,0
946,3,212,"E",200,2,0
947,3,212,NA,NA,NA,0
948,3,212,NA,NA,NA,0
949,6,213,NA,NA,NA,0
950,6,213,NA,NA,NA,0
951,6,213,NA,NA,NA,0
952,6,213,NA,NA,NA,0
953,6,213,NA,NA,NA,0
954,6,213,NA,NA,NA,0
955,6,214,NA,NA,NA,0
956,6,214,"E",31,5,0
957,6,214,NA,NA,NA,0
958,6,214,NA,NA,NA,0
959,6,214,"E",257,4,0
960,6,214,NA,NA,NA,0
961,6,215,NA,NA,NA,0
962,6,215,NA,NA,NA,0
963,6,215,NA,NA,NA,0
964,6,215,NA,NA,NA,0
965,6,215,NA,NA,NA,0
966,6,215,NA,NA,NA,0
967,4,216,NA,NA,NA,0
968,4,216,NA,NA,NA,0
969,4,216,NA,NA,NA,0
970,4,216,"E",234,3,0
971,3,217,NA,NA,NA,0
972,3,217,"E",46,2,1
973,3,217,"H",63,1,0
974,3,218,NA,NA,NA,0
975,3,218,NA,NA,NA,0
976,3,218,NA,NA,NA,0
977,5,219,NA,NA,NA,0
978,5,219,NA,NA,NA,0
979,5,219,NA,NA,NA,0
980,5,219,NA,NA,NA,0
981,5,219,NA,NA,NA,0
982,3,220,"E",247,2,1
983,3,220,"H",260,1,1
984,3,220,"H",288,0,0
985,5,221,NA,NA,NA,0
986,5,221,"C",195,4,0
987,5,221,NA,NA,NA,0
988,5,221,NA,NA,NA,0
989,5,221,NA,NA,NA,0
990,5,222,NA,NA,NA,0
991,5,222,NA,NA,NA,0
992,5,222,"E",298,2,0
993,5,222,"E",157,4,0
994,5,222,"E",223,3,0
995,6,223,"H",356,1,0
996,6,223,"H",270,2,1
997,6,223,"E",182,5,2
998,6,223,NA,NA,NA,0
999,6,223,"H",205,3,0
1000,6,223,"H",239,3,1
