"ID","SIZE","HH","TYPE","TIME","S_NUM","I_NUM"
1,5,1,NA,NA,NA,0
2,5,1,NA,NA,NA,0
3,5,1,NA,NA,NA,0
4,5,1,NA,NA,NA,0
5,5,1,NA,NA,NA,0
6,5,2,NA,NA,NA,0
7,5,2,NA,NA,NA,0
8,5,2,NA,NA,NA,0
9,5,2,NA,NA,NA,0
10,5,2,NA,NA,NA,0
11,5,3,NA,NA,NA,0
12,5,3,NA,NA,NA,0
13,5,3,NA,NA,NA,0
14,5,3,"E",241,NA,0
15,5,3,NA,NA,NA,0
16,6,4,NA,NA,NA,0
17,6,4,NA,NA,NA,0
18,6,4,NA,NA,NA,0
19,6,4,NA,NA,NA,0
20,6,4,NA,NA,NA,0
21,6,4,NA,NA,NA,0
22,3,5,NA,NA,NA,0
23,3,5,NA,NA,NA,0
24,3,5,NA,NA,NA,0
25,6,6,NA,NA,NA,0
26,6,6,"E",NA,NA,0
27,6,6,NA,NA,NA,0
28,6,6,NA,NA,NA,0
29,6,6,NA,NA,NA,0
30,6,6,NA,NA,NA,0
31,4,7,"E",121,NA,0
32,4,7,NA,NA,NA,0
33,4,7,"E",204,NA,0
34,4,7,NA,NA,NA,0
35,4,8,NA,NA,NA,0
36,4,8,NA,NA,NA,0
37,4,8,NA,NA,NA,0
38,4,8,NA,NA,NA,0
39,6,9,NA,NA,NA,0
40,6,9,NA,NA,NA,0
41,6,9,NA,NA,NA,0
42,6,9,NA,NA,NA,0
43,6,9,NA,NA,NA,0
44,6,9,NA,NA,NA,0
45,3,10,NA,NA,NA,0
46,3,10,NA,NA,NA,0
47,3,10,NA,NA,NA,0
48,4,11,NA,NA,NA,0
49,4,11,"E",175,NA,0
50,4,11,NA,NA,NA,0
51,4,11,NA,NA,NA,0
52,4,12,NA,NA,NA,0
53,4,12,NA,NA,NA,0
54,4,12,NA,NA,NA,0
55,4,12,NA,NA,NA,0
56,3,13,NA,NA,NA,0
57,3,13,NA,NA,NA,0
58,3,13,NA,NA,NA,0
59,4,14,NA,NA,NA,0
60,4,14,NA,NA,NA,0
61,4,14,NA,NA,NA,0
62,4,14,"E",NA,NA,0
63,4,15,NA,NA,NA,0
64,4,15,NA,NA,NA,0
65,4,15,NA,NA,NA,0
66,4,15,NA,NA,NA,0
67,3,16,NA,NA,NA,0
68,3,16,NA,NA,NA,0
69,3,16,NA,NA,NA,0
70,6,17,NA,NA,NA,0
71,6,17,NA,NA,NA,0
72,6,17,NA,NA,NA,0
73,6,17,NA,NA,NA,0
74,6,17,NA,NA,NA,0
75,6,17,NA,NA,NA,0
76,3,18,NA,NA,NA,0
77,3,18,NA,NA,NA,0
78,3,18,NA,NA,NA,0
79,4,19,NA,NA,NA,0
80,4,19,NA,NA,NA,0
81,4,19,NA,NA,NA,0
82,4,19,NA,NA,NA,0
83,3,20,NA,NA,NA,0
84,3,20,NA,NA,NA,0
85,3,20,NA,NA,NA,0
86,3,21,NA,NA,NA,0
87,3,21,NA,NA,NA,0
88,3,21,NA,NA,NA,0
89,3,22,NA,NA,NA,0
90,3,22,NA,NA,NA,0
91,3,22,NA,NA,NA,0
92,4,23,NA,NA,NA,0
93,4,23,NA,NA,NA,0
94,4,23,NA,NA,NA,0
95,4,23,NA,NA,NA,0
96,3,24,NA,NA,NA,0
97,3,24,NA,NA,NA,0
98,3,24,NA,NA,NA,0
99,4,25,NA,NA,NA,0
100,4,25,"E",NA,NA,0
101,4,25,NA,NA,NA,0
102,4,25,NA,NA,NA,0
103,3,26,NA,NA,NA,0
104,3,26,NA,NA,NA,0
105,3,26,NA,NA,NA,0
106,5,27,NA,NA,NA,0
107,5,27,NA,NA,NA,0
108,5,27,NA,NA,NA,0
109,5,27,NA,NA,NA,0
110,5,27,NA,NA,NA,0
111,3,28,NA,NA,NA,0
112,3,28,NA,NA,NA,0
113,3,28,NA,NA,NA,0
114,3,29,NA,NA,NA,0
115,3,29,NA,NA,NA,0
116,3,29,NA,NA,NA,0
117,4,30,NA,NA,NA,0
118,4,30,"E",NA,NA,0
119,4,30,NA,NA,NA,0
120,4,30,NA,NA,NA,0
121,6,31,NA,NA,NA,0
122,6,31,NA,NA,NA,0
123,6,31,NA,NA,NA,0
124,6,31,NA,NA,NA,0
125,6,31,NA,NA,NA,0
126,6,31,NA,NA,NA,0
127,5,32,NA,NA,NA,0
128,5,32,NA,NA,NA,0
129,5,32,NA,NA,NA,0
130,5,32,NA,NA,NA,0
131,5,32,NA,NA,NA,0
132,6,33,NA,NA,NA,0
133,6,33,NA,NA,NA,0
134,6,33,NA,NA,NA,0
135,6,33,NA,NA,NA,0
136,6,33,NA,NA,NA,0
137,6,33,NA,NA,NA,0
138,5,34,NA,NA,NA,0
139,5,34,NA,NA,NA,0
140,5,34,NA,NA,NA,0
141,5,34,NA,NA,NA,0
142,5,34,NA,NA,NA,0
143,4,35,NA,NA,NA,0
144,4,35,NA,NA,NA,0
145,4,35,NA,NA,NA,0
146,4,35,NA,NA,NA,0
147,3,36,NA,NA,NA,0
148,3,36,NA,NA,NA,0
149,3,36,NA,NA,NA,0
150,5,37,NA,NA,NA,0
151,5,37,NA,NA,NA,0
152,5,37,NA,NA,NA,0
153,5,37,"E",NA,NA,0
154,5,37,NA,NA,NA,0
155,4,38,"E",118,NA,0
156,4,38,"E",50,NA,0
157,4,38,NA,NA,NA,0
158,4,38,NA,NA,NA,0
159,3,39,NA,NA,NA,0
160,3,39,NA,NA,NA,0
161,3,39,NA,NA,NA,0
162,6,40,NA,NA,NA,0
163,6,40,"E",NA,NA,0
164,6,40,NA,NA,NA,0
165,6,40,NA,NA,NA,0
166,6,40,NA,NA,NA,0
167,6,40,NA,NA,NA,0
168,4,41,NA,NA,NA,0
169,4,41,NA,NA,NA,0
170,4,41,NA,NA,NA,0
171,4,41,NA,NA,NA,0
172,3,42,NA,NA,NA,0
173,3,42,NA,NA,NA,0
174,3,42,NA,NA,NA,0
175,5,43,"E",NA,NA,0
176,5,43,NA,NA,NA,0
177,5,43,NA,NA,NA,0
178,5,43,NA,NA,NA,0
179,5,43,NA,NA,NA,0
180,4,44,NA,NA,NA,0
181,4,44,NA,NA,NA,0
182,4,44,NA,NA,NA,0
183,4,44,NA,NA,NA,0
184,5,45,NA,NA,NA,0
185,5,45,NA,NA,NA,0
186,5,45,NA,NA,NA,0
187,5,45,NA,NA,NA,0
188,5,45,NA,NA,NA,0
189,3,46,NA,NA,NA,0
190,3,46,NA,NA,NA,0
191,3,46,NA,NA,NA,0
192,3,47,NA,NA,NA,0
193,3,47,NA,NA,NA,0
194,3,47,NA,NA,NA,0
195,6,48,"E",NA,NA,0
196,6,48,NA,NA,NA,0
197,6,48,NA,NA,NA,0
198,6,48,NA,NA,NA,0
199,6,48,NA,NA,NA,0
200,6,48,NA,NA,NA,0
201,3,49,NA,NA,NA,0
202,3,49,NA,NA,NA,0
203,3,49,NA,NA,NA,0
204,4,50,NA,NA,NA,0
205,4,50,NA,NA,NA,0
206,4,50,NA,NA,NA,0
207,4,50,NA,NA,NA,0
208,4,51,NA,NA,NA,0
209,4,51,NA,NA,NA,0
210,4,51,NA,NA,NA,0
211,4,51,NA,NA,NA,0
212,4,52,NA,NA,NA,0
213,4,52,NA,NA,NA,0
214,4,52,NA,NA,NA,0
215,4,52,NA,NA,NA,0
216,3,53,"E",NA,NA,0
217,3,53,NA,NA,NA,0
218,3,53,"E",323,NA,0
219,4,54,NA,NA,NA,0
220,4,54,NA,NA,NA,0
221,4,54,NA,NA,NA,0
222,4,54,NA,NA,NA,0
223,3,55,NA,NA,NA,0
224,3,55,NA,NA,NA,0
225,3,55,NA,NA,NA,0
226,5,56,NA,NA,NA,0
227,5,56,NA,NA,NA,0
228,5,56,NA,NA,NA,0
229,5,56,NA,NA,NA,0
230,5,56,NA,NA,NA,0
231,6,57,NA,NA,NA,0
232,6,57,NA,NA,NA,0
233,6,57,NA,NA,NA,0
234,6,57,NA,NA,NA,0
235,6,57,NA,NA,NA,0
236,6,57,NA,NA,NA,0
237,4,58,NA,NA,NA,0
238,4,58,NA,NA,NA,0
239,4,58,NA,NA,NA,0
240,4,58,"E",368,NA,0
241,5,59,NA,NA,NA,0
242,5,59,NA,NA,NA,0
243,5,59,NA,NA,NA,0
244,5,59,NA,NA,NA,0
245,5,59,NA,NA,NA,0
246,3,60,NA,NA,NA,0
247,3,60,NA,NA,NA,0
248,3,60,NA,NA,NA,0
249,3,61,NA,NA,NA,0
250,3,61,NA,NA,NA,0
251,3,61,NA,NA,NA,0
252,4,62,NA,NA,NA,0
253,4,62,NA,NA,NA,0
254,4,62,NA,NA,NA,0
255,4,62,NA,NA,NA,0
256,4,63,NA,NA,NA,0
257,4,63,NA,NA,NA,0
258,4,63,NA,NA,NA,0
259,4,63,NA,NA,NA,0
260,6,64,NA,NA,NA,0
261,6,64,NA,NA,NA,0
262,6,64,NA,NA,NA,0
263,6,64,NA,NA,NA,0
264,6,64,NA,NA,NA,0
265,6,64,NA,NA,NA,0
266,3,65,NA,NA,NA,0
267,3,65,NA,NA,NA,0
268,3,65,NA,NA,NA,0
269,5,66,"E",259,NA,0
270,5,66,NA,NA,NA,0
271,5,66,NA,NA,NA,0
272,5,66,NA,NA,NA,0
273,5,66,NA,NA,NA,0
274,5,67,NA,NA,NA,0
275,5,67,NA,NA,NA,0
276,5,67,NA,NA,NA,0
277,5,67,NA,NA,NA,0
278,5,67,NA,NA,NA,0
279,4,68,NA,NA,NA,0
280,4,68,NA,NA,NA,0
281,4,68,NA,NA,NA,0
282,4,68,NA,NA,NA,0
283,6,69,NA,NA,NA,0
284,6,69,NA,NA,NA,0
285,6,69,NA,NA,NA,0
286,6,69,NA,NA,NA,0
287,6,69,NA,NA,NA,0
288,6,69,"E",306,NA,0
289,4,70,NA,NA,NA,0
290,4,70,NA,NA,NA,0
291,4,70,NA,NA,NA,0
292,4,70,NA,NA,NA,0
293,4,71,NA,NA,NA,0
294,4,71,NA,NA,NA,0
295,4,71,NA,NA,NA,0
296,4,71,NA,NA,NA,0
297,4,72,NA,NA,NA,0
298,4,72,NA,NA,NA,0
299,4,72,NA,NA,NA,0
300,4,72,NA,NA,NA,0
301,4,73,NA,NA,NA,0
302,4,73,NA,NA,NA,0
303,4,73,NA,NA,NA,0
304,4,73,NA,NA,NA,0
305,3,74,NA,NA,NA,0
306,3,74,NA,NA,NA,0
307,3,74,NA,NA,NA,0
308,4,75,NA,NA,NA,0
309,4,75,NA,NA,NA,0
310,4,75,NA,NA,NA,0
311,4,75,NA,NA,NA,0
312,3,76,NA,NA,NA,0
313,3,76,NA,NA,NA,0
314,3,76,NA,NA,NA,0
315,3,77,NA,NA,NA,0
316,3,77,NA,NA,NA,0
317,3,77,"E",347,NA,0
318,3,78,NA,NA,NA,0
319,3,78,NA,NA,NA,0
320,3,78,NA,NA,NA,0
321,3,79,NA,NA,NA,0
322,3,79,NA,NA,NA,0
323,3,79,NA,NA,NA,0
324,5,80,NA,NA,NA,0
325,5,80,NA,NA,NA,0
326,5,80,NA,NA,NA,0
327,5,80,NA,NA,NA,0
328,5,80,NA,NA,NA,0
329,4,81,NA,NA,NA,0
330,4,81,NA,NA,NA,0
331,4,81,NA,NA,NA,0
332,4,81,NA,NA,NA,0
333,6,82,NA,NA,NA,0
334,6,82,NA,NA,NA,0
335,6,82,NA,NA,NA,0
336,6,82,NA,NA,NA,0
337,6,82,NA,NA,NA,0
338,6,82,NA,NA,NA,0
339,6,83,NA,NA,NA,0
340,6,83,NA,NA,NA,0
341,6,83,NA,NA,NA,0
342,6,83,NA,NA,NA,0
343,6,83,NA,NA,NA,0
344,6,83,NA,NA,NA,0
345,4,84,NA,NA,NA,0
346,4,84,NA,NA,NA,0
347,4,84,NA,NA,NA,0
348,4,84,NA,NA,NA,0
349,6,85,NA,NA,NA,0
350,6,85,NA,NA,NA,0
351,6,85,NA,NA,NA,0
352,6,85,NA,NA,NA,0
353,6,85,"E",NA,NA,0
354,6,85,NA,NA,NA,0
355,6,86,NA,NA,NA,0
356,6,86,NA,NA,NA,0
357,6,86,NA,NA,NA,0
358,6,86,NA,NA,NA,0
359,6,86,NA,NA,NA,0
360,6,86,NA,NA,NA,0
361,4,87,NA,NA,NA,0
362,4,87,NA,NA,NA,0
363,4,87,NA,NA,NA,0
364,4,87,NA,NA,NA,0
365,6,88,NA,NA,NA,0
366,6,88,NA,NA,NA,0
367,6,88,NA,NA,NA,0
368,6,88,NA,NA,NA,0
369,6,88,NA,NA,NA,0
370,6,88,NA,NA,NA,0
371,5,89,NA,NA,NA,0
372,5,89,NA,NA,NA,0
373,5,89,NA,NA,NA,0
374,5,89,NA,NA,NA,0
375,5,89,NA,NA,NA,0
376,6,90,NA,NA,NA,0
377,6,90,NA,NA,NA,0
378,6,90,NA,NA,NA,0
379,6,90,NA,NA,NA,0
380,6,90,NA,NA,NA,0
381,6,90,NA,NA,NA,0
382,4,91,NA,NA,NA,0
383,4,91,NA,NA,NA,0
384,4,91,NA,NA,NA,0
385,4,91,NA,NA,NA,0
386,5,92,NA,NA,NA,0
387,5,92,NA,NA,NA,0
388,5,92,NA,NA,NA,0
389,5,92,NA,NA,NA,0
390,5,92,NA,NA,NA,0
391,4,93,NA,NA,NA,0
392,4,93,NA,NA,NA,0
393,4,93,NA,NA,NA,0
394,4,93,NA,NA,NA,0
395,5,94,NA,NA,NA,0
396,5,94,NA,NA,NA,0
397,5,94,NA,NA,NA,0
398,5,94,NA,NA,NA,0
399,5,94,NA,NA,NA,0
400,5,95,NA,NA,NA,0
401,5,95,NA,NA,NA,0
402,5,95,NA,NA,NA,0
403,5,95,NA,NA,NA,0
404,5,95,NA,NA,NA,0
405,3,96,NA,NA,NA,0
406,3,96,NA,NA,NA,0
407,3,96,"E",NA,NA,0
408,6,97,NA,NA,NA,0
409,6,97,"E",NA,NA,0
410,6,97,NA,NA,NA,0
411,6,97,NA,NA,NA,0
412,6,97,NA,NA,NA,0
413,6,97,NA,NA,NA,0
414,6,98,NA,NA,NA,0
415,6,98,NA,NA,NA,0
416,6,98,NA,NA,NA,0
417,6,98,NA,NA,NA,0
418,6,98,NA,NA,NA,0
419,6,98,NA,NA,NA,0
420,4,99,"E",NA,NA,0
421,4,99,NA,NA,NA,0
422,4,99,NA,NA,NA,0
423,4,99,NA,NA,NA,0
424,5,100,NA,NA,NA,0
425,5,100,NA,NA,NA,0
426,5,100,NA,NA,NA,0
427,5,100,NA,NA,NA,0
428,5,100,NA,NA,NA,0
429,4,101,"E",NA,NA,0
430,4,101,NA,NA,NA,0
431,4,101,NA,NA,NA,0
432,4,101,NA,NA,NA,0
433,6,102,NA,NA,NA,0
434,6,102,NA,NA,NA,0
435,6,102,NA,NA,NA,0
436,6,102,NA,NA,NA,0
437,6,102,NA,NA,NA,0
438,6,102,NA,NA,NA,0
439,3,103,NA,NA,NA,0
440,3,103,NA,NA,NA,0
441,3,103,NA,NA,NA,0
442,5,104,NA,NA,NA,0
443,5,104,NA,NA,NA,0
444,5,104,NA,NA,NA,0
445,5,104,NA,NA,NA,0
446,5,104,NA,NA,NA,0
447,5,105,NA,NA,NA,0
448,5,105,NA,NA,NA,0
449,5,105,NA,NA,NA,0
450,5,105,NA,NA,NA,0
451,5,105,NA,NA,NA,0
452,4,106,NA,NA,NA,0
453,4,106,NA,NA,NA,0
454,4,106,NA,NA,NA,0
455,4,106,NA,NA,NA,0
456,6,107,NA,NA,NA,0
457,6,107,NA,NA,NA,0
458,6,107,NA,NA,NA,0
459,6,107,NA,NA,NA,0
460,6,107,NA,NA,NA,0
461,6,107,NA,NA,NA,0
462,4,108,NA,NA,NA,0
463,4,108,NA,NA,NA,0
464,4,108,NA,NA,NA,0
465,4,108,NA,NA,NA,0
466,4,109,NA,NA,NA,0
467,4,109,NA,NA,NA,0
468,4,109,NA,NA,NA,0
469,4,109,NA,NA,NA,0
470,6,110,NA,NA,NA,0
471,6,110,NA,NA,NA,0
472,6,110,NA,NA,NA,0
473,6,110,NA,NA,NA,0
474,6,110,NA,NA,NA,0
475,6,110,NA,NA,NA,0
476,6,111,NA,NA,NA,0
477,6,111,NA,NA,NA,0
478,6,111,NA,NA,NA,0
479,6,111,NA,NA,NA,0
480,6,111,NA,NA,NA,0
481,6,111,NA,NA,NA,0
482,6,112,NA,NA,NA,0
483,6,112,NA,NA,NA,0
484,6,112,NA,NA,NA,0
485,6,112,NA,NA,NA,0
486,6,112,NA,NA,NA,0
487,6,112,NA,NA,NA,0
488,6,113,"E",NA,NA,0
489,6,113,NA,NA,NA,0
490,6,113,NA,NA,NA,0
491,6,113,NA,NA,NA,0
492,6,113,NA,NA,NA,0
493,6,113,NA,NA,NA,0
494,6,114,NA,NA,NA,0
495,6,114,NA,NA,NA,0
496,6,114,NA,NA,NA,0
497,6,114,NA,NA,NA,0
498,6,114,"E",261,NA,0
499,6,114,NA,NA,NA,0
500,5,115,NA,NA,NA,0
501,5,115,"E",262,NA,0
502,5,115,NA,NA,NA,0
503,5,115,NA,NA,NA,0
504,5,115,NA,NA,NA,0
505,3,116,NA,NA,NA,0
506,3,116,NA,NA,NA,0
507,3,116,NA,NA,NA,0
508,6,117,NA,NA,NA,0
509,6,117,"E",358,NA,0
510,6,117,NA,NA,NA,0
511,6,117,"E",NA,NA,0
512,6,117,NA,NA,NA,0
513,6,117,NA,NA,NA,0
514,3,118,NA,NA,NA,0
515,3,118,NA,NA,NA,0
516,3,118,NA,NA,NA,0
517,6,119,NA,NA,NA,0
518,6,119,NA,NA,NA,0
519,6,119,NA,NA,NA,0
520,6,119,NA,NA,NA,0
521,6,119,NA,NA,NA,0
522,6,119,NA,NA,NA,0
523,4,120,NA,NA,NA,0
524,4,120,NA,NA,NA,0
525,4,120,NA,NA,NA,0
526,4,120,NA,NA,NA,0
527,6,121,NA,NA,NA,0
528,6,121,NA,NA,NA,0
529,6,121,NA,NA,NA,0
530,6,121,NA,NA,NA,0
531,6,121,NA,NA,NA,0
532,6,121,NA,NA,NA,0
533,5,122,NA,NA,NA,0
534,5,122,NA,NA,NA,0
535,5,122,NA,NA,NA,0
536,5,122,NA,NA,NA,0
537,5,122,NA,NA,NA,0
538,3,123,NA,NA,NA,0
539,3,123,NA,NA,NA,0
540,3,123,NA,NA,NA,0
541,6,124,NA,NA,NA,0
542,6,124,NA,NA,NA,0
543,6,124,NA,NA,NA,0
544,6,124,NA,NA,NA,0
545,6,124,NA,NA,NA,0
546,6,124,NA,NA,NA,0
547,5,125,NA,NA,NA,0
548,5,125,NA,NA,NA,0
549,5,125,NA,NA,NA,0
550,5,125,NA,NA,NA,0
551,5,125,"E",NA,NA,0
552,4,126,NA,NA,NA,0
553,4,126,NA,NA,NA,0
554,4,126,NA,NA,NA,0
555,4,126,NA,NA,NA,0
556,4,127,NA,NA,NA,0
557,4,127,NA,NA,NA,0
558,4,127,NA,NA,NA,0
559,4,127,"E",166,NA,0
560,6,128,NA,NA,NA,0
561,6,128,NA,NA,NA,0
562,6,128,NA,NA,NA,0
563,6,128,NA,NA,NA,0
564,6,128,NA,NA,NA,0
565,6,128,NA,NA,NA,0
566,3,129,NA,NA,NA,0
567,3,129,NA,NA,NA,0
568,3,129,NA,NA,NA,0
569,4,130,NA,NA,NA,0
570,4,130,NA,NA,NA,0
571,4,130,NA,NA,NA,0
572,4,130,NA,NA,NA,0
573,5,131,NA,NA,NA,0
574,5,131,NA,NA,NA,0
575,5,131,NA,NA,NA,0
576,5,131,NA,NA,NA,0
577,5,131,NA,NA,NA,0
578,4,132,NA,NA,NA,0
579,4,132,NA,NA,NA,0
580,4,132,NA,NA,NA,0
581,4,132,NA,NA,NA,0
582,3,133,NA,NA,NA,0
583,3,133,NA,NA,NA,0
584,3,133,NA,NA,NA,0
585,4,134,NA,NA,NA,0
586,4,134,NA,NA,NA,0
587,4,134,NA,NA,NA,0
588,4,134,NA,NA,NA,0
589,5,135,NA,NA,NA,0
590,5,135,NA,NA,NA,0
591,5,135,NA,NA,NA,0
592,5,135,NA,NA,NA,0
593,5,135,NA,NA,NA,0
594,4,136,NA,NA,NA,0
595,4,136,NA,NA,NA,0
596,4,136,NA,NA,NA,0
597,4,136,NA,NA,NA,0
598,3,137,NA,NA,NA,0
599,3,137,NA,NA,NA,0
600,3,137,NA,NA,NA,0
601,6,138,NA,NA,NA,0
602,6,138,NA,NA,NA,0
603,6,138,NA,NA,NA,0
604,6,138,NA,NA,NA,0
605,6,138,NA,NA,NA,0
606,6,138,NA,NA,NA,0
607,4,139,NA,NA,NA,0
608,4,139,NA,NA,NA,0
609,4,139,NA,NA,NA,0
610,4,139,NA,NA,NA,0
611,6,140,NA,NA,NA,0
612,6,140,NA,NA,NA,0
613,6,140,NA,NA,NA,0
614,6,140,NA,NA,NA,0
615,6,140,NA,NA,NA,0
616,6,140,NA,NA,NA,0
617,3,141,NA,NA,NA,0
618,3,141,NA,NA,NA,0
619,3,141,NA,NA,NA,0
620,4,142,NA,NA,NA,0
621,4,142,"E",NA,NA,0
622,4,142,NA,NA,NA,0
623,4,142,NA,NA,NA,0
624,3,143,NA,NA,NA,0
625,3,143,NA,NA,NA,0
626,3,143,NA,NA,NA,0
627,3,144,NA,NA,NA,0
628,3,144,NA,NA,NA,0
629,3,144,NA,NA,NA,0
630,4,145,NA,NA,NA,0
631,4,145,NA,NA,NA,0
632,4,145,NA,NA,NA,0
633,4,145,NA,NA,NA,0
634,3,146,NA,NA,NA,0
635,3,146,NA,NA,NA,0
636,3,146,NA,NA,NA,0
637,3,147,NA,NA,NA,0
638,3,147,NA,NA,NA,0
639,3,147,"E",NA,NA,0
640,4,148,NA,NA,NA,0
641,4,148,NA,NA,NA,0
642,4,148,NA,NA,NA,0
643,4,148,NA,NA,NA,0
644,6,149,NA,NA,NA,0
645,6,149,NA,NA,NA,0
646,6,149,NA,NA,NA,0
647,6,149,NA,NA,NA,0
648,6,149,NA,NA,NA,0
649,6,149,NA,NA,NA,0
650,3,150,NA,NA,NA,0
651,3,150,NA,NA,NA,0
652,3,150,NA,NA,NA,0
653,6,151,NA,NA,NA,0
654,6,151,NA,NA,NA,0
655,6,151,NA,NA,NA,0
656,6,151,NA,NA,NA,0
657,6,151,NA,NA,NA,0
658,6,151,NA,NA,NA,0
659,3,152,NA,NA,NA,0
660,3,152,NA,NA,NA,0
661,3,152,NA,NA,NA,0
662,4,153,NA,NA,NA,0
663,4,153,NA,NA,NA,0
664,4,153,NA,NA,NA,0
665,4,153,NA,NA,NA,0
666,6,154,NA,NA,NA,0
667,6,154,NA,NA,NA,0
668,6,154,NA,NA,NA,0
669,6,154,NA,NA,NA,0
670,6,154,NA,NA,NA,0
671,6,154,NA,NA,NA,0
672,3,155,NA,NA,NA,0
673,3,155,NA,NA,NA,0
674,3,155,NA,NA,NA,0
675,3,156,NA,NA,NA,0
676,3,156,NA,NA,NA,0
677,3,156,NA,NA,NA,0
678,6,157,NA,NA,NA,0
679,6,157,NA,NA,NA,0
680,6,157,NA,NA,NA,0
681,6,157,NA,NA,NA,0
682,6,157,NA,NA,NA,0
683,6,157,NA,NA,NA,0
684,3,158,NA,NA,NA,0
685,3,158,NA,NA,NA,0
686,3,158,NA,NA,NA,0
687,4,159,NA,NA,NA,0
688,4,159,NA,NA,NA,0
689,4,159,NA,NA,NA,0
690,4,159,NA,NA,NA,0
691,4,160,NA,NA,NA,0
692,4,160,NA,NA,NA,0
693,4,160,NA,NA,NA,0
694,4,160,"E",NA,NA,0
695,5,161,NA,NA,NA,0
696,5,161,NA,NA,NA,0
697,5,161,NA,NA,NA,0
698,5,161,NA,NA,NA,0
699,5,161,"E",NA,NA,0
700,5,162,NA,NA,NA,0
701,5,162,NA,NA,NA,0
702,5,162,NA,NA,NA,0
703,5,162,NA,NA,NA,0
704,5,162,"E",208,NA,0
705,4,163,NA,NA,NA,0
706,4,163,NA,NA,NA,0
707,4,163,NA,NA,NA,0
708,4,163,NA,NA,NA,0
709,5,164,NA,NA,NA,0
710,5,164,NA,NA,NA,0
711,5,164,NA,NA,NA,0
712,5,164,NA,NA,NA,0
713,5,164,NA,NA,NA,0
714,3,165,NA,NA,NA,0
715,3,165,NA,NA,NA,0
716,3,165,NA,NA,NA,0
717,4,166,NA,NA,NA,0
718,4,166,NA,NA,NA,0
719,4,166,NA,NA,NA,0
720,4,166,NA,NA,NA,0
721,4,167,NA,NA,NA,0
722,4,167,NA,NA,NA,0
723,4,167,NA,NA,NA,0
724,4,167,NA,NA,NA,0
725,6,168,NA,NA,NA,0
726,6,168,NA,NA,NA,0
727,6,168,NA,NA,NA,0
728,6,168,NA,NA,NA,0
729,6,168,NA,NA,NA,0
730,6,168,NA,NA,NA,0
731,3,169,NA,NA,NA,0
732,3,169,NA,NA,NA,0
733,3,169,NA,NA,NA,0
734,6,170,NA,NA,NA,0
735,6,170,NA,NA,NA,0
736,6,170,NA,NA,NA,0
737,6,170,NA,NA,NA,0
738,6,170,"E",147,NA,0
739,6,170,"E",212,NA,0
740,4,171,NA,NA,NA,0
741,4,171,NA,NA,NA,0
742,4,171,NA,NA,NA,0
743,4,171,"E",NA,NA,0
744,3,172,NA,NA,NA,0
745,3,172,NA,NA,NA,0
746,3,172,NA,NA,NA,0
747,3,173,NA,NA,NA,0
748,3,173,NA,NA,NA,0
749,3,173,NA,NA,NA,0
750,4,174,NA,NA,NA,0
751,4,174,NA,NA,NA,0
752,4,174,NA,NA,NA,0
753,4,174,NA,NA,NA,0
754,6,175,NA,NA,NA,0
755,6,175,NA,NA,NA,0
756,6,175,NA,NA,NA,0
757,6,175,NA,NA,NA,0
758,6,175,NA,NA,NA,0
759,6,175,NA,NA,NA,0
760,3,176,NA,NA,NA,0
761,3,176,NA,NA,NA,0
762,3,176,NA,NA,NA,0
763,5,177,NA,NA,NA,0
764,5,177,NA,NA,NA,0
765,5,177,NA,NA,NA,0
766,5,177,NA,NA,NA,0
767,5,177,NA,NA,NA,0
768,6,178,NA,NA,NA,0
769,6,178,NA,NA,NA,0
770,6,178,NA,NA,NA,0
771,6,178,NA,NA,NA,0
772,6,178,NA,NA,NA,0
773,6,178,NA,NA,NA,0
774,4,179,NA,NA,NA,0
775,4,179,NA,NA,NA,0
776,4,179,NA,NA,NA,0
777,4,179,NA,NA,NA,0
778,3,180,"E",NA,NA,0
779,3,180,NA,NA,NA,0
780,3,180,NA,NA,NA,0
781,5,181,NA,NA,NA,0
782,5,181,NA,NA,NA,0
783,5,181,NA,NA,NA,0
784,5,181,NA,NA,NA,0
785,5,181,"E",345,NA,0
786,4,182,NA,NA,NA,0
787,4,182,NA,NA,NA,0
788,4,182,NA,NA,NA,0
789,4,182,NA,NA,NA,0
790,3,183,NA,NA,NA,0
791,3,183,NA,NA,NA,0
792,3,183,NA,NA,NA,0
793,4,184,NA,NA,NA,0
794,4,184,NA,NA,NA,0
795,4,184,NA,NA,NA,0
796,4,184,NA,NA,NA,0
797,4,185,NA,NA,NA,0
798,4,185,NA,NA,NA,0
799,4,185,NA,NA,NA,0
800,4,185,NA,NA,NA,0
801,3,186,NA,NA,NA,0
802,3,186,NA,NA,NA,0
803,3,186,NA,NA,NA,0
804,3,187,NA,NA,NA,0
805,3,187,NA,NA,NA,0
806,3,187,NA,NA,NA,0
807,3,188,NA,NA,NA,0
808,3,188,NA,NA,NA,0
809,3,188,NA,NA,NA,0
810,3,189,NA,NA,NA,0
811,3,189,NA,NA,NA,0
812,3,189,NA,NA,NA,0
813,6,190,NA,NA,NA,0
814,6,190,NA,NA,NA,0
815,6,190,NA,NA,NA,0
816,6,190,NA,NA,NA,0
817,6,190,NA,NA,NA,0
818,6,190,"E",NA,NA,0
819,5,191,NA,NA,NA,0
820,5,191,NA,NA,NA,0
821,5,191,NA,NA,NA,0
822,5,191,NA,NA,NA,0
823,5,191,NA,NA,NA,0
824,4,192,NA,NA,NA,0
825,4,192,"E",NA,NA,0
826,4,192,NA,NA,NA,0
827,4,192,NA,NA,NA,0
828,3,193,NA,NA,NA,0
829,3,193,NA,NA,NA,0
830,3,193,NA,NA,NA,0
831,3,194,NA,NA,NA,0
832,3,194,NA,NA,NA,0
833,3,194,NA,NA,NA,0
834,3,195,NA,NA,NA,0
835,3,195,NA,NA,NA,0
836,3,195,NA,NA,NA,0
837,4,196,NA,NA,NA,0
838,4,196,NA,NA,NA,0
839,4,196,NA,NA,NA,0
840,4,196,NA,NA,NA,0
841,4,197,NA,NA,NA,0
842,4,197,NA,NA,NA,0
843,4,197,NA,NA,NA,0
844,4,197,NA,NA,NA,0
845,6,198,NA,NA,NA,0
846,6,198,NA,NA,NA,0
847,6,198,NA,NA,NA,0
848,6,198,NA,NA,NA,0
849,6,198,NA,NA,NA,0
850,6,198,NA,NA,NA,0
851,6,199,NA,NA,NA,0
852,6,199,NA,NA,NA,0
853,6,199,NA,NA,NA,0
854,6,199,NA,NA,NA,0
855,6,199,NA,NA,NA,0
856,6,199,NA,NA,NA,0
857,6,200,NA,NA,NA,0
858,6,200,"E",183,NA,0
859,6,200,NA,NA,NA,0
860,6,200,NA,NA,NA,0
861,6,200,NA,NA,NA,0
862,6,200,NA,NA,NA,0
863,6,201,NA,NA,NA,0
864,6,201,NA,NA,NA,0
865,6,201,NA,NA,NA,0
866,6,201,NA,NA,NA,0
867,6,201,NA,NA,NA,0
868,6,201,NA,NA,NA,0
869,6,202,NA,NA,NA,0
870,6,202,NA,NA,NA,0
871,6,202,NA,NA,NA,0
872,6,202,NA,NA,NA,0
873,6,202,NA,NA,NA,0
874,6,202,NA,NA,NA,0
875,4,203,NA,NA,NA,0
876,4,203,NA,NA,NA,0
877,4,203,"E",189,NA,0
878,4,203,NA,NA,NA,0
879,5,204,NA,NA,NA,0
880,5,204,NA,NA,NA,0
881,5,204,NA,NA,NA,0
882,5,204,NA,NA,NA,0
883,5,204,"E",109,NA,0
884,3,205,NA,NA,NA,0
885,3,205,"E",113,NA,0
886,3,205,NA,NA,NA,0
887,6,206,NA,NA,NA,0
888,6,206,"E",NA,NA,0
889,6,206,NA,NA,NA,0
890,6,206,"E",322,NA,0
891,6,206,NA,NA,NA,0
892,6,206,NA,NA,NA,0
893,5,207,NA,NA,NA,0
894,5,207,NA,NA,NA,0
895,5,207,NA,NA,NA,0
896,5,207,NA,NA,NA,0
897,5,207,NA,NA,NA,0
898,4,208,NA,NA,NA,0
899,4,208,"E",180,NA,0
900,4,208,"E",NA,NA,0
901,4,208,NA,NA,NA,0
902,4,209,NA,NA,NA,0
903,4,209,NA,NA,NA,0
904,4,209,NA,NA,NA,0
905,4,209,NA,NA,NA,0
906,4,210,NA,NA,NA,0
907,4,210,NA,NA,NA,0
908,4,210,NA,NA,NA,0
909,4,210,NA,NA,NA,0
910,4,211,NA,NA,NA,0
911,4,211,NA,NA,NA,0
912,4,211,NA,NA,NA,0
913,4,211,NA,NA,NA,0
914,4,212,NA,NA,NA,0
915,4,212,NA,NA,NA,0
916,4,212,NA,NA,NA,0
917,4,212,NA,NA,NA,0
918,6,213,NA,NA,NA,0
919,6,213,NA,NA,NA,0
920,6,213,NA,NA,NA,0
921,6,213,NA,NA,NA,0
922,6,213,NA,NA,NA,0
923,6,213,NA,NA,NA,0
924,6,214,NA,NA,NA,0
925,6,214,NA,NA,NA,0
926,6,214,NA,NA,NA,0
927,6,214,NA,NA,NA,0
928,6,214,NA,NA,NA,0
929,6,214,NA,NA,NA,0
930,5,215,NA,NA,NA,0
931,5,215,NA,NA,NA,0
932,5,215,NA,NA,NA,0
933,5,215,NA,NA,NA,0
934,5,215,NA,NA,NA,0
935,6,216,NA,NA,NA,0
936,6,216,NA,NA,NA,0
937,6,216,NA,NA,NA,0
938,6,216,NA,NA,NA,0
939,6,216,NA,NA,NA,0
940,6,216,NA,NA,NA,0
941,5,217,NA,NA,NA,0
942,5,217,NA,NA,NA,0
943,5,217,NA,NA,NA,0
944,5,217,NA,NA,NA,0
945,5,217,NA,NA,NA,0
946,4,218,NA,NA,NA,0
947,4,218,NA,NA,NA,0
948,4,218,NA,NA,NA,0
949,4,218,NA,NA,NA,0
950,5,219,NA,NA,NA,0
951,5,219,NA,NA,NA,0
952,5,219,NA,NA,NA,0
953,5,219,"E",111,NA,0
954,5,219,NA,NA,NA,0
955,5,220,NA,NA,NA,0
956,5,220,NA,NA,NA,0
957,5,220,NA,NA,NA,0
958,5,220,NA,NA,NA,0
959,5,220,NA,NA,NA,0
960,3,221,NA,NA,NA,0
961,3,221,NA,NA,NA,0
962,3,221,NA,NA,NA,0
963,5,222,NA,NA,NA,0
964,5,222,NA,NA,NA,0
965,5,222,NA,NA,NA,0
966,5,222,NA,NA,NA,0
967,5,222,NA,NA,NA,0
968,5,223,NA,NA,NA,0
969,5,223,NA,NA,NA,0
970,5,223,NA,NA,NA,0
971,5,223,NA,NA,NA,0
972,5,223,NA,NA,NA,0
973,3,224,NA,NA,NA,0
974,3,224,NA,NA,NA,0
975,3,224,NA,NA,NA,0
976,6,225,NA,NA,NA,0
977,6,225,NA,NA,NA,0
978,6,225,NA,NA,NA,0
979,6,225,NA,NA,NA,0
980,6,225,NA,NA,NA,0
981,6,225,NA,NA,NA,0
982,6,226,NA,NA,NA,0
983,6,226,NA,NA,NA,0
984,6,226,NA,NA,NA,0
985,6,226,NA,NA,NA,0
986,6,226,NA,NA,NA,0
987,6,226,NA,NA,NA,0
988,6,227,NA,NA,NA,0
989,6,227,NA,NA,NA,0
990,6,227,NA,NA,NA,0
991,6,227,NA,NA,NA,0
992,6,227,NA,NA,NA,0
993,6,227,NA,NA,NA,0
994,4,228,NA,NA,NA,0
995,4,228,NA,NA,NA,0
996,4,228,NA,NA,NA,0
997,4,228,NA,NA,NA,0
998,3,229,NA,NA,NA,0
999,3,229,NA,NA,NA,0
1000,3,229,NA,NA,NA,0
