"ID","SIZE","HH","TYPE","TIME","S_NUM","I_NUM"
1,3,1,NA,NA,NA,0
2,3,1,NA,NA,NA,0
3,3,1,NA,NA,NA,0
4,5,2,NA,NA,NA,0
5,5,2,NA,NA,NA,0
6,5,2,NA,NA,NA,0
7,5,2,NA,NA,NA,0
8,5,2,NA,NA,NA,0
9,5,3,NA,NA,NA,0
10,5,3,NA,NA,NA,0
11,5,3,NA,NA,NA,0
12,5,3,NA,NA,NA,0
13,5,3,NA,NA,NA,0
14,3,4,NA,NA,NA,0
15,3,4,NA,NA,NA,0
16,3,4,NA,NA,NA,0
17,4,5,NA,NA,NA,0
18,4,5,NA,NA,NA,0
19,4,5,NA,NA,NA,0
20,4,5,NA,NA,NA,0
21,3,6,NA,NA,NA,0
22,3,6,NA,NA,NA,0
23,3,6,NA,NA,NA,0
24,6,7,NA,NA,NA,0
25,6,7,NA,NA,NA,0
26,6,7,NA,NA,NA,0
27,6,7,NA,NA,NA,0
28,6,7,NA,NA,NA,0
29,6,7,NA,NA,NA,0
30,4,8,NA,NA,NA,0
31,4,8,NA,NA,NA,0
32,4,8,NA,NA,NA,0
33,4,8,NA,NA,NA,0
34,5,9,NA,NA,NA,0
35,5,9,NA,NA,NA,0
36,5,9,NA,NA,NA,0
37,5,9,NA,NA,NA,0
38,5,9,NA,NA,NA,0
39,4,10,NA,NA,NA,0
40,4,10,NA,NA,NA,0
41,4,10,NA,NA,NA,0
42,4,10,NA,NA,NA,0
43,4,11,NA,NA,NA,0
44,4,11,NA,NA,NA,0
45,4,11,NA,NA,NA,0
46,4,11,NA,NA,NA,0
47,6,12,NA,NA,NA,0
48,6,12,NA,NA,NA,0
49,6,12,NA,NA,NA,0
50,6,12,NA,NA,NA,0
51,6,12,NA,NA,NA,0
52,6,12,NA,NA,NA,0
53,4,13,NA,NA,NA,0
54,4,13,NA,NA,NA,0
55,4,13,NA,NA,NA,0
56,4,13,NA,NA,NA,0
57,6,14,NA,NA,NA,0
58,6,14,NA,NA,NA,0
59,6,14,NA,NA,NA,0
60,6,14,NA,NA,NA,0
61,6,14,NA,NA,NA,0
62,6,14,NA,NA,NA,0
63,6,15,NA,NA,NA,0
64,6,15,NA,NA,NA,0
65,6,15,NA,NA,NA,0
66,6,15,NA,NA,NA,0
67,6,15,"E",NA,NA,0
68,6,15,NA,NA,NA,0
69,5,16,NA,NA,NA,0
70,5,16,NA,NA,NA,0
71,5,16,NA,NA,NA,0
72,5,16,NA,NA,NA,0
73,5,16,NA,NA,NA,0
74,4,17,"E",NA,NA,0
75,4,17,NA,NA,NA,0
76,4,17,NA,NA,NA,0
77,4,17,NA,NA,NA,0
78,6,18,NA,NA,NA,0
79,6,18,NA,NA,NA,0
80,6,18,NA,NA,NA,0
81,6,18,NA,NA,NA,0
82,6,18,NA,NA,NA,0
83,6,18,NA,NA,NA,0
84,5,19,NA,NA,NA,0
85,5,19,NA,NA,NA,0
86,5,19,NA,NA,NA,0
87,5,19,NA,NA,NA,0
88,5,19,NA,NA,NA,0
89,3,20,NA,NA,NA,0
90,3,20,NA,NA,NA,0
91,3,20,NA,NA,NA,0
92,4,21,NA,NA,NA,0
93,4,21,NA,NA,NA,0
94,4,21,NA,NA,NA,0
95,4,21,NA,NA,NA,0
96,4,22,NA,NA,NA,0
97,4,22,NA,NA,NA,0
98,4,22,NA,NA,NA,0
99,4,22,NA,NA,NA,0
100,3,23,NA,NA,NA,0
101,3,23,NA,NA,NA,0
102,3,23,NA,NA,NA,0
103,4,24,NA,NA,NA,0
104,4,24,NA,NA,NA,0
105,4,24,NA,NA,NA,0
106,4,24,NA,NA,NA,0
107,4,25,NA,NA,NA,0
108,4,25,NA,NA,NA,0
109,4,25,NA,NA,NA,0
110,4,25,NA,NA,NA,0
111,5,26,NA,NA,NA,0
112,5,26,NA,NA,NA,0
113,5,26,NA,NA,NA,0
114,5,26,NA,NA,NA,0
115,5,26,NA,NA,NA,0
116,6,27,NA,NA,NA,0
117,6,27,"E",NA,NA,0
118,6,27,NA,NA,NA,0
119,6,27,NA,NA,NA,0
120,6,27,NA,NA,NA,0
121,6,27,NA,NA,NA,0
122,5,28,NA,NA,NA,0
123,5,28,NA,NA,NA,0
124,5,28,NA,NA,NA,0
125,5,28,NA,NA,NA,0
126,5,28,NA,NA,NA,0
127,3,29,NA,NA,NA,0
128,3,29,NA,NA,NA,0
129,3,29,NA,NA,NA,0
130,3,30,NA,NA,NA,0
131,3,30,NA,NA,NA,0
132,3,30,NA,NA,NA,0
133,5,31,NA,NA,NA,0
134,5,31,NA,NA,NA,0
135,5,31,NA,NA,NA,0
136,5,31,NA,NA,NA,0
137,5,31,NA,NA,NA,0
138,3,32,NA,NA,NA,0
139,3,32,"E",NA,NA,0
140,3,32,NA,NA,NA,0
141,3,33,NA,NA,NA,0
142,3,33,NA,NA,NA,0
143,3,33,NA,NA,NA,0
144,3,34,"E",261,NA,0
145,3,34,NA,NA,NA,0
146,3,34,NA,NA,NA,0
147,5,35,NA,NA,NA,0
148,5,35,NA,NA,NA,0
149,5,35,NA,NA,NA,0
150,5,35,NA,NA,NA,0
151,5,35,NA,NA,NA,0
152,4,36,NA,NA,NA,0
153,4,36,NA,NA,NA,0
154,4,36,"E",69,NA,0
155,4,36,NA,NA,NA,0
156,6,37,NA,NA,NA,0
157,6,37,NA,NA,NA,0
158,6,37,NA,NA,NA,0
159,6,37,NA,NA,NA,0
160,6,37,NA,NA,NA,0
161,6,37,NA,NA,NA,0
162,6,38,NA,NA,NA,0
163,6,38,NA,NA,NA,0
164,6,38,NA,NA,NA,0
165,6,38,NA,NA,NA,0
166,6,38,NA,NA,NA,0
167,6,38,NA,NA,NA,0
168,3,39,NA,NA,NA,0
169,3,39,NA,NA,NA,0
170,3,39,"E",NA,NA,0
171,4,40,NA,NA,NA,0
172,4,40,NA,NA,NA,0
173,4,40,NA,NA,NA,0
174,4,40,NA,NA,NA,0
175,5,41,NA,NA,NA,0
176,5,41,NA,NA,NA,0
177,5,41,NA,NA,NA,0
178,5,41,NA,NA,NA,0
179,5,41,NA,NA,NA,0
180,5,42,NA,NA,NA,0
181,5,42,NA,NA,NA,0
182,5,42,NA,NA,NA,0
183,5,42,NA,NA,NA,0
184,5,42,NA,NA,NA,0
185,5,43,NA,NA,NA,0
186,5,43,NA,NA,NA,0
187,5,43,NA,NA,NA,0
188,5,43,NA,NA,NA,0
189,5,43,NA,NA,NA,0
190,5,44,NA,NA,NA,0
191,5,44,NA,NA,NA,0
192,5,44,NA,NA,NA,0
193,5,44,NA,NA,NA,0
194,5,44,NA,NA,NA,0
195,6,45,NA,NA,NA,0
196,6,45,NA,NA,NA,0
197,6,45,NA,NA,NA,0
198,6,45,NA,NA,NA,0
199,6,45,NA,NA,NA,0
200,6,45,NA,NA,NA,0
201,6,46,NA,NA,NA,0
202,6,46,NA,NA,NA,0
203,6,46,NA,NA,NA,0
204,6,46,NA,NA,NA,0
205,6,46,NA,NA,NA,0
206,6,46,NA,NA,NA,0
207,4,47,NA,NA,NA,0
208,4,47,NA,NA,NA,0
209,4,47,NA,NA,NA,0
210,4,47,"E",98,NA,0
211,5,48,NA,NA,NA,0
212,5,48,NA,NA,NA,0
213,5,48,NA,NA,NA,0
214,5,48,"E",NA,NA,0
215,5,48,NA,NA,NA,0
216,4,49,NA,NA,NA,0
217,4,49,NA,NA,NA,0
218,4,49,NA,NA,NA,0
219,4,49,NA,NA,NA,0
220,5,50,NA,NA,NA,0
221,5,50,NA,NA,NA,0
222,5,50,NA,NA,NA,0
223,5,50,"E",NA,NA,0
224,5,50,NA,NA,NA,0
225,4,51,NA,NA,NA,0
226,4,51,NA,NA,NA,0
227,4,51,NA,NA,NA,0
228,4,51,NA,NA,NA,0
229,4,52,NA,NA,NA,0
230,4,52,NA,NA,NA,0
231,4,52,NA,NA,NA,0
232,4,52,NA,NA,NA,0
233,6,53,NA,NA,NA,0
234,6,53,NA,NA,NA,0
235,6,53,NA,NA,NA,0
236,6,53,NA,NA,NA,0
237,6,53,NA,NA,NA,0
238,6,53,NA,NA,NA,0
239,5,54,NA,NA,NA,0
240,5,54,NA,NA,NA,0
241,5,54,NA,NA,NA,0
242,5,54,NA,NA,NA,0
243,5,54,NA,NA,NA,0
244,5,55,NA,NA,NA,0
245,5,55,"E",NA,NA,0
246,5,55,NA,NA,NA,0
247,5,55,"E",218,NA,0
248,5,55,NA,NA,NA,0
249,6,56,NA,NA,NA,0
250,6,56,NA,NA,NA,0
251,6,56,NA,NA,NA,0
252,6,56,NA,NA,NA,0
253,6,56,NA,NA,NA,0
254,6,56,NA,NA,NA,0
255,6,57,NA,NA,NA,0
256,6,57,NA,NA,NA,0
257,6,57,NA,NA,NA,0
258,6,57,NA,NA,NA,0
259,6,57,NA,NA,NA,0
260,6,57,NA,NA,NA,0
261,3,58,NA,NA,NA,0
262,3,58,NA,NA,NA,0
263,3,58,NA,NA,NA,0
264,6,59,NA,NA,NA,0
265,6,59,NA,NA,NA,0
266,6,59,NA,NA,NA,0
267,6,59,NA,NA,NA,0
268,6,59,NA,NA,NA,0
269,6,59,NA,NA,NA,0
270,5,60,NA,NA,NA,0
271,5,60,NA,NA,NA,0
272,5,60,NA,NA,NA,0
273,5,60,NA,NA,NA,0
274,5,60,NA,NA,NA,0
275,6,61,NA,NA,NA,0
276,6,61,NA,NA,NA,0
277,6,61,NA,NA,NA,0
278,6,61,NA,NA,NA,0
279,6,61,NA,NA,NA,0
280,6,61,NA,NA,NA,0
281,5,62,NA,NA,NA,0
282,5,62,NA,NA,NA,0
283,5,62,NA,NA,NA,0
284,5,62,NA,NA,NA,0
285,5,62,NA,NA,NA,0
286,3,63,NA,NA,NA,0
287,3,63,NA,NA,NA,0
288,3,63,NA,NA,NA,0
289,5,64,NA,NA,NA,0
290,5,64,NA,NA,NA,0
291,5,64,NA,NA,NA,0
292,5,64,NA,NA,NA,0
293,5,64,NA,NA,NA,0
294,6,65,NA,NA,NA,0
295,6,65,NA,NA,NA,0
296,6,65,"E",NA,NA,0
297,6,65,NA,NA,NA,0
298,6,65,NA,NA,NA,0
299,6,65,NA,NA,NA,0
300,6,66,NA,NA,NA,0
301,6,66,NA,NA,NA,0
302,6,66,NA,NA,NA,0
303,6,66,NA,NA,NA,0
304,6,66,NA,NA,NA,0
305,6,66,NA,NA,NA,0
306,5,67,NA,NA,NA,0
307,5,67,NA,NA,NA,0
308,5,67,NA,NA,NA,0
309,5,67,NA,NA,NA,0
310,5,67,NA,NA,NA,0
311,6,68,NA,NA,NA,0
312,6,68,NA,NA,NA,0
313,6,68,NA,NA,NA,0
314,6,68,NA,NA,NA,0
315,6,68,NA,NA,NA,0
316,6,68,NA,NA,NA,0
317,5,69,NA,NA,NA,0
318,5,69,NA,NA,NA,0
319,5,69,NA,NA,NA,0
320,5,69,NA,NA,NA,0
321,5,69,NA,NA,NA,0
322,3,70,NA,NA,NA,0
323,3,70,NA,NA,NA,0
324,3,70,NA,NA,NA,0
325,3,71,NA,NA,NA,0
326,3,71,NA,NA,NA,0
327,3,71,NA,NA,NA,0
328,5,72,"E",NA,NA,0
329,5,72,NA,NA,NA,0
330,5,72,"E",NA,NA,0
331,5,72,NA,NA,NA,0
332,5,72,NA,NA,NA,0
333,6,73,NA,NA,NA,0
334,6,73,NA,NA,NA,0
335,6,73,NA,NA,NA,0
336,6,73,NA,NA,NA,0
337,6,73,NA,NA,NA,0
338,6,73,NA,NA,NA,0
339,6,74,NA,NA,NA,0
340,6,74,NA,NA,NA,0
341,6,74,NA,NA,NA,0
342,6,74,NA,NA,NA,0
343,6,74,NA,NA,NA,0
344,6,74,NA,NA,NA,0
345,3,75,NA,NA,NA,0
346,3,75,NA,NA,NA,0
347,3,75,NA,NA,NA,0
348,4,76,NA,NA,NA,0
349,4,76,NA,NA,NA,0
350,4,76,NA,NA,NA,0
351,4,76,NA,NA,NA,0
352,3,77,NA,NA,NA,0
353,3,77,NA,NA,NA,0
354,3,77,NA,NA,NA,0
355,5,78,NA,NA,NA,0
356,5,78,NA,NA,NA,0
357,5,78,NA,NA,NA,0
358,5,78,NA,NA,NA,0
359,5,78,NA,NA,NA,0
360,3,79,NA,NA,NA,0
361,3,79,NA,NA,NA,0
362,3,79,NA,NA,NA,0
363,3,80,NA,NA,NA,0
364,3,80,"E",135,NA,0
365,3,80,NA,NA,NA,0
366,4,81,NA,NA,NA,0
367,4,81,NA,NA,NA,0
368,4,81,NA,NA,NA,0
369,4,81,NA,NA,NA,0
370,4,82,NA,NA,NA,0
371,4,82,NA,NA,NA,0
372,4,82,NA,NA,NA,0
373,4,82,NA,NA,NA,0
374,6,83,NA,NA,NA,0
375,6,83,NA,NA,NA,0
376,6,83,NA,NA,NA,0
377,6,83,NA,NA,NA,0
378,6,83,NA,NA,NA,0
379,6,83,NA,NA,NA,0
380,3,84,NA,NA,NA,0
381,3,84,NA,NA,NA,0
382,3,84,"E",NA,NA,0
383,5,85,NA,NA,NA,0
384,5,85,NA,NA,NA,0
385,5,85,NA,NA,NA,0
386,5,85,NA,NA,NA,0
387,5,85,NA,NA,NA,0
388,5,86,NA,NA,NA,0
389,5,86,NA,NA,NA,0
390,5,86,NA,NA,NA,0
391,5,86,NA,NA,NA,0
392,5,86,NA,NA,NA,0
393,5,87,NA,NA,NA,0
394,5,87,"E",NA,NA,0
395,5,87,NA,NA,NA,0
396,5,87,NA,NA,NA,0
397,5,87,NA,NA,NA,0
398,4,88,NA,NA,NA,0
399,4,88,NA,NA,NA,0
400,4,88,NA,NA,NA,0
401,4,88,NA,NA,NA,0
402,4,89,NA,NA,NA,0
403,4,89,NA,NA,NA,0
404,4,89,NA,NA,NA,0
405,4,89,"E",NA,NA,0
406,4,90,NA,NA,NA,0
407,4,90,NA,NA,NA,0
408,4,90,NA,NA,NA,0
409,4,90,NA,NA,NA,0
410,3,91,NA,NA,NA,0
411,3,91,NA,NA,NA,0
412,3,91,"E",NA,NA,0
413,5,92,NA,NA,NA,0
414,5,92,NA,NA,NA,0
415,5,92,NA,NA,NA,0
416,5,92,NA,NA,NA,0
417,5,92,NA,NA,NA,0
418,4,93,NA,NA,NA,0
419,4,93,NA,NA,NA,0
420,4,93,NA,NA,NA,0
421,4,93,NA,NA,NA,0
422,3,94,"E",102,NA,0
423,3,94,NA,NA,NA,0
424,3,94,NA,NA,NA,0
425,6,95,NA,NA,NA,0
426,6,95,NA,NA,NA,0
427,6,95,NA,NA,NA,0
428,6,95,NA,NA,NA,0
429,6,95,NA,NA,NA,0
430,6,95,NA,NA,NA,0
431,4,96,NA,NA,NA,0
432,4,96,NA,NA,NA,0
433,4,96,NA,NA,NA,0
434,4,96,NA,NA,NA,0
435,3,97,NA,NA,NA,0
436,3,97,NA,NA,NA,0
437,3,97,"E",NA,NA,0
438,5,98,NA,NA,NA,0
439,5,98,NA,NA,NA,0
440,5,98,NA,NA,NA,0
441,5,98,NA,NA,NA,0
442,5,98,NA,NA,NA,0
443,3,99,NA,NA,NA,0
444,3,99,NA,NA,NA,0
445,3,99,NA,NA,NA,0
446,3,100,NA,NA,NA,0
447,3,100,NA,NA,NA,0
448,3,100,NA,NA,NA,0
449,6,101,NA,NA,NA,0
450,6,101,NA,NA,NA,0
451,6,101,NA,NA,NA,0
452,6,101,NA,NA,NA,0
453,6,101,NA,NA,NA,0
454,6,101,NA,NA,NA,0
455,4,102,NA,NA,NA,0
456,4,102,NA,NA,NA,0
457,4,102,NA,NA,NA,0
458,4,102,NA,NA,NA,0
459,3,103,NA,NA,NA,0
460,3,103,NA,NA,NA,0
461,3,103,NA,NA,NA,0
462,5,104,NA,NA,NA,0
463,5,104,NA,NA,NA,0
464,5,104,NA,NA,NA,0
465,5,104,NA,NA,NA,0
466,5,104,NA,NA,NA,0
467,5,105,NA,NA,NA,0
468,5,105,NA,NA,NA,0
469,5,105,NA,NA,NA,0
470,5,105,NA,NA,NA,0
471,5,105,NA,NA,NA,0
472,4,106,NA,NA,NA,0
473,4,106,NA,NA,NA,0
474,4,106,NA,NA,NA,0
475,4,106,NA,NA,NA,0
476,3,107,NA,NA,NA,0
477,3,107,NA,NA,NA,0
478,3,107,NA,NA,NA,0
479,3,108,"E",NA,NA,0
480,3,108,NA,NA,NA,0
481,3,108,NA,NA,NA,0
482,3,109,NA,NA,NA,0
483,3,109,NA,NA,NA,0
484,3,109,NA,NA,NA,0
485,5,110,NA,NA,NA,0
486,5,110,NA,NA,NA,0
487,5,110,NA,NA,NA,0
488,5,110,NA,NA,NA,0
489,5,110,NA,NA,NA,0
490,5,111,NA,NA,NA,0
491,5,111,NA,NA,NA,0
492,5,111,NA,NA,NA,0
493,5,111,NA,NA,NA,0
494,5,111,NA,NA,NA,0
495,4,112,NA,NA,NA,0
496,4,112,NA,NA,NA,0
497,4,112,NA,NA,NA,0
498,4,112,NA,NA,NA,0
499,3,113,NA,NA,NA,0
500,3,113,NA,NA,NA,0
501,3,113,NA,NA,NA,0
502,4,114,NA,NA,NA,0
503,4,114,NA,NA,NA,0
504,4,114,NA,NA,NA,0
505,4,114,NA,NA,NA,0
506,4,115,NA,NA,NA,0
507,4,115,NA,NA,NA,0
508,4,115,NA,NA,NA,0
509,4,115,NA,NA,NA,0
510,5,116,NA,NA,NA,0
511,5,116,NA,NA,NA,0
512,5,116,NA,NA,NA,0
513,5,116,"E",NA,NA,0
514,5,116,NA,NA,NA,0
515,6,117,"E",NA,NA,0
516,6,117,NA,NA,NA,0
517,6,117,NA,NA,NA,0
518,6,117,NA,NA,NA,0
519,6,117,NA,NA,NA,0
520,6,117,NA,NA,NA,0
521,6,118,NA,NA,NA,0
522,6,118,NA,NA,NA,0
523,6,118,NA,NA,NA,0
524,6,118,NA,NA,NA,0
525,6,118,NA,NA,NA,0
526,6,118,NA,NA,NA,0
527,3,119,"E",143,NA,0
528,3,119,NA,NA,NA,0
529,3,119,NA,NA,NA,0
530,4,120,NA,NA,NA,0
531,4,120,NA,NA,NA,0
532,4,120,NA,NA,NA,0
533,4,120,NA,NA,NA,0
534,4,121,NA,NA,NA,0
535,4,121,NA,NA,NA,0
536,4,121,NA,NA,NA,0
537,4,121,NA,NA,NA,0
538,4,122,NA,NA,NA,0
539,4,122,NA,NA,NA,0
540,4,122,NA,NA,NA,0
541,4,122,NA,NA,NA,0
542,3,123,NA,NA,NA,0
543,3,123,NA,NA,NA,0
544,3,123,NA,NA,NA,0
545,6,124,NA,NA,NA,0
546,6,124,"E",118,NA,0
547,6,124,NA,NA,NA,0
548,6,124,NA,NA,NA,0
549,6,124,NA,NA,NA,0
550,6,124,NA,NA,NA,0
551,6,125,NA,NA,NA,0
552,6,125,NA,NA,NA,0
553,6,125,NA,NA,NA,0
554,6,125,"E",199,NA,0
555,6,125,NA,NA,NA,0
556,6,125,NA,NA,NA,0
557,4,126,NA,NA,NA,0
558,4,126,NA,NA,NA,0
559,4,126,NA,NA,NA,0
560,4,126,NA,NA,NA,0
561,6,127,NA,NA,NA,0
562,6,127,NA,NA,NA,0
563,6,127,NA,NA,NA,0
564,6,127,NA,NA,NA,0
565,6,127,NA,NA,NA,0
566,6,127,NA,NA,NA,0
567,5,128,NA,NA,NA,0
568,5,128,NA,NA,NA,0
569,5,128,NA,NA,NA,0
570,5,128,NA,NA,NA,0
571,5,128,NA,NA,NA,0
572,3,129,NA,NA,NA,0
573,3,129,NA,NA,NA,0
574,3,129,NA,NA,NA,0
575,3,130,NA,NA,NA,0
576,3,130,NA,NA,NA,0
577,3,130,NA,NA,NA,0
578,4,131,NA,NA,NA,0
579,4,131,NA,NA,NA,0
580,4,131,NA,NA,NA,0
581,4,131,NA,NA,NA,0
582,5,132,NA,NA,NA,0
583,5,132,NA,NA,NA,0
584,5,132,NA,NA,NA,0
585,5,132,NA,NA,NA,0
586,5,132,NA,NA,NA,0
587,3,133,NA,NA,NA,0
588,3,133,NA,NA,NA,0
589,3,133,NA,NA,NA,0
590,3,134,NA,NA,NA,0
591,3,134,NA,NA,NA,0
592,3,134,"E",70,NA,0
593,5,135,NA,NA,NA,0
594,5,135,NA,NA,NA,0
595,5,135,NA,NA,NA,0
596,5,135,NA,NA,NA,0
597,5,135,NA,NA,NA,0
598,5,136,NA,NA,NA,0
599,5,136,NA,NA,NA,0
600,5,136,NA,NA,NA,0
601,5,136,NA,NA,NA,0
602,5,136,NA,NA,NA,0
603,5,137,NA,NA,NA,0
604,5,137,NA,NA,NA,0
605,5,137,NA,NA,NA,0
606,5,137,NA,NA,NA,0
607,5,137,NA,NA,NA,0
608,5,138,NA,NA,NA,0
609,5,138,NA,NA,NA,0
610,5,138,NA,NA,NA,0
611,5,138,"E",349,NA,0
612,5,138,NA,NA,NA,0
613,4,139,NA,NA,NA,0
614,4,139,NA,NA,NA,0
615,4,139,NA,NA,NA,0
616,4,139,NA,NA,NA,0
617,4,140,NA,NA,NA,0
618,4,140,NA,NA,NA,0
619,4,140,NA,NA,NA,0
620,4,140,NA,NA,NA,0
621,6,141,NA,NA,NA,0
622,6,141,NA,NA,NA,0
623,6,141,NA,NA,NA,0
624,6,141,NA,NA,NA,0
625,6,141,NA,NA,NA,0
626,6,141,NA,NA,NA,0
627,6,142,NA,NA,NA,0
628,6,142,NA,NA,NA,0
629,6,142,NA,NA,NA,0
630,6,142,NA,NA,NA,0
631,6,142,NA,NA,NA,0
632,6,142,NA,NA,NA,0
633,4,143,NA,NA,NA,0
634,4,143,NA,NA,NA,0
635,4,143,NA,NA,NA,0
636,4,143,NA,NA,NA,0
637,6,144,NA,NA,NA,0
638,6,144,NA,NA,NA,0
639,6,144,NA,NA,NA,0
640,6,144,NA,NA,NA,0
641,6,144,NA,NA,NA,0
642,6,144,NA,NA,NA,0
643,4,145,NA,NA,NA,0
644,4,145,NA,NA,NA,0
645,4,145,NA,NA,NA,0
646,4,145,NA,NA,NA,0
647,6,146,NA,NA,NA,0
648,6,146,NA,NA,NA,0
649,6,146,NA,NA,NA,0
650,6,146,NA,NA,NA,0
651,6,146,NA,NA,NA,0
652,6,146,NA,NA,NA,0
653,6,147,NA,NA,NA,0
654,6,147,NA,NA,NA,0
655,6,147,NA,NA,NA,0
656,6,147,NA,NA,NA,0
657,6,147,NA,NA,NA,0
658,6,147,NA,NA,NA,0
659,3,148,NA,NA,NA,0
660,3,148,NA,NA,NA,0
661,3,148,NA,NA,NA,0
662,5,149,NA,NA,NA,0
663,5,149,"E",NA,NA,0
664,5,149,NA,NA,NA,0
665,5,149,NA,NA,NA,0
666,5,149,NA,NA,NA,0
667,6,150,NA,NA,NA,0
668,6,150,NA,NA,NA,0
669,6,150,NA,NA,NA,0
670,6,150,NA,NA,NA,0
671,6,150,NA,NA,NA,0
672,6,150,NA,NA,NA,0
673,4,151,NA,NA,NA,0
674,4,151,NA,NA,NA,0
675,4,151,NA,NA,NA,0
676,4,151,NA,NA,NA,0
677,3,152,NA,NA,NA,0
678,3,152,NA,NA,NA,0
679,3,152,NA,NA,NA,0
680,3,153,NA,NA,NA,0
681,3,153,NA,NA,NA,0
682,3,153,NA,NA,NA,0
683,3,154,NA,NA,NA,0
684,3,154,NA,NA,NA,0
685,3,154,NA,NA,NA,0
686,3,155,NA,NA,NA,0
687,3,155,NA,NA,NA,0
688,3,155,NA,NA,NA,0
689,3,156,NA,NA,NA,0
690,3,156,NA,NA,NA,0
691,3,156,NA,NA,NA,0
692,5,157,NA,NA,NA,0
693,5,157,NA,NA,NA,0
694,5,157,NA,NA,NA,0
695,5,157,NA,NA,NA,0
696,5,157,NA,NA,NA,0
697,5,158,NA,NA,NA,0
698,5,158,NA,NA,NA,0
699,5,158,NA,NA,NA,0
700,5,158,NA,NA,NA,0
701,5,158,NA,NA,NA,0
702,6,159,NA,NA,NA,0
703,6,159,NA,NA,NA,0
704,6,159,NA,NA,NA,0
705,6,159,NA,NA,NA,0
706,6,159,NA,NA,NA,0
707,6,159,NA,NA,NA,0
708,6,160,NA,NA,NA,0
709,6,160,NA,NA,NA,0
710,6,160,NA,NA,NA,0
711,6,160,NA,NA,NA,0
712,6,160,NA,NA,NA,0
713,6,160,NA,NA,NA,0
714,4,161,NA,NA,NA,0
715,4,161,NA,NA,NA,0
716,4,161,NA,NA,NA,0
717,4,161,NA,NA,NA,0
718,3,162,NA,NA,NA,0
719,3,162,NA,NA,NA,0
720,3,162,NA,NA,NA,0
721,4,163,"E",NA,NA,0
722,4,163,NA,NA,NA,0
723,4,163,NA,NA,NA,0
724,4,163,NA,NA,NA,0
725,4,164,NA,NA,NA,0
726,4,164,NA,NA,NA,0
727,4,164,"E",NA,NA,0
728,4,164,NA,NA,NA,0
729,3,165,"E",NA,NA,0
730,3,165,NA,NA,NA,0
731,3,165,NA,NA,NA,0
732,6,166,NA,NA,NA,0
733,6,166,NA,NA,NA,0
734,6,166,NA,NA,NA,0
735,6,166,NA,NA,NA,0
736,6,166,NA,NA,NA,0
737,6,166,NA,NA,NA,0
738,5,167,NA,NA,NA,0
739,5,167,NA,NA,NA,0
740,5,167,NA,NA,NA,0
741,5,167,NA,NA,NA,0
742,5,167,NA,NA,NA,0
743,5,168,NA,NA,NA,0
744,5,168,NA,NA,NA,0
745,5,168,NA,NA,NA,0
746,5,168,NA,NA,NA,0
747,5,168,NA,NA,NA,0
748,6,169,NA,NA,NA,0
749,6,169,NA,NA,NA,0
750,6,169,NA,NA,NA,0
751,6,169,NA,NA,NA,0
752,6,169,NA,NA,NA,0
753,6,169,NA,NA,NA,0
754,6,170,NA,NA,NA,0
755,6,170,NA,NA,NA,0
756,6,170,NA,NA,NA,0
757,6,170,NA,NA,NA,0
758,6,170,NA,NA,NA,0
759,6,170,NA,NA,NA,0
760,4,171,NA,NA,NA,0
761,4,171,NA,NA,NA,0
762,4,171,NA,NA,NA,0
763,4,171,NA,NA,NA,0
764,6,172,NA,NA,NA,0
765,6,172,NA,NA,NA,0
766,6,172,NA,NA,NA,0
767,6,172,NA,NA,NA,0
768,6,172,NA,NA,NA,0
769,6,172,NA,NA,NA,0
770,5,173,"E",NA,NA,0
771,5,173,NA,NA,NA,0
772,5,173,"E",NA,NA,0
773,5,173,NA,NA,NA,0
774,5,173,NA,NA,NA,0
775,4,174,NA,NA,NA,0
776,4,174,NA,NA,NA,0
777,4,174,NA,NA,NA,0
778,4,174,"E",NA,NA,0
779,6,175,NA,NA,NA,0
780,6,175,"E",342,NA,0
781,6,175,NA,NA,NA,0
782,6,175,NA,NA,NA,0
783,6,175,NA,NA,NA,0
784,6,175,NA,NA,NA,0
785,6,176,NA,NA,NA,0
786,6,176,NA,NA,NA,0
787,6,176,NA,NA,NA,0
788,6,176,NA,NA,NA,0
789,6,176,NA,NA,NA,0
790,6,176,NA,NA,NA,0
791,5,177,NA,NA,NA,0
792,5,177,NA,NA,NA,0
793,5,177,NA,NA,NA,0
794,5,177,NA,NA,NA,0
795,5,177,NA,NA,NA,0
796,5,178,NA,NA,NA,0
797,5,178,NA,NA,NA,0
798,5,178,NA,NA,NA,0
799,5,178,NA,NA,NA,0
800,5,178,NA,NA,NA,0
801,3,179,NA,NA,NA,0
802,3,179,NA,NA,NA,0
803,3,179,NA,NA,NA,0
804,6,180,NA,NA,NA,0
805,6,180,NA,NA,NA,0
806,6,180,NA,NA,NA,0
807,6,180,NA,NA,NA,0
808,6,180,NA,NA,NA,0
809,6,180,NA,NA,NA,0
810,3,181,NA,NA,NA,0
811,3,181,NA,NA,NA,0
812,3,181,NA,NA,NA,0
813,4,182,NA,NA,NA,0
814,4,182,NA,NA,NA,0
815,4,182,NA,NA,NA,0
816,4,182,"E",184,NA,0
817,5,183,NA,NA,NA,0
818,5,183,NA,NA,NA,0
819,5,183,NA,NA,NA,0
820,5,183,NA,NA,NA,0
821,5,183,NA,NA,NA,0
822,3,184,"E",NA,NA,0
823,3,184,NA,NA,NA,0
824,3,184,NA,NA,NA,0
825,5,185,"E",NA,NA,0
826,5,185,NA,NA,NA,0
827,5,185,NA,NA,NA,0
828,5,185,NA,NA,NA,0
829,5,185,NA,NA,NA,0
830,5,186,NA,NA,NA,0
831,5,186,NA,NA,NA,0
832,5,186,NA,NA,NA,0
833,5,186,NA,NA,NA,0
834,5,186,NA,NA,NA,0
835,6,187,NA,NA,NA,0
836,6,187,NA,NA,NA,0
837,6,187,NA,NA,NA,0
838,6,187,NA,NA,NA,0
839,6,187,NA,NA,NA,0
840,6,187,NA,NA,NA,0
841,6,188,NA,NA,NA,0
842,6,188,"E",301,NA,0
843,6,188,NA,NA,NA,0
844,6,188,NA,NA,NA,0
845,6,188,NA,NA,NA,0
846,6,188,NA,NA,NA,0
847,5,189,NA,NA,NA,0
848,5,189,NA,NA,NA,0
849,5,189,NA,NA,NA,0
850,5,189,NA,NA,NA,0
851,5,189,NA,NA,NA,0
852,3,190,NA,NA,NA,0
853,3,190,NA,NA,NA,0
854,3,190,NA,NA,NA,0
855,4,191,NA,NA,NA,0
856,4,191,NA,NA,NA,0
857,4,191,NA,NA,NA,0
858,4,191,NA,NA,NA,0
859,6,192,NA,NA,NA,0
860,6,192,NA,NA,NA,0
861,6,192,NA,NA,NA,0
862,6,192,NA,NA,NA,0
863,6,192,NA,NA,NA,0
864,6,192,NA,NA,NA,0
865,4,193,NA,NA,NA,0
866,4,193,NA,NA,NA,0
867,4,193,NA,NA,NA,0
868,4,193,NA,NA,NA,0
869,3,194,NA,NA,NA,0
870,3,194,NA,NA,NA,0
871,3,194,"E",NA,NA,0
872,4,195,NA,NA,NA,0
873,4,195,NA,NA,NA,0
874,4,195,NA,NA,NA,0
875,4,195,NA,NA,NA,0
876,6,196,NA,NA,NA,0
877,6,196,NA,NA,NA,0
878,6,196,NA,NA,NA,0
879,6,196,NA,NA,NA,0
880,6,196,NA,NA,NA,0
881,6,196,NA,NA,NA,0
882,4,197,NA,NA,NA,0
883,4,197,NA,NA,NA,0
884,4,197,NA,NA,NA,0
885,4,197,NA,NA,NA,0
886,3,198,NA,NA,NA,0
887,3,198,NA,NA,NA,0
888,3,198,NA,NA,NA,0
889,4,199,NA,NA,NA,0
890,4,199,NA,NA,NA,0
891,4,199,NA,NA,NA,0
892,4,199,NA,NA,NA,0
893,4,200,NA,NA,NA,0
894,4,200,NA,NA,NA,0
895,4,200,NA,NA,NA,0
896,4,200,NA,NA,NA,0
897,5,201,NA,NA,NA,0
898,5,201,NA,NA,NA,0
899,5,201,NA,NA,NA,0
900,5,201,NA,NA,NA,0
901,5,201,NA,NA,NA,0
902,6,202,NA,NA,NA,0
903,6,202,NA,NA,NA,0
904,6,202,NA,NA,NA,0
905,6,202,NA,NA,NA,0
906,6,202,NA,NA,NA,0
907,6,202,NA,NA,NA,0
908,5,203,"E",239,NA,0
909,5,203,NA,NA,NA,0
910,5,203,NA,NA,NA,0
911,5,203,NA,NA,NA,0
912,5,203,NA,NA,NA,0
913,6,204,NA,NA,NA,0
914,6,204,NA,NA,NA,0
915,6,204,NA,NA,NA,0
916,6,204,NA,NA,NA,0
917,6,204,NA,NA,NA,0
918,6,204,NA,NA,NA,0
919,6,205,NA,NA,NA,0
920,6,205,NA,NA,NA,0
921,6,205,NA,NA,NA,0
922,6,205,NA,NA,NA,0
923,6,205,NA,NA,NA,0
924,6,205,NA,NA,NA,0
925,6,206,"E",NA,NA,0
926,6,206,NA,NA,NA,0
927,6,206,"E",NA,NA,0
928,6,206,NA,NA,NA,0
929,6,206,NA,NA,NA,0
930,6,206,NA,NA,NA,0
931,5,207,NA,NA,NA,0
932,5,207,NA,NA,NA,0
933,5,207,NA,NA,NA,0
934,5,207,NA,NA,NA,0
935,5,207,NA,NA,NA,0
936,5,208,NA,NA,NA,0
937,5,208,NA,NA,NA,0
938,5,208,NA,NA,NA,0
939,5,208,NA,NA,NA,0
940,5,208,"E",NA,NA,0
941,6,209,NA,NA,NA,0
942,6,209,NA,NA,NA,0
943,6,209,NA,NA,NA,0
944,6,209,NA,NA,NA,0
945,6,209,NA,NA,NA,0
946,6,209,NA,NA,NA,0
947,4,210,NA,NA,NA,0
948,4,210,NA,NA,NA,0
949,4,210,NA,NA,NA,0
950,4,210,"E",319,NA,0
951,6,211,"E",239,NA,0
952,6,211,NA,NA,NA,0
953,6,211,NA,NA,NA,0
954,6,211,NA,NA,NA,0
955,6,211,NA,NA,NA,0
956,6,211,"E",188,NA,0
957,6,212,NA,NA,NA,0
958,6,212,"E",140,NA,0
959,6,212,NA,NA,NA,0
960,6,212,"E",301,NA,0
961,6,212,NA,NA,NA,0
962,6,212,NA,NA,NA,0
963,4,213,NA,NA,NA,0
964,4,213,NA,NA,NA,0
965,4,213,NA,NA,NA,0
966,4,213,NA,NA,NA,0
967,5,214,NA,NA,NA,0
968,5,214,NA,NA,NA,0
969,5,214,NA,NA,NA,0
970,5,214,NA,NA,NA,0
971,5,214,"E",NA,NA,0
972,4,215,NA,NA,NA,0
973,4,215,NA,NA,NA,0
974,4,215,"E",NA,NA,0
975,4,215,NA,NA,NA,0
976,4,216,NA,NA,NA,0
977,4,216,NA,NA,NA,0
978,4,216,NA,NA,NA,0
979,4,216,NA,NA,NA,0
980,3,217,NA,NA,NA,0
981,3,217,NA,NA,NA,0
982,3,217,NA,NA,NA,0
983,4,218,NA,NA,NA,0
984,4,218,NA,NA,NA,0
985,4,218,NA,NA,NA,0
986,4,218,NA,NA,NA,0
987,3,219,NA,NA,NA,0
988,3,219,NA,NA,NA,0
989,3,219,NA,NA,NA,0
990,5,220,NA,NA,NA,0
991,5,220,NA,NA,NA,0
992,5,220,NA,NA,NA,0
993,5,220,NA,NA,NA,0
994,5,220,NA,NA,NA,0
995,6,221,NA,NA,NA,0
996,6,221,NA,NA,NA,0
997,6,221,NA,NA,NA,0
998,6,221,NA,NA,NA,0
999,6,221,NA,NA,NA,0
1000,6,221,NA,NA,NA,0
