"ID","SIZE","HH","TYPE","TIME","S_NUM","I_NUM"
1,3,1,"0",16,2,1
2,3,1,"H",64,1,0
3,3,1,NA,NA,NA,0
4,4,2,NA,NA,NA,0
5,4,2,NA,NA,NA,0
6,4,2,NA,NA,NA,0
7,4,2,NA,NA,NA,0
8,3,3,NA,NA,NA,0
9,3,3,NA,NA,NA,0
10,3,3,NA,NA,NA,0
11,6,4,NA,NA,NA,0
12,6,4,NA,NA,NA,0
13,6,4,"C",231,5,2
14,6,4,"H",340,2,0
15,6,4,"H",273,3,1
16,6,4,"H",326,2,0
17,6,5,NA,NA,NA,0
18,6,5,NA,NA,NA,0
19,6,5,NA,NA,NA,0
20,6,5,NA,NA,NA,0
21,6,5,NA,NA,NA,0
22,6,5,NA,NA,NA,0
23,6,6,NA,NA,NA,0
24,6,6,NA,NA,NA,0
25,6,6,NA,NA,NA,0
26,6,6,NA,NA,NA,0
27,6,6,"C",309,5,0
28,6,6,NA,NA,NA,0
29,6,7,"H",160,2,1
30,6,7,"C",104,5,2
31,6,7,"H",133,3,1
32,6,7,"H",179,1,1
33,6,7,"H",217,0,0
34,6,7,"H",144,2,0
35,3,8,"C",342,0,0
36,3,8,"C",266,2,1
37,3,8,"H",308,0,0
38,3,9,"C",341,2,0
39,3,9,NA,NA,NA,0
40,3,9,NA,NA,NA,0
41,6,10,NA,NA,NA,0
42,6,10,NA,NA,NA,0
43,6,10,NA,NA,NA,0
44,6,10,"H",NA,NA,0
45,6,10,NA,NA,NA,0
46,6,10,"C",348,5,1
47,6,11,NA,NA,NA,0
48,6,11,NA,NA,NA,0
49,6,11,NA,NA,NA,0
50,6,11,NA,NA,NA,0
51,6,11,NA,NA,NA,0
52,6,11,"C",277,5,0
53,3,12,"H",343,1,1
54,3,12,"C",321,2,1
55,3,12,"H",NA,NA,0
56,4,13,"C",252,3,1
57,4,13,"H",343,0,0
58,4,13,"H",273,2,1
59,4,13,"H",306,1,1
60,5,14,"C",333,4,1
61,5,14,NA,NA,NA,0
62,5,14,"H",362,3,0
63,5,14,NA,NA,NA,0
64,5,14,NA,NA,NA,0
65,3,15,"H",254,0,0
66,3,15,"C",225,2,2
67,3,15,"H",248,0,0
68,3,16,NA,NA,NA,0
69,3,16,NA,NA,NA,0
70,3,16,NA,NA,NA,0
71,3,17,NA,NA,NA,0
72,3,17,NA,NA,NA,0
73,3,17,NA,NA,NA,0
74,4,18,"C",362,3,0
75,4,18,NA,NA,NA,0
76,4,18,NA,NA,NA,0
77,4,18,NA,NA,NA,0
78,3,19,NA,NA,NA,0
79,3,19,NA,NA,NA,0
80,3,19,"C",356,2,0
81,3,20,NA,NA,NA,0
82,3,20,NA,NA,NA,0
83,3,20,NA,NA,NA,0
84,3,21,NA,NA,NA,0
85,3,21,"C",NA,NA,0
86,3,21,"C",165,2,0
87,5,22,"H",NA,NA,0
88,5,22,NA,NA,NA,0
89,5,22,"C",343,3,1
90,5,22,"C",361,2,0
91,5,22,NA,NA,NA,0
92,5,23,"C",248,4,2
93,5,23,NA,NA,NA,0
94,5,23,NA,NA,NA,0
95,5,23,"H",301,2,0
96,5,23,"H",270,2,0
97,6,24,"H",315,0,0
98,6,24,"C",236,3,1
99,6,24,"H",299,0,0
100,6,24,"H",270,2,2
101,6,24,"H",267,2,0
102,6,24,"C",230,4,1
103,3,25,NA,NA,NA,0
104,3,25,NA,NA,NA,0
105,3,25,NA,NA,NA,0
106,4,26,"C",319,3,0
107,4,26,NA,NA,NA,0
108,4,26,NA,NA,NA,0
109,4,26,NA,NA,NA,0
110,6,27,"C",336,5,2
111,6,27,NA,NA,NA,0
112,6,27,"H",NA,NA,0
113,6,27,NA,NA,NA,0
114,6,27,"H",355,3,1
115,6,27,"H",NA,NA,0
116,4,28,NA,NA,NA,0
117,4,28,NA,NA,NA,0
118,4,28,NA,NA,NA,0
119,4,28,NA,NA,NA,0
120,3,29,NA,NA,NA,0
121,3,29,NA,NA,NA,0
122,3,29,NA,NA,NA,0
123,5,30,"C",353,4,2
124,5,30,NA,NA,NA,0
125,5,30,"H",NA,NA,0
126,5,30,"H",NA,NA,0
127,5,30,NA,NA,NA,0
128,6,31,NA,NA,NA,0
129,6,31,"C",NA,NA,0
130,6,31,NA,NA,NA,0
131,6,31,NA,NA,NA,0
132,6,31,NA,NA,NA,0
133,6,31,NA,NA,NA,0
134,3,32,NA,NA,NA,0
135,3,32,NA,NA,NA,0
136,3,32,NA,NA,NA,0
137,5,33,"H",187,0,0
138,5,33,"H",215,0,0
139,5,33,"H",188,0,0
140,5,33,"H",191,0,0
141,5,33,"C",166,4,4
142,3,34,"C",NA,NA,0
143,3,34,NA,NA,NA,0
144,3,34,NA,NA,NA,0
145,5,35,"C",NA,NA,0
146,5,35,NA,NA,NA,0
147,5,35,NA,NA,NA,0
148,5,35,NA,NA,NA,0
149,5,35,NA,NA,NA,0
150,6,36,NA,NA,NA,0
151,6,36,"C",NA,NA,0
152,6,36,NA,NA,NA,0
153,6,36,NA,NA,NA,0
154,6,36,NA,NA,NA,0
155,6,36,NA,NA,NA,0
156,5,37,NA,NA,NA,0
157,5,37,"H",NA,NA,0
158,5,37,"C",239,4,0
159,5,37,"C",301,3,1
160,5,37,"H",326,2,1
161,3,38,"C",297,2,0
162,3,38,NA,NA,NA,0
163,3,38,NA,NA,NA,0
164,5,39,"H",313,1,0
165,5,39,"C",279,2,1
166,5,39,"C",260,4,1
167,5,39,"H",303,1,0
168,5,39,NA,NA,NA,0
169,3,40,"C",344,2,1
170,3,40,NA,NA,NA,0
171,3,40,"H",NA,NA,0
172,3,41,NA,NA,NA,0
173,3,41,NA,NA,NA,0
174,3,41,NA,NA,NA,0
175,5,42,NA,NA,NA,0
176,5,42,NA,NA,NA,0
177,5,42,NA,NA,NA,0
178,5,42,NA,NA,NA,0
179,5,42,NA,NA,NA,0
180,3,43,NA,NA,NA,0
181,3,43,NA,NA,NA,0
182,3,43,NA,NA,NA,0
183,5,44,NA,NA,NA,0
184,5,44,NA,NA,NA,0
185,5,44,NA,NA,NA,0
186,5,44,NA,NA,NA,0
187,5,44,NA,NA,NA,0
188,6,45,"C",NA,NA,0
189,6,45,"H",361,2,0
190,6,45,"C",NA,NA,0
191,6,45,NA,NA,NA,0
192,6,45,"C",310,5,1
193,6,45,NA,NA,NA,0
194,5,46,NA,NA,NA,0
195,5,46,"H",NA,NA,0
196,5,46,NA,NA,NA,0
197,5,46,"C",311,4,1
198,5,46,"H",349,3,1
199,4,47,"C",360,1,0
200,4,47,NA,NA,NA,0
201,4,47,"C",333,2,0
202,4,47,"C",249,3,0
203,5,48,"C",80,4,2
204,5,48,"C",198,0,0
205,5,48,"H",105,2,0
206,5,48,"H",165,1,0
207,5,48,"H",136,2,1
208,5,49,NA,NA,NA,0
209,5,49,"C",NA,NA,0
210,5,49,"C",NA,NA,0
211,5,49,NA,NA,NA,0
212,5,49,NA,NA,NA,0
213,6,50,"C",236,5,2
214,6,50,"H",276,1,0
215,6,50,NA,NA,NA,0
216,6,50,"H",300,1,0
217,6,50,"H",258,3,2
218,6,50,"H",255,3,0
219,5,51,"H",328,0,0
220,5,51,"H",314,1,1
221,5,51,"H",307,1,0
222,5,51,"H",283,3,2
223,5,51,"C",249,4,1
224,6,52,"H",NA,NA,0
225,6,52,"C",86,5,0
226,6,52,"H",351,2,1
227,6,52,"H",NA,NA,0
228,6,52,"C",336,4,2
229,6,52,"H",364,1,1
230,4,53,NA,NA,NA,0
231,4,53,NA,NA,NA,0
232,4,53,NA,NA,NA,0
233,4,53,"C",NA,NA,0
234,5,54,NA,NA,NA,0
235,5,54,"C",NA,NA,0
236,5,54,NA,NA,NA,0
237,5,54,NA,NA,NA,0
238,5,54,NA,NA,NA,0
239,5,55,NA,NA,NA,0
240,5,55,"C",NA,NA,0
241,5,55,"H",NA,NA,0
242,5,55,"C",344,2,1
243,5,55,"C",325,2,0
244,3,56,NA,NA,NA,0
245,3,56,NA,NA,NA,0
246,3,56,NA,NA,NA,0
247,4,57,NA,NA,NA,0
248,4,57,NA,NA,NA,0
249,4,57,"C",NA,NA,0
250,4,57,NA,NA,NA,0
251,3,58,NA,NA,NA,0
252,3,58,NA,NA,NA,0
253,3,58,NA,NA,NA,0
254,3,59,"C",NA,NA,0
255,3,59,"C",266,2,1
256,3,59,"H",306,1,0
257,3,60,NA,NA,NA,0
258,3,60,NA,NA,NA,0
259,3,60,NA,NA,NA,0
260,4,61,NA,NA,NA,0
261,4,61,NA,NA,NA,0
262,4,61,NA,NA,NA,0
263,4,61,NA,NA,NA,0
264,4,62,"H",NA,NA,0
265,4,62,"H",356,1,1
266,4,62,"C",331,3,2
267,4,62,"H",NA,NA,0
268,6,63,NA,NA,NA,0
269,6,63,NA,NA,NA,0
270,6,63,NA,NA,NA,0
271,6,63,NA,NA,NA,0
272,6,63,NA,NA,NA,0
273,6,63,NA,NA,NA,0
274,5,64,"H",NA,NA,0
275,5,64,NA,NA,NA,0
276,5,64,"C",339,4,2
277,5,64,"H",NA,NA,0
278,5,64,NA,NA,NA,0
279,5,65,"H",340,0,0
280,5,65,"H",349,0,0
281,5,65,"C",283,4,2
282,5,65,"H",337,0,0
283,5,65,"H",306,2,2
284,4,66,NA,NA,NA,0
285,4,66,NA,NA,NA,0
286,4,66,NA,NA,NA,0
287,4,66,NA,NA,NA,0
288,4,67,"H",NA,NA,0
289,4,67,"C",360,2,1
290,4,67,"C",NA,NA,0
291,4,67,NA,NA,NA,0
292,6,68,"C",NA,NA,0
293,6,68,NA,NA,NA,0
294,6,68,NA,NA,NA,0
295,6,68,NA,NA,NA,0
296,6,68,NA,NA,NA,0
297,6,68,NA,NA,NA,0
298,6,69,"H",NA,NA,0
299,6,69,"H",350,3,3
300,6,69,"C",353,0,0
301,6,69,"H",NA,NA,0
302,6,69,"C",323,4,1
303,6,69,"H",NA,NA,0
304,3,70,NA,NA,NA,0
305,3,70,NA,NA,NA,0
306,3,70,NA,NA,NA,0
307,4,71,NA,NA,NA,0
308,4,71,NA,NA,NA,0
309,4,71,NA,NA,NA,0
310,4,71,NA,NA,NA,0
311,4,72,NA,NA,NA,0
312,4,72,NA,NA,NA,0
313,4,72,NA,NA,NA,0
314,4,72,NA,NA,NA,0
315,5,73,NA,NA,NA,0
316,5,73,"H",221,1,0
317,5,73,"H",227,1,0
318,5,73,"H",214,2,1
319,5,73,"C",196,4,2
320,6,74,NA,NA,NA,0
321,6,74,NA,NA,NA,0
322,6,74,NA,NA,NA,0
323,6,74,NA,NA,NA,0
324,6,74,NA,NA,NA,0
325,6,74,"C",NA,NA,0
326,4,75,NA,NA,NA,0
327,4,75,"C",335,2,0
328,4,75,"C",312,2,0
329,4,75,NA,NA,NA,0
330,5,76,"C",334,4,2
331,5,76,"H",NA,NA,0
332,5,76,NA,NA,NA,0
333,5,76,"H",NA,NA,0
334,5,76,"H",365,2,1
335,4,77,NA,NA,NA,0
336,4,77,NA,NA,NA,0
337,4,77,NA,NA,NA,0
338,4,77,NA,NA,NA,0
339,3,78,NA,NA,NA,0
340,3,78,NA,NA,NA,0
341,3,78,NA,NA,NA,0
342,5,79,NA,NA,NA,0
343,5,79,NA,NA,NA,0
344,5,79,NA,NA,NA,0
345,5,79,NA,NA,NA,0
346,5,79,NA,NA,NA,0
347,5,80,"C",NA,NA,0
348,5,80,"C",344,3,0
349,5,80,NA,NA,NA,0
350,5,80,NA,NA,NA,0
351,5,80,"C",NA,NA,0
352,3,81,NA,NA,NA,0
353,3,81,NA,NA,NA,0
354,3,81,NA,NA,NA,0
355,6,82,"H",NA,NA,0
356,6,82,"H",NA,NA,0
357,6,82,"H",355,2,1
358,6,82,NA,NA,NA,0
359,6,82,"C",303,5,2
360,6,82,"H",337,3,1
361,4,83,"C",310,3,1
362,4,83,"C",350,0,0
363,4,83,"H",NA,NA,0
364,4,83,"C",345,0,0
365,3,84,"C",304,2,1
366,3,84,NA,NA,NA,0
367,3,84,"H",325,1,0
368,6,85,NA,NA,NA,0
369,6,85,NA,NA,NA,0
370,6,85,NA,NA,NA,0
371,6,85,NA,NA,NA,0
372,6,85,NA,NA,NA,0
373,6,85,NA,NA,NA,0
374,3,86,"H",327,0,0
375,3,86,"H",339,0,0
376,3,86,"C",300,2,2
377,5,87,"C",280,4,1
378,5,87,NA,NA,NA,0
379,5,87,"H",337,3,0
380,5,87,NA,NA,NA,0
381,5,87,NA,NA,NA,0
382,5,88,"C",345,4,2
383,5,88,NA,NA,NA,0
384,5,88,NA,NA,NA,0
385,5,88,"H",NA,NA,0
386,5,88,"H",NA,NA,0
387,4,89,NA,NA,NA,0
388,4,89,NA,NA,NA,0
389,4,89,NA,NA,NA,0
390,4,89,NA,NA,NA,0
391,4,90,"H",327,0,0
392,4,90,"H",292,0,0
393,4,90,"H",288,1,1
394,4,90,"C",257,3,2
395,4,91,"H",NA,NA,0
396,4,91,"C",351,3,2
397,4,91,NA,NA,NA,0
398,4,91,"H",NA,NA,0
399,3,92,NA,NA,NA,0
400,3,92,"H",304,1,0
401,3,92,"C",263,2,1
402,6,93,NA,NA,NA,0
403,6,93,"H",345,1,0
404,6,93,"H",307,4,2
405,6,93,"C",279,5,1
406,6,93,"H",NA,NA,0
407,6,93,"H",339,2,1
408,4,94,NA,NA,NA,0
409,4,94,NA,NA,NA,0
410,4,94,NA,NA,NA,0
411,4,94,NA,NA,NA,0
412,4,95,NA,NA,NA,0
413,4,95,NA,NA,NA,0
414,4,95,NA,NA,NA,0
415,4,95,NA,NA,NA,0
416,4,96,NA,NA,NA,0
417,4,96,NA,NA,NA,0
418,4,96,NA,NA,NA,0
419,4,96,NA,NA,NA,0
420,3,97,NA,NA,NA,0
421,3,97,"C",NA,NA,0
422,3,97,NA,NA,NA,0
423,4,98,"H",346,1,0
424,4,98,"C",306,3,0
425,4,98,"C",326,2,1
426,4,98,NA,NA,NA,0
427,3,99,NA,NA,NA,0
428,3,99,NA,NA,NA,0
429,3,99,NA,NA,NA,0
430,4,100,NA,NA,NA,0
431,4,100,NA,NA,NA,0
432,4,100,NA,NA,NA,0
433,4,100,NA,NA,NA,0
434,6,101,NA,NA,NA,0
435,6,101,NA,NA,NA,0
436,6,101,NA,NA,NA,0
437,6,101,NA,NA,NA,0
438,6,101,NA,NA,NA,0
439,6,101,NA,NA,NA,0
440,5,102,NA,NA,NA,0
441,5,102,NA,NA,NA,0
442,5,102,"C",192,4,0
443,5,102,NA,NA,NA,0
444,5,102,NA,NA,NA,0
445,6,103,NA,NA,NA,0
446,6,103,"H",338,2,0
447,6,103,"H",308,4,2
448,6,103,"H",354,2,1
449,6,103,"C",283,5,1
450,6,103,"H",NA,NA,0
451,4,104,NA,NA,NA,0
452,4,104,NA,NA,NA,0
453,4,104,NA,NA,NA,0
454,4,104,"C",342,3,0
455,6,105,"C",250,2,1
456,6,105,"C",209,5,1
457,6,105,"C",259,1,0
458,6,105,"H",328,0,0
459,6,105,"H",238,3,0
460,6,105,"H",280,1,1
461,6,106,NA,NA,NA,0
462,6,106,NA,NA,NA,0
463,6,106,NA,NA,NA,0
464,6,106,NA,NA,NA,0
465,6,106,"C",NA,NA,0
466,6,106,NA,NA,NA,0
467,6,107,"H",326,2,0
468,6,107,NA,NA,NA,0
469,6,107,"C",306,3,1
470,6,107,NA,NA,NA,0
471,6,107,"H",325,2,0
472,6,107,"C",293,4,1
473,6,108,"H",54,4,1
474,6,108,"H",150,0,0
475,6,108,"H",163,0,0
476,6,108,"H",90,3,1
477,6,108,"H",120,2,2
478,6,108,"C",36,5,1
479,4,109,"C",NA,NA,0
480,4,109,NA,NA,NA,0
481,4,109,"C",NA,NA,0
482,4,109,NA,NA,NA,0
483,5,110,NA,NA,NA,0
484,5,110,NA,NA,NA,0
485,5,110,NA,NA,NA,0
486,5,110,NA,NA,NA,0
487,5,110,NA,NA,NA,0
488,6,111,"H",NA,NA,0
489,6,111,NA,NA,NA,0
490,6,111,"H",345,2,1
491,6,111,"H",NA,NA,0
492,6,111,"C",325,4,2
493,6,111,"C",315,4,0
494,3,112,NA,NA,NA,0
495,3,112,NA,NA,NA,0
496,3,112,"C",266,2,0
497,5,113,"H",199,3,1
498,5,113,"C",306,1,0
499,5,113,"H",243,2,0
500,5,113,NA,NA,NA,0
501,5,113,"C",173,4,1
502,4,114,NA,NA,NA,0
503,4,114,NA,NA,NA,0
504,4,114,NA,NA,NA,0
505,4,114,NA,NA,NA,0
506,4,115,NA,NA,NA,0
507,4,115,"C",244,3,0
508,4,115,NA,NA,NA,0
509,4,115,NA,NA,NA,0
510,3,116,NA,NA,NA,0
511,3,116,"C",345,2,0
512,3,116,NA,NA,NA,0
513,5,117,NA,NA,NA,0
514,5,117,NA,NA,NA,0
515,5,117,NA,NA,NA,0
516,5,117,NA,NA,NA,0
517,5,117,NA,NA,NA,0
518,4,118,NA,NA,NA,0
519,4,118,NA,NA,NA,0
520,4,118,NA,NA,NA,0
521,4,118,"C",329,3,0
522,4,119,NA,NA,NA,0
523,4,119,NA,NA,NA,0
524,4,119,"C",NA,NA,0
525,4,119,NA,NA,NA,0
526,3,120,NA,NA,NA,0
527,3,120,"C",NA,NA,0
528,3,120,NA,NA,NA,0
529,6,121,"C",NA,NA,0
530,6,121,NA,NA,NA,0
531,6,121,NA,NA,NA,0
532,6,121,NA,NA,NA,0
533,6,121,NA,NA,NA,0
534,6,121,"C",291,5,0
535,4,122,"C",NA,NA,0
536,4,122,"C",NA,NA,0
537,4,122,NA,NA,NA,0
538,4,122,NA,NA,NA,0
539,6,123,"C",NA,NA,0
540,6,123,NA,NA,NA,0
541,6,123,"C",266,5,1
542,6,123,NA,NA,NA,0
543,6,123,NA,NA,NA,0
544,6,123,"H",327,4,0
545,6,124,"C",345,5,2
546,6,124,"H",NA,NA,0
547,6,124,"H",NA,NA,0
548,6,124,NA,NA,NA,0
549,6,124,NA,NA,NA,0
550,6,124,NA,NA,NA,0
551,3,125,NA,NA,NA,0
552,3,125,NA,NA,NA,0
553,3,125,NA,NA,NA,0
554,6,126,NA,NA,NA,0
555,6,126,"C",348,5,2
556,6,126,NA,NA,NA,0
557,6,126,"H",NA,NA,0
558,6,126,"H",NA,NA,0
559,6,126,NA,NA,NA,0
560,5,127,"C",NA,NA,0
561,5,127,NA,NA,NA,0
562,5,127,"C",319,4,0
563,5,127,NA,NA,NA,0
564,5,127,NA,NA,NA,0
565,4,128,NA,NA,NA,0
566,4,128,NA,NA,NA,0
567,4,128,NA,NA,NA,0
568,4,128,NA,NA,NA,0
569,4,129,"C",320,2,1
570,4,129,NA,NA,NA,0
571,4,129,"H",355,1,0
572,4,129,"C",314,2,0
573,6,130,NA,NA,NA,0
574,6,130,NA,NA,NA,0
575,6,130,NA,NA,NA,0
576,6,130,NA,NA,NA,0
577,6,130,NA,NA,NA,0
578,6,130,NA,NA,NA,0
579,3,131,NA,NA,NA,0
580,3,131,NA,NA,NA,0
581,3,131,"C",217,2,0
582,4,132,"C",189,3,0
583,4,132,NA,NA,NA,0
584,4,132,NA,NA,NA,0
585,4,132,NA,NA,NA,0
586,6,133,"C",291,5,0
587,6,133,NA,NA,NA,0
588,6,133,NA,NA,NA,0
589,6,133,NA,NA,NA,0
590,6,133,NA,NA,NA,0
591,6,133,NA,NA,NA,0
592,5,134,"C",239,4,3
593,5,134,"H",286,1,1
594,5,134,"H",NA,NA,0
595,5,134,"H",290,0,0
596,5,134,"H",297,0,0
597,6,135,"H",194,1,0
598,6,135,"H",143,2,1
599,6,135,NA,NA,NA,0
600,6,135,"H",179,1,0
601,6,135,"C",122,5,3
602,6,135,"H",153,1,0
603,5,136,NA,NA,NA,0
604,5,136,NA,NA,NA,0
605,5,136,NA,NA,NA,0
606,5,136,NA,NA,NA,0
607,5,136,NA,NA,NA,0
608,5,137,"H",NA,NA,0
609,5,137,NA,NA,NA,0
610,5,137,"H",336,2,0
611,5,137,NA,NA,NA,0
612,5,137,"C",320,4,2
613,3,138,NA,NA,NA,0
614,3,138,NA,NA,NA,0
615,3,138,NA,NA,NA,0
616,4,139,NA,NA,NA,0
617,4,139,NA,NA,NA,0
618,4,139,NA,NA,NA,0
619,4,139,"C",340,3,0
620,6,140,"C",NA,NA,0
621,6,140,NA,NA,NA,0
622,6,140,NA,NA,NA,0
623,6,140,NA,NA,NA,0
624,6,140,"C",NA,NA,0
625,6,140,"C",362,3,0
626,4,141,NA,NA,NA,0
627,4,141,NA,NA,NA,0
628,4,141,NA,NA,NA,0
629,4,141,NA,NA,NA,0
630,3,142,NA,NA,NA,0
631,3,142,NA,NA,NA,0
632,3,142,"C",NA,NA,0
633,6,143,NA,NA,NA,0
634,6,143,"C",NA,NA,0
635,6,143,NA,NA,NA,0
636,6,143,NA,NA,NA,0
637,6,143,NA,NA,NA,0
638,6,143,NA,NA,NA,0
639,4,144,NA,NA,NA,0
640,4,144,"C",246,3,1
641,4,144,"H",271,2,1
642,4,144,"H",321,1,0
643,3,145,"C",NA,NA,0
644,3,145,NA,NA,NA,0
645,3,145,NA,NA,NA,0
646,4,146,NA,NA,NA,0
647,4,146,NA,NA,NA,0
648,4,146,NA,NA,NA,0
649,4,146,NA,NA,NA,0
650,4,147,NA,NA,NA,0
651,4,147,NA,NA,NA,0
652,4,147,NA,NA,NA,0
653,4,147,NA,NA,NA,0
654,3,148,"C",NA,NA,0
655,3,148,NA,NA,NA,0
656,3,148,NA,NA,NA,0
657,5,149,NA,NA,NA,0
658,5,149,NA,NA,NA,0
659,5,149,NA,NA,NA,0
660,5,149,NA,NA,NA,0
661,5,149,NA,NA,NA,0
662,4,150,"H",365,2,0
663,4,150,NA,NA,NA,0
664,4,150,"C",316,3,1
665,4,150,NA,NA,NA,0
666,6,151,"C",NA,NA,0
667,6,151,"H",321,2,1
668,6,151,"H",360,1,0
669,6,151,"C",328,1,0
670,6,151,NA,NA,NA,0
671,6,151,"C",270,5,1
672,6,152,NA,NA,NA,0
673,6,152,NA,NA,NA,0
674,6,152,NA,NA,NA,0
675,6,152,"C",110,5,0
676,6,152,NA,NA,NA,0
677,6,152,NA,NA,NA,0
678,3,153,NA,NA,NA,0
679,3,153,"C",NA,NA,0
680,3,153,NA,NA,NA,0
681,4,154,NA,NA,NA,0
682,4,154,"C",264,3,1
683,4,154,"H",NA,NA,0
684,4,154,"H",320,2,1
685,4,155,NA,NA,NA,0
686,4,155,NA,NA,NA,0
687,4,155,NA,NA,NA,0
688,4,155,NA,NA,NA,0
689,5,156,NA,NA,NA,0
690,5,156,NA,NA,NA,0
691,5,156,NA,NA,NA,0
692,5,156,NA,NA,NA,0
693,5,156,NA,NA,NA,0
694,5,157,"H",357,2,2
695,5,157,"C",336,4,2
696,5,157,"H",NA,NA,0
697,5,157,"H",NA,NA,0
698,5,157,"H",NA,NA,0
699,3,158,NA,NA,NA,0
700,3,158,NA,NA,NA,0
701,3,158,"C",249,2,0
702,6,159,NA,NA,NA,0
703,6,159,NA,NA,NA,0
704,6,159,NA,NA,NA,0
705,6,159,NA,NA,NA,0
706,6,159,NA,NA,NA,0
707,6,159,NA,NA,NA,0
708,4,160,NA,NA,NA,0
709,4,160,NA,NA,NA,0
710,4,160,NA,NA,NA,0
711,4,160,NA,NA,NA,0
712,4,161,NA,NA,NA,0
713,4,161,NA,NA,NA,0
714,4,161,NA,NA,NA,0
715,4,161,NA,NA,NA,0
716,5,162,"C",265,3,1
717,5,162,NA,NA,NA,0
718,5,162,"H",294,2,1
719,5,162,"C",78,4,0
720,5,162,"H",342,1,0
721,3,163,"C",296,2,1
722,3,163,NA,NA,NA,0
723,3,163,"H",336,1,0
724,6,164,"C",NA,NA,0
725,6,164,NA,NA,NA,0
726,6,164,"C",358,5,1
727,6,164,NA,NA,NA,0
728,6,164,NA,NA,NA,0
729,6,164,"H",NA,NA,0
730,3,165,"H",343,1,0
731,3,165,"C",301,2,1
732,3,165,NA,NA,NA,0
733,3,166,"C",305,2,1
734,3,166,"H",343,0,0
735,3,166,"C",353,0,0
736,5,167,"H",NA,NA,0
737,5,167,"C",360,2,1
738,5,167,NA,NA,NA,0
739,5,167,"C",339,3,1
740,5,167,"H",NA,NA,0
741,6,168,NA,NA,NA,0
742,6,168,"H",284,4,0
743,6,168,NA,NA,NA,0
744,6,168,"C",264,5,1
745,6,168,NA,NA,NA,0
746,6,168,NA,NA,NA,0
747,6,169,NA,NA,NA,0
748,6,169,NA,NA,NA,0
749,6,169,NA,NA,NA,0
750,6,169,NA,NA,NA,0
751,6,169,NA,NA,NA,0
752,6,169,"C",NA,NA,0
753,3,170,"C",233,2,1
754,3,170,"H",294,0,0
755,3,170,"H",264,1,1
756,5,171,"H",228,3,0
757,5,171,"C",321,2,0
758,5,171,NA,NA,NA,0
759,5,171,NA,NA,NA,0
760,5,171,"C",179,4,1
761,3,172,NA,NA,NA,0
762,3,172,NA,NA,NA,0
763,3,172,NA,NA,NA,0
764,6,173,"H",274,2,1
765,6,173,"H",321,0,0
766,6,173,"H",287,1,1
767,6,173,"C",241,5,1
768,6,173,"H",295,0,0
769,6,173,"H",263,4,2
770,4,174,"H",214,2,1
771,4,174,"C",174,3,1
772,4,174,"H",253,1,0
773,4,174,NA,NA,NA,0
774,4,175,NA,NA,NA,0
775,4,175,"C",292,3,0
776,4,175,NA,NA,NA,0
777,4,175,NA,NA,NA,0
778,5,176,NA,NA,NA,0
779,5,176,"C",320,2,1
780,5,176,"C",275,4,1
781,5,176,"H",299,3,0
782,5,176,"H",348,1,0
783,3,177,NA,NA,NA,0
784,3,177,"C",362,2,0
785,3,177,NA,NA,NA,0
786,3,178,NA,NA,NA,0
787,3,178,"C",347,2,0
788,3,178,NA,NA,NA,0
789,4,179,NA,NA,NA,0
790,4,179,"C",NA,NA,0
791,4,179,"C",NA,NA,0
792,4,179,NA,NA,NA,0
793,5,180,NA,NA,NA,0
794,5,180,"C",344,4,0
795,5,180,"C",NA,NA,0
796,5,180,NA,NA,NA,0
797,5,180,NA,NA,NA,0
798,6,181,NA,NA,NA,0
799,6,181,NA,NA,NA,0
800,6,181,NA,NA,NA,0
801,6,181,NA,NA,NA,0
802,6,181,NA,NA,NA,0
803,6,181,NA,NA,NA,0
804,6,182,"H",356,0,0
805,6,182,"H",354,0,0
806,6,182,"C",297,5,1
807,6,182,"H",365,0,0
808,6,182,"H",344,0,0
809,6,182,"H",324,4,4
810,4,183,"H",NA,NA,0
811,4,183,"C",319,2,1
812,4,183,"H",344,0,0
813,4,183,"C",337,1,1
814,5,184,NA,NA,NA,0
815,5,184,"H",262,3,2
816,5,184,"H",317,1,0
817,5,184,"H",282,1,0
818,5,184,"C",217,4,1
819,6,185,NA,NA,NA,0
820,6,185,NA,NA,NA,0
821,6,185,NA,NA,NA,0
822,6,185,"C",291,5,0
823,6,185,NA,NA,NA,0
824,6,185,NA,NA,NA,0
825,3,186,"C",312,2,1
826,3,186,"H",343,1,0
827,3,186,NA,NA,NA,0
828,4,187,NA,NA,NA,0
829,4,187,NA,NA,NA,0
830,4,187,NA,NA,NA,0
831,4,187,"C",NA,NA,0
832,5,188,"C",363,3,1
833,5,188,NA,NA,NA,0
834,5,188,NA,NA,NA,0
835,5,188,"C",NA,NA,0
836,5,188,"H",NA,NA,0
837,5,189,NA,NA,NA,0
838,5,189,"C",279,4,0
839,5,189,"C",NA,NA,0
840,5,189,NA,NA,NA,0
841,5,189,"C",NA,NA,0
842,4,190,"H",342,1,0
843,4,190,NA,NA,NA,0
844,4,190,"C",302,2,1
845,4,190,"C",NA,NA,0
846,5,191,NA,NA,NA,0
847,5,191,NA,NA,NA,0
848,5,191,NA,NA,NA,0
849,5,191,NA,NA,NA,0
850,5,191,NA,NA,NA,0
851,4,192,"C",NA,NA,0
852,4,192,NA,NA,NA,0
853,4,192,NA,NA,NA,0
854,4,192,NA,NA,NA,0
855,3,193,NA,NA,NA,0
856,3,193,NA,NA,NA,0
857,3,193,"C",NA,NA,0
858,3,194,"C",339,1,1
859,3,194,"C",144,2,0
860,3,194,"H",358,0,0
861,6,195,"H",NA,NA,0
862,6,195,NA,NA,NA,0
863,6,195,NA,NA,NA,0
864,6,195,"H",250,4,0
865,6,195,"C",336,3,1
866,6,195,"C",217,5,1
867,4,196,NA,NA,NA,0
868,4,196,NA,NA,NA,0
869,4,196,NA,NA,NA,0
870,4,196,NA,NA,NA,0
871,5,197,NA,NA,NA,0
872,5,197,"C",NA,NA,0
873,5,197,NA,NA,NA,0
874,5,197,NA,NA,NA,0
875,5,197,NA,NA,NA,0
876,5,198,NA,NA,NA,0
877,5,198,NA,NA,NA,0
878,5,198,NA,NA,NA,0
879,5,198,NA,NA,NA,0
880,5,198,NA,NA,NA,0
881,6,199,NA,NA,NA,0
882,6,199,NA,NA,NA,0
883,6,199,"C",NA,NA,0
884,6,199,"C",330,5,0
885,6,199,NA,NA,NA,0
886,6,199,NA,NA,NA,0
887,6,200,NA,NA,NA,0
888,6,200,NA,NA,NA,0
889,6,200,NA,NA,NA,0
890,6,200,NA,NA,NA,0
891,6,200,NA,NA,NA,0
892,6,200,NA,NA,NA,0
893,4,201,NA,NA,NA,0
894,4,201,NA,NA,NA,0
895,4,201,NA,NA,NA,0
896,4,201,NA,NA,NA,0
897,3,202,NA,NA,NA,0
898,3,202,NA,NA,NA,0
899,3,202,NA,NA,NA,0
900,4,203,NA,NA,NA,0
901,4,203,NA,NA,NA,0
902,4,203,NA,NA,NA,0
903,4,203,NA,NA,NA,0
904,3,204,NA,NA,NA,0
905,3,204,NA,NA,NA,0
906,3,204,NA,NA,NA,0
907,3,205,NA,NA,NA,0
908,3,205,NA,NA,NA,0
909,3,205,NA,NA,NA,0
910,4,206,NA,NA,NA,0
911,4,206,"C",NA,NA,0
912,4,206,NA,NA,NA,0
913,4,206,NA,NA,NA,0
914,6,207,NA,NA,NA,0
915,6,207,NA,NA,NA,0
916,6,207,NA,NA,NA,0
917,6,207,"C",330,5,0
918,6,207,NA,NA,NA,0
919,6,207,NA,NA,NA,0
920,5,208,NA,NA,NA,0
921,5,208,"C",NA,NA,0
922,5,208,NA,NA,NA,0
923,5,208,"C",NA,NA,0
924,5,208,NA,NA,NA,0
925,3,209,NA,NA,NA,0
926,3,209,"C",NA,NA,0
927,3,209,NA,NA,NA,0
928,5,210,NA,NA,NA,0
929,5,210,"H",278,3,0
930,5,210,"C",344,1,0
931,5,210,"C",219,4,1
932,5,210,"C",332,1,0
933,3,211,NA,NA,NA,0
934,3,211,NA,NA,NA,0
935,3,211,NA,NA,NA,0
936,3,212,NA,NA,NA,0
937,3,212,"C",NA,NA,0
938,3,212,NA,NA,NA,0
939,5,213,NA,NA,NA,0
940,5,213,NA,NA,NA,0
941,5,213,NA,NA,NA,0
942,5,213,"C",NA,NA,0
943,5,213,NA,NA,NA,0
944,3,214,"C",257,2,0
945,3,214,NA,NA,NA,0
946,3,214,NA,NA,NA,0
947,3,215,"C",306,2,1
948,3,215,"H",363,1,0
949,3,215,NA,NA,NA,0
950,5,216,"C",274,4,3
951,5,216,"H",294,1,0
952,5,216,"H",302,1,1
953,5,216,"H",307,1,0
954,5,216,"H",355,0,0
955,6,217,"H",356,1,0
956,6,217,"H",NA,NA,0
957,6,217,"C",318,3,2
958,6,217,"H",318,3,0
959,6,217,"C",288,5,1
960,6,217,"H",357,1,1
961,4,218,NA,NA,NA,0
962,4,218,NA,NA,NA,0
963,4,218,NA,NA,NA,0
964,4,218,NA,NA,NA,0
965,6,219,NA,NA,NA,0
966,6,219,NA,NA,NA,0
967,6,219,NA,NA,NA,0
968,6,219,NA,NA,NA,0
969,6,219,NA,NA,NA,0
970,6,219,NA,NA,NA,0
971,4,220,"H",303,0,0
972,4,220,"C",284,3,2
973,4,220,"H",333,0,0
974,4,220,"C",306,0,0
975,6,221,"H",NA,NA,0
976,6,221,"C",311,4,0
977,6,221,"C",360,1,1
978,6,221,"C",361,1,0
979,6,221,"C",359,2,1
980,6,221,"H",NA,NA,0
981,5,222,"C",175,4,0
982,5,222,NA,NA,NA,0
983,5,222,"C",NA,NA,0
984,5,222,NA,NA,NA,0
985,5,222,"C",NA,NA,0
986,5,223,NA,NA,NA,0
987,5,223,NA,NA,NA,0
988,5,223,NA,NA,NA,0
989,5,223,NA,NA,NA,0
990,5,223,NA,NA,NA,0
991,5,224,NA,NA,NA,0
992,5,224,NA,NA,NA,0
993,5,224,NA,NA,NA,0
994,5,224,NA,NA,NA,0
995,5,224,NA,NA,NA,0
996,5,225,"C",265,4,0
997,5,225,NA,NA,NA,0
998,5,225,NA,NA,NA,0
999,5,225,NA,NA,NA,0
1000,5,225,NA,NA,NA,0
