"ID","SIZE","HH","TYPE","TIME","S_NUM","I_NUM"
1,5,1,"0",NA,NA,0
2,5,1,NA,NA,NA,0
3,5,1,NA,NA,NA,0
4,5,1,NA,NA,NA,0
5,5,1,NA,NA,NA,0
6,3,2,NA,NA,NA,0
7,3,2,NA,NA,NA,0
8,3,2,NA,NA,NA,0
9,6,3,"E",NA,NA,0
10,6,3,NA,NA,NA,0
11,6,3,NA,NA,NA,0
12,6,3,NA,NA,NA,0
13,6,3,NA,NA,NA,0
14,6,3,NA,NA,NA,0
15,3,4,NA,NA,NA,0
16,3,4,NA,NA,NA,0
17,3,4,NA,NA,NA,0
18,3,5,NA,NA,NA,0
19,3,5,NA,NA,NA,0
20,3,5,NA,NA,NA,0
21,3,6,NA,NA,NA,0
22,3,6,NA,NA,NA,0
23,3,6,NA,NA,NA,0
24,3,7,NA,NA,NA,0
25,3,7,NA,NA,NA,0
26,3,7,NA,NA,NA,0
27,3,8,NA,NA,NA,0
28,3,8,NA,NA,NA,0
29,3,8,NA,NA,NA,0
30,4,9,NA,NA,NA,0
31,4,9,NA,NA,NA,0
32,4,9,NA,NA,NA,0
33,4,9,NA,NA,NA,0
34,4,10,NA,NA,NA,0
35,4,10,NA,NA,NA,0
36,4,10,NA,NA,NA,0
37,4,10,NA,NA,NA,0
38,3,11,NA,NA,NA,0
39,3,11,"H",294,1,0
40,3,11,"E",269,2,1
41,5,12,NA,NA,NA,0
42,5,12,NA,NA,NA,0
43,5,12,NA,NA,NA,0
44,5,12,NA,NA,NA,0
45,5,12,"E",50,4,0
46,6,13,NA,NA,NA,0
47,6,13,NA,NA,NA,0
48,6,13,NA,NA,NA,0
49,6,13,NA,NA,NA,0
50,6,13,NA,NA,NA,0
51,6,13,NA,NA,NA,0
52,3,14,NA,NA,NA,0
53,3,14,NA,NA,NA,0
54,3,14,NA,NA,NA,0
55,5,15,NA,NA,NA,0
56,5,15,NA,NA,NA,0
57,5,15,NA,NA,NA,0
58,5,15,NA,NA,NA,0
59,5,15,NA,NA,NA,0
60,6,16,NA,NA,NA,0
61,6,16,NA,NA,NA,0
62,6,16,"E",142,5,1
63,6,16,NA,NA,NA,0
64,6,16,"H",157,4,0
65,6,16,NA,NA,NA,0
66,4,17,NA,NA,NA,0
67,4,17,NA,NA,NA,0
68,4,17,NA,NA,NA,0
69,4,17,NA,NA,NA,0
70,4,18,NA,NA,NA,0
71,4,18,NA,NA,NA,0
72,4,18,NA,NA,NA,0
73,4,18,NA,NA,NA,0
74,3,19,NA,NA,NA,0
75,3,19,"E",188,2,0
76,3,19,NA,NA,NA,0
77,3,20,NA,NA,NA,0
78,3,20,NA,NA,NA,0
79,3,20,NA,NA,NA,0
80,4,21,NA,NA,NA,0
81,4,21,NA,NA,NA,0
82,4,21,NA,NA,NA,0
83,4,21,NA,NA,NA,0
84,5,22,"E",319,4,0
85,5,22,NA,NA,NA,0
86,5,22,NA,NA,NA,0
87,5,22,NA,NA,NA,0
88,5,22,NA,NA,NA,0
89,5,23,NA,NA,NA,0
90,5,23,NA,NA,NA,0
91,5,23,"E",44,4,0
92,5,23,NA,NA,NA,0
93,5,23,NA,NA,NA,0
94,3,24,NA,NA,NA,0
95,3,24,NA,NA,NA,0
96,3,24,"E",294,2,0
97,6,25,NA,NA,NA,0
98,6,25,NA,NA,NA,0
99,6,25,NA,NA,NA,0
100,6,25,NA,NA,NA,0
101,6,25,NA,NA,NA,0
102,6,25,NA,NA,NA,0
103,4,26,NA,NA,NA,0
104,4,26,NA,NA,NA,0
105,4,26,NA,NA,NA,0
106,4,26,NA,NA,NA,0
107,5,27,NA,NA,NA,0
108,5,27,NA,NA,NA,0
109,5,27,NA,NA,NA,0
110,5,27,NA,NA,NA,0
111,5,27,NA,NA,NA,0
112,5,28,NA,NA,NA,0
113,5,28,NA,NA,NA,0
114,5,28,NA,NA,NA,0
115,5,28,NA,NA,NA,0
116,5,28,NA,NA,NA,0
117,5,29,NA,NA,NA,0
118,5,29,NA,NA,NA,0
119,5,29,NA,NA,NA,0
120,5,29,NA,NA,NA,0
121,5,29,"C",46,4,0
122,5,30,NA,NA,NA,0
123,5,30,NA,NA,NA,0
124,5,30,NA,NA,NA,0
125,5,30,NA,NA,NA,0
126,5,30,NA,NA,NA,0
127,4,31,NA,NA,NA,0
128,4,31,NA,NA,NA,0
129,4,31,NA,NA,NA,0
130,4,31,NA,NA,NA,0
131,4,32,NA,NA,NA,0
132,4,32,NA,NA,NA,0
133,4,32,NA,NA,NA,0
134,4,32,NA,NA,NA,0
135,3,33,NA,NA,NA,0
136,3,33,NA,NA,NA,0
137,3,33,NA,NA,NA,0
138,5,34,NA,NA,NA,0
139,5,34,NA,NA,NA,0
140,5,34,NA,NA,NA,0
141,5,34,NA,NA,NA,0
142,5,34,NA,NA,NA,0
143,3,35,NA,NA,NA,0
144,3,35,NA,NA,NA,0
145,3,35,NA,NA,NA,0
146,6,36,NA,NA,NA,0
147,6,36,NA,NA,NA,0
148,6,36,NA,NA,NA,0
149,6,36,NA,NA,NA,0
150,6,36,NA,NA,NA,0
151,6,36,NA,NA,NA,0
152,5,37,NA,NA,NA,0
153,5,37,NA,NA,NA,0
154,5,37,"E",338,4,0
155,5,37,NA,NA,NA,0
156,5,37,NA,NA,NA,0
157,3,38,NA,NA,NA,0
158,3,38,NA,NA,NA,0
159,3,38,NA,NA,NA,0
160,4,39,NA,NA,NA,0
161,4,39,NA,NA,NA,0
162,4,39,NA,NA,NA,0
163,4,39,NA,NA,NA,0
164,3,40,NA,NA,NA,0
165,3,40,NA,NA,NA,0
166,3,40,NA,NA,NA,0
167,6,41,NA,NA,NA,0
168,6,41,NA,NA,NA,0
169,6,41,NA,NA,NA,0
170,6,41,NA,NA,NA,0
171,6,41,NA,NA,NA,0
172,6,41,NA,NA,NA,0
173,6,42,NA,NA,NA,0
174,6,42,NA,NA,NA,0
175,6,42,NA,NA,NA,0
176,6,42,"E",NA,NA,0
177,6,42,NA,NA,NA,0
178,6,42,NA,NA,NA,0
179,5,43,NA,NA,NA,0
180,5,43,NA,NA,NA,0
181,5,43,NA,NA,NA,0
182,5,43,NA,NA,NA,0
183,5,43,NA,NA,NA,0
184,6,44,NA,NA,NA,0
185,6,44,NA,NA,NA,0
186,6,44,NA,NA,NA,0
187,6,44,NA,NA,NA,0
188,6,44,NA,NA,NA,0
189,6,44,NA,NA,NA,0
190,5,45,NA,NA,NA,0
191,5,45,NA,NA,NA,0
192,5,45,NA,NA,NA,0
193,5,45,NA,NA,NA,0
194,5,45,NA,NA,NA,0
195,5,46,NA,NA,NA,0
196,5,46,NA,NA,NA,0
197,5,46,NA,NA,NA,0
198,5,46,NA,NA,NA,0
199,5,46,NA,NA,NA,0
200,6,47,NA,NA,NA,0
201,6,47,NA,NA,NA,0
202,6,47,NA,NA,NA,0
203,6,47,NA,NA,NA,0
204,6,47,NA,NA,NA,0
205,6,47,NA,NA,NA,0
206,4,48,NA,NA,NA,0
207,4,48,NA,NA,NA,0
208,4,48,NA,NA,NA,0
209,4,48,NA,NA,NA,0
210,6,49,NA,NA,NA,0
211,6,49,NA,NA,NA,0
212,6,49,NA,NA,NA,0
213,6,49,NA,NA,NA,0
214,6,49,NA,NA,NA,0
215,6,49,NA,NA,NA,0
216,4,50,NA,NA,NA,0
217,4,50,NA,NA,NA,0
218,4,50,NA,NA,NA,0
219,4,50,NA,NA,NA,0
220,5,51,NA,NA,NA,0
221,5,51,NA,NA,NA,0
222,5,51,NA,NA,NA,0
223,5,51,NA,NA,NA,0
224,5,51,NA,NA,NA,0
225,6,52,NA,NA,NA,0
226,6,52,NA,NA,NA,0
227,6,52,NA,NA,NA,0
228,6,52,NA,NA,NA,0
229,6,52,NA,NA,NA,0
230,6,52,NA,NA,NA,0
231,6,53,NA,NA,NA,0
232,6,53,NA,NA,NA,0
233,6,53,NA,NA,NA,0
234,6,53,NA,NA,NA,0
235,6,53,NA,NA,NA,0
236,6,53,NA,NA,NA,0
237,6,54,NA,NA,NA,0
238,6,54,NA,NA,NA,0
239,6,54,NA,NA,NA,0
240,6,54,NA,NA,NA,0
241,6,54,NA,NA,NA,0
242,6,54,NA,NA,NA,0
243,4,55,NA,NA,NA,0
244,4,55,NA,NA,NA,0
245,4,55,NA,NA,NA,0
246,4,55,NA,NA,NA,0
247,4,56,NA,NA,NA,0
248,4,56,NA,NA,NA,0
249,4,56,NA,NA,NA,0
250,4,56,NA,NA,NA,0
251,6,57,NA,NA,NA,0
252,6,57,NA,NA,NA,0
253,6,57,NA,NA,NA,0
254,6,57,NA,NA,NA,0
255,6,57,"E",147,5,0
256,6,57,NA,NA,NA,0
257,6,58,NA,NA,NA,0
258,6,58,NA,NA,NA,0
259,6,58,NA,NA,NA,0
260,6,58,NA,NA,NA,0
261,6,58,NA,NA,NA,0
262,6,58,NA,NA,NA,0
263,5,59,NA,NA,NA,0
264,5,59,NA,NA,NA,0
265,5,59,NA,NA,NA,0
266,5,59,NA,NA,NA,0
267,5,59,NA,NA,NA,0
268,3,60,NA,NA,NA,0
269,3,60,NA,NA,NA,0
270,3,60,NA,NA,NA,0
271,6,61,NA,NA,NA,0
272,6,61,NA,NA,NA,0
273,6,61,"E",71,5,0
274,6,61,NA,NA,NA,0
275,6,61,NA,NA,NA,0
276,6,61,NA,NA,NA,0
277,5,62,NA,NA,NA,0
278,5,62,NA,NA,NA,0
279,5,62,NA,NA,NA,0
280,5,62,NA,NA,NA,0
281,5,62,NA,NA,NA,0
282,4,63,NA,NA,NA,0
283,4,63,NA,NA,NA,0
284,4,63,NA,NA,NA,0
285,4,63,NA,NA,NA,0
286,3,64,"E",318,2,0
287,3,64,NA,NA,NA,0
288,3,64,NA,NA,NA,0
289,3,65,NA,NA,NA,0
290,3,65,NA,NA,NA,0
291,3,65,NA,NA,NA,0
292,6,66,NA,NA,NA,0
293,6,66,NA,NA,NA,0
294,6,66,NA,NA,NA,0
295,6,66,NA,NA,NA,0
296,6,66,NA,NA,NA,0
297,6,66,NA,NA,NA,0
298,4,67,NA,NA,NA,0
299,4,67,NA,NA,NA,0
300,4,67,NA,NA,NA,0
301,4,67,NA,NA,NA,0
302,3,68,NA,NA,NA,0
303,3,68,"E",211,2,0
304,3,68,NA,NA,NA,0
305,4,69,NA,NA,NA,0
306,4,69,NA,NA,NA,0
307,4,69,NA,NA,NA,0
308,4,69,"E",289,3,0
309,4,70,NA,NA,NA,0
310,4,70,NA,NA,NA,0
311,4,70,NA,NA,NA,0
312,4,70,NA,NA,NA,0
313,3,71,NA,NA,NA,0
314,3,71,NA,NA,NA,0
315,3,71,NA,NA,NA,0
316,3,72,NA,NA,NA,0
317,3,72,NA,NA,NA,0
318,3,72,NA,NA,NA,0
319,6,73,NA,NA,NA,0
320,6,73,NA,NA,NA,0
321,6,73,NA,NA,NA,0
322,6,73,NA,NA,NA,0
323,6,73,NA,NA,NA,0
324,6,73,NA,NA,NA,0
325,3,74,NA,NA,NA,0
326,3,74,NA,NA,NA,0
327,3,74,NA,NA,NA,0
328,6,75,NA,NA,NA,0
329,6,75,NA,NA,NA,0
330,6,75,NA,NA,NA,0
331,6,75,NA,NA,NA,0
332,6,75,NA,NA,NA,0
333,6,75,NA,NA,NA,0
334,6,76,NA,NA,NA,0
335,6,76,NA,NA,NA,0
336,6,76,NA,NA,NA,0
337,6,76,NA,NA,NA,0
338,6,76,NA,NA,NA,0
339,6,76,NA,NA,NA,0
340,4,77,NA,NA,NA,0
341,4,77,NA,NA,NA,0
342,4,77,"E",336,3,0
343,4,77,NA,NA,NA,0
344,4,78,NA,NA,NA,0
345,4,78,NA,NA,NA,0
346,4,78,NA,NA,NA,0
347,4,78,NA,NA,NA,0
348,4,79,"H",235,1,0
349,4,79,"H",206,2,1
350,4,79,NA,NA,NA,0
351,4,79,"E",177,3,1
352,5,80,NA,NA,NA,0
353,5,80,NA,NA,NA,0
354,5,80,NA,NA,NA,0
355,5,80,NA,NA,NA,0
356,5,80,NA,NA,NA,0
357,4,81,NA,NA,NA,0
358,4,81,NA,NA,NA,0
359,4,81,NA,NA,NA,0
360,4,81,NA,NA,NA,0
361,4,82,NA,NA,NA,0
362,4,82,NA,NA,NA,0
363,4,82,NA,NA,NA,0
364,4,82,NA,NA,NA,0
365,4,83,NA,NA,NA,0
366,4,83,NA,NA,NA,0
367,4,83,NA,NA,NA,0
368,4,83,NA,NA,NA,0
369,4,84,NA,NA,NA,0
370,4,84,NA,NA,NA,0
371,4,84,NA,NA,NA,0
372,4,84,NA,NA,NA,0
373,6,85,NA,NA,NA,0
374,6,85,NA,NA,NA,0
375,6,85,NA,NA,NA,0
376,6,85,NA,NA,NA,0
377,6,85,NA,NA,NA,0
378,6,85,NA,NA,NA,0
379,4,86,NA,NA,NA,0
380,4,86,NA,NA,NA,0
381,4,86,NA,NA,NA,0
382,4,86,NA,NA,NA,0
383,4,87,NA,NA,NA,0
384,4,87,NA,NA,NA,0
385,4,87,NA,NA,NA,0
386,4,87,NA,NA,NA,0
387,6,88,NA,NA,NA,0
388,6,88,NA,NA,NA,0
389,6,88,NA,NA,NA,0
390,6,88,NA,NA,NA,0
391,6,88,NA,NA,NA,0
392,6,88,NA,NA,NA,0
393,6,89,NA,NA,NA,0
394,6,89,NA,NA,NA,0
395,6,89,NA,NA,NA,0
396,6,89,NA,NA,NA,0
397,6,89,NA,NA,NA,0
398,6,89,NA,NA,NA,0
399,3,90,NA,NA,NA,0
400,3,90,NA,NA,NA,0
401,3,90,NA,NA,NA,0
402,5,91,NA,NA,NA,0
403,5,91,NA,NA,NA,0
404,5,91,NA,NA,NA,0
405,5,91,NA,NA,NA,0
406,5,91,NA,NA,NA,0
407,6,92,NA,NA,NA,0
408,6,92,NA,NA,NA,0
409,6,92,NA,NA,NA,0
410,6,92,NA,NA,NA,0
411,6,92,NA,NA,NA,0
412,6,92,NA,NA,NA,0
413,3,93,NA,NA,NA,0
414,3,93,"H",71,1,0
415,3,93,"E",46,2,1
416,6,94,NA,NA,NA,0
417,6,94,NA,NA,NA,0
418,6,94,NA,NA,NA,0
419,6,94,NA,NA,NA,0
420,6,94,NA,NA,NA,0
421,6,94,NA,NA,NA,0
422,3,95,NA,NA,NA,0
423,3,95,NA,NA,NA,0
424,3,95,NA,NA,NA,0
425,5,96,NA,NA,NA,0
426,5,96,NA,NA,NA,0
427,5,96,NA,NA,NA,0
428,5,96,NA,NA,NA,0
429,5,96,NA,NA,NA,0
430,4,97,NA,NA,NA,0
431,4,97,NA,NA,NA,0
432,4,97,NA,NA,NA,0
433,4,97,NA,NA,NA,0
434,5,98,NA,NA,NA,0
435,5,98,NA,NA,NA,0
436,5,98,NA,NA,NA,0
437,5,98,NA,NA,NA,0
438,5,98,NA,NA,NA,0
439,6,99,NA,NA,NA,0
440,6,99,NA,NA,NA,0
441,6,99,NA,NA,NA,0
442,6,99,NA,NA,NA,0
443,6,99,NA,NA,NA,0
444,6,99,NA,NA,NA,0
445,4,100,NA,NA,NA,0
446,4,100,NA,NA,NA,0
447,4,100,NA,NA,NA,0
448,4,100,NA,NA,NA,0
449,5,101,NA,NA,NA,0
450,5,101,NA,NA,NA,0
451,5,101,NA,NA,NA,0
452,5,101,NA,NA,NA,0
453,5,101,NA,NA,NA,0
454,3,102,NA,NA,NA,0
455,3,102,NA,NA,NA,0
456,3,102,NA,NA,NA,0
457,4,103,NA,NA,NA,0
458,4,103,NA,NA,NA,0
459,4,103,NA,NA,NA,0
460,4,103,NA,NA,NA,0
461,5,104,NA,NA,NA,0
462,5,104,NA,NA,NA,0
463,5,104,NA,NA,NA,0
464,5,104,NA,NA,NA,0
465,5,104,NA,NA,NA,0
466,3,105,NA,NA,NA,0
467,3,105,NA,NA,NA,0
468,3,105,NA,NA,NA,0
469,4,106,"E",34,3,1
470,4,106,NA,NA,NA,0
471,4,106,"H",59,2,0
472,4,106,NA,NA,NA,0
473,4,107,NA,NA,NA,0
474,4,107,"E",249,3,0
475,4,107,NA,NA,NA,0
476,4,107,NA,NA,NA,0
477,5,108,NA,NA,NA,0
478,5,108,NA,NA,NA,0
479,5,108,NA,NA,NA,0
480,5,108,NA,NA,NA,0
481,5,108,NA,NA,NA,0
482,4,109,NA,NA,NA,0
483,4,109,NA,NA,NA,0
484,4,109,NA,NA,NA,0
485,4,109,"E",153,3,0
486,4,110,NA,NA,NA,0
487,4,110,NA,NA,NA,0
488,4,110,"E",95,3,0
489,4,110,NA,NA,NA,0
490,4,111,NA,NA,NA,0
491,4,111,NA,NA,NA,0
492,4,111,NA,NA,NA,0
493,4,111,NA,NA,NA,0
494,3,112,NA,NA,NA,0
495,3,112,NA,NA,NA,0
496,3,112,NA,NA,NA,0
497,4,113,NA,NA,NA,0
498,4,113,NA,NA,NA,0
499,4,113,NA,NA,NA,0
500,4,113,NA,NA,NA,0
501,3,114,"E",323,2,0
502,3,114,NA,NA,NA,0
503,3,114,NA,NA,NA,0
504,4,115,NA,NA,NA,0
505,4,115,NA,NA,NA,0
506,4,115,NA,NA,NA,0
507,4,115,NA,NA,NA,0
508,5,116,NA,NA,NA,0
509,5,116,NA,NA,NA,0
510,5,116,NA,NA,NA,0
511,5,116,NA,NA,NA,0
512,5,116,NA,NA,NA,0
513,6,117,NA,NA,NA,0
514,6,117,NA,NA,NA,0
515,6,117,NA,NA,NA,0
516,6,117,NA,NA,NA,0
517,6,117,NA,NA,NA,0
518,6,117,NA,NA,NA,0
519,5,118,NA,NA,NA,0
520,5,118,NA,NA,NA,0
521,5,118,NA,NA,NA,0
522,5,118,NA,NA,NA,0
523,5,118,NA,NA,NA,0
524,4,119,NA,NA,NA,0
525,4,119,NA,NA,NA,0
526,4,119,NA,NA,NA,0
527,4,119,NA,NA,NA,0
528,3,120,NA,NA,NA,0
529,3,120,NA,NA,NA,0
530,3,120,NA,NA,NA,0
531,6,121,"E",131,5,0
532,6,121,NA,NA,NA,0
533,6,121,NA,NA,NA,0
534,6,121,NA,NA,NA,0
535,6,121,NA,NA,NA,0
536,6,121,NA,NA,NA,0
537,6,122,NA,NA,NA,0
538,6,122,NA,NA,NA,0
539,6,122,NA,NA,NA,0
540,6,122,NA,NA,NA,0
541,6,122,NA,NA,NA,0
542,6,122,NA,NA,NA,0
543,3,123,NA,NA,NA,0
544,3,123,NA,NA,NA,0
545,3,123,NA,NA,NA,0
546,4,124,NA,NA,NA,0
547,4,124,NA,NA,NA,0
548,4,124,NA,NA,NA,0
549,4,124,NA,NA,NA,0
550,6,125,NA,NA,NA,0
551,6,125,NA,NA,NA,0
552,6,125,"E",246,5,0
553,6,125,NA,NA,NA,0
554,6,125,"E",296,4,0
555,6,125,NA,NA,NA,0
556,6,126,NA,NA,NA,0
557,6,126,NA,NA,NA,0
558,6,126,NA,NA,NA,0
559,6,126,NA,NA,NA,0
560,6,126,NA,NA,NA,0
561,6,126,NA,NA,NA,0
562,5,127,NA,NA,NA,0
563,5,127,NA,NA,NA,0
564,5,127,NA,NA,NA,0
565,5,127,NA,NA,NA,0
566,5,127,NA,NA,NA,0
567,6,128,NA,NA,NA,0
568,6,128,NA,NA,NA,0
569,6,128,NA,NA,NA,0
570,6,128,NA,NA,NA,0
571,6,128,NA,NA,NA,0
572,6,128,NA,NA,NA,0
573,6,129,NA,NA,NA,0
574,6,129,NA,NA,NA,0
575,6,129,NA,NA,NA,0
576,6,129,NA,NA,NA,0
577,6,129,NA,NA,NA,0
578,6,129,NA,NA,NA,0
579,3,130,NA,NA,NA,0
580,3,130,NA,NA,NA,0
581,3,130,NA,NA,NA,0
582,6,131,NA,NA,NA,0
583,6,131,NA,NA,NA,0
584,6,131,NA,NA,NA,0
585,6,131,NA,NA,NA,0
586,6,131,NA,NA,NA,0
587,6,131,NA,NA,NA,0
588,3,132,NA,NA,NA,0
589,3,132,NA,NA,NA,0
590,3,132,NA,NA,NA,0
591,3,133,NA,NA,NA,0
592,3,133,NA,NA,NA,0
593,3,133,NA,NA,NA,0
594,4,134,NA,NA,NA,0
595,4,134,NA,NA,NA,0
596,4,134,NA,NA,NA,0
597,4,134,NA,NA,NA,0
598,3,135,NA,NA,NA,0
599,3,135,NA,NA,NA,0
600,3,135,NA,NA,NA,0
601,4,136,NA,NA,NA,0
602,4,136,NA,NA,NA,0
603,4,136,NA,NA,NA,0
604,4,136,NA,NA,NA,0
605,3,137,NA,NA,NA,0
606,3,137,NA,NA,NA,0
607,3,137,NA,NA,NA,0
608,4,138,NA,NA,NA,0
609,4,138,NA,NA,NA,0
610,4,138,NA,NA,NA,0
611,4,138,NA,NA,NA,0
612,4,139,NA,NA,NA,0
613,4,139,NA,NA,NA,0
614,4,139,NA,NA,NA,0
615,4,139,NA,NA,NA,0
616,6,140,NA,NA,NA,0
617,6,140,NA,NA,NA,0
618,6,140,NA,NA,NA,0
619,6,140,NA,NA,NA,0
620,6,140,NA,NA,NA,0
621,6,140,NA,NA,NA,0
622,4,141,NA,NA,NA,0
623,4,141,NA,NA,NA,0
624,4,141,NA,NA,NA,0
625,4,141,NA,NA,NA,0
626,4,142,NA,NA,NA,0
627,4,142,NA,NA,NA,0
628,4,142,NA,NA,NA,0
629,4,142,NA,NA,NA,0
630,4,143,NA,NA,NA,0
631,4,143,NA,NA,NA,0
632,4,143,NA,NA,NA,0
633,4,143,NA,NA,NA,0
634,5,144,NA,NA,NA,0
635,5,144,NA,NA,NA,0
636,5,144,NA,NA,NA,0
637,5,144,NA,NA,NA,0
638,5,144,NA,NA,NA,0
639,5,145,"E",160,4,1
640,5,145,"H",181,3,0
641,5,145,NA,NA,NA,0
642,5,145,NA,NA,NA,0
643,5,145,NA,NA,NA,0
644,5,146,NA,NA,NA,0
645,5,146,NA,NA,NA,0
646,5,146,NA,NA,NA,0
647,5,146,NA,NA,NA,0
648,5,146,NA,NA,NA,0
649,3,147,NA,NA,NA,0
650,3,147,"E",26,2,0
651,3,147,NA,NA,NA,0
652,3,148,NA,NA,NA,0
653,3,148,NA,NA,NA,0
654,3,148,NA,NA,NA,0
655,3,149,NA,NA,NA,0
656,3,149,NA,NA,NA,0
657,3,149,NA,NA,NA,0
658,5,150,NA,NA,NA,0
659,5,150,NA,NA,NA,0
660,5,150,NA,NA,NA,0
661,5,150,NA,NA,NA,0
662,5,150,NA,NA,NA,0
663,5,151,NA,NA,NA,0
664,5,151,NA,NA,NA,0
665,5,151,NA,NA,NA,0
666,5,151,NA,NA,NA,0
667,5,151,NA,NA,NA,0
668,3,152,NA,NA,NA,0
669,3,152,NA,NA,NA,0
670,3,152,NA,NA,NA,0
671,4,153,NA,NA,NA,0
672,4,153,"E",188,2,0
673,4,153,"E",218,2,0
674,4,153,NA,NA,NA,0
675,5,154,NA,NA,NA,0
676,5,154,"H",194,3,0
677,5,154,"E",165,4,1
678,5,154,NA,NA,NA,0
679,5,154,NA,NA,NA,0
680,4,155,NA,NA,NA,0
681,4,155,NA,NA,NA,0
682,4,155,NA,NA,NA,0
683,4,155,NA,NA,NA,0
684,4,156,NA,NA,NA,0
685,4,156,NA,NA,NA,0
686,4,156,NA,NA,NA,0
687,4,156,NA,NA,NA,0
688,3,157,NA,NA,NA,0
689,3,157,NA,NA,NA,0
690,3,157,NA,NA,NA,0
691,4,158,NA,NA,NA,0
692,4,158,NA,NA,NA,0
693,4,158,NA,NA,NA,0
694,4,158,NA,NA,NA,0
695,6,159,NA,NA,NA,0
696,6,159,NA,NA,NA,0
697,6,159,NA,NA,NA,0
698,6,159,NA,NA,NA,0
699,6,159,NA,NA,NA,0
700,6,159,NA,NA,NA,0
701,3,160,NA,NA,NA,0
702,3,160,NA,NA,NA,0
703,3,160,NA,NA,NA,0
704,6,161,NA,NA,NA,0
705,6,161,NA,NA,NA,0
706,6,161,NA,NA,NA,0
707,6,161,NA,NA,NA,0
708,6,161,NA,NA,NA,0
709,6,161,NA,NA,NA,0
710,3,162,NA,NA,NA,0
711,3,162,NA,NA,NA,0
712,3,162,"C",350,2,0
713,5,163,NA,NA,NA,0
714,5,163,NA,NA,NA,0
715,5,163,NA,NA,NA,0
716,5,163,NA,NA,NA,0
717,5,163,NA,NA,NA,0
718,4,164,NA,NA,NA,0
719,4,164,NA,NA,NA,0
720,4,164,NA,NA,NA,0
721,4,164,NA,NA,NA,0
722,3,165,NA,NA,NA,0
723,3,165,NA,NA,NA,0
724,3,165,NA,NA,NA,0
725,5,166,NA,NA,NA,0
726,5,166,NA,NA,NA,0
727,5,166,NA,NA,NA,0
728,5,166,NA,NA,NA,0
729,5,166,NA,NA,NA,0
730,4,167,NA,NA,NA,0
731,4,167,NA,NA,NA,0
732,4,167,NA,NA,NA,0
733,4,167,NA,NA,NA,0
734,5,168,NA,NA,NA,0
735,5,168,NA,NA,NA,0
736,5,168,NA,NA,NA,0
737,5,168,"E",126,4,0
738,5,168,NA,NA,NA,0
739,5,169,NA,NA,NA,0
740,5,169,NA,NA,NA,0
741,5,169,NA,NA,NA,0
742,5,169,NA,NA,NA,0
743,5,169,NA,NA,NA,0
744,4,170,NA,NA,NA,0
745,4,170,NA,NA,NA,0
746,4,170,NA,NA,NA,0
747,4,170,NA,NA,NA,0
748,5,171,NA,NA,NA,0
749,5,171,NA,NA,NA,0
750,5,171,NA,NA,NA,0
751,5,171,NA,NA,NA,0
752,5,171,"E",NA,NA,0
753,4,172,NA,NA,NA,0
754,4,172,NA,NA,NA,0
755,4,172,NA,NA,NA,0
756,4,172,NA,NA,NA,0
757,3,173,NA,NA,NA,0
758,3,173,NA,NA,NA,0
759,3,173,NA,NA,NA,0
760,3,174,NA,NA,NA,0
761,3,174,NA,NA,NA,0
762,3,174,NA,NA,NA,0
763,4,175,NA,NA,NA,0
764,4,175,NA,NA,NA,0
765,4,175,NA,NA,NA,0
766,4,175,NA,NA,NA,0
767,5,176,NA,NA,NA,0
768,5,176,NA,NA,NA,0
769,5,176,NA,NA,NA,0
770,5,176,NA,NA,NA,0
771,5,176,NA,NA,NA,0
772,4,177,NA,NA,NA,0
773,4,177,NA,NA,NA,0
774,4,177,NA,NA,NA,0
775,4,177,NA,NA,NA,0
776,3,178,NA,NA,NA,0
777,3,178,NA,NA,NA,0
778,3,178,NA,NA,NA,0
779,3,179,NA,NA,NA,0
780,3,179,NA,NA,NA,0
781,3,179,NA,NA,NA,0
782,5,180,NA,NA,NA,0
783,5,180,NA,NA,NA,0
784,5,180,NA,NA,NA,0
785,5,180,NA,NA,NA,0
786,5,180,NA,NA,NA,0
787,6,181,NA,NA,NA,0
788,6,181,NA,NA,NA,0
789,6,181,NA,NA,NA,0
790,6,181,NA,NA,NA,0
791,6,181,NA,NA,NA,0
792,6,181,NA,NA,NA,0
793,6,182,NA,NA,NA,0
794,6,182,NA,NA,NA,0
795,6,182,NA,NA,NA,0
796,6,182,NA,NA,NA,0
797,6,182,NA,NA,NA,0
798,6,182,NA,NA,NA,0
799,5,183,NA,NA,NA,0
800,5,183,NA,NA,NA,0
801,5,183,NA,NA,NA,0
802,5,183,NA,NA,NA,0
803,5,183,NA,NA,NA,0
804,4,184,NA,NA,NA,0
805,4,184,NA,NA,NA,0
806,4,184,NA,NA,NA,0
807,4,184,NA,NA,NA,0
808,6,185,NA,NA,NA,0
809,6,185,NA,NA,NA,0
810,6,185,"E",107,5,1
811,6,185,NA,NA,NA,0
812,6,185,"H",159,4,0
813,6,185,NA,NA,NA,0
814,3,186,NA,NA,NA,0
815,3,186,NA,NA,NA,0
816,3,186,NA,NA,NA,0
817,4,187,NA,NA,NA,0
818,4,187,NA,NA,NA,0
819,4,187,NA,NA,NA,0
820,4,187,NA,NA,NA,0
821,4,188,NA,NA,NA,0
822,4,188,NA,NA,NA,0
823,4,188,NA,NA,NA,0
824,4,188,NA,NA,NA,0
825,3,189,NA,NA,NA,0
826,3,189,NA,NA,NA,0
827,3,189,NA,NA,NA,0
828,6,190,NA,NA,NA,0
829,6,190,NA,NA,NA,0
830,6,190,NA,NA,NA,0
831,6,190,NA,NA,NA,0
832,6,190,NA,NA,NA,0
833,6,190,NA,NA,NA,0
834,3,191,NA,NA,NA,0
835,3,191,NA,NA,NA,0
836,3,191,NA,NA,NA,0
837,4,192,NA,NA,NA,0
838,4,192,NA,NA,NA,0
839,4,192,NA,NA,NA,0
840,4,192,NA,NA,NA,0
841,6,193,NA,NA,NA,0
842,6,193,"E",21,5,0
843,6,193,NA,NA,NA,0
844,6,193,NA,NA,NA,0
845,6,193,NA,NA,NA,0
846,6,193,NA,NA,NA,0
847,3,194,NA,NA,NA,0
848,3,194,NA,NA,NA,0
849,3,194,NA,NA,NA,0
850,3,195,"H",NA,NA,0
851,3,195,NA,NA,NA,0
852,3,195,"E",340,2,1
853,4,196,NA,NA,NA,0
854,4,196,NA,NA,NA,0
855,4,196,NA,NA,NA,0
856,4,196,NA,NA,NA,0
857,4,197,NA,NA,NA,0
858,4,197,NA,NA,NA,0
859,4,197,NA,NA,NA,0
860,4,197,NA,NA,NA,0
861,4,198,NA,NA,NA,0
862,4,198,NA,NA,NA,0
863,4,198,NA,NA,NA,0
864,4,198,NA,NA,NA,0
865,5,199,NA,NA,NA,0
866,5,199,NA,NA,NA,0
867,5,199,NA,NA,NA,0
868,5,199,NA,NA,NA,0
869,5,199,NA,NA,NA,0
870,3,200,NA,NA,NA,0
871,3,200,NA,NA,NA,0
872,3,200,NA,NA,NA,0
873,6,201,NA,NA,NA,0
874,6,201,NA,NA,NA,0
875,6,201,NA,NA,NA,0
876,6,201,NA,NA,NA,0
877,6,201,NA,NA,NA,0
878,6,201,NA,NA,NA,0
879,6,202,NA,NA,NA,0
880,6,202,NA,NA,NA,0
881,6,202,NA,NA,NA,0
882,6,202,NA,NA,NA,0
883,6,202,NA,NA,NA,0
884,6,202,NA,NA,NA,0
885,4,203,NA,NA,NA,0
886,4,203,NA,NA,NA,0
887,4,203,NA,NA,NA,0
888,4,203,NA,NA,NA,0
889,5,204,NA,NA,NA,0
890,5,204,NA,NA,NA,0
891,5,204,NA,NA,NA,0
892,5,204,NA,NA,NA,0
893,5,204,NA,NA,NA,0
894,4,205,NA,NA,NA,0
895,4,205,"E",243,3,0
896,4,205,NA,NA,NA,0
897,4,205,NA,NA,NA,0
898,5,206,NA,NA,NA,0
899,5,206,NA,NA,NA,0
900,5,206,NA,NA,NA,0
901,5,206,NA,NA,NA,0
902,5,206,"E",242,4,0
903,6,207,NA,NA,NA,0
904,6,207,NA,NA,NA,0
905,6,207,NA,NA,NA,0
906,6,207,NA,NA,NA,0
907,6,207,NA,NA,NA,0
908,6,207,NA,NA,NA,0
909,6,208,NA,NA,NA,0
910,6,208,NA,NA,NA,0
911,6,208,NA,NA,NA,0
912,6,208,NA,NA,NA,0
913,6,208,NA,NA,NA,0
914,6,208,NA,NA,NA,0
915,4,209,NA,NA,NA,0
916,4,209,NA,NA,NA,0
917,4,209,NA,NA,NA,0
918,4,209,NA,NA,NA,0
919,6,210,NA,NA,NA,0
920,6,210,NA,NA,NA,0
921,6,210,NA,NA,NA,0
922,6,210,NA,NA,NA,0
923,6,210,NA,NA,NA,0
924,6,210,NA,NA,NA,0
925,3,211,NA,NA,NA,0
926,3,211,NA,NA,NA,0
927,3,211,NA,NA,NA,0
928,6,212,NA,NA,NA,0
929,6,212,NA,NA,NA,0
930,6,212,NA,NA,NA,0
931,6,212,NA,NA,NA,0
932,6,212,NA,NA,NA,0
933,6,212,NA,NA,NA,0
934,5,213,NA,NA,NA,0
935,5,213,NA,NA,NA,0
936,5,213,NA,NA,NA,0
937,5,213,NA,NA,NA,0
938,5,213,NA,NA,NA,0
939,3,214,NA,NA,NA,0
940,3,214,NA,NA,NA,0
941,3,214,NA,NA,NA,0
942,3,215,NA,NA,NA,0
943,3,215,NA,NA,NA,0
944,3,215,NA,NA,NA,0
945,4,216,NA,NA,NA,0
946,4,216,NA,NA,NA,0
947,4,216,NA,NA,NA,0
948,4,216,NA,NA,NA,0
949,4,217,NA,NA,NA,0
950,4,217,NA,NA,NA,0
951,4,217,NA,NA,NA,0
952,4,217,NA,NA,NA,0
953,4,218,NA,NA,NA,0
954,4,218,NA,NA,NA,0
955,4,218,NA,NA,NA,0
956,4,218,NA,NA,NA,0
957,4,219,NA,NA,NA,0
958,4,219,NA,NA,NA,0
959,4,219,"E",325,3,0
960,4,219,NA,NA,NA,0
961,3,220,NA,NA,NA,0
962,3,220,NA,NA,NA,0
963,3,220,NA,NA,NA,0
964,5,221,NA,NA,NA,0
965,5,221,NA,NA,NA,0
966,5,221,NA,NA,NA,0
967,5,221,NA,NA,NA,0
968,5,221,NA,NA,NA,0
969,6,222,NA,NA,NA,0
970,6,222,NA,NA,NA,0
971,6,222,NA,NA,NA,0
972,6,222,NA,NA,NA,0
973,6,222,NA,NA,NA,0
974,6,222,NA,NA,NA,0
975,6,223,NA,NA,NA,0
976,6,223,"E",64,5,1
977,6,223,"H",93,4,0
978,6,223,NA,NA,NA,0
979,6,223,NA,NA,NA,0
980,6,223,NA,NA,NA,0
981,6,224,NA,NA,NA,0
982,6,224,NA,NA,NA,0
983,6,224,NA,NA,NA,0
984,6,224,NA,NA,NA,0
985,6,224,NA,NA,NA,0
986,6,224,NA,NA,NA,0
987,6,225,NA,NA,NA,0
988,6,225,NA,NA,NA,0
989,6,225,NA,NA,NA,0
990,6,225,NA,NA,NA,0
991,6,225,NA,NA,NA,0
992,6,225,NA,NA,NA,0
993,5,226,"E",207,4,0
994,5,226,NA,NA,NA,0
995,5,226,NA,NA,NA,0
996,5,226,NA,NA,NA,0
997,5,226,NA,NA,NA,0
998,3,227,NA,NA,NA,0
999,3,227,NA,NA,NA,0
1000,3,227,NA,NA,NA,0
