"ID","SIZE","HH","TYPE","TIME","S_NUM","I_NUM"
1,3,1,"0",NA,NA,0
2,3,1,NA,NA,NA,0
3,3,1,NA,NA,NA,0
4,3,2,NA,NA,NA,0
5,3,2,NA,NA,NA,0
6,3,2,NA,NA,NA,0
7,6,3,NA,NA,NA,0
8,6,3,NA,NA,NA,0
9,6,3,NA,NA,NA,0
10,6,3,NA,NA,NA,0
11,6,3,NA,NA,NA,0
12,6,3,NA,NA,NA,0
13,3,4,NA,NA,NA,0
14,3,4,NA,NA,NA,0
15,3,4,NA,NA,NA,0
16,5,5,NA,NA,NA,0
17,5,5,NA,NA,NA,0
18,5,5,NA,NA,NA,0
19,5,5,NA,NA,NA,0
20,5,5,NA,NA,NA,0
21,3,6,NA,NA,NA,0
22,3,6,NA,NA,NA,0
23,3,6,NA,NA,NA,0
24,3,7,NA,NA,NA,0
25,3,7,NA,NA,NA,0
26,3,7,NA,NA,NA,0
27,3,8,NA,NA,NA,0
28,3,8,NA,NA,NA,0
29,3,8,NA,NA,NA,0
30,3,9,NA,NA,NA,0
31,3,9,NA,NA,NA,0
32,3,9,NA,NA,NA,0
33,6,10,NA,NA,NA,0
34,6,10,NA,NA,NA,0
35,6,10,NA,NA,NA,0
36,6,10,NA,NA,NA,0
37,6,10,NA,NA,NA,0
38,6,10,NA,NA,NA,0
39,3,11,NA,NA,NA,0
40,3,11,NA,NA,NA,0
41,3,11,NA,NA,NA,0
42,4,12,NA,NA,NA,0
43,4,12,NA,NA,NA,0
44,4,12,"E",297,3,1
45,4,12,"H",311,2,0
46,5,13,NA,NA,NA,0
47,5,13,NA,NA,NA,0
48,5,13,NA,NA,NA,0
49,5,13,NA,NA,NA,0
50,5,13,NA,NA,NA,0
51,6,14,"E",356,4,0
52,6,14,NA,NA,NA,0
53,6,14,NA,NA,NA,0
54,6,14,NA,NA,NA,0
55,6,14,NA,NA,NA,0
56,6,14,"E",359,4,0
57,3,15,NA,NA,NA,0
58,3,15,NA,NA,NA,0
59,3,15,NA,NA,NA,0
60,4,16,NA,NA,NA,0
61,4,16,NA,NA,NA,0
62,4,16,NA,NA,NA,0
63,4,16,NA,NA,NA,0
64,3,17,NA,NA,NA,0
65,3,17,NA,NA,NA,0
66,3,17,NA,NA,NA,0
67,4,18,NA,NA,NA,0
68,4,18,NA,NA,NA,0
69,4,18,NA,NA,NA,0
70,4,18,NA,NA,NA,0
71,3,19,"E",319,2,0
72,3,19,NA,NA,NA,0
73,3,19,NA,NA,NA,0
74,6,20,NA,NA,NA,0
75,6,20,NA,NA,NA,0
76,6,20,NA,NA,NA,0
77,6,20,NA,NA,NA,0
78,6,20,NA,NA,NA,0
79,6,20,NA,NA,NA,0
80,5,21,NA,NA,NA,0
81,5,21,NA,NA,NA,0
82,5,21,NA,NA,NA,0
83,5,21,NA,NA,NA,0
84,5,21,NA,NA,NA,0
85,3,22,NA,NA,NA,0
86,3,22,NA,NA,NA,0
87,3,22,NA,NA,NA,0
88,3,23,NA,NA,NA,0
89,3,23,NA,NA,NA,0
90,3,23,NA,NA,NA,0
91,3,24,NA,NA,NA,0
92,3,24,NA,NA,NA,0
93,3,24,NA,NA,NA,0
94,5,25,NA,NA,NA,0
95,5,25,NA,NA,NA,0
96,5,25,NA,NA,NA,0
97,5,25,"E",64,4,0
98,5,25,NA,NA,NA,0
99,5,26,NA,NA,NA,0
100,5,26,NA,NA,NA,0
101,5,26,NA,NA,NA,0
102,5,26,NA,NA,NA,0
103,5,26,NA,NA,NA,0
104,4,27,NA,NA,NA,0
105,4,27,NA,NA,NA,0
106,4,27,NA,NA,NA,0
107,4,27,NA,NA,NA,0
108,5,28,NA,NA,NA,0
109,5,28,NA,NA,NA,0
110,5,28,NA,NA,NA,0
111,5,28,NA,NA,NA,0
112,5,28,"E",67,4,0
113,5,29,NA,NA,NA,0
114,5,29,NA,NA,NA,0
115,5,29,NA,NA,NA,0
116,5,29,NA,NA,NA,0
117,5,29,NA,NA,NA,0
118,3,30,NA,NA,NA,0
119,3,30,NA,NA,NA,0
120,3,30,NA,NA,NA,0
121,5,31,NA,NA,NA,0
122,5,31,NA,NA,NA,0
123,5,31,NA,NA,NA,0
124,5,31,NA,NA,NA,0
125,5,31,NA,NA,NA,0
126,3,32,"E",224,2,0
127,3,32,NA,NA,NA,0
128,3,32,NA,NA,NA,0
129,5,33,NA,NA,NA,0
130,5,33,NA,NA,NA,0
131,5,33,NA,NA,NA,0
132,5,33,NA,NA,NA,0
133,5,33,NA,NA,NA,0
134,3,34,NA,NA,NA,0
135,3,34,NA,NA,NA,0
136,3,34,NA,NA,NA,0
137,5,35,NA,NA,NA,0
138,5,35,NA,NA,NA,0
139,5,35,NA,NA,NA,0
140,5,35,NA,NA,NA,0
141,5,35,NA,NA,NA,0
142,3,36,NA,NA,NA,0
143,3,36,NA,NA,NA,0
144,3,36,NA,NA,NA,0
145,4,37,NA,NA,NA,0
146,4,37,NA,NA,NA,0
147,4,37,NA,NA,NA,0
148,4,37,NA,NA,NA,0
149,6,38,NA,NA,NA,0
150,6,38,NA,NA,NA,0
151,6,38,NA,NA,NA,0
152,6,38,NA,NA,NA,0
153,6,38,NA,NA,NA,0
154,6,38,NA,NA,NA,0
155,5,39,NA,NA,NA,0
156,5,39,NA,NA,NA,0
157,5,39,NA,NA,NA,0
158,5,39,NA,NA,NA,0
159,5,39,NA,NA,NA,0
160,5,40,NA,NA,NA,0
161,5,40,NA,NA,NA,0
162,5,40,NA,NA,NA,0
163,5,40,"E",71,4,0
164,5,40,NA,NA,NA,0
165,5,41,NA,NA,NA,0
166,5,41,NA,NA,NA,0
167,5,41,NA,NA,NA,0
168,5,41,NA,NA,NA,0
169,5,41,NA,NA,NA,0
170,3,42,NA,NA,NA,0
171,3,42,NA,NA,NA,0
172,3,42,NA,NA,NA,0
173,4,43,NA,NA,NA,0
174,4,43,NA,NA,NA,0
175,4,43,NA,NA,NA,0
176,4,43,NA,NA,NA,0
177,3,44,NA,NA,NA,0
178,3,44,NA,NA,NA,0
179,3,44,NA,NA,NA,0
180,5,45,NA,NA,NA,0
181,5,45,NA,NA,NA,0
182,5,45,NA,NA,NA,0
183,5,45,NA,NA,NA,0
184,5,45,NA,NA,NA,0
185,3,46,NA,NA,NA,0
186,3,46,NA,NA,NA,0
187,3,46,NA,NA,NA,0
188,5,47,NA,NA,NA,0
189,5,47,NA,NA,NA,0
190,5,47,NA,NA,NA,0
191,5,47,NA,NA,NA,0
192,5,47,NA,NA,NA,0
193,6,48,NA,NA,NA,0
194,6,48,NA,NA,NA,0
195,6,48,NA,NA,NA,0
196,6,48,NA,NA,NA,0
197,6,48,NA,NA,NA,0
198,6,48,NA,NA,NA,0
199,3,49,NA,NA,NA,0
200,3,49,NA,NA,NA,0
201,3,49,NA,NA,NA,0
202,4,50,NA,NA,NA,0
203,4,50,NA,NA,NA,0
204,4,50,NA,NA,NA,0
205,4,50,NA,NA,NA,0
206,4,51,NA,NA,NA,0
207,4,51,NA,NA,NA,0
208,4,51,NA,NA,NA,0
209,4,51,NA,NA,NA,0
210,4,52,NA,NA,NA,0
211,4,52,NA,NA,NA,0
212,4,52,"H",208,2,0
213,4,52,"E",170,3,1
214,4,53,NA,NA,NA,0
215,4,53,NA,NA,NA,0
216,4,53,NA,NA,NA,0
217,4,53,NA,NA,NA,0
218,5,54,NA,NA,NA,0
219,5,54,NA,NA,NA,0
220,5,54,NA,NA,NA,0
221,5,54,NA,NA,NA,0
222,5,54,"E",218,4,0
223,5,55,NA,NA,NA,0
224,5,55,NA,NA,NA,0
225,5,55,NA,NA,NA,0
226,5,55,NA,NA,NA,0
227,5,55,NA,NA,NA,0
228,4,56,NA,NA,NA,0
229,4,56,NA,NA,NA,0
230,4,56,NA,NA,NA,0
231,4,56,NA,NA,NA,0
232,5,57,NA,NA,NA,0
233,5,57,NA,NA,NA,0
234,5,57,NA,NA,NA,0
235,5,57,"E",NA,NA,0
236,5,57,NA,NA,NA,0
237,6,58,NA,NA,NA,0
238,6,58,NA,NA,NA,0
239,6,58,NA,NA,NA,0
240,6,58,NA,NA,NA,0
241,6,58,NA,NA,NA,0
242,6,58,NA,NA,NA,0
243,5,59,NA,NA,NA,0
244,5,59,NA,NA,NA,0
245,5,59,NA,NA,NA,0
246,5,59,NA,NA,NA,0
247,5,59,NA,NA,NA,0
248,4,60,NA,NA,NA,0
249,4,60,NA,NA,NA,0
250,4,60,NA,NA,NA,0
251,4,60,NA,NA,NA,0
252,4,61,NA,NA,NA,0
253,4,61,NA,NA,NA,0
254,4,61,NA,NA,NA,0
255,4,61,NA,NA,NA,0
256,4,62,NA,NA,NA,0
257,4,62,NA,NA,NA,0
258,4,62,NA,NA,NA,0
259,4,62,NA,NA,NA,0
260,4,63,NA,NA,NA,0
261,4,63,NA,NA,NA,0
262,4,63,NA,NA,NA,0
263,4,63,NA,NA,NA,0
264,4,64,NA,NA,NA,0
265,4,64,NA,NA,NA,0
266,4,64,NA,NA,NA,0
267,4,64,NA,NA,NA,0
268,5,65,NA,NA,NA,0
269,5,65,NA,NA,NA,0
270,5,65,NA,NA,NA,0
271,5,65,NA,NA,NA,0
272,5,65,NA,NA,NA,0
273,6,66,NA,NA,NA,0
274,6,66,NA,NA,NA,0
275,6,66,NA,NA,NA,0
276,6,66,NA,NA,NA,0
277,6,66,NA,NA,NA,0
278,6,66,NA,NA,NA,0
279,4,67,NA,NA,NA,0
280,4,67,NA,NA,NA,0
281,4,67,NA,NA,NA,0
282,4,67,NA,NA,NA,0
283,3,68,NA,NA,NA,0
284,3,68,NA,NA,NA,0
285,3,68,NA,NA,NA,0
286,6,69,NA,NA,NA,0
287,6,69,NA,NA,NA,0
288,6,69,NA,NA,NA,0
289,6,69,NA,NA,NA,0
290,6,69,NA,NA,NA,0
291,6,69,NA,NA,NA,0
292,6,70,NA,NA,NA,0
293,6,70,NA,NA,NA,0
294,6,70,NA,NA,NA,0
295,6,70,NA,NA,NA,0
296,6,70,NA,NA,NA,0
297,6,70,NA,NA,NA,0
298,4,71,NA,NA,NA,0
299,4,71,NA,NA,NA,0
300,4,71,NA,NA,NA,0
301,4,71,NA,NA,NA,0
302,5,72,NA,NA,NA,0
303,5,72,NA,NA,NA,0
304,5,72,NA,NA,NA,0
305,5,72,NA,NA,NA,0
306,5,72,NA,NA,NA,0
307,6,73,NA,NA,NA,0
308,6,73,NA,NA,NA,0
309,6,73,NA,NA,NA,0
310,6,73,NA,NA,NA,0
311,6,73,NA,NA,NA,0
312,6,73,NA,NA,NA,0
313,4,74,NA,NA,NA,0
314,4,74,NA,NA,NA,0
315,4,74,NA,NA,NA,0
316,4,74,NA,NA,NA,0
317,6,75,NA,NA,NA,0
318,6,75,NA,NA,NA,0
319,6,75,"E",193,5,0
320,6,75,NA,NA,NA,0
321,6,75,NA,NA,NA,0
322,6,75,NA,NA,NA,0
323,5,76,NA,NA,NA,0
324,5,76,NA,NA,NA,0
325,5,76,NA,NA,NA,0
326,5,76,NA,NA,NA,0
327,5,76,NA,NA,NA,0
328,4,77,NA,NA,NA,0
329,4,77,NA,NA,NA,0
330,4,77,NA,NA,NA,0
331,4,77,NA,NA,NA,0
332,3,78,NA,NA,NA,0
333,3,78,NA,NA,NA,0
334,3,78,NA,NA,NA,0
335,5,79,NA,NA,NA,0
336,5,79,NA,NA,NA,0
337,5,79,NA,NA,NA,0
338,5,79,NA,NA,NA,0
339,5,79,NA,NA,NA,0
340,4,80,NA,NA,NA,0
341,4,80,NA,NA,NA,0
342,4,80,NA,NA,NA,0
343,4,80,"E",195,3,0
344,4,81,NA,NA,NA,0
345,4,81,NA,NA,NA,0
346,4,81,NA,NA,NA,0
347,4,81,NA,NA,NA,0
348,5,82,NA,NA,NA,0
349,5,82,NA,NA,NA,0
350,5,82,NA,NA,NA,0
351,5,82,NA,NA,NA,0
352,5,82,NA,NA,NA,0
353,6,83,NA,NA,NA,0
354,6,83,NA,NA,NA,0
355,6,83,NA,NA,NA,0
356,6,83,NA,NA,NA,0
357,6,83,NA,NA,NA,0
358,6,83,NA,NA,NA,0
359,4,84,NA,NA,NA,0
360,4,84,NA,NA,NA,0
361,4,84,NA,NA,NA,0
362,4,84,NA,NA,NA,0
363,6,85,NA,NA,NA,0
364,6,85,NA,NA,NA,0
365,6,85,NA,NA,NA,0
366,6,85,NA,NA,NA,0
367,6,85,NA,NA,NA,0
368,6,85,NA,NA,NA,0
369,5,86,NA,NA,NA,0
370,5,86,NA,NA,NA,0
371,5,86,NA,NA,NA,0
372,5,86,NA,NA,NA,0
373,5,86,NA,NA,NA,0
374,3,87,NA,NA,NA,0
375,3,87,NA,NA,NA,0
376,3,87,NA,NA,NA,0
377,3,88,NA,NA,NA,0
378,3,88,NA,NA,NA,0
379,3,88,NA,NA,NA,0
380,3,89,NA,NA,NA,0
381,3,89,NA,NA,NA,0
382,3,89,NA,NA,NA,0
383,6,90,NA,NA,NA,0
384,6,90,NA,NA,NA,0
385,6,90,NA,NA,NA,0
386,6,90,NA,NA,NA,0
387,6,90,NA,NA,NA,0
388,6,90,NA,NA,NA,0
389,5,91,NA,NA,NA,0
390,5,91,NA,NA,NA,0
391,5,91,NA,NA,NA,0
392,5,91,NA,NA,NA,0
393,5,91,NA,NA,NA,0
394,4,92,NA,NA,NA,0
395,4,92,NA,NA,NA,0
396,4,92,NA,NA,NA,0
397,4,92,NA,NA,NA,0
398,3,93,NA,NA,NA,0
399,3,93,NA,NA,NA,0
400,3,93,NA,NA,NA,0
401,4,94,NA,NA,NA,0
402,4,94,NA,NA,NA,0
403,4,94,NA,NA,NA,0
404,4,94,NA,NA,NA,0
405,6,95,NA,NA,NA,0
406,6,95,NA,NA,NA,0
407,6,95,NA,NA,NA,0
408,6,95,NA,NA,NA,0
409,6,95,NA,NA,NA,0
410,6,95,NA,NA,NA,0
411,5,96,NA,NA,NA,0
412,5,96,NA,NA,NA,0
413,5,96,NA,NA,NA,0
414,5,96,NA,NA,NA,0
415,5,96,NA,NA,NA,0
416,4,97,NA,NA,NA,0
417,4,97,NA,NA,NA,0
418,4,97,NA,NA,NA,0
419,4,97,NA,NA,NA,0
420,6,98,"H",150,4,2
421,6,98,"E",103,5,1
422,6,98,"H",199,2,0
423,6,98,"H",187,2,0
424,6,98,NA,NA,NA,0
425,6,98,NA,NA,NA,0
426,3,99,NA,NA,NA,0
427,3,99,NA,NA,NA,0
428,3,99,NA,NA,NA,0
429,6,100,NA,NA,NA,0
430,6,100,NA,NA,NA,0
431,6,100,NA,NA,NA,0
432,6,100,NA,NA,NA,0
433,6,100,NA,NA,NA,0
434,6,100,NA,NA,NA,0
435,3,101,NA,NA,NA,0
436,3,101,NA,NA,NA,0
437,3,101,NA,NA,NA,0
438,5,102,NA,NA,NA,0
439,5,102,NA,NA,NA,0
440,5,102,NA,NA,NA,0
441,5,102,NA,NA,NA,0
442,5,102,NA,NA,NA,0
443,4,103,NA,NA,NA,0
444,4,103,NA,NA,NA,0
445,4,103,NA,NA,NA,0
446,4,103,NA,NA,NA,0
447,5,104,NA,NA,NA,0
448,5,104,NA,NA,NA,0
449,5,104,NA,NA,NA,0
450,5,104,NA,NA,NA,0
451,5,104,NA,NA,NA,0
452,5,105,NA,NA,NA,0
453,5,105,NA,NA,NA,0
454,5,105,NA,NA,NA,0
455,5,105,NA,NA,NA,0
456,5,105,NA,NA,NA,0
457,4,106,NA,NA,NA,0
458,4,106,NA,NA,NA,0
459,4,106,NA,NA,NA,0
460,4,106,NA,NA,NA,0
461,4,107,NA,NA,NA,0
462,4,107,NA,NA,NA,0
463,4,107,NA,NA,NA,0
464,4,107,NA,NA,NA,0
465,3,108,NA,NA,NA,0
466,3,108,NA,NA,NA,0
467,3,108,NA,NA,NA,0
468,3,109,NA,NA,NA,0
469,3,109,NA,NA,NA,0
470,3,109,NA,NA,NA,0
471,3,110,NA,NA,NA,0
472,3,110,NA,NA,NA,0
473,3,110,NA,NA,NA,0
474,4,111,NA,NA,NA,0
475,4,111,NA,NA,NA,0
476,4,111,NA,NA,NA,0
477,4,111,NA,NA,NA,0
478,5,112,NA,NA,NA,0
479,5,112,NA,NA,NA,0
480,5,112,NA,NA,NA,0
481,5,112,NA,NA,NA,0
482,5,112,NA,NA,NA,0
483,6,113,NA,NA,NA,0
484,6,113,NA,NA,NA,0
485,6,113,NA,NA,NA,0
486,6,113,NA,NA,NA,0
487,6,113,NA,NA,NA,0
488,6,113,NA,NA,NA,0
489,6,114,NA,NA,NA,0
490,6,114,NA,NA,NA,0
491,6,114,NA,NA,NA,0
492,6,114,NA,NA,NA,0
493,6,114,NA,NA,NA,0
494,6,114,NA,NA,NA,0
495,5,115,NA,NA,NA,0
496,5,115,NA,NA,NA,0
497,5,115,NA,NA,NA,0
498,5,115,NA,NA,NA,0
499,5,115,NA,NA,NA,0
500,3,116,NA,NA,NA,0
501,3,116,NA,NA,NA,0
502,3,116,NA,NA,NA,0
503,5,117,NA,NA,NA,0
504,5,117,NA,NA,NA,0
505,5,117,NA,NA,NA,0
506,5,117,NA,NA,NA,0
507,5,117,NA,NA,NA,0
508,6,118,NA,NA,NA,0
509,6,118,NA,NA,NA,0
510,6,118,NA,NA,NA,0
511,6,118,NA,NA,NA,0
512,6,118,NA,NA,NA,0
513,6,118,NA,NA,NA,0
514,4,119,NA,NA,NA,0
515,4,119,NA,NA,NA,0
516,4,119,NA,NA,NA,0
517,4,119,NA,NA,NA,0
518,5,120,NA,NA,NA,0
519,5,120,NA,NA,NA,0
520,5,120,NA,NA,NA,0
521,5,120,NA,NA,NA,0
522,5,120,NA,NA,NA,0
523,5,121,NA,NA,NA,0
524,5,121,NA,NA,NA,0
525,5,121,"E",227,4,0
526,5,121,NA,NA,NA,0
527,5,121,NA,NA,NA,0
528,4,122,NA,NA,NA,0
529,4,122,NA,NA,NA,0
530,4,122,NA,NA,NA,0
531,4,122,NA,NA,NA,0
532,6,123,NA,NA,NA,0
533,6,123,NA,NA,NA,0
534,6,123,NA,NA,NA,0
535,6,123,NA,NA,NA,0
536,6,123,NA,NA,NA,0
537,6,123,NA,NA,NA,0
538,4,124,NA,NA,NA,0
539,4,124,NA,NA,NA,0
540,4,124,NA,NA,NA,0
541,4,124,NA,NA,NA,0
542,5,125,NA,NA,NA,0
543,5,125,NA,NA,NA,0
544,5,125,NA,NA,NA,0
545,5,125,NA,NA,NA,0
546,5,125,NA,NA,NA,0
547,6,126,NA,NA,NA,0
548,6,126,NA,NA,NA,0
549,6,126,NA,NA,NA,0
550,6,126,NA,NA,NA,0
551,6,126,NA,NA,NA,0
552,6,126,NA,NA,NA,0
553,4,127,NA,NA,NA,0
554,4,127,"E",264,3,0
555,4,127,NA,NA,NA,0
556,4,127,NA,NA,NA,0
557,3,128,NA,NA,NA,0
558,3,128,NA,NA,NA,0
559,3,128,NA,NA,NA,0
560,3,129,NA,NA,NA,0
561,3,129,NA,NA,NA,0
562,3,129,NA,NA,NA,0
563,6,130,NA,NA,NA,0
564,6,130,NA,NA,NA,0
565,6,130,NA,NA,NA,0
566,6,130,NA,NA,NA,0
567,6,130,NA,NA,NA,0
568,6,130,NA,NA,NA,0
569,3,131,NA,NA,NA,0
570,3,131,NA,NA,NA,0
571,3,131,NA,NA,NA,0
572,3,132,NA,NA,NA,0
573,3,132,NA,NA,NA,0
574,3,132,NA,NA,NA,0
575,3,133,NA,NA,NA,0
576,3,133,NA,NA,NA,0
577,3,133,NA,NA,NA,0
578,3,134,NA,NA,NA,0
579,3,134,NA,NA,NA,0
580,3,134,NA,NA,NA,0
581,3,135,NA,NA,NA,0
582,3,135,NA,NA,NA,0
583,3,135,NA,NA,NA,0
584,6,136,NA,NA,NA,0
585,6,136,NA,NA,NA,0
586,6,136,NA,NA,NA,0
587,6,136,NA,NA,NA,0
588,6,136,NA,NA,NA,0
589,6,136,NA,NA,NA,0
590,4,137,NA,NA,NA,0
591,4,137,NA,NA,NA,0
592,4,137,NA,NA,NA,0
593,4,137,NA,NA,NA,0
594,4,138,NA,NA,NA,0
595,4,138,NA,NA,NA,0
596,4,138,NA,NA,NA,0
597,4,138,NA,NA,NA,0
598,4,139,NA,NA,NA,0
599,4,139,NA,NA,NA,0
600,4,139,NA,NA,NA,0
601,4,139,NA,NA,NA,0
602,4,140,NA,NA,NA,0
603,4,140,NA,NA,NA,0
604,4,140,NA,NA,NA,0
605,4,140,NA,NA,NA,0
606,4,141,NA,NA,NA,0
607,4,141,NA,NA,NA,0
608,4,141,NA,NA,NA,0
609,4,141,"E",191,3,0
610,3,142,NA,NA,NA,0
611,3,142,NA,NA,NA,0
612,3,142,NA,NA,NA,0
613,5,143,NA,NA,NA,0
614,5,143,NA,NA,NA,0
615,5,143,NA,NA,NA,0
616,5,143,NA,NA,NA,0
617,5,143,NA,NA,NA,0
618,5,144,NA,NA,NA,0
619,5,144,NA,NA,NA,0
620,5,144,NA,NA,NA,0
621,5,144,NA,NA,NA,0
622,5,144,NA,NA,NA,0
623,5,145,NA,NA,NA,0
624,5,145,NA,NA,NA,0
625,5,145,NA,NA,NA,0
626,5,145,NA,NA,NA,0
627,5,145,NA,NA,NA,0
628,5,146,NA,NA,NA,0
629,5,146,NA,NA,NA,0
630,5,146,NA,NA,NA,0
631,5,146,NA,NA,NA,0
632,5,146,NA,NA,NA,0
633,5,147,NA,NA,NA,0
634,5,147,NA,NA,NA,0
635,5,147,NA,NA,NA,0
636,5,147,NA,NA,NA,0
637,5,147,NA,NA,NA,0
638,4,148,NA,NA,NA,0
639,4,148,"E",250,3,0
640,4,148,NA,NA,NA,0
641,4,148,NA,NA,NA,0
642,3,149,NA,NA,NA,0
643,3,149,NA,NA,NA,0
644,3,149,NA,NA,NA,0
645,3,150,NA,NA,NA,0
646,3,150,NA,NA,NA,0
647,3,150,NA,NA,NA,0
648,3,151,NA,NA,NA,0
649,3,151,NA,NA,NA,0
650,3,151,NA,NA,NA,0
651,5,152,NA,NA,NA,0
652,5,152,NA,NA,NA,0
653,5,152,NA,NA,NA,0
654,5,152,NA,NA,NA,0
655,5,152,NA,NA,NA,0
656,4,153,NA,NA,NA,0
657,4,153,NA,NA,NA,0
658,4,153,NA,NA,NA,0
659,4,153,NA,NA,NA,0
660,4,154,NA,NA,NA,0
661,4,154,NA,NA,NA,0
662,4,154,NA,NA,NA,0
663,4,154,NA,NA,NA,0
664,4,155,NA,NA,NA,0
665,4,155,"E",161,3,0
666,4,155,NA,NA,NA,0
667,4,155,NA,NA,NA,0
668,3,156,NA,NA,NA,0
669,3,156,NA,NA,NA,0
670,3,156,NA,NA,NA,0
671,6,157,NA,NA,NA,0
672,6,157,NA,NA,NA,0
673,6,157,NA,NA,NA,0
674,6,157,NA,NA,NA,0
675,6,157,NA,NA,NA,0
676,6,157,NA,NA,NA,0
677,3,158,NA,NA,NA,0
678,3,158,NA,NA,NA,0
679,3,158,NA,NA,NA,0
680,6,159,"H",241,3,0
681,6,159,NA,NA,NA,0
682,6,159,"E",215,5,2
683,6,159,"H",251,3,1
684,6,159,"H",290,2,0
685,6,159,NA,NA,NA,0
686,4,160,NA,NA,NA,0
687,4,160,NA,NA,NA,0
688,4,160,NA,NA,NA,0
689,4,160,NA,NA,NA,0
690,5,161,NA,NA,NA,0
691,5,161,NA,NA,NA,0
692,5,161,NA,NA,NA,0
693,5,161,NA,NA,NA,0
694,5,161,NA,NA,NA,0
695,5,162,NA,NA,NA,0
696,5,162,NA,NA,NA,0
697,5,162,NA,NA,NA,0
698,5,162,NA,NA,NA,0
699,5,162,NA,NA,NA,0
700,5,163,NA,NA,NA,0
701,5,163,NA,NA,NA,0
702,5,163,NA,NA,NA,0
703,5,163,"E",61,4,0
704,5,163,NA,NA,NA,0
705,5,164,NA,NA,NA,0
706,5,164,NA,NA,NA,0
707,5,164,NA,NA,NA,0
708,5,164,NA,NA,NA,0
709,5,164,NA,NA,NA,0
710,5,165,NA,NA,NA,0
711,5,165,NA,NA,NA,0
712,5,165,NA,NA,NA,0
713,5,165,NA,NA,NA,0
714,5,165,NA,NA,NA,0
715,5,166,NA,NA,NA,0
716,5,166,NA,NA,NA,0
717,5,166,"E",236,4,0
718,5,166,NA,NA,NA,0
719,5,166,NA,NA,NA,0
720,5,167,NA,NA,NA,0
721,5,167,NA,NA,NA,0
722,5,167,NA,NA,NA,0
723,5,167,NA,NA,NA,0
724,5,167,NA,NA,NA,0
725,5,168,NA,NA,NA,0
726,5,168,NA,NA,NA,0
727,5,168,NA,NA,NA,0
728,5,168,NA,NA,NA,0
729,5,168,NA,NA,NA,0
730,4,169,NA,NA,NA,0
731,4,169,NA,NA,NA,0
732,4,169,NA,NA,NA,0
733,4,169,NA,NA,NA,0
734,4,170,NA,NA,NA,0
735,4,170,NA,NA,NA,0
736,4,170,NA,NA,NA,0
737,4,170,NA,NA,NA,0
738,3,171,NA,NA,NA,0
739,3,171,NA,NA,NA,0
740,3,171,NA,NA,NA,0
741,5,172,NA,NA,NA,0
742,5,172,NA,NA,NA,0
743,5,172,NA,NA,NA,0
744,5,172,NA,NA,NA,0
745,5,172,NA,NA,NA,0
746,4,173,NA,NA,NA,0
747,4,173,NA,NA,NA,0
748,4,173,NA,NA,NA,0
749,4,173,NA,NA,NA,0
750,5,174,NA,NA,NA,0
751,5,174,NA,NA,NA,0
752,5,174,NA,NA,NA,0
753,5,174,NA,NA,NA,0
754,5,174,NA,NA,NA,0
755,3,175,NA,NA,NA,0
756,3,175,NA,NA,NA,0
757,3,175,NA,NA,NA,0
758,4,176,NA,NA,NA,0
759,4,176,NA,NA,NA,0
760,4,176,NA,NA,NA,0
761,4,176,NA,NA,NA,0
762,4,177,NA,NA,NA,0
763,4,177,NA,NA,NA,0
764,4,177,NA,NA,NA,0
765,4,177,NA,NA,NA,0
766,3,178,NA,NA,NA,0
767,3,178,NA,NA,NA,0
768,3,178,NA,NA,NA,0
769,5,179,NA,NA,NA,0
770,5,179,NA,NA,NA,0
771,5,179,NA,NA,NA,0
772,5,179,NA,NA,NA,0
773,5,179,NA,NA,NA,0
774,6,180,NA,NA,NA,0
775,6,180,NA,NA,NA,0
776,6,180,"E",151,5,0
777,6,180,NA,NA,NA,0
778,6,180,NA,NA,NA,0
779,6,180,NA,NA,NA,0
780,6,181,NA,NA,NA,0
781,6,181,NA,NA,NA,0
782,6,181,NA,NA,NA,0
783,6,181,NA,NA,NA,0
784,6,181,NA,NA,NA,0
785,6,181,NA,NA,NA,0
786,4,182,NA,NA,NA,0
787,4,182,NA,NA,NA,0
788,4,182,NA,NA,NA,0
789,4,182,NA,NA,NA,0
790,6,183,NA,NA,NA,0
791,6,183,NA,NA,NA,0
792,6,183,NA,NA,NA,0
793,6,183,NA,NA,NA,0
794,6,183,NA,NA,NA,0
795,6,183,NA,NA,NA,0
796,3,184,NA,NA,NA,0
797,3,184,NA,NA,NA,0
798,3,184,NA,NA,NA,0
799,6,185,"H",NA,NA,0
800,6,185,"E",257,5,0
801,6,185,NA,NA,NA,0
802,6,185,"H",362,2,0
803,6,185,"E",319,4,2
804,6,185,NA,NA,NA,0
805,6,186,"H",121,4,0
806,6,186,NA,NA,NA,0
807,6,186,NA,NA,NA,0
808,6,186,NA,NA,NA,0
809,6,186,"E",94,5,1
810,6,186,NA,NA,NA,0
811,5,187,NA,NA,NA,0
812,5,187,NA,NA,NA,0
813,5,187,NA,NA,NA,0
814,5,187,NA,NA,NA,0
815,5,187,NA,NA,NA,0
816,4,188,NA,NA,NA,0
817,4,188,NA,NA,NA,0
818,4,188,NA,NA,NA,0
819,4,188,NA,NA,NA,0
820,4,189,NA,NA,NA,0
821,4,189,NA,NA,NA,0
822,4,189,NA,NA,NA,0
823,4,189,NA,NA,NA,0
824,5,190,NA,NA,NA,0
825,5,190,"E",352,4,0
826,5,190,NA,NA,NA,0
827,5,190,NA,NA,NA,0
828,5,190,NA,NA,NA,0
829,6,191,NA,NA,NA,0
830,6,191,NA,NA,NA,0
831,6,191,NA,NA,NA,0
832,6,191,NA,NA,NA,0
833,6,191,NA,NA,NA,0
834,6,191,NA,NA,NA,0
835,6,192,NA,NA,NA,0
836,6,192,NA,NA,NA,0
837,6,192,NA,NA,NA,0
838,6,192,NA,NA,NA,0
839,6,192,NA,NA,NA,0
840,6,192,NA,NA,NA,0
841,4,193,NA,NA,NA,0
842,4,193,NA,NA,NA,0
843,4,193,NA,NA,NA,0
844,4,193,NA,NA,NA,0
845,6,194,NA,NA,NA,0
846,6,194,NA,NA,NA,0
847,6,194,NA,NA,NA,0
848,6,194,"H",94,4,0
849,6,194,"E",67,5,1
850,6,194,NA,NA,NA,0
851,6,195,NA,NA,NA,0
852,6,195,NA,NA,NA,0
853,6,195,NA,NA,NA,0
854,6,195,NA,NA,NA,0
855,6,195,NA,NA,NA,0
856,6,195,NA,NA,NA,0
857,5,196,NA,NA,NA,0
858,5,196,NA,NA,NA,0
859,5,196,NA,NA,NA,0
860,5,196,NA,NA,NA,0
861,5,196,NA,NA,NA,0
862,4,197,NA,NA,NA,0
863,4,197,"E",NA,NA,0
864,4,197,NA,NA,NA,0
865,4,197,NA,NA,NA,0
866,4,198,"E",346,3,0
867,4,198,NA,NA,NA,0
868,4,198,NA,NA,NA,0
869,4,198,NA,NA,NA,0
870,4,199,NA,NA,NA,0
871,4,199,NA,NA,NA,0
872,4,199,NA,NA,NA,0
873,4,199,NA,NA,NA,0
874,5,200,NA,NA,NA,0
875,5,200,NA,NA,NA,0
876,5,200,NA,NA,NA,0
877,5,200,NA,NA,NA,0
878,5,200,NA,NA,NA,0
879,3,201,NA,NA,NA,0
880,3,201,NA,NA,NA,0
881,3,201,NA,NA,NA,0
882,5,202,NA,NA,NA,0
883,5,202,NA,NA,NA,0
884,5,202,NA,NA,NA,0
885,5,202,NA,NA,NA,0
886,5,202,NA,NA,NA,0
887,3,203,NA,NA,NA,0
888,3,203,NA,NA,NA,0
889,3,203,NA,NA,NA,0
890,5,204,NA,NA,NA,0
891,5,204,NA,NA,NA,0
892,5,204,NA,NA,NA,0
893,5,204,NA,NA,NA,0
894,5,204,NA,NA,NA,0
895,3,205,NA,NA,NA,0
896,3,205,NA,NA,NA,0
897,3,205,NA,NA,NA,0
898,6,206,NA,NA,NA,0
899,6,206,NA,NA,NA,0
900,6,206,NA,NA,NA,0
901,6,206,NA,NA,NA,0
902,6,206,NA,NA,NA,0
903,6,206,NA,NA,NA,0
904,6,207,NA,NA,NA,0
905,6,207,NA,NA,NA,0
906,6,207,NA,NA,NA,0
907,6,207,NA,NA,NA,0
908,6,207,NA,NA,NA,0
909,6,207,NA,NA,NA,0
910,3,208,NA,NA,NA,0
911,3,208,NA,NA,NA,0
912,3,208,NA,NA,NA,0
913,5,209,NA,NA,NA,0
914,5,209,NA,NA,NA,0
915,5,209,NA,NA,NA,0
916,5,209,NA,NA,NA,0
917,5,209,NA,NA,NA,0
918,6,210,NA,NA,NA,0
919,6,210,"E",NA,NA,0
920,6,210,"E",290,5,0
921,6,210,NA,NA,NA,0
922,6,210,NA,NA,NA,0
923,6,210,NA,NA,NA,0
924,4,211,NA,NA,NA,0
925,4,211,NA,NA,NA,0
926,4,211,NA,NA,NA,0
927,4,211,NA,NA,NA,0
928,3,212,NA,NA,NA,0
929,3,212,NA,NA,NA,0
930,3,212,NA,NA,NA,0
931,4,213,"E",168,3,0
932,4,213,NA,NA,NA,0
933,4,213,NA,NA,NA,0
934,4,213,NA,NA,NA,0
935,6,214,NA,NA,NA,0
936,6,214,NA,NA,NA,0
937,6,214,NA,NA,NA,0
938,6,214,NA,NA,NA,0
939,6,214,NA,NA,NA,0
940,6,214,NA,NA,NA,0
941,4,215,NA,NA,NA,0
942,4,215,NA,NA,NA,0
943,4,215,NA,NA,NA,0
944,4,215,NA,NA,NA,0
945,3,216,NA,NA,NA,0
946,3,216,NA,NA,NA,0
947,3,216,NA,NA,NA,0
948,4,217,NA,NA,NA,0
949,4,217,NA,NA,NA,0
950,4,217,NA,NA,NA,0
951,4,217,NA,NA,NA,0
952,3,218,NA,NA,NA,0
953,3,218,NA,NA,NA,0
954,3,218,NA,NA,NA,0
955,6,219,NA,NA,NA,0
956,6,219,NA,NA,NA,0
957,6,219,NA,NA,NA,0
958,6,219,NA,NA,NA,0
959,6,219,NA,NA,NA,0
960,6,219,NA,NA,NA,0
961,4,220,NA,NA,NA,0
962,4,220,NA,NA,NA,0
963,4,220,NA,NA,NA,0
964,4,220,NA,NA,NA,0
965,6,221,NA,NA,NA,0
966,6,221,NA,NA,NA,0
967,6,221,NA,NA,NA,0
968,6,221,NA,NA,NA,0
969,6,221,NA,NA,NA,0
970,6,221,NA,NA,NA,0
971,3,222,NA,NA,NA,0
972,3,222,NA,NA,NA,0
973,3,222,NA,NA,NA,0
974,5,223,NA,NA,NA,0
975,5,223,NA,NA,NA,0
976,5,223,NA,NA,NA,0
977,5,223,NA,NA,NA,0
978,5,223,NA,NA,NA,0
979,4,224,NA,NA,NA,0
980,4,224,NA,NA,NA,0
981,4,224,NA,NA,NA,0
982,4,224,NA,NA,NA,0
983,5,225,NA,NA,NA,0
984,5,225,NA,NA,NA,0
985,5,225,NA,NA,NA,0
986,5,225,NA,NA,NA,0
987,5,225,NA,NA,NA,0
988,6,226,NA,NA,NA,0
989,6,226,NA,NA,NA,0
990,6,226,NA,NA,NA,0
991,6,226,NA,NA,NA,0
992,6,226,NA,NA,NA,0
993,6,226,NA,NA,NA,0
994,3,227,NA,NA,NA,0
995,3,227,NA,NA,NA,0
996,3,227,NA,NA,NA,0
997,4,228,NA,NA,NA,0
998,4,228,NA,NA,NA,0
999,4,228,NA,NA,NA,0
1000,4,228,NA,NA,NA,0
