"ID","SIZE","HH","TYPE","TIME","S_NUM","I_NUM"
1,4,1,"0",NA,NA,0
2,4,1,NA,NA,NA,0
3,4,1,NA,NA,NA,0
4,4,1,NA,NA,NA,0
5,6,2,"H",158,4,0
6,6,2,"E",131,5,1
7,6,2,NA,NA,NA,0
8,6,2,NA,NA,NA,0
9,6,2,NA,NA,NA,0
10,6,2,"E",301,3,0
11,4,3,NA,NA,NA,0
12,4,3,NA,NA,NA,0
13,4,3,"E",NA,NA,0
14,4,3,"E",NA,NA,0
15,4,4,NA,NA,NA,0
16,4,4,NA,NA,NA,0
17,4,4,NA,NA,NA,0
18,4,4,NA,NA,NA,0
19,5,5,NA,NA,NA,0
20,5,5,NA,NA,NA,0
21,5,5,NA,NA,NA,0
22,5,5,NA,NA,NA,0
23,5,5,NA,NA,NA,0
24,6,6,NA,NA,NA,0
25,6,6,NA,NA,NA,0
26,6,6,NA,NA,NA,0
27,6,6,NA,NA,NA,0
28,6,6,NA,NA,NA,0
29,6,6,NA,NA,NA,0
30,4,7,"H",79,2,0
31,4,7,NA,NA,NA,0
32,4,7,"E",60,3,1
33,4,7,"E",319,1,0
34,4,8,NA,NA,NA,0
35,4,8,NA,NA,NA,0
36,4,8,NA,NA,NA,0
37,4,8,NA,NA,NA,0
38,5,9,"E",275,4,0
39,5,9,NA,NA,NA,0
40,5,9,NA,NA,NA,0
41,5,9,NA,NA,NA,0
42,5,9,NA,NA,NA,0
43,6,10,NA,NA,NA,0
44,6,10,NA,NA,NA,0
45,6,10,NA,NA,NA,0
46,6,10,NA,NA,NA,0
47,6,10,NA,NA,NA,0
48,6,10,NA,NA,NA,0
49,5,11,NA,NA,NA,0
50,5,11,NA,NA,NA,0
51,5,11,NA,NA,NA,0
52,5,11,NA,NA,NA,0
53,5,11,NA,NA,NA,0
54,6,12,NA,NA,NA,0
55,6,12,NA,NA,NA,0
56,6,12,NA,NA,NA,0
57,6,12,NA,NA,NA,0
58,6,12,NA,NA,NA,0
59,6,12,NA,NA,NA,0
60,6,13,NA,NA,NA,0
61,6,13,NA,NA,NA,0
62,6,13,NA,NA,NA,0
63,6,13,NA,NA,NA,0
64,6,13,NA,NA,NA,0
65,6,13,NA,NA,NA,0
66,6,14,NA,NA,NA,0
67,6,14,NA,NA,NA,0
68,6,14,NA,NA,NA,0
69,6,14,NA,NA,NA,0
70,6,14,NA,NA,NA,0
71,6,14,NA,NA,NA,0
72,4,15,NA,NA,NA,0
73,4,15,NA,NA,NA,0
74,4,15,NA,NA,NA,0
75,4,15,NA,NA,NA,0
76,4,16,NA,NA,NA,0
77,4,16,NA,NA,NA,0
78,4,16,NA,NA,NA,0
79,4,16,NA,NA,NA,0
80,5,17,NA,NA,NA,0
81,5,17,NA,NA,NA,0
82,5,17,NA,NA,NA,0
83,5,17,NA,NA,NA,0
84,5,17,NA,NA,NA,0
85,4,18,NA,NA,NA,0
86,4,18,NA,NA,NA,0
87,4,18,NA,NA,NA,0
88,4,18,NA,NA,NA,0
89,4,19,NA,NA,NA,0
90,4,19,NA,NA,NA,0
91,4,19,NA,NA,NA,0
92,4,19,NA,NA,NA,0
93,3,20,NA,NA,NA,0
94,3,20,NA,NA,NA,0
95,3,20,NA,NA,NA,0
96,3,21,NA,NA,NA,0
97,3,21,NA,NA,NA,0
98,3,21,NA,NA,NA,0
99,3,22,NA,NA,NA,0
100,3,22,NA,NA,NA,0
101,3,22,NA,NA,NA,0
102,4,23,NA,NA,NA,0
103,4,23,NA,NA,NA,0
104,4,23,NA,NA,NA,0
105,4,23,NA,NA,NA,0
106,6,24,NA,NA,NA,0
107,6,24,"E",116,5,0
108,6,24,NA,NA,NA,0
109,6,24,NA,NA,NA,0
110,6,24,NA,NA,NA,0
111,6,24,NA,NA,NA,0
112,4,25,NA,NA,NA,0
113,4,25,NA,NA,NA,0
114,4,25,NA,NA,NA,0
115,4,25,NA,NA,NA,0
116,4,26,NA,NA,NA,0
117,4,26,NA,NA,NA,0
118,4,26,NA,NA,NA,0
119,4,26,NA,NA,NA,0
120,6,27,NA,NA,NA,0
121,6,27,NA,NA,NA,0
122,6,27,NA,NA,NA,0
123,6,27,NA,NA,NA,0
124,6,27,NA,NA,NA,0
125,6,27,NA,NA,NA,0
126,3,28,NA,NA,NA,0
127,3,28,NA,NA,NA,0
128,3,28,NA,NA,NA,0
129,4,29,NA,NA,NA,0
130,4,29,NA,NA,NA,0
131,4,29,NA,NA,NA,0
132,4,29,NA,NA,NA,0
133,6,30,NA,NA,NA,0
134,6,30,NA,NA,NA,0
135,6,30,NA,NA,NA,0
136,6,30,NA,NA,NA,0
137,6,30,NA,NA,NA,0
138,6,30,NA,NA,NA,0
139,3,31,NA,NA,NA,0
140,3,31,NA,NA,NA,0
141,3,31,NA,NA,NA,0
142,6,32,NA,NA,NA,0
143,6,32,NA,NA,NA,0
144,6,32,"H",315,4,0
145,6,32,"E",252,5,1
146,6,32,NA,NA,NA,0
147,6,32,NA,NA,NA,0
148,3,33,NA,NA,NA,0
149,3,33,NA,NA,NA,0
150,3,33,NA,NA,NA,0
151,5,34,NA,NA,NA,0
152,5,34,NA,NA,NA,0
153,5,34,NA,NA,NA,0
154,5,34,NA,NA,NA,0
155,5,34,NA,NA,NA,0
156,5,35,NA,NA,NA,0
157,5,35,"C",87,4,0
158,5,35,NA,NA,NA,0
159,5,35,NA,NA,NA,0
160,5,35,NA,NA,NA,0
161,5,36,"E",66,4,2
162,5,36,"H",92,2,0
163,5,36,"H",94,2,0
164,5,36,NA,NA,NA,0
165,5,36,NA,NA,NA,0
166,6,37,NA,NA,NA,0
167,6,37,NA,NA,NA,0
168,6,37,NA,NA,NA,0
169,6,37,NA,NA,NA,0
170,6,37,NA,NA,NA,0
171,6,37,NA,NA,NA,0
172,3,38,NA,NA,NA,0
173,3,38,NA,NA,NA,0
174,3,38,NA,NA,NA,0
175,4,39,NA,NA,NA,0
176,4,39,NA,NA,NA,0
177,4,39,NA,NA,NA,0
178,4,39,NA,NA,NA,0
179,6,40,"H",206,4,0
180,6,40,NA,NA,NA,0
181,6,40,NA,NA,NA,0
182,6,40,NA,NA,NA,0
183,6,40,"E",166,5,1
184,6,40,NA,NA,NA,0
185,6,41,NA,NA,NA,0
186,6,41,NA,NA,NA,0
187,6,41,NA,NA,NA,0
188,6,41,NA,NA,NA,0
189,6,41,NA,NA,NA,0
190,6,41,NA,NA,NA,0
191,6,42,NA,NA,NA,0
192,6,42,NA,NA,NA,0
193,6,42,NA,NA,NA,0
194,6,42,NA,NA,NA,0
195,6,42,NA,NA,NA,0
196,6,42,NA,NA,NA,0
197,3,43,NA,NA,NA,0
198,3,43,NA,NA,NA,0
199,3,43,NA,NA,NA,0
200,3,44,NA,NA,NA,0
201,3,44,NA,NA,NA,0
202,3,44,NA,NA,NA,0
203,5,45,NA,NA,NA,0
204,5,45,NA,NA,NA,0
205,5,45,NA,NA,NA,0
206,5,45,NA,NA,NA,0
207,5,45,NA,NA,NA,0
208,4,46,NA,NA,NA,0
209,4,46,NA,NA,NA,0
210,4,46,NA,NA,NA,0
211,4,46,NA,NA,NA,0
212,5,47,NA,NA,NA,0
213,5,47,NA,NA,NA,0
214,5,47,NA,NA,NA,0
215,5,47,NA,NA,NA,0
216,5,47,NA,NA,NA,0
217,4,48,NA,NA,NA,0
218,4,48,NA,NA,NA,0
219,4,48,NA,NA,NA,0
220,4,48,NA,NA,NA,0
221,6,49,NA,NA,NA,0
222,6,49,NA,NA,NA,0
223,6,49,NA,NA,NA,0
224,6,49,NA,NA,NA,0
225,6,49,NA,NA,NA,0
226,6,49,NA,NA,NA,0
227,6,50,NA,NA,NA,0
228,6,50,NA,NA,NA,0
229,6,50,NA,NA,NA,0
230,6,50,NA,NA,NA,0
231,6,50,NA,NA,NA,0
232,6,50,NA,NA,NA,0
233,3,51,NA,NA,NA,0
234,3,51,NA,NA,NA,0
235,3,51,NA,NA,NA,0
236,5,52,NA,NA,NA,0
237,5,52,NA,NA,NA,0
238,5,52,NA,NA,NA,0
239,5,52,NA,NA,NA,0
240,5,52,NA,NA,NA,0
241,4,53,NA,NA,NA,0
242,4,53,NA,NA,NA,0
243,4,53,NA,NA,NA,0
244,4,53,NA,NA,NA,0
245,5,54,NA,NA,NA,0
246,5,54,"H",284,2,0
247,5,54,"E",357,1,0
248,5,54,"H",201,3,1
249,5,54,"E",177,4,1
250,5,55,NA,NA,NA,0
251,5,55,NA,NA,NA,0
252,5,55,NA,NA,NA,0
253,5,55,NA,NA,NA,0
254,5,55,NA,NA,NA,0
255,3,56,NA,NA,NA,0
256,3,56,NA,NA,NA,0
257,3,56,NA,NA,NA,0
258,4,57,NA,NA,NA,0
259,4,57,NA,NA,NA,0
260,4,57,NA,NA,NA,0
261,4,57,NA,NA,NA,0
262,4,58,NA,NA,NA,0
263,4,58,NA,NA,NA,0
264,4,58,"E",178,3,0
265,4,58,NA,NA,NA,0
266,3,59,NA,NA,NA,0
267,3,59,NA,NA,NA,0
268,3,59,NA,NA,NA,0
269,5,60,NA,NA,NA,0
270,5,60,NA,NA,NA,0
271,5,60,NA,NA,NA,0
272,5,60,NA,NA,NA,0
273,5,60,NA,NA,NA,0
274,3,61,NA,NA,NA,0
275,3,61,NA,NA,NA,0
276,3,61,NA,NA,NA,0
277,6,62,NA,NA,NA,0
278,6,62,"E",230,4,0
279,6,62,"E",88,5,0
280,6,62,NA,NA,NA,0
281,6,62,NA,NA,NA,0
282,6,62,NA,NA,NA,0
283,3,63,NA,NA,NA,0
284,3,63,NA,NA,NA,0
285,3,63,NA,NA,NA,0
286,4,64,NA,NA,NA,0
287,4,64,NA,NA,NA,0
288,4,64,"E",224,3,0
289,4,64,NA,NA,NA,0
290,5,65,NA,NA,NA,0
291,5,65,NA,NA,NA,0
292,5,65,NA,NA,NA,0
293,5,65,NA,NA,NA,0
294,5,65,NA,NA,NA,0
295,3,66,NA,NA,NA,0
296,3,66,"E",NA,NA,0
297,3,66,NA,NA,NA,0
298,4,67,NA,NA,NA,0
299,4,67,NA,NA,NA,0
300,4,67,NA,NA,NA,0
301,4,67,NA,NA,NA,0
302,5,68,NA,NA,NA,0
303,5,68,NA,NA,NA,0
304,5,68,NA,NA,NA,0
305,5,68,NA,NA,NA,0
306,5,68,NA,NA,NA,0
307,3,69,NA,NA,NA,0
308,3,69,NA,NA,NA,0
309,3,69,NA,NA,NA,0
310,3,70,NA,NA,NA,0
311,3,70,NA,NA,NA,0
312,3,70,NA,NA,NA,0
313,3,71,NA,NA,NA,0
314,3,71,NA,NA,NA,0
315,3,71,NA,NA,NA,0
316,5,72,NA,NA,NA,0
317,5,72,NA,NA,NA,0
318,5,72,NA,NA,NA,0
319,5,72,NA,NA,NA,0
320,5,72,NA,NA,NA,0
321,4,73,NA,NA,NA,0
322,4,73,NA,NA,NA,0
323,4,73,NA,NA,NA,0
324,4,73,NA,NA,NA,0
325,4,74,NA,NA,NA,0
326,4,74,NA,NA,NA,0
327,4,74,NA,NA,NA,0
328,4,74,NA,NA,NA,0
329,5,75,NA,NA,NA,0
330,5,75,NA,NA,NA,0
331,5,75,NA,NA,NA,0
332,5,75,NA,NA,NA,0
333,5,75,NA,NA,NA,0
334,3,76,NA,NA,NA,0
335,3,76,NA,NA,NA,0
336,3,76,NA,NA,NA,0
337,4,77,NA,NA,NA,0
338,4,77,NA,NA,NA,0
339,4,77,NA,NA,NA,0
340,4,77,"E",295,3,0
341,5,78,NA,NA,NA,0
342,5,78,NA,NA,NA,0
343,5,78,NA,NA,NA,0
344,5,78,NA,NA,NA,0
345,5,78,NA,NA,NA,0
346,4,79,NA,NA,NA,0
347,4,79,NA,NA,NA,0
348,4,79,NA,NA,NA,0
349,4,79,NA,NA,NA,0
350,5,80,NA,NA,NA,0
351,5,80,NA,NA,NA,0
352,5,80,NA,NA,NA,0
353,5,80,NA,NA,NA,0
354,5,80,NA,NA,NA,0
355,3,81,NA,NA,NA,0
356,3,81,NA,NA,NA,0
357,3,81,NA,NA,NA,0
358,5,82,NA,NA,NA,0
359,5,82,NA,NA,NA,0
360,5,82,NA,NA,NA,0
361,5,82,NA,NA,NA,0
362,5,82,NA,NA,NA,0
363,3,83,NA,NA,NA,0
364,3,83,NA,NA,NA,0
365,3,83,NA,NA,NA,0
366,3,84,NA,NA,NA,0
367,3,84,NA,NA,NA,0
368,3,84,NA,NA,NA,0
369,6,85,NA,NA,NA,0
370,6,85,NA,NA,NA,0
371,6,85,NA,NA,NA,0
372,6,85,NA,NA,NA,0
373,6,85,NA,NA,NA,0
374,6,85,NA,NA,NA,0
375,5,86,"E",NA,NA,0
376,5,86,NA,NA,NA,0
377,5,86,NA,NA,NA,0
378,5,86,NA,NA,NA,0
379,5,86,NA,NA,NA,0
380,3,87,NA,NA,NA,0
381,3,87,NA,NA,NA,0
382,3,87,NA,NA,NA,0
383,4,88,NA,NA,NA,0
384,4,88,"E",86,3,0
385,4,88,NA,NA,NA,0
386,4,88,NA,NA,NA,0
387,6,89,"H",270,4,0
388,6,89,NA,NA,NA,0
389,6,89,NA,NA,NA,0
390,6,89,"E",235,5,1
391,6,89,NA,NA,NA,0
392,6,89,NA,NA,NA,0
393,4,90,NA,NA,NA,0
394,4,90,NA,NA,NA,0
395,4,90,"E",243,3,0
396,4,90,NA,NA,NA,0
397,5,91,NA,NA,NA,0
398,5,91,NA,NA,NA,0
399,5,91,NA,NA,NA,0
400,5,91,NA,NA,NA,0
401,5,91,NA,NA,NA,0
402,4,92,NA,NA,NA,0
403,4,92,NA,NA,NA,0
404,4,92,NA,NA,NA,0
405,4,92,NA,NA,NA,0
406,5,93,NA,NA,NA,0
407,5,93,NA,NA,NA,0
408,5,93,NA,NA,NA,0
409,5,93,NA,NA,NA,0
410,5,93,NA,NA,NA,0
411,6,94,NA,NA,NA,0
412,6,94,NA,NA,NA,0
413,6,94,NA,NA,NA,0
414,6,94,NA,NA,NA,0
415,6,94,NA,NA,NA,0
416,6,94,NA,NA,NA,0
417,6,95,NA,NA,NA,0
418,6,95,NA,NA,NA,0
419,6,95,NA,NA,NA,0
420,6,95,NA,NA,NA,0
421,6,95,NA,NA,NA,0
422,6,95,NA,NA,NA,0
423,4,96,NA,NA,NA,0
424,4,96,NA,NA,NA,0
425,4,96,NA,NA,NA,0
426,4,96,NA,NA,NA,0
427,6,97,NA,NA,NA,0
428,6,97,NA,NA,NA,0
429,6,97,NA,NA,NA,0
430,6,97,NA,NA,NA,0
431,6,97,NA,NA,NA,0
432,6,97,NA,NA,NA,0
433,5,98,NA,NA,NA,0
434,5,98,NA,NA,NA,0
435,5,98,NA,NA,NA,0
436,5,98,NA,NA,NA,0
437,5,98,NA,NA,NA,0
438,3,99,NA,NA,NA,0
439,3,99,NA,NA,NA,0
440,3,99,NA,NA,NA,0
441,6,100,NA,NA,NA,0
442,6,100,NA,NA,NA,0
443,6,100,NA,NA,NA,0
444,6,100,NA,NA,NA,0
445,6,100,NA,NA,NA,0
446,6,100,NA,NA,NA,0
447,3,101,NA,NA,NA,0
448,3,101,NA,NA,NA,0
449,3,101,NA,NA,NA,0
450,5,102,NA,NA,NA,0
451,5,102,NA,NA,NA,0
452,5,102,NA,NA,NA,0
453,5,102,NA,NA,NA,0
454,5,102,NA,NA,NA,0
455,4,103,NA,NA,NA,0
456,4,103,NA,NA,NA,0
457,4,103,NA,NA,NA,0
458,4,103,NA,NA,NA,0
459,4,104,NA,NA,NA,0
460,4,104,NA,NA,NA,0
461,4,104,NA,NA,NA,0
462,4,104,NA,NA,NA,0
463,6,105,NA,NA,NA,0
464,6,105,NA,NA,NA,0
465,6,105,NA,NA,NA,0
466,6,105,NA,NA,NA,0
467,6,105,NA,NA,NA,0
468,6,105,NA,NA,NA,0
469,3,106,NA,NA,NA,0
470,3,106,NA,NA,NA,0
471,3,106,NA,NA,NA,0
472,4,107,NA,NA,NA,0
473,4,107,NA,NA,NA,0
474,4,107,"E",38,3,0
475,4,107,"E",290,2,0
476,6,108,NA,NA,NA,0
477,6,108,NA,NA,NA,0
478,6,108,NA,NA,NA,0
479,6,108,NA,NA,NA,0
480,6,108,NA,NA,NA,0
481,6,108,NA,NA,NA,0
482,3,109,NA,NA,NA,0
483,3,109,NA,NA,NA,0
484,3,109,NA,NA,NA,0
485,3,110,NA,NA,NA,0
486,3,110,NA,NA,NA,0
487,3,110,NA,NA,NA,0
488,3,111,NA,NA,NA,0
489,3,111,NA,NA,NA,0
490,3,111,NA,NA,NA,0
491,4,112,NA,NA,NA,0
492,4,112,NA,NA,NA,0
493,4,112,NA,NA,NA,0
494,4,112,NA,NA,NA,0
495,3,113,"E",155,2,0
496,3,113,NA,NA,NA,0
497,3,113,NA,NA,NA,0
498,4,114,NA,NA,NA,0
499,4,114,NA,NA,NA,0
500,4,114,NA,NA,NA,0
501,4,114,NA,NA,NA,0
502,6,115,NA,NA,NA,0
503,6,115,NA,NA,NA,0
504,6,115,NA,NA,NA,0
505,6,115,NA,NA,NA,0
506,6,115,NA,NA,NA,0
507,6,115,NA,NA,NA,0
508,4,116,NA,NA,NA,0
509,4,116,NA,NA,NA,0
510,4,116,NA,NA,NA,0
511,4,116,NA,NA,NA,0
512,3,117,NA,NA,NA,0
513,3,117,NA,NA,NA,0
514,3,117,NA,NA,NA,0
515,6,118,NA,NA,NA,0
516,6,118,NA,NA,NA,0
517,6,118,NA,NA,NA,0
518,6,118,NA,NA,NA,0
519,6,118,NA,NA,NA,0
520,6,118,NA,NA,NA,0
521,5,119,NA,NA,NA,0
522,5,119,NA,NA,NA,0
523,5,119,NA,NA,NA,0
524,5,119,NA,NA,NA,0
525,5,119,NA,NA,NA,0
526,3,120,NA,NA,NA,0
527,3,120,NA,NA,NA,0
528,3,120,NA,NA,NA,0
529,4,121,NA,NA,NA,0
530,4,121,NA,NA,NA,0
531,4,121,NA,NA,NA,0
532,4,121,NA,NA,NA,0
533,3,122,NA,NA,NA,0
534,3,122,NA,NA,NA,0
535,3,122,NA,NA,NA,0
536,3,123,NA,NA,NA,0
537,3,123,NA,NA,NA,0
538,3,123,NA,NA,NA,0
539,3,124,NA,NA,NA,0
540,3,124,NA,NA,NA,0
541,3,124,NA,NA,NA,0
542,6,125,NA,NA,NA,0
543,6,125,NA,NA,NA,0
544,6,125,NA,NA,NA,0
545,6,125,"E",113,5,0
546,6,125,NA,NA,NA,0
547,6,125,NA,NA,NA,0
548,4,126,NA,NA,NA,0
549,4,126,NA,NA,NA,0
550,4,126,NA,NA,NA,0
551,4,126,NA,NA,NA,0
552,3,127,NA,NA,NA,0
553,3,127,NA,NA,NA,0
554,3,127,NA,NA,NA,0
555,3,128,NA,NA,NA,0
556,3,128,NA,NA,NA,0
557,3,128,NA,NA,NA,0
558,6,129,NA,NA,NA,0
559,6,129,NA,NA,NA,0
560,6,129,NA,NA,NA,0
561,6,129,NA,NA,NA,0
562,6,129,NA,NA,NA,0
563,6,129,NA,NA,NA,0
564,3,130,NA,NA,NA,0
565,3,130,NA,NA,NA,0
566,3,130,NA,NA,NA,0
567,6,131,NA,NA,NA,0
568,6,131,"H",349,3,0
569,6,131,"E",280,5,1
570,6,131,NA,NA,NA,0
571,6,131,NA,NA,NA,0
572,6,131,"E",343,3,0
573,5,132,NA,NA,NA,0
574,5,132,NA,NA,NA,0
575,5,132,NA,NA,NA,0
576,5,132,NA,NA,NA,0
577,5,132,NA,NA,NA,0
578,6,133,NA,NA,NA,0
579,6,133,NA,NA,NA,0
580,6,133,NA,NA,NA,0
581,6,133,NA,NA,NA,0
582,6,133,NA,NA,NA,0
583,6,133,NA,NA,NA,0
584,4,134,NA,NA,NA,0
585,4,134,NA,NA,NA,0
586,4,134,NA,NA,NA,0
587,4,134,NA,NA,NA,0
588,6,135,"E",131,5,0
589,6,135,NA,NA,NA,0
590,6,135,NA,NA,NA,0
591,6,135,NA,NA,NA,0
592,6,135,NA,NA,NA,0
593,6,135,NA,NA,NA,0
594,6,136,"E",201,5,0
595,6,136,NA,NA,NA,0
596,6,136,NA,NA,NA,0
597,6,136,NA,NA,NA,0
598,6,136,NA,NA,NA,0
599,6,136,NA,NA,NA,0
600,6,137,NA,NA,NA,0
601,6,137,NA,NA,NA,0
602,6,137,NA,NA,NA,0
603,6,137,NA,NA,NA,0
604,6,137,NA,NA,NA,0
605,6,137,NA,NA,NA,0
606,4,138,NA,NA,NA,0
607,4,138,NA,NA,NA,0
608,4,138,NA,NA,NA,0
609,4,138,NA,NA,NA,0
610,4,139,NA,NA,NA,0
611,4,139,NA,NA,NA,0
612,4,139,NA,NA,NA,0
613,4,139,NA,NA,NA,0
614,5,140,NA,NA,NA,0
615,5,140,"E",86,4,0
616,5,140,NA,NA,NA,0
617,5,140,NA,NA,NA,0
618,5,140,NA,NA,NA,0
619,4,141,NA,NA,NA,0
620,4,141,NA,NA,NA,0
621,4,141,NA,NA,NA,0
622,4,141,NA,NA,NA,0
623,6,142,NA,NA,NA,0
624,6,142,NA,NA,NA,0
625,6,142,NA,NA,NA,0
626,6,142,NA,NA,NA,0
627,6,142,NA,NA,NA,0
628,6,142,NA,NA,NA,0
629,5,143,NA,NA,NA,0
630,5,143,NA,NA,NA,0
631,5,143,NA,NA,NA,0
632,5,143,NA,NA,NA,0
633,5,143,NA,NA,NA,0
634,4,144,NA,NA,NA,0
635,4,144,NA,NA,NA,0
636,4,144,NA,NA,NA,0
637,4,144,"E",102,3,0
638,4,145,NA,NA,NA,0
639,4,145,"E",85,3,0
640,4,145,NA,NA,NA,0
641,4,145,NA,NA,NA,0
642,5,146,NA,NA,NA,0
643,5,146,NA,NA,NA,0
644,5,146,NA,NA,NA,0
645,5,146,NA,NA,NA,0
646,5,146,NA,NA,NA,0
647,6,147,NA,NA,NA,0
648,6,147,NA,NA,NA,0
649,6,147,NA,NA,NA,0
650,6,147,NA,NA,NA,0
651,6,147,NA,NA,NA,0
652,6,147,"E",75,5,0
653,3,148,NA,NA,NA,0
654,3,148,NA,NA,NA,0
655,3,148,NA,NA,NA,0
656,6,149,NA,NA,NA,0
657,6,149,NA,NA,NA,0
658,6,149,NA,NA,NA,0
659,6,149,NA,NA,NA,0
660,6,149,NA,NA,NA,0
661,6,149,NA,NA,NA,0
662,5,150,"E",206,4,0
663,5,150,NA,NA,NA,0
664,5,150,NA,NA,NA,0
665,5,150,NA,NA,NA,0
666,5,150,NA,NA,NA,0
667,6,151,NA,NA,NA,0
668,6,151,NA,NA,NA,0
669,6,151,NA,NA,NA,0
670,6,151,NA,NA,NA,0
671,6,151,NA,NA,NA,0
672,6,151,NA,NA,NA,0
673,3,152,NA,NA,NA,0
674,3,152,NA,NA,NA,0
675,3,152,NA,NA,NA,0
676,3,153,NA,NA,NA,0
677,3,153,NA,NA,NA,0
678,3,153,NA,NA,NA,0
679,6,154,NA,NA,NA,0
680,6,154,NA,NA,NA,0
681,6,154,NA,NA,NA,0
682,6,154,NA,NA,NA,0
683,6,154,NA,NA,NA,0
684,6,154,NA,NA,NA,0
685,5,155,NA,NA,NA,0
686,5,155,NA,NA,NA,0
687,5,155,NA,NA,NA,0
688,5,155,NA,NA,NA,0
689,5,155,NA,NA,NA,0
690,6,156,NA,NA,NA,0
691,6,156,NA,NA,NA,0
692,6,156,"E",348,5,0
693,6,156,NA,NA,NA,0
694,6,156,NA,NA,NA,0
695,6,156,NA,NA,NA,0
696,3,157,NA,NA,NA,0
697,3,157,NA,NA,NA,0
698,3,157,NA,NA,NA,0
699,5,158,NA,NA,NA,0
700,5,158,NA,NA,NA,0
701,5,158,NA,NA,NA,0
702,5,158,NA,NA,NA,0
703,5,158,NA,NA,NA,0
704,5,159,NA,NA,NA,0
705,5,159,NA,NA,NA,0
706,5,159,NA,NA,NA,0
707,5,159,NA,NA,NA,0
708,5,159,NA,NA,NA,0
709,4,160,NA,NA,NA,0
710,4,160,NA,NA,NA,0
711,4,160,NA,NA,NA,0
712,4,160,NA,NA,NA,0
713,6,161,NA,NA,NA,0
714,6,161,NA,NA,NA,0
715,6,161,NA,NA,NA,0
716,6,161,NA,NA,NA,0
717,6,161,NA,NA,NA,0
718,6,161,NA,NA,NA,0
719,3,162,NA,NA,NA,0
720,3,162,NA,NA,NA,0
721,3,162,NA,NA,NA,0
722,4,163,NA,NA,NA,0
723,4,163,NA,NA,NA,0
724,4,163,NA,NA,NA,0
725,4,163,NA,NA,NA,0
726,6,164,NA,NA,NA,0
727,6,164,NA,NA,NA,0
728,6,164,NA,NA,NA,0
729,6,164,NA,NA,NA,0
730,6,164,NA,NA,NA,0
731,6,164,NA,NA,NA,0
732,3,165,NA,NA,NA,0
733,3,165,NA,NA,NA,0
734,3,165,"E",NA,NA,0
735,3,166,NA,NA,NA,0
736,3,166,NA,NA,NA,0
737,3,166,NA,NA,NA,0
738,6,167,NA,NA,NA,0
739,6,167,NA,NA,NA,0
740,6,167,NA,NA,NA,0
741,6,167,NA,NA,NA,0
742,6,167,NA,NA,NA,0
743,6,167,NA,NA,NA,0
744,3,168,NA,NA,NA,0
745,3,168,NA,NA,NA,0
746,3,168,NA,NA,NA,0
747,6,169,NA,NA,NA,0
748,6,169,NA,NA,NA,0
749,6,169,NA,NA,NA,0
750,6,169,NA,NA,NA,0
751,6,169,NA,NA,NA,0
752,6,169,NA,NA,NA,0
753,5,170,NA,NA,NA,0
754,5,170,NA,NA,NA,0
755,5,170,NA,NA,NA,0
756,5,170,NA,NA,NA,0
757,5,170,NA,NA,NA,0
758,5,171,NA,NA,NA,0
759,5,171,NA,NA,NA,0
760,5,171,NA,NA,NA,0
761,5,171,NA,NA,NA,0
762,5,171,NA,NA,NA,0
763,5,172,NA,NA,NA,0
764,5,172,NA,NA,NA,0
765,5,172,NA,NA,NA,0
766,5,172,NA,NA,NA,0
767,5,172,"E",188,4,0
768,3,173,NA,NA,NA,0
769,3,173,NA,NA,NA,0
770,3,173,NA,NA,NA,0
771,5,174,NA,NA,NA,0
772,5,174,NA,NA,NA,0
773,5,174,NA,NA,NA,0
774,5,174,NA,NA,NA,0
775,5,174,NA,NA,NA,0
776,3,175,NA,NA,NA,0
777,3,175,NA,NA,NA,0
778,3,175,NA,NA,NA,0
779,4,176,NA,NA,NA,0
780,4,176,NA,NA,NA,0
781,4,176,NA,NA,NA,0
782,4,176,NA,NA,NA,0
783,6,177,NA,NA,NA,0
784,6,177,NA,NA,NA,0
785,6,177,"E",151,5,0
786,6,177,NA,NA,NA,0
787,6,177,NA,NA,NA,0
788,6,177,"E",204,4,0
789,5,178,NA,NA,NA,0
790,5,178,NA,NA,NA,0
791,5,178,NA,NA,NA,0
792,5,178,NA,NA,NA,0
793,5,178,NA,NA,NA,0
794,5,179,NA,NA,NA,0
795,5,179,NA,NA,NA,0
796,5,179,NA,NA,NA,0
797,5,179,NA,NA,NA,0
798,5,179,NA,NA,NA,0
799,3,180,NA,NA,NA,0
800,3,180,NA,NA,NA,0
801,3,180,NA,NA,NA,0
802,6,181,NA,NA,NA,0
803,6,181,NA,NA,NA,0
804,6,181,NA,NA,NA,0
805,6,181,NA,NA,NA,0
806,6,181,"E",NA,NA,0
807,6,181,NA,NA,NA,0
808,6,182,NA,NA,NA,0
809,6,182,NA,NA,NA,0
810,6,182,NA,NA,NA,0
811,6,182,NA,NA,NA,0
812,6,182,NA,NA,NA,0
813,6,182,NA,NA,NA,0
814,4,183,NA,NA,NA,0
815,4,183,"E",NA,NA,0
816,4,183,NA,NA,NA,0
817,4,183,NA,NA,NA,0
818,3,184,NA,NA,NA,0
819,3,184,NA,NA,NA,0
820,3,184,NA,NA,NA,0
821,3,185,"E",152,2,1
822,3,185,"H",192,1,0
823,3,185,NA,NA,NA,0
824,3,186,NA,NA,NA,0
825,3,186,NA,NA,NA,0
826,3,186,NA,NA,NA,0
827,5,187,NA,NA,NA,0
828,5,187,NA,NA,NA,0
829,5,187,NA,NA,NA,0
830,5,187,NA,NA,NA,0
831,5,187,NA,NA,NA,0
832,4,188,NA,NA,NA,0
833,4,188,NA,NA,NA,0
834,4,188,NA,NA,NA,0
835,4,188,NA,NA,NA,0
836,6,189,NA,NA,NA,0
837,6,189,NA,NA,NA,0
838,6,189,NA,NA,NA,0
839,6,189,NA,NA,NA,0
840,6,189,NA,NA,NA,0
841,6,189,"E",285,5,0
842,3,190,NA,NA,NA,0
843,3,190,NA,NA,NA,0
844,3,190,NA,NA,NA,0
845,5,191,NA,NA,NA,0
846,5,191,NA,NA,NA,0
847,5,191,NA,NA,NA,0
848,5,191,NA,NA,NA,0
849,5,191,NA,NA,NA,0
850,6,192,NA,NA,NA,0
851,6,192,NA,NA,NA,0
852,6,192,NA,NA,NA,0
853,6,192,NA,NA,NA,0
854,6,192,NA,NA,NA,0
855,6,192,NA,NA,NA,0
856,5,193,NA,NA,NA,0
857,5,193,NA,NA,NA,0
858,5,193,NA,NA,NA,0
859,5,193,NA,NA,NA,0
860,5,193,NA,NA,NA,0
861,4,194,NA,NA,NA,0
862,4,194,NA,NA,NA,0
863,4,194,NA,NA,NA,0
864,4,194,NA,NA,NA,0
865,5,195,NA,NA,NA,0
866,5,195,NA,NA,NA,0
867,5,195,NA,NA,NA,0
868,5,195,NA,NA,NA,0
869,5,195,NA,NA,NA,0
870,3,196,NA,NA,NA,0
871,3,196,NA,NA,NA,0
872,3,196,NA,NA,NA,0
873,4,197,NA,NA,NA,0
874,4,197,NA,NA,NA,0
875,4,197,NA,NA,NA,0
876,4,197,NA,NA,NA,0
877,3,198,NA,NA,NA,0
878,3,198,NA,NA,NA,0
879,3,198,NA,NA,NA,0
880,3,199,NA,NA,NA,0
881,3,199,NA,NA,NA,0
882,3,199,NA,NA,NA,0
883,4,200,"E",323,3,0
884,4,200,NA,NA,NA,0
885,4,200,NA,NA,NA,0
886,4,200,NA,NA,NA,0
887,4,201,NA,NA,NA,0
888,4,201,NA,NA,NA,0
889,4,201,NA,NA,NA,0
890,4,201,NA,NA,NA,0
891,4,202,NA,NA,NA,0
892,4,202,NA,NA,NA,0
893,4,202,NA,NA,NA,0
894,4,202,NA,NA,NA,0
895,6,203,NA,NA,NA,0
896,6,203,NA,NA,NA,0
897,6,203,"E",49,5,0
898,6,203,NA,NA,NA,0
899,6,203,NA,NA,NA,0
900,6,203,NA,NA,NA,0
901,4,204,NA,NA,NA,0
902,4,204,NA,NA,NA,0
903,4,204,NA,NA,NA,0
904,4,204,NA,NA,NA,0
905,4,205,NA,NA,NA,0
906,4,205,NA,NA,NA,0
907,4,205,NA,NA,NA,0
908,4,205,NA,NA,NA,0
909,4,206,NA,NA,NA,0
910,4,206,NA,NA,NA,0
911,4,206,NA,NA,NA,0
912,4,206,NA,NA,NA,0
913,4,207,NA,NA,NA,0
914,4,207,NA,NA,NA,0
915,4,207,NA,NA,NA,0
916,4,207,NA,NA,NA,0
917,4,208,NA,NA,NA,0
918,4,208,NA,NA,NA,0
919,4,208,NA,NA,NA,0
920,4,208,"E",144,3,0
921,5,209,NA,NA,NA,0
922,5,209,NA,NA,NA,0
923,5,209,NA,NA,NA,0
924,5,209,NA,NA,NA,0
925,5,209,NA,NA,NA,0
926,6,210,NA,NA,NA,0
927,6,210,NA,NA,NA,0
928,6,210,NA,NA,NA,0
929,6,210,NA,NA,NA,0
930,6,210,NA,NA,NA,0
931,6,210,NA,NA,NA,0
932,6,211,NA,NA,NA,0
933,6,211,NA,NA,NA,0
934,6,211,NA,NA,NA,0
935,6,211,NA,NA,NA,0
936,6,211,NA,NA,NA,0
937,6,211,NA,NA,NA,0
938,5,212,NA,NA,NA,0
939,5,212,NA,NA,NA,0
940,5,212,NA,NA,NA,0
941,5,212,NA,NA,NA,0
942,5,212,NA,NA,NA,0
943,6,213,NA,NA,NA,0
944,6,213,NA,NA,NA,0
945,6,213,NA,NA,NA,0
946,6,213,"H",98,4,0
947,6,213,NA,NA,NA,0
948,6,213,"E",26,5,1
949,3,214,NA,NA,NA,0
950,3,214,NA,NA,NA,0
951,3,214,NA,NA,NA,0
952,4,215,NA,NA,NA,0
953,4,215,NA,NA,NA,0
954,4,215,NA,NA,NA,0
955,4,215,NA,NA,NA,0
956,5,216,NA,NA,NA,0
957,5,216,NA,NA,NA,0
958,5,216,"E",NA,NA,0
959,5,216,NA,NA,NA,0
960,5,216,NA,NA,NA,0
961,5,217,NA,NA,NA,0
962,5,217,NA,NA,NA,0
963,5,217,NA,NA,NA,0
964,5,217,NA,NA,NA,0
965,5,217,NA,NA,NA,0
966,5,218,"H",129,3,0
967,5,218,NA,NA,NA,0
968,5,218,NA,NA,NA,0
969,5,218,NA,NA,NA,0
970,5,218,"E",104,4,1
971,3,219,NA,NA,NA,0
972,3,219,NA,NA,NA,0
973,3,219,NA,NA,NA,0
974,6,220,NA,NA,NA,0
975,6,220,NA,NA,NA,0
976,6,220,NA,NA,NA,0
977,6,220,NA,NA,NA,0
978,6,220,NA,NA,NA,0
979,6,220,NA,NA,NA,0
980,4,221,NA,NA,NA,0
981,4,221,NA,NA,NA,0
982,4,221,"E",287,3,0
983,4,221,NA,NA,NA,0
984,6,222,NA,NA,NA,0
985,6,222,NA,NA,NA,0
986,6,222,NA,NA,NA,0
987,6,222,NA,NA,NA,0
988,6,222,NA,NA,NA,0
989,6,222,NA,NA,NA,0
990,3,223,NA,NA,NA,0
991,3,223,NA,NA,NA,0
992,3,223,NA,NA,NA,0
993,5,224,NA,NA,NA,0
994,5,224,NA,NA,NA,0
995,5,224,NA,NA,NA,0
996,5,224,NA,NA,NA,0
997,5,224,NA,NA,NA,0
998,3,225,NA,NA,NA,0
999,3,225,NA,NA,NA,0
1000,3,225,NA,NA,NA,0
