"ID","SIZE","HH","TYPE","TIME","S_NUM","I_NUM"
1,3,1,"0",NA,NA,0
2,3,1,NA,NA,NA,0
3,3,1,NA,NA,NA,0
4,4,2,NA,NA,NA,0
5,4,2,NA,NA,NA,0
6,4,2,NA,NA,NA,0
7,4,2,NA,NA,NA,0
8,5,3,NA,NA,NA,0
9,5,3,NA,NA,NA,0
10,5,3,NA,NA,NA,0
11,5,3,NA,NA,NA,0
12,5,3,NA,NA,NA,0
13,5,4,NA,NA,NA,0
14,5,4,NA,NA,NA,0
15,5,4,NA,NA,NA,0
16,5,4,NA,NA,NA,0
17,5,4,NA,NA,NA,0
18,6,5,"E",26,5,1
19,6,5,NA,NA,NA,0
20,6,5,"H",67,4,0
21,6,5,NA,NA,NA,0
22,6,5,NA,NA,NA,0
23,6,5,NA,NA,NA,0
24,3,6,NA,NA,NA,0
25,3,6,NA,NA,NA,0
26,3,6,NA,NA,NA,0
27,4,7,NA,NA,NA,0
28,4,7,NA,NA,NA,0
29,4,7,NA,NA,NA,0
30,4,7,NA,NA,NA,0
31,4,8,NA,NA,NA,0
32,4,8,NA,NA,NA,0
33,4,8,NA,NA,NA,0
34,4,8,NA,NA,NA,0
35,3,9,NA,NA,NA,0
36,3,9,NA,NA,NA,0
37,3,9,NA,NA,NA,0
38,3,10,"E",362,2,0
39,3,10,NA,NA,NA,0
40,3,10,NA,NA,NA,0
41,6,11,NA,NA,NA,0
42,6,11,NA,NA,NA,0
43,6,11,NA,NA,NA,0
44,6,11,NA,NA,NA,0
45,6,11,NA,NA,NA,0
46,6,11,NA,NA,NA,0
47,3,12,NA,NA,NA,0
48,3,12,NA,NA,NA,0
49,3,12,NA,NA,NA,0
50,4,13,NA,NA,NA,0
51,4,13,NA,NA,NA,0
52,4,13,NA,NA,NA,0
53,4,13,NA,NA,NA,0
54,6,14,NA,NA,NA,0
55,6,14,"E",125,5,0
56,6,14,NA,NA,NA,0
57,6,14,NA,NA,NA,0
58,6,14,NA,NA,NA,0
59,6,14,NA,NA,NA,0
60,6,15,"E",63,5,0
61,6,15,NA,NA,NA,0
62,6,15,NA,NA,NA,0
63,6,15,NA,NA,NA,0
64,6,15,NA,NA,NA,0
65,6,15,NA,NA,NA,0
66,5,16,NA,NA,NA,0
67,5,16,NA,NA,NA,0
68,5,16,NA,NA,NA,0
69,5,16,NA,NA,NA,0
70,5,16,NA,NA,NA,0
71,3,17,NA,NA,NA,0
72,3,17,NA,NA,NA,0
73,3,17,NA,NA,NA,0
74,5,18,NA,NA,NA,0
75,5,18,NA,NA,NA,0
76,5,18,NA,NA,NA,0
77,5,18,NA,NA,NA,0
78,5,18,NA,NA,NA,0
79,4,19,NA,NA,NA,0
80,4,19,"E",352,3,1
81,4,19,NA,NA,NA,0
82,4,19,"H",NA,NA,0
83,5,20,NA,NA,NA,0
84,5,20,NA,NA,NA,0
85,5,20,NA,NA,NA,0
86,5,20,NA,NA,NA,0
87,5,20,NA,NA,NA,0
88,5,21,NA,NA,NA,0
89,5,21,NA,NA,NA,0
90,5,21,NA,NA,NA,0
91,5,21,NA,NA,NA,0
92,5,21,NA,NA,NA,0
93,6,22,NA,NA,NA,0
94,6,22,NA,NA,NA,0
95,6,22,NA,NA,NA,0
96,6,22,NA,NA,NA,0
97,6,22,NA,NA,NA,0
98,6,22,NA,NA,NA,0
99,3,23,NA,NA,NA,0
100,3,23,"E",123,2,0
101,3,23,NA,NA,NA,0
102,3,24,"H",282,1,0
103,3,24,NA,NA,NA,0
104,3,24,"E",248,2,1
105,6,25,NA,NA,NA,0
106,6,25,NA,NA,NA,0
107,6,25,NA,NA,NA,0
108,6,25,NA,NA,NA,0
109,6,25,NA,NA,NA,0
110,6,25,NA,NA,NA,0
111,3,26,NA,NA,NA,0
112,3,26,NA,NA,NA,0
113,3,26,NA,NA,NA,0
114,3,27,NA,NA,NA,0
115,3,27,NA,NA,NA,0
116,3,27,NA,NA,NA,0
117,4,28,NA,NA,NA,0
118,4,28,NA,NA,NA,0
119,4,28,NA,NA,NA,0
120,4,28,NA,NA,NA,0
121,5,29,NA,NA,NA,0
122,5,29,NA,NA,NA,0
123,5,29,NA,NA,NA,0
124,5,29,"E",52,4,0
125,5,29,NA,NA,NA,0
126,5,30,NA,NA,NA,0
127,5,30,NA,NA,NA,0
128,5,30,NA,NA,NA,0
129,5,30,NA,NA,NA,0
130,5,30,NA,NA,NA,0
131,3,31,NA,NA,NA,0
132,3,31,NA,NA,NA,0
133,3,31,NA,NA,NA,0
134,3,32,NA,NA,NA,0
135,3,32,NA,NA,NA,0
136,3,32,NA,NA,NA,0
137,4,33,NA,NA,NA,0
138,4,33,NA,NA,NA,0
139,4,33,NA,NA,NA,0
140,4,33,NA,NA,NA,0
141,6,34,NA,NA,NA,0
142,6,34,NA,NA,NA,0
143,6,34,NA,NA,NA,0
144,6,34,NA,NA,NA,0
145,6,34,NA,NA,NA,0
146,6,34,NA,NA,NA,0
147,4,35,NA,NA,NA,0
148,4,35,NA,NA,NA,0
149,4,35,NA,NA,NA,0
150,4,35,NA,NA,NA,0
151,5,36,NA,NA,NA,0
152,5,36,NA,NA,NA,0
153,5,36,NA,NA,NA,0
154,5,36,NA,NA,NA,0
155,5,36,NA,NA,NA,0
156,4,37,NA,NA,NA,0
157,4,37,NA,NA,NA,0
158,4,37,NA,NA,NA,0
159,4,37,NA,NA,NA,0
160,3,38,NA,NA,NA,0
161,3,38,NA,NA,NA,0
162,3,38,NA,NA,NA,0
163,5,39,NA,NA,NA,0
164,5,39,NA,NA,NA,0
165,5,39,NA,NA,NA,0
166,5,39,NA,NA,NA,0
167,5,39,NA,NA,NA,0
168,5,40,NA,NA,NA,0
169,5,40,"H",130,1,0
170,5,40,"H",121,2,1
171,5,40,"H",155,1,0
172,5,40,"E",89,4,2
173,6,41,NA,NA,NA,0
174,6,41,NA,NA,NA,0
175,6,41,NA,NA,NA,0
176,6,41,NA,NA,NA,0
177,6,41,NA,NA,NA,0
178,6,41,NA,NA,NA,0
179,6,42,NA,NA,NA,0
180,6,42,NA,NA,NA,0
181,6,42,NA,NA,NA,0
182,6,42,NA,NA,NA,0
183,6,42,NA,NA,NA,0
184,6,42,NA,NA,NA,0
185,6,43,NA,NA,NA,0
186,6,43,NA,NA,NA,0
187,6,43,NA,NA,NA,0
188,6,43,NA,NA,NA,0
189,6,43,NA,NA,NA,0
190,6,43,NA,NA,NA,0
191,5,44,NA,NA,NA,0
192,5,44,NA,NA,NA,0
193,5,44,NA,NA,NA,0
194,5,44,NA,NA,NA,0
195,5,44,NA,NA,NA,0
196,6,45,NA,NA,NA,0
197,6,45,"E",NA,NA,0
198,6,45,NA,NA,NA,0
199,6,45,NA,NA,NA,0
200,6,45,NA,NA,NA,0
201,6,45,NA,NA,NA,0
202,4,46,NA,NA,NA,0
203,4,46,NA,NA,NA,0
204,4,46,NA,NA,NA,0
205,4,46,NA,NA,NA,0
206,4,47,NA,NA,NA,0
207,4,47,NA,NA,NA,0
208,4,47,NA,NA,NA,0
209,4,47,NA,NA,NA,0
210,5,48,"E",199,4,1
211,5,48,NA,NA,NA,0
212,5,48,NA,NA,NA,0
213,5,48,NA,NA,NA,0
214,5,48,"H",232,3,0
215,3,49,NA,NA,NA,0
216,3,49,NA,NA,NA,0
217,3,49,NA,NA,NA,0
218,3,50,NA,NA,NA,0
219,3,50,NA,NA,NA,0
220,3,50,NA,NA,NA,0
221,5,51,NA,NA,NA,0
222,5,51,NA,NA,NA,0
223,5,51,NA,NA,NA,0
224,5,51,NA,NA,NA,0
225,5,51,NA,NA,NA,0
226,3,52,NA,NA,NA,0
227,3,52,NA,NA,NA,0
228,3,52,NA,NA,NA,0
229,5,53,NA,NA,NA,0
230,5,53,NA,NA,NA,0
231,5,53,NA,NA,NA,0
232,5,53,NA,NA,NA,0
233,5,53,NA,NA,NA,0
234,4,54,NA,NA,NA,0
235,4,54,NA,NA,NA,0
236,4,54,NA,NA,NA,0
237,4,54,NA,NA,NA,0
238,4,55,NA,NA,NA,0
239,4,55,NA,NA,NA,0
240,4,55,NA,NA,NA,0
241,4,55,NA,NA,NA,0
242,6,56,NA,NA,NA,0
243,6,56,NA,NA,NA,0
244,6,56,NA,NA,NA,0
245,6,56,"E",228,5,0
246,6,56,NA,NA,NA,0
247,6,56,NA,NA,NA,0
248,4,57,NA,NA,NA,0
249,4,57,NA,NA,NA,0
250,4,57,NA,NA,NA,0
251,4,57,NA,NA,NA,0
252,3,58,NA,NA,NA,0
253,3,58,NA,NA,NA,0
254,3,58,NA,NA,NA,0
255,6,59,NA,NA,NA,0
256,6,59,NA,NA,NA,0
257,6,59,NA,NA,NA,0
258,6,59,NA,NA,NA,0
259,6,59,NA,NA,NA,0
260,6,59,NA,NA,NA,0
261,4,60,NA,NA,NA,0
262,4,60,NA,NA,NA,0
263,4,60,NA,NA,NA,0
264,4,60,NA,NA,NA,0
265,4,61,NA,NA,NA,0
266,4,61,NA,NA,NA,0
267,4,61,NA,NA,NA,0
268,4,61,NA,NA,NA,0
269,6,62,NA,NA,NA,0
270,6,62,NA,NA,NA,0
271,6,62,NA,NA,NA,0
272,6,62,NA,NA,NA,0
273,6,62,NA,NA,NA,0
274,6,62,NA,NA,NA,0
275,5,63,NA,NA,NA,0
276,5,63,NA,NA,NA,0
277,5,63,NA,NA,NA,0
278,5,63,NA,NA,NA,0
279,5,63,NA,NA,NA,0
280,3,64,NA,NA,NA,0
281,3,64,NA,NA,NA,0
282,3,64,NA,NA,NA,0
283,5,65,NA,NA,NA,0
284,5,65,NA,NA,NA,0
285,5,65,NA,NA,NA,0
286,5,65,NA,NA,NA,0
287,5,65,NA,NA,NA,0
288,6,66,NA,NA,NA,0
289,6,66,NA,NA,NA,0
290,6,66,NA,NA,NA,0
291,6,66,NA,NA,NA,0
292,6,66,NA,NA,NA,0
293,6,66,NA,NA,NA,0
294,3,67,NA,NA,NA,0
295,3,67,NA,NA,NA,0
296,3,67,NA,NA,NA,0
297,4,68,NA,NA,NA,0
298,4,68,NA,NA,NA,0
299,4,68,"E",NA,NA,0
300,4,68,NA,NA,NA,0
301,3,69,NA,NA,NA,0
302,3,69,NA,NA,NA,0
303,3,69,"E",352,2,0
304,5,70,NA,NA,NA,0
305,5,70,NA,NA,NA,0
306,5,70,NA,NA,NA,0
307,5,70,NA,NA,NA,0
308,5,70,NA,NA,NA,0
309,5,71,NA,NA,NA,0
310,5,71,NA,NA,NA,0
311,5,71,NA,NA,NA,0
312,5,71,NA,NA,NA,0
313,5,71,NA,NA,NA,0
314,5,72,NA,NA,NA,0
315,5,72,NA,NA,NA,0
316,5,72,NA,NA,NA,0
317,5,72,NA,NA,NA,0
318,5,72,"E",120,4,0
319,3,73,NA,NA,NA,0
320,3,73,"E",155,2,0
321,3,73,NA,NA,NA,0
322,4,74,NA,NA,NA,0
323,4,74,NA,NA,NA,0
324,4,74,NA,NA,NA,0
325,4,74,NA,NA,NA,0
326,5,75,NA,NA,NA,0
327,5,75,NA,NA,NA,0
328,5,75,NA,NA,NA,0
329,5,75,NA,NA,NA,0
330,5,75,NA,NA,NA,0
331,6,76,NA,NA,NA,0
332,6,76,NA,NA,NA,0
333,6,76,NA,NA,NA,0
334,6,76,NA,NA,NA,0
335,6,76,NA,NA,NA,0
336,6,76,NA,NA,NA,0
337,3,77,NA,NA,NA,0
338,3,77,"E",238,2,0
339,3,77,NA,NA,NA,0
340,3,78,NA,NA,NA,0
341,3,78,NA,NA,NA,0
342,3,78,NA,NA,NA,0
343,3,79,NA,NA,NA,0
344,3,79,NA,NA,NA,0
345,3,79,NA,NA,NA,0
346,4,80,NA,NA,NA,0
347,4,80,NA,NA,NA,0
348,4,80,NA,NA,NA,0
349,4,80,NA,NA,NA,0
350,4,81,NA,NA,NA,0
351,4,81,NA,NA,NA,0
352,4,81,NA,NA,NA,0
353,4,81,NA,NA,NA,0
354,4,82,NA,NA,NA,0
355,4,82,NA,NA,NA,0
356,4,82,NA,NA,NA,0
357,4,82,NA,NA,NA,0
358,5,83,NA,NA,NA,0
359,5,83,NA,NA,NA,0
360,5,83,NA,NA,NA,0
361,5,83,NA,NA,NA,0
362,5,83,NA,NA,NA,0
363,3,84,NA,NA,NA,0
364,3,84,NA,NA,NA,0
365,3,84,"E",126,2,0
366,5,85,NA,NA,NA,0
367,5,85,NA,NA,NA,0
368,5,85,NA,NA,NA,0
369,5,85,NA,NA,NA,0
370,5,85,NA,NA,NA,0
371,3,86,NA,NA,NA,0
372,3,86,NA,NA,NA,0
373,3,86,NA,NA,NA,0
374,4,87,NA,NA,NA,0
375,4,87,NA,NA,NA,0
376,4,87,NA,NA,NA,0
377,4,87,"E",196,3,0
378,6,88,NA,NA,NA,0
379,6,88,NA,NA,NA,0
380,6,88,NA,NA,NA,0
381,6,88,NA,NA,NA,0
382,6,88,NA,NA,NA,0
383,6,88,NA,NA,NA,0
384,4,89,"E",156,3,0
385,4,89,NA,NA,NA,0
386,4,89,NA,NA,NA,0
387,4,89,NA,NA,NA,0
388,4,90,NA,NA,NA,0
389,4,90,NA,NA,NA,0
390,4,90,NA,NA,NA,0
391,4,90,NA,NA,NA,0
392,5,91,NA,NA,NA,0
393,5,91,NA,NA,NA,0
394,5,91,NA,NA,NA,0
395,5,91,NA,NA,NA,0
396,5,91,NA,NA,NA,0
397,4,92,NA,NA,NA,0
398,4,92,NA,NA,NA,0
399,4,92,NA,NA,NA,0
400,4,92,NA,NA,NA,0
401,5,93,NA,NA,NA,0
402,5,93,NA,NA,NA,0
403,5,93,NA,NA,NA,0
404,5,93,NA,NA,NA,0
405,5,93,NA,NA,NA,0
406,6,94,NA,NA,NA,0
407,6,94,NA,NA,NA,0
408,6,94,NA,NA,NA,0
409,6,94,NA,NA,NA,0
410,6,94,NA,NA,NA,0
411,6,94,NA,NA,NA,0
412,3,95,NA,NA,NA,0
413,3,95,NA,NA,NA,0
414,3,95,NA,NA,NA,0
415,6,96,NA,NA,NA,0
416,6,96,NA,NA,NA,0
417,6,96,NA,NA,NA,0
418,6,96,NA,NA,NA,0
419,6,96,NA,NA,NA,0
420,6,96,NA,NA,NA,0
421,4,97,NA,NA,NA,0
422,4,97,NA,NA,NA,0
423,4,97,NA,NA,NA,0
424,4,97,NA,NA,NA,0
425,4,98,NA,NA,NA,0
426,4,98,NA,NA,NA,0
427,4,98,NA,NA,NA,0
428,4,98,NA,NA,NA,0
429,4,99,NA,NA,NA,0
430,4,99,NA,NA,NA,0
431,4,99,NA,NA,NA,0
432,4,99,NA,NA,NA,0
433,6,100,NA,NA,NA,0
434,6,100,NA,NA,NA,0
435,6,100,NA,NA,NA,0
436,6,100,NA,NA,NA,0
437,6,100,NA,NA,NA,0
438,6,100,NA,NA,NA,0
439,6,101,NA,NA,NA,0
440,6,101,NA,NA,NA,0
441,6,101,NA,NA,NA,0
442,6,101,NA,NA,NA,0
443,6,101,NA,NA,NA,0
444,6,101,NA,NA,NA,0
445,5,102,NA,NA,NA,0
446,5,102,NA,NA,NA,0
447,5,102,NA,NA,NA,0
448,5,102,NA,NA,NA,0
449,5,102,"E",287,4,0
450,6,103,NA,NA,NA,0
451,6,103,NA,NA,NA,0
452,6,103,NA,NA,NA,0
453,6,103,NA,NA,NA,0
454,6,103,NA,NA,NA,0
455,6,103,NA,NA,NA,0
456,5,104,NA,NA,NA,0
457,5,104,NA,NA,NA,0
458,5,104,NA,NA,NA,0
459,5,104,NA,NA,NA,0
460,5,104,NA,NA,NA,0
461,5,105,NA,NA,NA,0
462,5,105,NA,NA,NA,0
463,5,105,NA,NA,NA,0
464,5,105,NA,NA,NA,0
465,5,105,NA,NA,NA,0
466,4,106,"E",341,3,0
467,4,106,NA,NA,NA,0
468,4,106,NA,NA,NA,0
469,4,106,NA,NA,NA,0
470,4,107,NA,NA,NA,0
471,4,107,NA,NA,NA,0
472,4,107,NA,NA,NA,0
473,4,107,"E",146,3,0
474,4,108,NA,NA,NA,0
475,4,108,NA,NA,NA,0
476,4,108,NA,NA,NA,0
477,4,108,NA,NA,NA,0
478,5,109,NA,NA,NA,0
479,5,109,NA,NA,NA,0
480,5,109,"E",351,4,0
481,5,109,NA,NA,NA,0
482,5,109,NA,NA,NA,0
483,5,110,NA,NA,NA,0
484,5,110,NA,NA,NA,0
485,5,110,NA,NA,NA,0
486,5,110,NA,NA,NA,0
487,5,110,NA,NA,NA,0
488,3,111,NA,NA,NA,0
489,3,111,NA,NA,NA,0
490,3,111,NA,NA,NA,0
491,5,112,NA,NA,NA,0
492,5,112,NA,NA,NA,0
493,5,112,NA,NA,NA,0
494,5,112,NA,NA,NA,0
495,5,112,NA,NA,NA,0
496,4,113,NA,NA,NA,0
497,4,113,NA,NA,NA,0
498,4,113,NA,NA,NA,0
499,4,113,NA,NA,NA,0
500,4,114,NA,NA,NA,0
501,4,114,NA,NA,NA,0
502,4,114,NA,NA,NA,0
503,4,114,NA,NA,NA,0
504,4,115,NA,NA,NA,0
505,4,115,NA,NA,NA,0
506,4,115,NA,NA,NA,0
507,4,115,NA,NA,NA,0
508,5,116,NA,NA,NA,0
509,5,116,NA,NA,NA,0
510,5,116,NA,NA,NA,0
511,5,116,NA,NA,NA,0
512,5,116,NA,NA,NA,0
513,5,117,NA,NA,NA,0
514,5,117,NA,NA,NA,0
515,5,117,NA,NA,NA,0
516,5,117,NA,NA,NA,0
517,5,117,NA,NA,NA,0
518,6,118,NA,NA,NA,0
519,6,118,NA,NA,NA,0
520,6,118,NA,NA,NA,0
521,6,118,NA,NA,NA,0
522,6,118,NA,NA,NA,0
523,6,118,NA,NA,NA,0
524,6,119,NA,NA,NA,0
525,6,119,NA,NA,NA,0
526,6,119,NA,NA,NA,0
527,6,119,NA,NA,NA,0
528,6,119,NA,NA,NA,0
529,6,119,NA,NA,NA,0
530,3,120,NA,NA,NA,0
531,3,120,NA,NA,NA,0
532,3,120,NA,NA,NA,0
533,3,121,NA,NA,NA,0
534,3,121,NA,NA,NA,0
535,3,121,NA,NA,NA,0
536,3,122,NA,NA,NA,0
537,3,122,NA,NA,NA,0
538,3,122,NA,NA,NA,0
539,4,123,NA,NA,NA,0
540,4,123,NA,NA,NA,0
541,4,123,NA,NA,NA,0
542,4,123,NA,NA,NA,0
543,6,124,NA,NA,NA,0
544,6,124,NA,NA,NA,0
545,6,124,NA,NA,NA,0
546,6,124,NA,NA,NA,0
547,6,124,NA,NA,NA,0
548,6,124,NA,NA,NA,0
549,6,125,NA,NA,NA,0
550,6,125,NA,NA,NA,0
551,6,125,NA,NA,NA,0
552,6,125,NA,NA,NA,0
553,6,125,NA,NA,NA,0
554,6,125,NA,NA,NA,0
555,5,126,NA,NA,NA,0
556,5,126,NA,NA,NA,0
557,5,126,NA,NA,NA,0
558,5,126,NA,NA,NA,0
559,5,126,NA,NA,NA,0
560,3,127,"E",62,2,0
561,3,127,NA,NA,NA,0
562,3,127,NA,NA,NA,0
563,4,128,NA,NA,NA,0
564,4,128,NA,NA,NA,0
565,4,128,NA,NA,NA,0
566,4,128,NA,NA,NA,0
567,4,129,NA,NA,NA,0
568,4,129,NA,NA,NA,0
569,4,129,NA,NA,NA,0
570,4,129,NA,NA,NA,0
571,3,130,NA,NA,NA,0
572,3,130,NA,NA,NA,0
573,3,130,NA,NA,NA,0
574,3,131,NA,NA,NA,0
575,3,131,NA,NA,NA,0
576,3,131,"E",130,2,0
577,4,132,NA,NA,NA,0
578,4,132,NA,NA,NA,0
579,4,132,NA,NA,NA,0
580,4,132,NA,NA,NA,0
581,4,133,NA,NA,NA,0
582,4,133,NA,NA,NA,0
583,4,133,NA,NA,NA,0
584,4,133,NA,NA,NA,0
585,4,134,NA,NA,NA,0
586,4,134,NA,NA,NA,0
587,4,134,NA,NA,NA,0
588,4,134,NA,NA,NA,0
589,4,135,NA,NA,NA,0
590,4,135,NA,NA,NA,0
591,4,135,NA,NA,NA,0
592,4,135,NA,NA,NA,0
593,6,136,NA,NA,NA,0
594,6,136,NA,NA,NA,0
595,6,136,NA,NA,NA,0
596,6,136,NA,NA,NA,0
597,6,136,NA,NA,NA,0
598,6,136,NA,NA,NA,0
599,3,137,NA,NA,NA,0
600,3,137,NA,NA,NA,0
601,3,137,NA,NA,NA,0
602,3,138,NA,NA,NA,0
603,3,138,NA,NA,NA,0
604,3,138,NA,NA,NA,0
605,3,139,NA,NA,NA,0
606,3,139,NA,NA,NA,0
607,3,139,NA,NA,NA,0
608,4,140,NA,NA,NA,0
609,4,140,NA,NA,NA,0
610,4,140,NA,NA,NA,0
611,4,140,NA,NA,NA,0
612,4,141,NA,NA,NA,0
613,4,141,NA,NA,NA,0
614,4,141,NA,NA,NA,0
615,4,141,NA,NA,NA,0
616,4,142,NA,NA,NA,0
617,4,142,"E",48,3,0
618,4,142,NA,NA,NA,0
619,4,142,NA,NA,NA,0
620,4,143,NA,NA,NA,0
621,4,143,NA,NA,NA,0
622,4,143,NA,NA,NA,0
623,4,143,"E",285,3,0
624,3,144,NA,NA,NA,0
625,3,144,NA,NA,NA,0
626,3,144,NA,NA,NA,0
627,5,145,NA,NA,NA,0
628,5,145,NA,NA,NA,0
629,5,145,NA,NA,NA,0
630,5,145,NA,NA,NA,0
631,5,145,NA,NA,NA,0
632,5,146,NA,NA,NA,0
633,5,146,NA,NA,NA,0
634,5,146,NA,NA,NA,0
635,5,146,NA,NA,NA,0
636,5,146,NA,NA,NA,0
637,3,147,NA,NA,NA,0
638,3,147,NA,NA,NA,0
639,3,147,NA,NA,NA,0
640,4,148,NA,NA,NA,0
641,4,148,NA,NA,NA,0
642,4,148,NA,NA,NA,0
643,4,148,NA,NA,NA,0
644,3,149,NA,NA,NA,0
645,3,149,NA,NA,NA,0
646,3,149,"E",225,2,0
647,4,150,NA,NA,NA,0
648,4,150,NA,NA,NA,0
649,4,150,NA,NA,NA,0
650,4,150,NA,NA,NA,0
651,5,151,NA,NA,NA,0
652,5,151,"E",199,4,0
653,5,151,NA,NA,NA,0
654,5,151,NA,NA,NA,0
655,5,151,NA,NA,NA,0
656,3,152,NA,NA,NA,0
657,3,152,NA,NA,NA,0
658,3,152,NA,NA,NA,0
659,6,153,NA,NA,NA,0
660,6,153,NA,NA,NA,0
661,6,153,NA,NA,NA,0
662,6,153,NA,NA,NA,0
663,6,153,NA,NA,NA,0
664,6,153,NA,NA,NA,0
665,3,154,NA,NA,NA,0
666,3,154,NA,NA,NA,0
667,3,154,NA,NA,NA,0
668,5,155,NA,NA,NA,0
669,5,155,NA,NA,NA,0
670,5,155,NA,NA,NA,0
671,5,155,NA,NA,NA,0
672,5,155,NA,NA,NA,0
673,4,156,NA,NA,NA,0
674,4,156,NA,NA,NA,0
675,4,156,NA,NA,NA,0
676,4,156,NA,NA,NA,0
677,5,157,NA,NA,NA,0
678,5,157,NA,NA,NA,0
679,5,157,"E",253,4,1
680,5,157,NA,NA,NA,0
681,5,157,"H",272,3,0
682,3,158,NA,NA,NA,0
683,3,158,NA,NA,NA,0
684,3,158,NA,NA,NA,0
685,4,159,NA,NA,NA,0
686,4,159,NA,NA,NA,0
687,4,159,NA,NA,NA,0
688,4,159,NA,NA,NA,0
689,6,160,NA,NA,NA,0
690,6,160,"H",160,3,0
691,6,160,NA,NA,NA,0
692,6,160,"H",148,3,0
693,6,160,NA,NA,NA,0
694,6,160,"E",114,5,2
695,4,161,NA,NA,NA,0
696,4,161,NA,NA,NA,0
697,4,161,NA,NA,NA,0
698,4,161,NA,NA,NA,0
699,4,162,NA,NA,NA,0
700,4,162,NA,NA,NA,0
701,4,162,NA,NA,NA,0
702,4,162,NA,NA,NA,0
703,6,163,NA,NA,NA,0
704,6,163,NA,NA,NA,0
705,6,163,NA,NA,NA,0
706,6,163,NA,NA,NA,0
707,6,163,"E",356,5,0
708,6,163,NA,NA,NA,0
709,5,164,NA,NA,NA,0
710,5,164,NA,NA,NA,0
711,5,164,NA,NA,NA,0
712,5,164,NA,NA,NA,0
713,5,164,NA,NA,NA,0
714,6,165,NA,NA,NA,0
715,6,165,NA,NA,NA,0
716,6,165,NA,NA,NA,0
717,6,165,NA,NA,NA,0
718,6,165,NA,NA,NA,0
719,6,165,NA,NA,NA,0
720,3,166,NA,NA,NA,0
721,3,166,NA,NA,NA,0
722,3,166,NA,NA,NA,0
723,5,167,NA,NA,NA,0
724,5,167,NA,NA,NA,0
725,5,167,NA,NA,NA,0
726,5,167,NA,NA,NA,0
727,5,167,NA,NA,NA,0
728,3,168,NA,NA,NA,0
729,3,168,NA,NA,NA,0
730,3,168,NA,NA,NA,0
731,4,169,NA,NA,NA,0
732,4,169,NA,NA,NA,0
733,4,169,NA,NA,NA,0
734,4,169,NA,NA,NA,0
735,3,170,NA,NA,NA,0
736,3,170,NA,NA,NA,0
737,3,170,NA,NA,NA,0
738,6,171,NA,NA,NA,0
739,6,171,NA,NA,NA,0
740,6,171,NA,NA,NA,0
741,6,171,NA,NA,NA,0
742,6,171,NA,NA,NA,0
743,6,171,NA,NA,NA,0
744,6,172,NA,NA,NA,0
745,6,172,NA,NA,NA,0
746,6,172,NA,NA,NA,0
747,6,172,NA,NA,NA,0
748,6,172,NA,NA,NA,0
749,6,172,NA,NA,NA,0
750,4,173,NA,NA,NA,0
751,4,173,NA,NA,NA,0
752,4,173,NA,NA,NA,0
753,4,173,NA,NA,NA,0
754,3,174,NA,NA,NA,0
755,3,174,NA,NA,NA,0
756,3,174,NA,NA,NA,0
757,5,175,NA,NA,NA,0
758,5,175,NA,NA,NA,0
759,5,175,NA,NA,NA,0
760,5,175,"E",141,4,0
761,5,175,"E",345,3,0
762,3,176,NA,NA,NA,0
763,3,176,NA,NA,NA,0
764,3,176,NA,NA,NA,0
765,6,177,NA,NA,NA,0
766,6,177,NA,NA,NA,0
767,6,177,NA,NA,NA,0
768,6,177,NA,NA,NA,0
769,6,177,NA,NA,NA,0
770,6,177,NA,NA,NA,0
771,3,178,NA,NA,NA,0
772,3,178,NA,NA,NA,0
773,3,178,NA,NA,NA,0
774,6,179,NA,NA,NA,0
775,6,179,NA,NA,NA,0
776,6,179,NA,NA,NA,0
777,6,179,NA,NA,NA,0
778,6,179,NA,NA,NA,0
779,6,179,NA,NA,NA,0
780,3,180,NA,NA,NA,0
781,3,180,NA,NA,NA,0
782,3,180,NA,NA,NA,0
783,5,181,NA,NA,NA,0
784,5,181,NA,NA,NA,0
785,5,181,NA,NA,NA,0
786,5,181,NA,NA,NA,0
787,5,181,NA,NA,NA,0
788,3,182,NA,NA,NA,0
789,3,182,NA,NA,NA,0
790,3,182,NA,NA,NA,0
791,4,183,NA,NA,NA,0
792,4,183,NA,NA,NA,0
793,4,183,"E",362,3,0
794,4,183,NA,NA,NA,0
795,4,184,NA,NA,NA,0
796,4,184,NA,NA,NA,0
797,4,184,NA,NA,NA,0
798,4,184,NA,NA,NA,0
799,3,185,NA,NA,NA,0
800,3,185,NA,NA,NA,0
801,3,185,NA,NA,NA,0
802,5,186,NA,NA,NA,0
803,5,186,NA,NA,NA,0
804,5,186,NA,NA,NA,0
805,5,186,NA,NA,NA,0
806,5,186,NA,NA,NA,0
807,6,187,NA,NA,NA,0
808,6,187,NA,NA,NA,0
809,6,187,NA,NA,NA,0
810,6,187,NA,NA,NA,0
811,6,187,NA,NA,NA,0
812,6,187,NA,NA,NA,0
813,6,188,NA,NA,NA,0
814,6,188,NA,NA,NA,0
815,6,188,NA,NA,NA,0
816,6,188,NA,NA,NA,0
817,6,188,NA,NA,NA,0
818,6,188,NA,NA,NA,0
819,6,189,"H",229,4,1
820,6,189,"E",195,5,1
821,6,189,NA,NA,NA,0
822,6,189,NA,NA,NA,0
823,6,189,NA,NA,NA,0
824,6,189,"H",265,3,0
825,5,190,NA,NA,NA,0
826,5,190,NA,NA,NA,0
827,5,190,NA,NA,NA,0
828,5,190,NA,NA,NA,0
829,5,190,NA,NA,NA,0
830,3,191,NA,NA,NA,0
831,3,191,NA,NA,NA,0
832,3,191,NA,NA,NA,0
833,4,192,NA,NA,NA,0
834,4,192,NA,NA,NA,0
835,4,192,NA,NA,NA,0
836,4,192,NA,NA,NA,0
837,5,193,NA,NA,NA,0
838,5,193,NA,NA,NA,0
839,5,193,"E",71,4,0
840,5,193,NA,NA,NA,0
841,5,193,NA,NA,NA,0
842,4,194,"E",NA,NA,0
843,4,194,"E",119,3,1
844,4,194,NA,NA,NA,0
845,4,194,"H",143,2,0
846,3,195,"H",213,1,0
847,3,195,NA,NA,NA,0
848,3,195,"E",171,2,1
849,3,196,NA,NA,NA,0
850,3,196,NA,NA,NA,0
851,3,196,NA,NA,NA,0
852,3,197,NA,NA,NA,0
853,3,197,NA,NA,NA,0
854,3,197,NA,NA,NA,0
855,6,198,NA,NA,NA,0
856,6,198,NA,NA,NA,0
857,6,198,NA,NA,NA,0
858,6,198,NA,NA,NA,0
859,6,198,NA,NA,NA,0
860,6,198,NA,NA,NA,0
861,5,199,NA,NA,NA,0
862,5,199,NA,NA,NA,0
863,5,199,NA,NA,NA,0
864,5,199,NA,NA,NA,0
865,5,199,NA,NA,NA,0
866,4,200,NA,NA,NA,0
867,4,200,NA,NA,NA,0
868,4,200,NA,NA,NA,0
869,4,200,NA,NA,NA,0
870,3,201,NA,NA,NA,0
871,3,201,NA,NA,NA,0
872,3,201,NA,NA,NA,0
873,5,202,NA,NA,NA,0
874,5,202,NA,NA,NA,0
875,5,202,NA,NA,NA,0
876,5,202,NA,NA,NA,0
877,5,202,NA,NA,NA,0
878,6,203,NA,NA,NA,0
879,6,203,NA,NA,NA,0
880,6,203,NA,NA,NA,0
881,6,203,NA,NA,NA,0
882,6,203,NA,NA,NA,0
883,6,203,NA,NA,NA,0
884,5,204,NA,NA,NA,0
885,5,204,NA,NA,NA,0
886,5,204,NA,NA,NA,0
887,5,204,NA,NA,NA,0
888,5,204,NA,NA,NA,0
889,4,205,NA,NA,NA,0
890,4,205,NA,NA,NA,0
891,4,205,NA,NA,NA,0
892,4,205,NA,NA,NA,0
893,3,206,NA,NA,NA,0
894,3,206,"E",72,2,0
895,3,206,NA,NA,NA,0
896,4,207,NA,NA,NA,0
897,4,207,NA,NA,NA,0
898,4,207,NA,NA,NA,0
899,4,207,NA,NA,NA,0
900,5,208,NA,NA,NA,0
901,5,208,NA,NA,NA,0
902,5,208,NA,NA,NA,0
903,5,208,NA,NA,NA,0
904,5,208,NA,NA,NA,0
905,5,209,NA,NA,NA,0
906,5,209,NA,NA,NA,0
907,5,209,NA,NA,NA,0
908,5,209,NA,NA,NA,0
909,5,209,NA,NA,NA,0
910,3,210,NA,NA,NA,0
911,3,210,NA,NA,NA,0
912,3,210,NA,NA,NA,0
913,5,211,NA,NA,NA,0
914,5,211,NA,NA,NA,0
915,5,211,NA,NA,NA,0
916,5,211,NA,NA,NA,0
917,5,211,NA,NA,NA,0
918,6,212,NA,NA,NA,0
919,6,212,NA,NA,NA,0
920,6,212,NA,NA,NA,0
921,6,212,NA,NA,NA,0
922,6,212,NA,NA,NA,0
923,6,212,NA,NA,NA,0
924,6,213,NA,NA,NA,0
925,6,213,NA,NA,NA,0
926,6,213,NA,NA,NA,0
927,6,213,NA,NA,NA,0
928,6,213,NA,NA,NA,0
929,6,213,NA,NA,NA,0
930,3,214,NA,NA,NA,0
931,3,214,NA,NA,NA,0
932,3,214,NA,NA,NA,0
933,6,215,NA,NA,NA,0
934,6,215,NA,NA,NA,0
935,6,215,NA,NA,NA,0
936,6,215,NA,NA,NA,0
937,6,215,NA,NA,NA,0
938,6,215,NA,NA,NA,0
939,5,216,NA,NA,NA,0
940,5,216,NA,NA,NA,0
941,5,216,NA,NA,NA,0
942,5,216,NA,NA,NA,0
943,5,216,NA,NA,NA,0
944,3,217,NA,NA,NA,0
945,3,217,NA,NA,NA,0
946,3,217,NA,NA,NA,0
947,6,218,NA,NA,NA,0
948,6,218,NA,NA,NA,0
949,6,218,NA,NA,NA,0
950,6,218,NA,NA,NA,0
951,6,218,NA,NA,NA,0
952,6,218,NA,NA,NA,0
953,4,219,NA,NA,NA,0
954,4,219,NA,NA,NA,0
955,4,219,NA,NA,NA,0
956,4,219,NA,NA,NA,0
957,3,220,NA,NA,NA,0
958,3,220,NA,NA,NA,0
959,3,220,NA,NA,NA,0
960,5,221,NA,NA,NA,0
961,5,221,NA,NA,NA,0
962,5,221,NA,NA,NA,0
963,5,221,NA,NA,NA,0
964,5,221,NA,NA,NA,0
965,5,222,NA,NA,NA,0
966,5,222,NA,NA,NA,0
967,5,222,NA,NA,NA,0
968,5,222,"E",176,4,0
969,5,222,NA,NA,NA,0
970,3,223,NA,NA,NA,0
971,3,223,NA,NA,NA,0
972,3,223,NA,NA,NA,0
973,4,224,NA,NA,NA,0
974,4,224,NA,NA,NA,0
975,4,224,NA,NA,NA,0
976,4,224,NA,NA,NA,0
977,3,225,NA,NA,NA,0
978,3,225,NA,NA,NA,0
979,3,225,NA,NA,NA,0
980,5,226,NA,NA,NA,0
981,5,226,NA,NA,NA,0
982,5,226,NA,NA,NA,0
983,5,226,NA,NA,NA,0
984,5,226,NA,NA,NA,0
985,3,227,NA,NA,NA,0
986,3,227,"H",NA,NA,0
987,3,227,"E",336,2,1
988,6,228,NA,NA,NA,0
989,6,228,NA,NA,NA,0
990,6,228,NA,NA,NA,0
991,6,228,NA,NA,NA,0
992,6,228,NA,NA,NA,0
993,6,228,NA,NA,NA,0
994,4,229,NA,NA,NA,0
995,4,229,NA,NA,NA,0
996,4,229,NA,NA,NA,0
997,4,229,NA,NA,NA,0
998,3,230,NA,NA,NA,0
999,3,230,NA,NA,NA,0
1000,3,230,NA,NA,NA,0
