"ID","SIZE","HH","TYPE","TIME","S_NUM","I_NUM"
1,5,1,"0",NA,NA,0
2,5,1,NA,NA,NA,0
3,5,1,NA,NA,NA,0
4,5,1,NA,NA,NA,0
5,5,1,NA,NA,NA,0
6,3,2,NA,NA,NA,0
7,3,2,NA,NA,NA,0
8,3,2,NA,NA,NA,0
9,6,3,NA,NA,NA,0
10,6,3,NA,NA,NA,0
11,6,3,NA,NA,NA,0
12,6,3,NA,NA,NA,0
13,6,3,NA,NA,NA,0
14,6,3,NA,NA,NA,0
15,5,4,NA,NA,NA,0
16,5,4,NA,NA,NA,0
17,5,4,NA,NA,NA,0
18,5,4,NA,NA,NA,0
19,5,4,NA,NA,NA,0
20,3,5,NA,NA,NA,0
21,3,5,NA,NA,NA,0
22,3,5,NA,NA,NA,0
23,5,6,NA,NA,NA,0
24,5,6,NA,NA,NA,0
25,5,6,NA,NA,NA,0
26,5,6,NA,NA,NA,0
27,5,6,NA,NA,NA,0
28,3,7,NA,NA,NA,0
29,3,7,NA,NA,NA,0
30,3,7,NA,NA,NA,0
31,5,8,NA,NA,NA,0
32,5,8,NA,NA,NA,0
33,5,8,NA,NA,NA,0
34,5,8,NA,NA,NA,0
35,5,8,NA,NA,NA,0
36,3,9,NA,NA,NA,0
37,3,9,NA,NA,NA,0
38,3,9,NA,NA,NA,0
39,5,10,NA,NA,NA,0
40,5,10,NA,NA,NA,0
41,5,10,"H",161,3,0
42,5,10,NA,NA,NA,0
43,5,10,"E",112,4,1
44,5,11,NA,NA,NA,0
45,5,11,NA,NA,NA,0
46,5,11,NA,NA,NA,0
47,5,11,NA,NA,NA,0
48,5,11,NA,NA,NA,0
49,5,12,NA,NA,NA,0
50,5,12,NA,NA,NA,0
51,5,12,NA,NA,NA,0
52,5,12,NA,NA,NA,0
53,5,12,NA,NA,NA,0
54,3,13,NA,NA,NA,0
55,3,13,NA,NA,NA,0
56,3,13,NA,NA,NA,0
57,6,14,NA,NA,NA,0
58,6,14,NA,NA,NA,0
59,6,14,NA,NA,NA,0
60,6,14,NA,NA,NA,0
61,6,14,NA,NA,NA,0
62,6,14,NA,NA,NA,0
63,4,15,NA,NA,NA,0
64,4,15,"E",362,3,0
65,4,15,NA,NA,NA,0
66,4,15,NA,NA,NA,0
67,4,16,NA,NA,NA,0
68,4,16,NA,NA,NA,0
69,4,16,NA,NA,NA,0
70,4,16,NA,NA,NA,0
71,6,17,NA,NA,NA,0
72,6,17,NA,NA,NA,0
73,6,17,NA,NA,NA,0
74,6,17,NA,NA,NA,0
75,6,17,NA,NA,NA,0
76,6,17,"E",154,5,0
77,4,18,NA,NA,NA,0
78,4,18,NA,NA,NA,0
79,4,18,NA,NA,NA,0
80,4,18,NA,NA,NA,0
81,6,19,NA,NA,NA,0
82,6,19,NA,NA,NA,0
83,6,19,NA,NA,NA,0
84,6,19,NA,NA,NA,0
85,6,19,NA,NA,NA,0
86,6,19,NA,NA,NA,0
87,3,20,NA,NA,NA,0
88,3,20,NA,NA,NA,0
89,3,20,NA,NA,NA,0
90,5,21,NA,NA,NA,0
91,5,21,NA,NA,NA,0
92,5,21,NA,NA,NA,0
93,5,21,NA,NA,NA,0
94,5,21,NA,NA,NA,0
95,3,22,NA,NA,NA,0
96,3,22,NA,NA,NA,0
97,3,22,NA,NA,NA,0
98,4,23,NA,NA,NA,0
99,4,23,NA,NA,NA,0
100,4,23,NA,NA,NA,0
101,4,23,NA,NA,NA,0
102,5,24,NA,NA,NA,0
103,5,24,NA,NA,NA,0
104,5,24,NA,NA,NA,0
105,5,24,NA,NA,NA,0
106,5,24,NA,NA,NA,0
107,4,25,NA,NA,NA,0
108,4,25,NA,NA,NA,0
109,4,25,NA,NA,NA,0
110,4,25,NA,NA,NA,0
111,5,26,NA,NA,NA,0
112,5,26,NA,NA,NA,0
113,5,26,NA,NA,NA,0
114,5,26,NA,NA,NA,0
115,5,26,NA,NA,NA,0
116,3,27,NA,NA,NA,0
117,3,27,NA,NA,NA,0
118,3,27,NA,NA,NA,0
119,4,28,"E",282,3,0
120,4,28,NA,NA,NA,0
121,4,28,NA,NA,NA,0
122,4,28,NA,NA,NA,0
123,3,29,NA,NA,NA,0
124,3,29,NA,NA,NA,0
125,3,29,NA,NA,NA,0
126,4,30,NA,NA,NA,0
127,4,30,NA,NA,NA,0
128,4,30,NA,NA,NA,0
129,4,30,NA,NA,NA,0
130,4,31,NA,NA,NA,0
131,4,31,NA,NA,NA,0
132,4,31,NA,NA,NA,0
133,4,31,NA,NA,NA,0
134,3,32,NA,NA,NA,0
135,3,32,NA,NA,NA,0
136,3,32,NA,NA,NA,0
137,3,33,NA,NA,NA,0
138,3,33,NA,NA,NA,0
139,3,33,NA,NA,NA,0
140,3,34,NA,NA,NA,0
141,3,34,NA,NA,NA,0
142,3,34,NA,NA,NA,0
143,6,35,NA,NA,NA,0
144,6,35,NA,NA,NA,0
145,6,35,NA,NA,NA,0
146,6,35,NA,NA,NA,0
147,6,35,NA,NA,NA,0
148,6,35,NA,NA,NA,0
149,5,36,"E",260,4,0
150,5,36,NA,NA,NA,0
151,5,36,NA,NA,NA,0
152,5,36,NA,NA,NA,0
153,5,36,NA,NA,NA,0
154,4,37,NA,NA,NA,0
155,4,37,NA,NA,NA,0
156,4,37,NA,NA,NA,0
157,4,37,NA,NA,NA,0
158,5,38,NA,NA,NA,0
159,5,38,NA,NA,NA,0
160,5,38,NA,NA,NA,0
161,5,38,NA,NA,NA,0
162,5,38,NA,NA,NA,0
163,4,39,NA,NA,NA,0
164,4,39,NA,NA,NA,0
165,4,39,NA,NA,NA,0
166,4,39,NA,NA,NA,0
167,5,40,NA,NA,NA,0
168,5,40,NA,NA,NA,0
169,5,40,NA,NA,NA,0
170,5,40,"E",249,4,0
171,5,40,NA,NA,NA,0
172,6,41,NA,NA,NA,0
173,6,41,NA,NA,NA,0
174,6,41,NA,NA,NA,0
175,6,41,NA,NA,NA,0
176,6,41,NA,NA,NA,0
177,6,41,NA,NA,NA,0
178,5,42,NA,NA,NA,0
179,5,42,NA,NA,NA,0
180,5,42,NA,NA,NA,0
181,5,42,NA,NA,NA,0
182,5,42,NA,NA,NA,0
183,6,43,NA,NA,NA,0
184,6,43,NA,NA,NA,0
185,6,43,NA,NA,NA,0
186,6,43,NA,NA,NA,0
187,6,43,NA,NA,NA,0
188,6,43,NA,NA,NA,0
189,4,44,NA,NA,NA,0
190,4,44,NA,NA,NA,0
191,4,44,NA,NA,NA,0
192,4,44,NA,NA,NA,0
193,5,45,NA,NA,NA,0
194,5,45,NA,NA,NA,0
195,5,45,NA,NA,NA,0
196,5,45,NA,NA,NA,0
197,5,45,NA,NA,NA,0
198,3,46,NA,NA,NA,0
199,3,46,NA,NA,NA,0
200,3,46,NA,NA,NA,0
201,3,47,NA,NA,NA,0
202,3,47,NA,NA,NA,0
203,3,47,NA,NA,NA,0
204,5,48,NA,NA,NA,0
205,5,48,NA,NA,NA,0
206,5,48,NA,NA,NA,0
207,5,48,NA,NA,NA,0
208,5,48,NA,NA,NA,0
209,6,49,NA,NA,NA,0
210,6,49,NA,NA,NA,0
211,6,49,NA,NA,NA,0
212,6,49,NA,NA,NA,0
213,6,49,NA,NA,NA,0
214,6,49,NA,NA,NA,0
215,6,50,"E",335,5,1
216,6,50,NA,NA,NA,0
217,6,50,NA,NA,NA,0
218,6,50,NA,NA,NA,0
219,6,50,NA,NA,NA,0
220,6,50,"H",NA,NA,0
221,6,51,NA,NA,NA,0
222,6,51,NA,NA,NA,0
223,6,51,NA,NA,NA,0
224,6,51,NA,NA,NA,0
225,6,51,NA,NA,NA,0
226,6,51,NA,NA,NA,0
227,4,52,NA,NA,NA,0
228,4,52,NA,NA,NA,0
229,4,52,NA,NA,NA,0
230,4,52,NA,NA,NA,0
231,3,53,NA,NA,NA,0
232,3,53,NA,NA,NA,0
233,3,53,NA,NA,NA,0
234,5,54,NA,NA,NA,0
235,5,54,NA,NA,NA,0
236,5,54,NA,NA,NA,0
237,5,54,NA,NA,NA,0
238,5,54,NA,NA,NA,0
239,4,55,NA,NA,NA,0
240,4,55,NA,NA,NA,0
241,4,55,"E",123,3,0
242,4,55,NA,NA,NA,0
243,5,56,NA,NA,NA,0
244,5,56,NA,NA,NA,0
245,5,56,NA,NA,NA,0
246,5,56,NA,NA,NA,0
247,5,56,NA,NA,NA,0
248,4,57,NA,NA,NA,0
249,4,57,"E",68,3,2
250,4,57,"H",98,1,0
251,4,57,"H",100,1,0
252,6,58,"H",NA,NA,0
253,6,58,"E",309,5,2
254,6,58,NA,NA,NA,0
255,6,58,"H",338,2,0
256,6,58,"H",323,3,1
257,6,58,NA,NA,NA,0
258,3,59,NA,NA,NA,0
259,3,59,NA,NA,NA,0
260,3,59,NA,NA,NA,0
261,4,60,NA,NA,NA,0
262,4,60,NA,NA,NA,0
263,4,60,NA,NA,NA,0
264,4,60,NA,NA,NA,0
265,4,61,NA,NA,NA,0
266,4,61,NA,NA,NA,0
267,4,61,NA,NA,NA,0
268,4,61,NA,NA,NA,0
269,6,62,NA,NA,NA,0
270,6,62,NA,NA,NA,0
271,6,62,"C",132,5,0
272,6,62,NA,NA,NA,0
273,6,62,NA,NA,NA,0
274,6,62,NA,NA,NA,0
275,6,63,NA,NA,NA,0
276,6,63,NA,NA,NA,0
277,6,63,NA,NA,NA,0
278,6,63,NA,NA,NA,0
279,6,63,NA,NA,NA,0
280,6,63,NA,NA,NA,0
281,4,64,NA,NA,NA,0
282,4,64,NA,NA,NA,0
283,4,64,NA,NA,NA,0
284,4,64,NA,NA,NA,0
285,3,65,NA,NA,NA,0
286,3,65,NA,NA,NA,0
287,3,65,NA,NA,NA,0
288,3,66,NA,NA,NA,0
289,3,66,NA,NA,NA,0
290,3,66,NA,NA,NA,0
291,4,67,NA,NA,NA,0
292,4,67,NA,NA,NA,0
293,4,67,NA,NA,NA,0
294,4,67,NA,NA,NA,0
295,5,68,NA,NA,NA,0
296,5,68,NA,NA,NA,0
297,5,68,NA,NA,NA,0
298,5,68,NA,NA,NA,0
299,5,68,NA,NA,NA,0
300,4,69,NA,NA,NA,0
301,4,69,NA,NA,NA,0
302,4,69,NA,NA,NA,0
303,4,69,NA,NA,NA,0
304,3,70,NA,NA,NA,0
305,3,70,NA,NA,NA,0
306,3,70,NA,NA,NA,0
307,3,71,NA,NA,NA,0
308,3,71,NA,NA,NA,0
309,3,71,NA,NA,NA,0
310,4,72,NA,NA,NA,0
311,4,72,NA,NA,NA,0
312,4,72,NA,NA,NA,0
313,4,72,NA,NA,NA,0
314,5,73,NA,NA,NA,0
315,5,73,NA,NA,NA,0
316,5,73,NA,NA,NA,0
317,5,73,NA,NA,NA,0
318,5,73,NA,NA,NA,0
319,5,74,NA,NA,NA,0
320,5,74,NA,NA,NA,0
321,5,74,NA,NA,NA,0
322,5,74,NA,NA,NA,0
323,5,74,NA,NA,NA,0
324,5,75,NA,NA,NA,0
325,5,75,NA,NA,NA,0
326,5,75,NA,NA,NA,0
327,5,75,NA,NA,NA,0
328,5,75,NA,NA,NA,0
329,5,76,NA,NA,NA,0
330,5,76,NA,NA,NA,0
331,5,76,NA,NA,NA,0
332,5,76,NA,NA,NA,0
333,5,76,NA,NA,NA,0
334,6,77,NA,NA,NA,0
335,6,77,NA,NA,NA,0
336,6,77,NA,NA,NA,0
337,6,77,NA,NA,NA,0
338,6,77,NA,NA,NA,0
339,6,77,NA,NA,NA,0
340,4,78,NA,NA,NA,0
341,4,78,NA,NA,NA,0
342,4,78,NA,NA,NA,0
343,4,78,NA,NA,NA,0
344,5,79,NA,NA,NA,0
345,5,79,NA,NA,NA,0
346,5,79,NA,NA,NA,0
347,5,79,"E",232,4,0
348,5,79,NA,NA,NA,0
349,6,80,NA,NA,NA,0
350,6,80,NA,NA,NA,0
351,6,80,"E",78,5,0
352,6,80,NA,NA,NA,0
353,6,80,NA,NA,NA,0
354,6,80,NA,NA,NA,0
355,6,81,NA,NA,NA,0
356,6,81,NA,NA,NA,0
357,6,81,NA,NA,NA,0
358,6,81,NA,NA,NA,0
359,6,81,NA,NA,NA,0
360,6,81,NA,NA,NA,0
361,5,82,NA,NA,NA,0
362,5,82,NA,NA,NA,0
363,5,82,NA,NA,NA,0
364,5,82,NA,NA,NA,0
365,5,82,NA,NA,NA,0
366,4,83,NA,NA,NA,0
367,4,83,NA,NA,NA,0
368,4,83,NA,NA,NA,0
369,4,83,NA,NA,NA,0
370,4,84,NA,NA,NA,0
371,4,84,NA,NA,NA,0
372,4,84,NA,NA,NA,0
373,4,84,NA,NA,NA,0
374,6,85,NA,NA,NA,0
375,6,85,NA,NA,NA,0
376,6,85,NA,NA,NA,0
377,6,85,NA,NA,NA,0
378,6,85,NA,NA,NA,0
379,6,85,NA,NA,NA,0
380,6,86,NA,NA,NA,0
381,6,86,NA,NA,NA,0
382,6,86,NA,NA,NA,0
383,6,86,NA,NA,NA,0
384,6,86,NA,NA,NA,0
385,6,86,NA,NA,NA,0
386,4,87,NA,NA,NA,0
387,4,87,NA,NA,NA,0
388,4,87,NA,NA,NA,0
389,4,87,NA,NA,NA,0
390,6,88,NA,NA,NA,0
391,6,88,NA,NA,NA,0
392,6,88,NA,NA,NA,0
393,6,88,NA,NA,NA,0
394,6,88,NA,NA,NA,0
395,6,88,NA,NA,NA,0
396,5,89,NA,NA,NA,0
397,5,89,NA,NA,NA,0
398,5,89,NA,NA,NA,0
399,5,89,NA,NA,NA,0
400,5,89,NA,NA,NA,0
401,5,90,NA,NA,NA,0
402,5,90,NA,NA,NA,0
403,5,90,NA,NA,NA,0
404,5,90,NA,NA,NA,0
405,5,90,NA,NA,NA,0
406,4,91,NA,NA,NA,0
407,4,91,NA,NA,NA,0
408,4,91,NA,NA,NA,0
409,4,91,NA,NA,NA,0
410,3,92,NA,NA,NA,0
411,3,92,NA,NA,NA,0
412,3,92,NA,NA,NA,0
413,6,93,NA,NA,NA,0
414,6,93,NA,NA,NA,0
415,6,93,NA,NA,NA,0
416,6,93,NA,NA,NA,0
417,6,93,NA,NA,NA,0
418,6,93,NA,NA,NA,0
419,5,94,NA,NA,NA,0
420,5,94,NA,NA,NA,0
421,5,94,NA,NA,NA,0
422,5,94,"E",64,4,0
423,5,94,NA,NA,NA,0
424,6,95,NA,NA,NA,0
425,6,95,NA,NA,NA,0
426,6,95,NA,NA,NA,0
427,6,95,NA,NA,NA,0
428,6,95,NA,NA,NA,0
429,6,95,NA,NA,NA,0
430,5,96,NA,NA,NA,0
431,5,96,NA,NA,NA,0
432,5,96,NA,NA,NA,0
433,5,96,NA,NA,NA,0
434,5,96,NA,NA,NA,0
435,6,97,NA,NA,NA,0
436,6,97,NA,NA,NA,0
437,6,97,NA,NA,NA,0
438,6,97,NA,NA,NA,0
439,6,97,NA,NA,NA,0
440,6,97,NA,NA,NA,0
441,4,98,NA,NA,NA,0
442,4,98,NA,NA,NA,0
443,4,98,NA,NA,NA,0
444,4,98,NA,NA,NA,0
445,6,99,NA,NA,NA,0
446,6,99,NA,NA,NA,0
447,6,99,NA,NA,NA,0
448,6,99,NA,NA,NA,0
449,6,99,NA,NA,NA,0
450,6,99,NA,NA,NA,0
451,5,100,NA,NA,NA,0
452,5,100,NA,NA,NA,0
453,5,100,NA,NA,NA,0
454,5,100,NA,NA,NA,0
455,5,100,NA,NA,NA,0
456,3,101,NA,NA,NA,0
457,3,101,NA,NA,NA,0
458,3,101,NA,NA,NA,0
459,5,102,NA,NA,NA,0
460,5,102,NA,NA,NA,0
461,5,102,NA,NA,NA,0
462,5,102,NA,NA,NA,0
463,5,102,NA,NA,NA,0
464,3,103,NA,NA,NA,0
465,3,103,NA,NA,NA,0
466,3,103,NA,NA,NA,0
467,4,104,NA,NA,NA,0
468,4,104,NA,NA,NA,0
469,4,104,NA,NA,NA,0
470,4,104,NA,NA,NA,0
471,5,105,NA,NA,NA,0
472,5,105,NA,NA,NA,0
473,5,105,NA,NA,NA,0
474,5,105,NA,NA,NA,0
475,5,105,NA,NA,NA,0
476,4,106,NA,NA,NA,0
477,4,106,NA,NA,NA,0
478,4,106,NA,NA,NA,0
479,4,106,NA,NA,NA,0
480,5,107,NA,NA,NA,0
481,5,107,NA,NA,NA,0
482,5,107,NA,NA,NA,0
483,5,107,NA,NA,NA,0
484,5,107,NA,NA,NA,0
485,3,108,NA,NA,NA,0
486,3,108,NA,NA,NA,0
487,3,108,NA,NA,NA,0
488,6,109,NA,NA,NA,0
489,6,109,NA,NA,NA,0
490,6,109,NA,NA,NA,0
491,6,109,NA,NA,NA,0
492,6,109,NA,NA,NA,0
493,6,109,"E",104,5,0
494,6,110,NA,NA,NA,0
495,6,110,NA,NA,NA,0
496,6,110,NA,NA,NA,0
497,6,110,NA,NA,NA,0
498,6,110,NA,NA,NA,0
499,6,110,NA,NA,NA,0
500,3,111,NA,NA,NA,0
501,3,111,NA,NA,NA,0
502,3,111,NA,NA,NA,0
503,3,112,NA,NA,NA,0
504,3,112,NA,NA,NA,0
505,3,112,NA,NA,NA,0
506,3,113,NA,NA,NA,0
507,3,113,NA,NA,NA,0
508,3,113,NA,NA,NA,0
509,3,114,"E",NA,NA,0
510,3,114,NA,NA,NA,0
511,3,114,NA,NA,NA,0
512,6,115,"E",131,5,0
513,6,115,NA,NA,NA,0
514,6,115,NA,NA,NA,0
515,6,115,NA,NA,NA,0
516,6,115,NA,NA,NA,0
517,6,115,NA,NA,NA,0
518,4,116,NA,NA,NA,0
519,4,116,NA,NA,NA,0
520,4,116,"E",113,3,0
521,4,116,NA,NA,NA,0
522,6,117,NA,NA,NA,0
523,6,117,NA,NA,NA,0
524,6,117,NA,NA,NA,0
525,6,117,NA,NA,NA,0
526,6,117,NA,NA,NA,0
527,6,117,NA,NA,NA,0
528,3,118,NA,NA,NA,0
529,3,118,NA,NA,NA,0
530,3,118,NA,NA,NA,0
531,6,119,NA,NA,NA,0
532,6,119,NA,NA,NA,0
533,6,119,NA,NA,NA,0
534,6,119,NA,NA,NA,0
535,6,119,NA,NA,NA,0
536,6,119,NA,NA,NA,0
537,6,120,NA,NA,NA,0
538,6,120,NA,NA,NA,0
539,6,120,NA,NA,NA,0
540,6,120,NA,NA,NA,0
541,6,120,NA,NA,NA,0
542,6,120,NA,NA,NA,0
543,6,121,NA,NA,NA,0
544,6,121,NA,NA,NA,0
545,6,121,NA,NA,NA,0
546,6,121,NA,NA,NA,0
547,6,121,NA,NA,NA,0
548,6,121,NA,NA,NA,0
549,5,122,NA,NA,NA,0
550,5,122,NA,NA,NA,0
551,5,122,"E",179,4,0
552,5,122,NA,NA,NA,0
553,5,122,NA,NA,NA,0
554,6,123,NA,NA,NA,0
555,6,123,NA,NA,NA,0
556,6,123,NA,NA,NA,0
557,6,123,NA,NA,NA,0
558,6,123,NA,NA,NA,0
559,6,123,NA,NA,NA,0
560,3,124,"E",NA,NA,0
561,3,124,NA,NA,NA,0
562,3,124,NA,NA,NA,0
563,3,125,NA,NA,NA,0
564,3,125,NA,NA,NA,0
565,3,125,NA,NA,NA,0
566,5,126,NA,NA,NA,0
567,5,126,NA,NA,NA,0
568,5,126,NA,NA,NA,0
569,5,126,NA,NA,NA,0
570,5,126,NA,NA,NA,0
571,5,127,NA,NA,NA,0
572,5,127,NA,NA,NA,0
573,5,127,NA,NA,NA,0
574,5,127,NA,NA,NA,0
575,5,127,NA,NA,NA,0
576,5,128,NA,NA,NA,0
577,5,128,NA,NA,NA,0
578,5,128,NA,NA,NA,0
579,5,128,NA,NA,NA,0
580,5,128,NA,NA,NA,0
581,6,129,NA,NA,NA,0
582,6,129,NA,NA,NA,0
583,6,129,NA,NA,NA,0
584,6,129,NA,NA,NA,0
585,6,129,NA,NA,NA,0
586,6,129,NA,NA,NA,0
587,6,130,NA,NA,NA,0
588,6,130,NA,NA,NA,0
589,6,130,NA,NA,NA,0
590,6,130,NA,NA,NA,0
591,6,130,NA,NA,NA,0
592,6,130,NA,NA,NA,0
593,3,131,NA,NA,NA,0
594,3,131,NA,NA,NA,0
595,3,131,"E",88,2,0
596,6,132,NA,NA,NA,0
597,6,132,NA,NA,NA,0
598,6,132,NA,NA,NA,0
599,6,132,NA,NA,NA,0
600,6,132,NA,NA,NA,0
601,6,132,NA,NA,NA,0
602,6,133,"E",285,5,1
603,6,133,"H",342,3,1
604,6,133,NA,NA,NA,0
605,6,133,"H",305,4,1
606,6,133,"H",NA,NA,0
607,6,133,NA,NA,NA,0
608,4,134,NA,NA,NA,0
609,4,134,NA,NA,NA,0
610,4,134,NA,NA,NA,0
611,4,134,NA,NA,NA,0
612,5,135,NA,NA,NA,0
613,5,135,NA,NA,NA,0
614,5,135,NA,NA,NA,0
615,5,135,NA,NA,NA,0
616,5,135,NA,NA,NA,0
617,6,136,NA,NA,NA,0
618,6,136,NA,NA,NA,0
619,6,136,NA,NA,NA,0
620,6,136,NA,NA,NA,0
621,6,136,NA,NA,NA,0
622,6,136,NA,NA,NA,0
623,6,137,NA,NA,NA,0
624,6,137,NA,NA,NA,0
625,6,137,NA,NA,NA,0
626,6,137,NA,NA,NA,0
627,6,137,NA,NA,NA,0
628,6,137,NA,NA,NA,0
629,4,138,NA,NA,NA,0
630,4,138,NA,NA,NA,0
631,4,138,NA,NA,NA,0
632,4,138,NA,NA,NA,0
633,5,139,NA,NA,NA,0
634,5,139,NA,NA,NA,0
635,5,139,NA,NA,NA,0
636,5,139,NA,NA,NA,0
637,5,139,NA,NA,NA,0
638,4,140,NA,NA,NA,0
639,4,140,NA,NA,NA,0
640,4,140,NA,NA,NA,0
641,4,140,NA,NA,NA,0
642,5,141,NA,NA,NA,0
643,5,141,NA,NA,NA,0
644,5,141,NA,NA,NA,0
645,5,141,NA,NA,NA,0
646,5,141,NA,NA,NA,0
647,5,142,NA,NA,NA,0
648,5,142,NA,NA,NA,0
649,5,142,NA,NA,NA,0
650,5,142,NA,NA,NA,0
651,5,142,NA,NA,NA,0
652,5,143,NA,NA,NA,0
653,5,143,NA,NA,NA,0
654,5,143,NA,NA,NA,0
655,5,143,NA,NA,NA,0
656,5,143,NA,NA,NA,0
657,6,144,NA,NA,NA,0
658,6,144,NA,NA,NA,0
659,6,144,NA,NA,NA,0
660,6,144,NA,NA,NA,0
661,6,144,NA,NA,NA,0
662,6,144,NA,NA,NA,0
663,5,145,NA,NA,NA,0
664,5,145,NA,NA,NA,0
665,5,145,NA,NA,NA,0
666,5,145,NA,NA,NA,0
667,5,145,NA,NA,NA,0
668,3,146,NA,NA,NA,0
669,3,146,NA,NA,NA,0
670,3,146,NA,NA,NA,0
671,5,147,NA,NA,NA,0
672,5,147,NA,NA,NA,0
673,5,147,NA,NA,NA,0
674,5,147,NA,NA,NA,0
675,5,147,NA,NA,NA,0
676,4,148,NA,NA,NA,0
677,4,148,NA,NA,NA,0
678,4,148,NA,NA,NA,0
679,4,148,NA,NA,NA,0
680,6,149,NA,NA,NA,0
681,6,149,NA,NA,NA,0
682,6,149,NA,NA,NA,0
683,6,149,NA,NA,NA,0
684,6,149,NA,NA,NA,0
685,6,149,NA,NA,NA,0
686,5,150,NA,NA,NA,0
687,5,150,NA,NA,NA,0
688,5,150,"E",199,2,0
689,5,150,"E",152,3,0
690,5,150,"E",167,2,0
691,5,151,NA,NA,NA,0
692,5,151,NA,NA,NA,0
693,5,151,NA,NA,NA,0
694,5,151,NA,NA,NA,0
695,5,151,NA,NA,NA,0
696,4,152,NA,NA,NA,0
697,4,152,NA,NA,NA,0
698,4,152,NA,NA,NA,0
699,4,152,NA,NA,NA,0
700,4,153,NA,NA,NA,0
701,4,153,NA,NA,NA,0
702,4,153,NA,NA,NA,0
703,4,153,NA,NA,NA,0
704,3,154,NA,NA,NA,0
705,3,154,NA,NA,NA,0
706,3,154,NA,NA,NA,0
707,5,155,NA,NA,NA,0
708,5,155,NA,NA,NA,0
709,5,155,NA,NA,NA,0
710,5,155,NA,NA,NA,0
711,5,155,NA,NA,NA,0
712,6,156,NA,NA,NA,0
713,6,156,NA,NA,NA,0
714,6,156,NA,NA,NA,0
715,6,156,NA,NA,NA,0
716,6,156,NA,NA,NA,0
717,6,156,NA,NA,NA,0
718,6,157,NA,NA,NA,0
719,6,157,NA,NA,NA,0
720,6,157,NA,NA,NA,0
721,6,157,NA,NA,NA,0
722,6,157,NA,NA,NA,0
723,6,157,NA,NA,NA,0
724,5,158,NA,NA,NA,0
725,5,158,NA,NA,NA,0
726,5,158,NA,NA,NA,0
727,5,158,NA,NA,NA,0
728,5,158,NA,NA,NA,0
729,6,159,NA,NA,NA,0
730,6,159,"E",257,5,0
731,6,159,NA,NA,NA,0
732,6,159,NA,NA,NA,0
733,6,159,NA,NA,NA,0
734,6,159,NA,NA,NA,0
735,5,160,NA,NA,NA,0
736,5,160,NA,NA,NA,0
737,5,160,NA,NA,NA,0
738,5,160,NA,NA,NA,0
739,5,160,NA,NA,NA,0
740,5,161,NA,NA,NA,0
741,5,161,NA,NA,NA,0
742,5,161,NA,NA,NA,0
743,5,161,NA,NA,NA,0
744,5,161,NA,NA,NA,0
745,3,162,NA,NA,NA,0
746,3,162,"E",232,2,0
747,3,162,NA,NA,NA,0
748,6,163,NA,NA,NA,0
749,6,163,NA,NA,NA,0
750,6,163,NA,NA,NA,0
751,6,163,NA,NA,NA,0
752,6,163,NA,NA,NA,0
753,6,163,NA,NA,NA,0
754,3,164,NA,NA,NA,0
755,3,164,NA,NA,NA,0
756,3,164,NA,NA,NA,0
757,6,165,NA,NA,NA,0
758,6,165,NA,NA,NA,0
759,6,165,NA,NA,NA,0
760,6,165,NA,NA,NA,0
761,6,165,NA,NA,NA,0
762,6,165,NA,NA,NA,0
763,6,166,NA,NA,NA,0
764,6,166,NA,NA,NA,0
765,6,166,NA,NA,NA,0
766,6,166,NA,NA,NA,0
767,6,166,NA,NA,NA,0
768,6,166,NA,NA,NA,0
769,4,167,NA,NA,NA,0
770,4,167,NA,NA,NA,0
771,4,167,NA,NA,NA,0
772,4,167,NA,NA,NA,0
773,3,168,NA,NA,NA,0
774,3,168,NA,NA,NA,0
775,3,168,NA,NA,NA,0
776,3,169,NA,NA,NA,0
777,3,169,NA,NA,NA,0
778,3,169,NA,NA,NA,0
779,3,170,NA,NA,NA,0
780,3,170,NA,NA,NA,0
781,3,170,NA,NA,NA,0
782,5,171,NA,NA,NA,0
783,5,171,"H",364,3,0
784,5,171,NA,NA,NA,0
785,5,171,"E",326,4,1
786,5,171,NA,NA,NA,0
787,3,172,"E",336,2,0
788,3,172,NA,NA,NA,0
789,3,172,NA,NA,NA,0
790,4,173,"E",163,3,0
791,4,173,NA,NA,NA,0
792,4,173,NA,NA,NA,0
793,4,173,NA,NA,NA,0
794,3,174,NA,NA,NA,0
795,3,174,NA,NA,NA,0
796,3,174,NA,NA,NA,0
797,4,175,NA,NA,NA,0
798,4,175,NA,NA,NA,0
799,4,175,NA,NA,NA,0
800,4,175,NA,NA,NA,0
801,6,176,NA,NA,NA,0
802,6,176,NA,NA,NA,0
803,6,176,NA,NA,NA,0
804,6,176,NA,NA,NA,0
805,6,176,NA,NA,NA,0
806,6,176,NA,NA,NA,0
807,3,177,NA,NA,NA,0
808,3,177,NA,NA,NA,0
809,3,177,NA,NA,NA,0
810,5,178,NA,NA,NA,0
811,5,178,NA,NA,NA,0
812,5,178,NA,NA,NA,0
813,5,178,NA,NA,NA,0
814,5,178,NA,NA,NA,0
815,4,179,NA,NA,NA,0
816,4,179,NA,NA,NA,0
817,4,179,NA,NA,NA,0
818,4,179,NA,NA,NA,0
819,6,180,NA,NA,NA,0
820,6,180,NA,NA,NA,0
821,6,180,NA,NA,NA,0
822,6,180,NA,NA,NA,0
823,6,180,NA,NA,NA,0
824,6,180,NA,NA,NA,0
825,3,181,NA,NA,NA,0
826,3,181,NA,NA,NA,0
827,3,181,NA,NA,NA,0
828,6,182,NA,NA,NA,0
829,6,182,"E",284,5,0
830,6,182,NA,NA,NA,0
831,6,182,NA,NA,NA,0
832,6,182,NA,NA,NA,0
833,6,182,NA,NA,NA,0
834,6,183,NA,NA,NA,0
835,6,183,NA,NA,NA,0
836,6,183,NA,NA,NA,0
837,6,183,NA,NA,NA,0
838,6,183,NA,NA,NA,0
839,6,183,NA,NA,NA,0
840,5,184,NA,NA,NA,0
841,5,184,NA,NA,NA,0
842,5,184,NA,NA,NA,0
843,5,184,NA,NA,NA,0
844,5,184,NA,NA,NA,0
845,3,185,NA,NA,NA,0
846,3,185,NA,NA,NA,0
847,3,185,NA,NA,NA,0
848,3,186,NA,NA,NA,0
849,3,186,NA,NA,NA,0
850,3,186,NA,NA,NA,0
851,5,187,NA,NA,NA,0
852,5,187,"E",139,4,0
853,5,187,NA,NA,NA,0
854,5,187,NA,NA,NA,0
855,5,187,"E",208,3,0
856,3,188,NA,NA,NA,0
857,3,188,NA,NA,NA,0
858,3,188,NA,NA,NA,0
859,3,189,NA,NA,NA,0
860,3,189,NA,NA,NA,0
861,3,189,NA,NA,NA,0
862,5,190,NA,NA,NA,0
863,5,190,NA,NA,NA,0
864,5,190,NA,NA,NA,0
865,5,190,NA,NA,NA,0
866,5,190,NA,NA,NA,0
867,6,191,NA,NA,NA,0
868,6,191,NA,NA,NA,0
869,6,191,NA,NA,NA,0
870,6,191,NA,NA,NA,0
871,6,191,NA,NA,NA,0
872,6,191,NA,NA,NA,0
873,6,192,NA,NA,NA,0
874,6,192,NA,NA,NA,0
875,6,192,NA,NA,NA,0
876,6,192,NA,NA,NA,0
877,6,192,NA,NA,NA,0
878,6,192,NA,NA,NA,0
879,3,193,NA,NA,NA,0
880,3,193,NA,NA,NA,0
881,3,193,NA,NA,NA,0
882,4,194,NA,NA,NA,0
883,4,194,NA,NA,NA,0
884,4,194,NA,NA,NA,0
885,4,194,NA,NA,NA,0
886,5,195,NA,NA,NA,0
887,5,195,NA,NA,NA,0
888,5,195,NA,NA,NA,0
889,5,195,NA,NA,NA,0
890,5,195,NA,NA,NA,0
891,5,196,NA,NA,NA,0
892,5,196,NA,NA,NA,0
893,5,196,NA,NA,NA,0
894,5,196,NA,NA,NA,0
895,5,196,NA,NA,NA,0
896,5,197,"E",95,4,1
897,5,197,"H",159,2,0
898,5,197,NA,NA,NA,0
899,5,197,NA,NA,NA,0
900,5,197,"H",118,3,1
901,5,198,NA,NA,NA,0
902,5,198,NA,NA,NA,0
903,5,198,NA,NA,NA,0
904,5,198,NA,NA,NA,0
905,5,198,NA,NA,NA,0
906,5,199,NA,NA,NA,0
907,5,199,NA,NA,NA,0
908,5,199,NA,NA,NA,0
909,5,199,NA,NA,NA,0
910,5,199,NA,NA,NA,0
911,5,200,NA,NA,NA,0
912,5,200,NA,NA,NA,0
913,5,200,NA,NA,NA,0
914,5,200,NA,NA,NA,0
915,5,200,NA,NA,NA,0
916,4,201,NA,NA,NA,0
917,4,201,NA,NA,NA,0
918,4,201,NA,NA,NA,0
919,4,201,NA,NA,NA,0
920,6,202,NA,NA,NA,0
921,6,202,NA,NA,NA,0
922,6,202,NA,NA,NA,0
923,6,202,NA,NA,NA,0
924,6,202,NA,NA,NA,0
925,6,202,NA,NA,NA,0
926,5,203,NA,NA,NA,0
927,5,203,NA,NA,NA,0
928,5,203,NA,NA,NA,0
929,5,203,NA,NA,NA,0
930,5,203,NA,NA,NA,0
931,4,204,NA,NA,NA,0
932,4,204,NA,NA,NA,0
933,4,204,NA,NA,NA,0
934,4,204,NA,NA,NA,0
935,3,205,NA,NA,NA,0
936,3,205,NA,NA,NA,0
937,3,205,NA,NA,NA,0
938,5,206,NA,NA,NA,0
939,5,206,NA,NA,NA,0
940,5,206,NA,NA,NA,0
941,5,206,NA,NA,NA,0
942,5,206,NA,NA,NA,0
943,3,207,NA,NA,NA,0
944,3,207,NA,NA,NA,0
945,3,207,NA,NA,NA,0
946,4,208,NA,NA,NA,0
947,4,208,NA,NA,NA,0
948,4,208,NA,NA,NA,0
949,4,208,NA,NA,NA,0
950,6,209,NA,NA,NA,0
951,6,209,NA,NA,NA,0
952,6,209,NA,NA,NA,0
953,6,209,NA,NA,NA,0
954,6,209,NA,NA,NA,0
955,6,209,NA,NA,NA,0
956,3,210,NA,NA,NA,0
957,3,210,NA,NA,NA,0
958,3,210,NA,NA,NA,0
959,3,211,NA,NA,NA,0
960,3,211,"E",248,2,0
961,3,211,NA,NA,NA,0
962,3,212,NA,NA,NA,0
963,3,212,NA,NA,NA,0
964,3,212,NA,NA,NA,0
965,5,213,NA,NA,NA,0
966,5,213,NA,NA,NA,0
967,5,213,NA,NA,NA,0
968,5,213,NA,NA,NA,0
969,5,213,NA,NA,NA,0
970,3,214,NA,NA,NA,0
971,3,214,NA,NA,NA,0
972,3,214,NA,NA,NA,0
973,5,215,NA,NA,NA,0
974,5,215,NA,NA,NA,0
975,5,215,NA,NA,NA,0
976,5,215,NA,NA,NA,0
977,5,215,NA,NA,NA,0
978,4,216,NA,NA,NA,0
979,4,216,NA,NA,NA,0
980,4,216,NA,NA,NA,0
981,4,216,NA,NA,NA,0
982,3,217,NA,NA,NA,0
983,3,217,NA,NA,NA,0
984,3,217,NA,NA,NA,0
985,4,218,NA,NA,NA,0
986,4,218,NA,NA,NA,0
987,4,218,NA,NA,NA,0
988,4,218,NA,NA,NA,0
989,6,219,NA,NA,NA,0
990,6,219,NA,NA,NA,0
991,6,219,NA,NA,NA,0
992,6,219,NA,NA,NA,0
993,6,219,NA,NA,NA,0
994,6,219,NA,NA,NA,0
995,3,220,NA,NA,NA,0
996,3,220,NA,NA,NA,0
997,3,220,NA,NA,NA,0
998,3,221,NA,NA,NA,0
999,3,221,NA,NA,NA,0
1000,3,221,NA,NA,NA,0
