"ID","SIZE","HH","TYPE","TIME","S_num","I_num"
1,4,1,"0",14,NA,0
2,4,1,NA,NA,NA,0
3,4,1,NA,NA,NA,0
4,4,1,NA,NA,NA,0
5,3,2,NA,NA,NA,0
6,3,2,NA,NA,NA,0
7,3,2,"E",30,NA,0
8,6,3,"E",360,NA,0
9,6,3,NA,NA,NA,0
10,6,3,NA,NA,NA,0
11,6,3,NA,NA,NA,0
12,6,3,NA,NA,NA,0
13,6,3,NA,NA,NA,0
14,4,4,NA,NA,NA,0
15,4,4,NA,NA,NA,0
16,4,4,NA,NA,NA,0
17,4,4,NA,NA,NA,0
18,4,5,"E",216,NA,0
19,4,5,"E",320,NA,0
20,4,5,NA,NA,NA,0
21,4,5,NA,NA,NA,0
22,3,6,NA,NA,NA,0
23,3,6,"E",205,NA,0
24,3,6,NA,NA,NA,0
25,6,7,NA,NA,NA,0
26,6,7,NA,NA,NA,0
27,6,7,NA,NA,NA,0
28,6,7,NA,NA,NA,0
29,6,7,"E",161,NA,0
30,6,7,NA,NA,NA,0
31,4,8,NA,NA,NA,0
32,4,8,NA,NA,NA,0
33,4,8,"E",54,NA,0
34,4,8,NA,NA,NA,0
35,4,9,NA,NA,NA,0
36,4,9,NA,NA,NA,0
37,4,9,NA,NA,NA,0
38,4,9,NA,NA,NA,0
39,3,10,NA,NA,NA,0
40,3,10,NA,NA,NA,0
41,3,10,NA,NA,NA,0
42,3,11,NA,NA,NA,0
43,3,11,NA,NA,NA,0
44,3,11,NA,NA,NA,0
45,3,12,NA,NA,NA,0
46,3,12,NA,NA,NA,0
47,3,12,"E",84,NA,0
48,6,13,"E",331,NA,0
49,6,13,"E",207,NA,0
50,6,13,"E",317,NA,0
51,6,13,NA,NA,NA,0
52,6,13,"E",93,NA,0
53,6,13,NA,NA,NA,0
54,4,14,NA,NA,NA,0
55,4,14,NA,NA,NA,0
56,4,14,"E",107,NA,0
57,4,14,"E",346,NA,0
58,4,15,NA,NA,NA,0
59,4,15,"E",79,NA,0
60,4,15,NA,NA,NA,0
61,4,15,NA,NA,NA,0
62,6,16,NA,NA,NA,0
63,6,16,"E",NA,NA,0
64,6,16,NA,NA,NA,0
65,6,16,NA,NA,NA,0
66,6,16,NA,NA,NA,0
67,6,16,NA,NA,NA,0
68,5,17,NA,NA,NA,0
69,5,17,NA,NA,NA,0
70,5,17,"E",91,NA,0
71,5,17,"E",269,NA,0
72,5,17,NA,NA,NA,0
73,5,18,NA,NA,NA,0
74,5,18,NA,NA,NA,0
75,5,18,"E",349,NA,0
76,5,18,"E",102,NA,0
77,5,18,"E",110,NA,0
78,3,19,"E",349,NA,0
79,3,19,NA,NA,NA,0
80,3,19,NA,NA,NA,0
81,6,20,NA,NA,NA,0
82,6,20,NA,NA,NA,0
83,6,20,NA,NA,NA,0
84,6,20,NA,NA,NA,0
85,6,20,NA,NA,NA,0
86,6,20,NA,NA,NA,0
87,4,21,"E",73,NA,0
88,4,21,"E",122,NA,0
89,4,21,"E",123,NA,0
90,4,21,NA,NA,NA,0
91,4,22,"E",294,NA,0
92,4,22,NA,NA,NA,0
93,4,22,"E",124,NA,0
94,4,22,"E",148,NA,0
95,3,23,NA,NA,NA,0
96,3,23,NA,NA,NA,0
97,3,23,NA,NA,NA,0
98,3,24,NA,NA,NA,0
99,3,24,"E",260,NA,0
100,3,24,NA,NA,NA,0
101,4,25,NA,NA,NA,0
102,4,25,NA,NA,NA,0
103,4,25,"E",199,NA,0
104,4,25,"E",260,NA,0
105,3,26,NA,NA,NA,0
106,3,26,"E",234,NA,0
107,3,26,NA,NA,NA,0
108,3,27,NA,NA,NA,0
109,3,27,"E",339,NA,0
110,3,27,NA,NA,NA,0
111,6,28,"E",305,NA,0
112,6,28,"E",215,NA,0
113,6,28,NA,NA,NA,0
114,6,28,"E",89,NA,0
115,6,28,NA,NA,NA,0
116,6,28,NA,NA,NA,0
117,6,29,NA,NA,NA,0
118,6,29,NA,NA,NA,0
119,6,29,"E",358,NA,0
120,6,29,"E",222,NA,0
121,6,29,"E",212,NA,0
122,6,29,NA,NA,NA,0
123,5,30,NA,NA,NA,0
124,5,30,NA,NA,NA,0
125,5,30,NA,NA,NA,0
126,5,30,NA,NA,NA,0
127,5,30,NA,NA,NA,0
128,4,31,NA,NA,NA,0
129,4,31,"E",150,NA,0
130,4,31,NA,NA,NA,0
131,4,31,"E",135,NA,0
132,5,32,NA,NA,NA,0
133,5,32,NA,NA,NA,0
134,5,32,"E",190,NA,0
135,5,32,NA,NA,NA,0
136,5,32,"E",198,NA,0
137,4,33,NA,NA,NA,0
138,4,33,NA,NA,NA,0
139,4,33,NA,NA,NA,0
140,4,33,"E",117,NA,0
141,6,34,NA,NA,NA,0
142,6,34,NA,NA,NA,0
143,6,34,NA,NA,NA,0
144,6,34,NA,NA,NA,0
145,6,34,NA,NA,NA,0
146,6,34,NA,NA,NA,0
147,6,35,NA,NA,NA,0
148,6,35,NA,NA,NA,0
149,6,35,NA,NA,NA,0
150,6,35,NA,NA,NA,0
151,6,35,NA,NA,NA,0
152,6,35,NA,NA,NA,0
153,5,36,NA,NA,NA,0
154,5,36,NA,NA,NA,0
155,5,36,"E",176,NA,0
156,5,36,NA,NA,NA,0
157,5,36,"E",46,NA,0
158,5,37,"E",NA,NA,0
159,5,37,NA,NA,NA,0
160,5,37,NA,NA,NA,0
161,5,37,"E",110,NA,0
162,5,37,"E",71,NA,0
163,5,38,"E",NA,NA,0
164,5,38,NA,NA,NA,0
165,5,38,NA,NA,NA,0
166,5,38,NA,NA,NA,0
167,5,38,"E",111,NA,0
168,6,39,NA,NA,NA,0
169,6,39,NA,NA,NA,0
170,6,39,NA,NA,NA,0
171,6,39,NA,NA,NA,0
172,6,39,"E",330,NA,0
173,6,39,NA,NA,NA,0
174,5,40,"E",292,NA,0
175,5,40,NA,NA,NA,0
176,5,40,NA,NA,NA,0
177,5,40,NA,NA,NA,0
178,5,40,NA,NA,NA,0
179,6,41,NA,NA,NA,0
180,6,41,NA,NA,NA,0
181,6,41,"E",NA,NA,0
182,6,41,NA,NA,NA,0
183,6,41,NA,NA,NA,0
184,6,41,NA,NA,NA,0
185,5,42,"E",110,NA,0
186,5,42,"E",271,NA,0
187,5,42,"E",335,NA,0
188,5,42,NA,NA,NA,0
189,5,42,"E",113,NA,0
190,4,43,NA,NA,NA,0
191,4,43,NA,NA,NA,0
192,4,43,NA,NA,NA,0
193,4,43,"E",327,NA,0
194,4,44,NA,NA,NA,0
195,4,44,"E",186,NA,0
196,4,44,"E",287,NA,0
197,4,44,NA,NA,NA,0
198,4,45,NA,NA,NA,0
199,4,45,NA,NA,NA,0
200,4,45,NA,NA,NA,0
201,4,45,NA,NA,NA,0
202,5,46,NA,NA,NA,0
203,5,46,NA,NA,NA,0
204,5,46,"E",162,NA,0
205,5,46,"E",101,NA,0
206,5,46,"E",352,NA,0
207,5,47,"E",NA,NA,0
208,5,47,NA,NA,NA,0
209,5,47,NA,NA,NA,0
210,5,47,NA,NA,NA,0
211,5,47,NA,NA,NA,0
212,4,48,"E",186,NA,0
213,4,48,NA,NA,NA,0
214,4,48,NA,NA,NA,0
215,4,48,NA,NA,NA,0
216,3,49,NA,NA,NA,0
217,3,49,"E",123,NA,0
218,3,49,NA,NA,NA,0
219,6,50,NA,NA,NA,0
220,6,50,NA,NA,NA,0
221,6,50,NA,NA,NA,0
222,6,50,NA,NA,NA,0
223,6,50,NA,NA,NA,0
224,6,50,NA,NA,NA,0
225,6,51,NA,NA,NA,0
226,6,51,NA,NA,NA,0
227,6,51,"E",292,NA,0
228,6,51,NA,NA,NA,0
229,6,51,"E",260,NA,0
230,6,51,"E",261,NA,0
231,4,52,NA,NA,NA,0
232,4,52,NA,NA,NA,0
233,4,52,"E",37,NA,0
234,4,52,NA,NA,NA,0
235,5,53,NA,NA,NA,0
236,5,53,NA,NA,NA,0
237,5,53,NA,NA,NA,0
238,5,53,"E",122,NA,0
239,5,53,NA,NA,NA,0
240,5,54,"E",177,NA,0
241,5,54,NA,NA,NA,0
242,5,54,NA,NA,NA,0
243,5,54,NA,NA,NA,0
244,5,54,NA,NA,NA,0
245,4,55,NA,NA,NA,0
246,4,55,NA,NA,NA,0
247,4,55,NA,NA,NA,0
248,4,55,"E",252,NA,0
249,3,56,"E",260,NA,0
250,3,56,NA,NA,NA,0
251,3,56,NA,NA,NA,0
252,3,57,"E",97,NA,0
253,3,57,"E",123,NA,0
254,3,57,NA,NA,NA,0
255,3,58,NA,NA,NA,0
256,3,58,NA,NA,NA,0
257,3,58,NA,NA,NA,0
258,3,59,NA,NA,NA,0
259,3,59,NA,NA,NA,0
260,3,59,NA,NA,NA,0
261,6,60,NA,NA,NA,0
262,6,60,NA,NA,NA,0
263,6,60,"E",155,NA,0
264,6,60,NA,NA,NA,0
265,6,60,"E",358,NA,0
266,6,60,NA,NA,NA,0
267,6,61,NA,NA,NA,0
268,6,61,NA,NA,NA,0
269,6,61,NA,NA,NA,0
270,6,61,NA,NA,NA,0
271,6,61,NA,NA,NA,0
272,6,61,NA,NA,NA,0
273,5,62,NA,NA,NA,0
274,5,62,"E",330,NA,0
275,5,62,NA,NA,NA,0
276,5,62,NA,NA,NA,0
277,5,62,NA,NA,NA,0
278,6,63,"E",186,NA,0
279,6,63,NA,NA,NA,0
280,6,63,NA,NA,NA,0
281,6,63,NA,NA,NA,0
282,6,63,NA,NA,NA,0
283,6,63,"E",144,NA,0
284,6,64,"E",89,NA,0
285,6,64,NA,NA,NA,0
286,6,64,NA,NA,NA,0
287,6,64,NA,NA,NA,0
288,6,64,NA,NA,NA,0
289,6,64,NA,NA,NA,0
290,6,65,"E",298,NA,0
291,6,65,NA,NA,NA,0
292,6,65,NA,NA,NA,0
293,6,65,NA,NA,NA,0
294,6,65,"E",286,NA,0
295,6,65,"E",205,NA,0
296,3,66,NA,NA,NA,0
297,3,66,NA,NA,NA,0
298,3,66,NA,NA,NA,0
299,3,67,NA,NA,NA,0
300,3,67,NA,NA,NA,0
301,3,67,NA,NA,NA,0
302,3,68,NA,NA,NA,0
303,3,68,NA,NA,NA,0
304,3,68,"E",280,NA,0
305,6,69,NA,NA,NA,0
306,6,69,NA,NA,NA,0
307,6,69,"E",45,NA,0
308,6,69,NA,NA,NA,0
309,6,69,NA,NA,NA,0
310,6,69,NA,NA,NA,0
311,6,70,NA,NA,NA,0
312,6,70,NA,NA,NA,0
313,6,70,NA,NA,NA,0
314,6,70,NA,NA,NA,0
315,6,70,NA,NA,NA,0
316,6,70,NA,NA,NA,0
317,3,71,"E",137,NA,0
318,3,71,NA,NA,NA,0
319,3,71,NA,NA,NA,0
320,4,72,"E",104,NA,0
321,4,72,"E",135,NA,0
322,4,72,NA,NA,NA,0
323,4,72,NA,NA,NA,0
324,6,73,NA,NA,NA,0
325,6,73,NA,NA,NA,0
326,6,73,NA,NA,NA,0
327,6,73,NA,NA,NA,0
328,6,73,NA,NA,NA,0
329,6,73,"E",NA,NA,0
330,6,74,NA,NA,NA,0
331,6,74,"E",226,NA,0
332,6,74,"E",324,NA,0
333,6,74,NA,NA,NA,0
334,6,74,"E",NA,NA,0
335,6,74,"E",189,NA,0
336,5,75,NA,NA,NA,0
337,5,75,NA,NA,NA,0
338,5,75,NA,NA,NA,0
339,5,75,"E",103,NA,0
340,5,75,NA,NA,NA,0
341,3,76,NA,NA,NA,0
342,3,76,"E",312,NA,0
343,3,76,NA,NA,NA,0
344,4,77,"E",96,NA,0
345,4,77,"E",87,NA,0
346,4,77,NA,NA,NA,0
347,4,77,NA,NA,NA,0
348,5,78,NA,NA,NA,0
349,5,78,"E",46,NA,0
350,5,78,NA,NA,NA,0
351,5,78,NA,NA,NA,0
352,5,78,NA,NA,NA,0
353,4,79,NA,NA,NA,0
354,4,79,"E",NA,NA,0
355,4,79,"E",64,NA,0
356,4,79,NA,NA,NA,0
357,4,80,"E",47,NA,0
358,4,80,NA,NA,NA,0
359,4,80,NA,NA,NA,0
360,4,80,NA,NA,NA,0
361,6,81,NA,NA,NA,0
362,6,81,NA,NA,NA,0
363,6,81,NA,NA,NA,0
364,6,81,NA,NA,NA,0
365,6,81,NA,NA,NA,0
366,6,81,NA,NA,NA,0
367,3,82,NA,NA,NA,0
368,3,82,"E",256,NA,0
369,3,82,NA,NA,NA,0
370,4,83,NA,NA,NA,0
371,4,83,"E",138,NA,0
372,4,83,NA,NA,NA,0
373,4,83,NA,NA,NA,0
374,3,84,NA,NA,NA,0
375,3,84,NA,NA,NA,0
376,3,84,NA,NA,NA,0
377,6,85,NA,NA,NA,0
378,6,85,"E",145,NA,0
379,6,85,"E",249,NA,0
380,6,85,NA,NA,NA,0
381,6,85,NA,NA,NA,0
382,6,85,NA,NA,NA,0
383,4,86,"E",189,NA,0
384,4,86,NA,NA,NA,0
385,4,86,"E",247,NA,0
386,4,86,NA,NA,NA,0
387,3,87,"E",342,NA,0
388,3,87,"E",203,NA,0
389,3,87,NA,NA,NA,0
390,6,88,NA,NA,NA,0
391,6,88,NA,NA,NA,0
392,6,88,"E",221,NA,0
393,6,88,"E",40,NA,0
394,6,88,NA,NA,NA,0
395,6,88,NA,NA,NA,0
396,3,89,"E",137,NA,0
397,3,89,NA,NA,NA,0
398,3,89,NA,NA,NA,0
399,6,90,NA,NA,NA,0
400,6,90,NA,NA,NA,0
401,6,90,NA,NA,NA,0
402,6,90,NA,NA,NA,0
403,6,90,"E",248,NA,0
404,6,90,NA,NA,NA,0
405,5,91,"E",190,NA,0
406,5,91,NA,NA,NA,0
407,5,91,NA,NA,NA,0
408,5,91,NA,NA,NA,0
409,5,91,NA,NA,NA,0
410,6,92,NA,NA,NA,0
411,6,92,NA,NA,NA,0
412,6,92,NA,NA,NA,0
413,6,92,"E",151,NA,0
414,6,92,NA,NA,NA,0
415,6,92,"E",289,NA,0
416,6,93,"E",191,NA,0
417,6,93,NA,NA,NA,0
418,6,93,"E",92,NA,0
419,6,93,NA,NA,NA,0
420,6,93,NA,NA,NA,0
421,6,93,NA,NA,NA,0
422,4,94,NA,NA,NA,0
423,4,94,NA,NA,NA,0
424,4,94,NA,NA,NA,0
425,4,94,"E",NA,NA,0
426,5,95,NA,NA,NA,0
427,5,95,NA,NA,NA,0
428,5,95,NA,NA,NA,0
429,5,95,NA,NA,NA,0
430,5,95,NA,NA,NA,0
431,3,96,NA,NA,NA,0
432,3,96,"E",229,NA,0
433,3,96,NA,NA,NA,0
434,3,97,"E",242,NA,0
435,3,97,NA,NA,NA,0
436,3,97,NA,NA,NA,0
437,3,98,NA,NA,NA,0
438,3,98,NA,NA,NA,0
439,3,98,NA,NA,NA,0
440,4,99,NA,NA,NA,0
441,4,99,NA,NA,NA,0
442,4,99,NA,NA,NA,0
443,4,99,NA,NA,NA,0
444,5,100,NA,NA,NA,0
445,5,100,NA,NA,NA,0
446,5,100,NA,NA,NA,0
447,5,100,NA,NA,NA,0
448,5,100,NA,NA,NA,0
449,5,101,"E",319,NA,0
450,5,101,"E",39,NA,0
451,5,101,NA,NA,NA,0
452,5,101,NA,NA,NA,0
453,5,101,NA,NA,NA,0
454,6,102,NA,NA,NA,0
455,6,102,NA,NA,NA,0
456,6,102,NA,NA,NA,0
457,6,102,NA,NA,NA,0
458,6,102,NA,NA,NA,0
459,6,102,NA,NA,NA,0
460,6,103,"E",18,NA,0
461,6,103,NA,NA,NA,0
462,6,103,NA,NA,NA,0
463,6,103,"E",243,NA,0
464,6,103,NA,NA,NA,0
465,6,103,NA,NA,NA,0
466,3,104,NA,NA,NA,0
467,3,104,NA,NA,NA,0
468,3,104,NA,NA,NA,0
469,5,105,NA,NA,NA,0
470,5,105,"E",266,NA,0
471,5,105,NA,NA,NA,0
472,5,105,"E",153,NA,0
473,5,105,NA,NA,NA,0
474,6,106,NA,NA,NA,0
475,6,106,NA,NA,NA,0
476,6,106,NA,NA,NA,0
477,6,106,NA,NA,NA,0
478,6,106,NA,NA,NA,0
479,6,106,NA,NA,NA,0
480,5,107,NA,NA,NA,0
481,5,107,"E",148,NA,0
482,5,107,NA,NA,NA,0
483,5,107,"E",37,NA,0
484,5,107,NA,NA,NA,0
485,4,108,"E",192,NA,0
486,4,108,NA,NA,NA,0
487,4,108,"E",NA,NA,0
488,4,108,NA,NA,NA,0
489,6,109,NA,NA,NA,0
490,6,109,NA,NA,NA,0
491,6,109,NA,NA,NA,0
492,6,109,NA,NA,NA,0
493,6,109,"E",330,NA,0
494,6,109,NA,NA,NA,0
495,6,110,"E",NA,NA,0
496,6,110,NA,NA,NA,0
497,6,110,"E",NA,NA,0
498,6,110,NA,NA,NA,0
499,6,110,NA,NA,NA,0
500,6,110,"E",360,NA,0
501,6,111,NA,NA,NA,0
502,6,111,NA,NA,NA,0
503,6,111,NA,NA,NA,0
504,6,111,"E",194,NA,0
505,6,111,NA,NA,NA,0
506,6,111,"E",NA,NA,0
507,4,112,NA,NA,NA,0
508,4,112,NA,NA,NA,0
509,4,112,"E",281,NA,0
510,4,112,NA,NA,NA,0
511,3,113,NA,NA,NA,0
512,3,113,NA,NA,NA,0
513,3,113,NA,NA,NA,0
514,5,114,"E",262,NA,0
515,5,114,NA,NA,NA,0
516,5,114,NA,NA,NA,0
517,5,114,NA,NA,NA,0
518,5,114,"E",328,NA,0
519,4,115,NA,NA,NA,0
520,4,115,NA,NA,NA,0
521,4,115,"E",51,NA,0
522,4,115,NA,NA,NA,0
523,3,116,NA,NA,NA,0
524,3,116,NA,NA,NA,0
525,3,116,"E",196,NA,0
526,5,117,NA,NA,NA,0
527,5,117,"E",152,NA,0
528,5,117,"E",338,NA,0
529,5,117,NA,NA,NA,0
530,5,117,NA,NA,NA,0
531,6,118,NA,NA,NA,0
532,6,118,NA,NA,NA,0
533,6,118,"E",300,NA,0
534,6,118,NA,NA,NA,0
535,6,118,NA,NA,NA,0
536,6,118,"E",316,NA,0
537,3,119,"E",119,NA,0
538,3,119,NA,NA,NA,0
539,3,119,"E",NA,NA,0
540,5,120,NA,NA,NA,0
541,5,120,NA,NA,NA,0
542,5,120,NA,NA,NA,0
543,5,120,"E",335,NA,0
544,5,120,NA,NA,NA,0
545,4,121,NA,NA,NA,0
546,4,121,NA,NA,NA,0
547,4,121,"E",NA,NA,0
548,4,121,NA,NA,NA,0
549,5,122,NA,NA,NA,0
550,5,122,"E",50,NA,0
551,5,122,NA,NA,NA,0
552,5,122,NA,NA,NA,0
553,5,122,NA,NA,NA,0
554,6,123,NA,NA,NA,0
555,6,123,"E",260,NA,0
556,6,123,NA,NA,NA,0
557,6,123,NA,NA,NA,0
558,6,123,NA,NA,NA,0
559,6,123,"E",342,NA,0
560,6,124,"E",365,NA,0
561,6,124,NA,NA,NA,0
562,6,124,NA,NA,NA,0
563,6,124,NA,NA,NA,0
564,6,124,"E",257,NA,0
565,6,124,NA,NA,NA,0
566,4,125,NA,NA,NA,0
567,4,125,NA,NA,NA,0
568,4,125,"E",231,NA,0
569,4,125,NA,NA,NA,0
570,5,126,NA,NA,NA,0
571,5,126,"E",NA,NA,0
572,5,126,NA,NA,NA,0
573,5,126,NA,NA,NA,0
574,5,126,NA,NA,NA,0
575,5,127,"E",84,NA,0
576,5,127,NA,NA,NA,0
577,5,127,"E",84,NA,0
578,5,127,"E",316,NA,0
579,5,127,NA,NA,NA,0
580,4,128,NA,NA,NA,0
581,4,128,"E",87,NA,0
582,4,128,NA,NA,NA,0
583,4,128,"E",NA,NA,0
584,3,129,NA,NA,NA,0
585,3,129,"E",278,NA,0
586,3,129,NA,NA,NA,0
587,5,130,NA,NA,NA,0
588,5,130,NA,NA,NA,0
589,5,130,NA,NA,NA,0
590,5,130,NA,NA,NA,0
591,5,130,NA,NA,NA,0
592,6,131,NA,NA,NA,0
593,6,131,NA,NA,NA,0
594,6,131,NA,NA,NA,0
595,6,131,NA,NA,NA,0
596,6,131,NA,NA,NA,0
597,6,131,NA,NA,NA,0
598,4,132,NA,NA,NA,0
599,4,132,NA,NA,NA,0
600,4,132,NA,NA,NA,0
601,4,132,"E",83,NA,0
602,6,133,NA,NA,NA,0
603,6,133,NA,NA,NA,0
604,6,133,NA,NA,NA,0
605,6,133,"E",288,NA,0
606,6,133,NA,NA,NA,0
607,6,133,"E",NA,NA,0
608,6,134,NA,NA,NA,0
609,6,134,"E",274,NA,0
610,6,134,NA,NA,NA,0
611,6,134,NA,NA,NA,0
612,6,134,NA,NA,NA,0
613,6,134,NA,NA,NA,0
614,6,135,NA,NA,NA,0
615,6,135,"E",173,NA,0
616,6,135,NA,NA,NA,0
617,6,135,NA,NA,NA,0
618,6,135,NA,NA,NA,0
619,6,135,"E",350,NA,0
620,6,136,NA,NA,NA,0
621,6,136,"E",292,NA,0
622,6,136,"E",NA,NA,0
623,6,136,"E",293,NA,0
624,6,136,NA,NA,NA,0
625,6,136,NA,NA,NA,0
626,4,137,"E",109,NA,0
627,4,137,NA,NA,NA,0
628,4,137,NA,NA,NA,0
629,4,137,NA,NA,NA,0
630,4,138,NA,NA,NA,0
631,4,138,NA,NA,NA,0
632,4,138,"E",308,NA,0
633,4,138,NA,NA,NA,0
634,6,139,"E",150,NA,0
635,6,139,"E",212,NA,0
636,6,139,"E",299,NA,0
637,6,139,NA,NA,NA,0
638,6,139,"E",340,NA,0
639,6,139,"E",237,NA,0
640,6,140,NA,NA,NA,0
641,6,140,NA,NA,NA,0
642,6,140,NA,NA,NA,0
643,6,140,"E",NA,NA,0
644,6,140,NA,NA,NA,0
645,6,140,"E",66,NA,0
646,5,141,NA,NA,NA,0
647,5,141,NA,NA,NA,0
648,5,141,"E",NA,NA,0
649,5,141,NA,NA,NA,0
650,5,141,NA,NA,NA,0
651,6,142,"E",166,NA,0
652,6,142,"E",124,NA,0
653,6,142,NA,NA,NA,0
654,6,142,NA,NA,NA,0
655,6,142,NA,NA,NA,0
656,6,142,NA,NA,NA,0
657,5,143,NA,NA,NA,0
658,5,143,"E",282,NA,0
659,5,143,NA,NA,NA,0
660,5,143,NA,NA,NA,0
661,5,143,NA,NA,NA,0
662,5,144,NA,NA,NA,0
663,5,144,"E",67,NA,0
664,5,144,"E",169,NA,0
665,5,144,"E",365,NA,0
666,5,144,NA,NA,NA,0
667,4,145,"E",163,NA,0
668,4,145,NA,NA,NA,0
669,4,145,"E",180,NA,0
670,4,145,NA,NA,NA,0
671,4,146,"E",342,NA,0
672,4,146,"E",76,NA,0
673,4,146,"E",288,NA,0
674,4,146,"E",316,NA,0
675,3,147,NA,NA,NA,0
676,3,147,NA,NA,NA,0
677,3,147,"E",88,NA,0
678,6,148,NA,NA,NA,0
679,6,148,"E",282,NA,0
680,6,148,NA,NA,NA,0
681,6,148,NA,NA,NA,0
682,6,148,NA,NA,NA,0
683,6,148,NA,NA,NA,0
684,5,149,NA,NA,NA,0
685,5,149,"E",28,NA,0
686,5,149,"E",242,NA,0
687,5,149,NA,NA,NA,0
688,5,149,NA,NA,NA,0
689,4,150,NA,NA,NA,0
690,4,150,NA,NA,NA,0
691,4,150,NA,NA,NA,0
692,4,150,"E",159,NA,0
693,6,151,"E",86,NA,0
694,6,151,NA,NA,NA,0
695,6,151,"E",226,NA,0
696,6,151,"E",159,NA,0
697,6,151,NA,NA,NA,0
698,6,151,NA,NA,NA,0
699,5,152,"E",120,NA,0
700,5,152,NA,NA,NA,0
701,5,152,NA,NA,NA,0
702,5,152,"E",81,NA,0
703,5,152,NA,NA,NA,0
704,4,153,NA,NA,NA,0
705,4,153,NA,NA,NA,0
706,4,153,NA,NA,NA,0
707,4,153,NA,NA,NA,0
708,3,154,NA,NA,NA,0
709,3,154,NA,NA,NA,0
710,3,154,NA,NA,NA,0
711,3,155,NA,NA,NA,0
712,3,155,NA,NA,NA,0
713,3,155,"E",275,NA,0
714,3,156,"E",195,NA,0
715,3,156,"E",307,NA,0
716,3,156,"E",167,NA,0
717,6,157,"E",NA,NA,0
718,6,157,NA,NA,NA,0
719,6,157,"E",334,NA,0
720,6,157,"E",103,NA,0
721,6,157,"E",266,NA,0
722,6,157,"E",201,NA,0
723,3,158,NA,NA,NA,0
724,3,158,"E",364,NA,0
725,3,158,NA,NA,NA,0
726,4,159,"E",27,NA,0
727,4,159,NA,NA,NA,0
728,4,159,NA,NA,NA,0
729,4,159,"E",250,NA,0
730,5,160,NA,NA,NA,0
731,5,160,"E",NA,NA,0
732,5,160,NA,NA,NA,0
733,5,160,NA,NA,NA,0
734,5,160,NA,NA,NA,0
735,4,161,NA,NA,NA,0
736,4,161,NA,NA,NA,0
737,4,161,NA,NA,NA,0
738,4,161,NA,NA,NA,0
739,6,162,NA,NA,NA,0
740,6,162,NA,NA,NA,0
741,6,162,NA,NA,NA,0
742,6,162,NA,NA,NA,0
743,6,162,NA,NA,NA,0
744,6,162,NA,NA,NA,0
745,5,163,"E",163,NA,0
746,5,163,NA,NA,NA,0
747,5,163,NA,NA,NA,0
748,5,163,NA,NA,NA,0
749,5,163,NA,NA,NA,0
750,4,164,"E",130,NA,0
751,4,164,NA,NA,NA,0
752,4,164,"E",42,NA,0
753,4,164,"E",77,NA,0
754,3,165,NA,NA,NA,0
755,3,165,"E",286,NA,0
756,3,165,"E",29,NA,0
757,4,166,NA,NA,NA,0
758,4,166,NA,NA,NA,0
759,4,166,NA,NA,NA,0
760,4,166,"E",49,NA,0
761,3,167,NA,NA,NA,0
762,3,167,NA,NA,NA,0
763,3,167,"E",198,NA,0
764,5,168,"E",NA,NA,0
765,5,168,NA,NA,NA,0
766,5,168,NA,NA,NA,0
767,5,168,NA,NA,NA,0
768,5,168,"E",191,NA,0
769,3,169,NA,NA,NA,0
770,3,169,NA,NA,NA,0
771,3,169,NA,NA,NA,0
772,6,170,NA,NA,NA,0
773,6,170,NA,NA,NA,0
774,6,170,NA,NA,NA,0
775,6,170,"E",172,NA,0
776,6,170,"E",109,NA,0
777,6,170,NA,NA,NA,0
778,5,171,NA,NA,NA,0
779,5,171,"E",195,NA,0
780,5,171,"E",157,NA,0
781,5,171,"E",310,NA,0
782,5,171,"E",NA,NA,0
783,3,172,"E",107,NA,0
784,3,172,"E",269,NA,0
785,3,172,"E",63,NA,0
786,3,173,NA,NA,NA,0
787,3,173,"E",139,NA,0
788,3,173,"E",146,NA,0
789,3,174,NA,NA,NA,0
790,3,174,"E",221,NA,0
791,3,174,"E",NA,NA,0
792,5,175,"E",NA,NA,0
793,5,175,NA,NA,NA,0
794,5,175,NA,NA,NA,0
795,5,175,NA,NA,NA,0
796,5,175,NA,NA,NA,0
797,3,176,"E",307,NA,0
798,3,176,NA,NA,NA,0
799,3,176,"E",175,NA,0
800,6,177,NA,NA,NA,0
801,6,177,NA,NA,NA,0
802,6,177,NA,NA,NA,0
803,6,177,NA,NA,NA,0
804,6,177,NA,NA,NA,0
805,6,177,NA,NA,NA,0
806,3,178,NA,NA,NA,0
807,3,178,NA,NA,NA,0
808,3,178,"E",310,NA,0
809,4,179,"E",NA,NA,0
810,4,179,NA,NA,NA,0
811,4,179,NA,NA,NA,0
812,4,179,NA,NA,NA,0
813,3,180,"E",170,NA,0
814,3,180,NA,NA,NA,0
815,3,180,NA,NA,NA,0
816,6,181,"E",208,NA,0
817,6,181,NA,NA,NA,0
818,6,181,NA,NA,NA,0
819,6,181,"E",NA,NA,0
820,6,181,"E",NA,NA,0
821,6,181,NA,NA,NA,0
822,4,182,"E",122,NA,0
823,4,182,NA,NA,NA,0
824,4,182,"E",175,NA,0
825,4,182,"E",134,NA,0
826,6,183,NA,NA,NA,0
827,6,183,"E",340,NA,0
828,6,183,NA,NA,NA,0
829,6,183,NA,NA,NA,0
830,6,183,NA,NA,NA,0
831,6,183,NA,NA,NA,0
832,5,184,NA,NA,NA,0
833,5,184,NA,NA,NA,0
834,5,184,NA,NA,NA,0
835,5,184,"E",316,NA,0
836,5,184,NA,NA,NA,0
837,3,185,"E",349,NA,0
838,3,185,NA,NA,NA,0
839,3,185,"E",272,NA,0
840,6,186,NA,NA,NA,0
841,6,186,"E",NA,NA,0
842,6,186,NA,NA,NA,0
843,6,186,NA,NA,NA,0
844,6,186,NA,NA,NA,0
845,6,186,"E",292,NA,0
846,4,187,"E",224,NA,0
847,4,187,NA,NA,NA,0
848,4,187,"E",136,NA,0
849,4,187,NA,NA,NA,0
850,5,188,NA,NA,NA,0
851,5,188,NA,NA,NA,0
852,5,188,NA,NA,NA,0
853,5,188,NA,NA,NA,0
854,5,188,NA,NA,NA,0
855,4,189,"E",152,NA,0
856,4,189,NA,NA,NA,0
857,4,189,"E",356,NA,0
858,4,189,NA,NA,NA,0
859,6,190,"E",31,NA,0
860,6,190,NA,NA,NA,0
861,6,190,NA,NA,NA,0
862,6,190,"E",307,NA,0
863,6,190,"E",290,NA,0
864,6,190,"E",329,NA,0
865,6,191,NA,NA,NA,0
866,6,191,"E",111,NA,0
867,6,191,NA,NA,NA,0
868,6,191,NA,NA,NA,0
869,6,191,NA,NA,NA,0
870,6,191,"E",303,NA,0
871,4,192,NA,NA,NA,0
872,4,192,NA,NA,NA,0
873,4,192,"E",NA,NA,0
874,4,192,NA,NA,NA,0
875,6,193,NA,NA,NA,0
876,6,193,NA,NA,NA,0
877,6,193,"E",330,NA,0
878,6,193,NA,NA,NA,0
879,6,193,NA,NA,NA,0
880,6,193,NA,NA,NA,0
881,5,194,NA,NA,NA,0
882,5,194,NA,NA,NA,0
883,5,194,"E",178,NA,0
884,5,194,NA,NA,NA,0
885,5,194,NA,NA,NA,0
886,4,195,"E",214,NA,0
887,4,195,NA,NA,NA,0
888,4,195,NA,NA,NA,0
889,4,195,NA,NA,NA,0
890,6,196,"E",346,NA,0
891,6,196,NA,NA,NA,0
892,6,196,"E",222,NA,0
893,6,196,"E",301,NA,0
894,6,196,"E",NA,NA,0
895,6,196,NA,NA,NA,0
896,5,197,NA,NA,NA,0
897,5,197,NA,NA,NA,0
898,5,197,NA,NA,NA,0
899,5,197,NA,NA,NA,0
900,5,197,NA,NA,NA,0
901,3,198,"E",48,NA,0
902,3,198,"E",37,NA,0
903,3,198,NA,NA,NA,0
904,6,199,NA,NA,NA,0
905,6,199,NA,NA,NA,0
906,6,199,NA,NA,NA,0
907,6,199,NA,NA,NA,0
908,6,199,NA,NA,NA,0
909,6,199,"E",279,NA,0
910,6,200,"E",84,NA,0
911,6,200,NA,NA,NA,0
912,6,200,NA,NA,NA,0
913,6,200,"E",310,NA,0
914,6,200,"E",227,NA,0
915,6,200,NA,NA,NA,0
916,3,201,NA,NA,NA,0
917,3,201,NA,NA,NA,0
918,3,201,NA,NA,NA,0
919,4,202,NA,NA,NA,0
920,4,202,"E",27,NA,0
921,4,202,"E",216,NA,0
922,4,202,"E",351,NA,0
923,5,203,"E",180,NA,0
924,5,203,"E",135,NA,0
925,5,203,NA,NA,NA,0
926,5,203,NA,NA,NA,0
927,5,203,"E",342,NA,0
928,6,204,NA,NA,NA,0
929,6,204,NA,NA,NA,0
930,6,204,NA,NA,NA,0
931,6,204,"E",85,NA,0
932,6,204,NA,NA,NA,0
933,6,204,NA,NA,NA,0
934,3,205,NA,NA,NA,0
935,3,205,NA,NA,NA,0
936,3,205,NA,NA,NA,0
937,6,206,NA,NA,NA,0
938,6,206,NA,NA,NA,0
939,6,206,"E",181,NA,0
940,6,206,NA,NA,NA,0
941,6,206,NA,NA,NA,0
942,6,206,NA,NA,NA,0
943,5,207,"E",311,NA,0
944,5,207,"E",298,NA,0
945,5,207,"E",346,NA,0
946,5,207,NA,NA,NA,0
947,5,207,NA,NA,NA,0
948,5,208,NA,NA,NA,0
949,5,208,NA,NA,NA,0
950,5,208,NA,NA,NA,0
951,5,208,NA,NA,NA,0
952,5,208,NA,NA,NA,0
953,5,209,NA,NA,NA,0
954,5,209,NA,NA,NA,0
955,5,209,"E",36,NA,0
956,5,209,"E",267,NA,0
957,5,209,NA,NA,NA,0
958,6,210,"E",345,NA,0
959,6,210,NA,NA,NA,0
960,6,210,NA,NA,NA,0
961,6,210,NA,NA,NA,0
962,6,210,"E",236,NA,0
963,6,210,NA,NA,NA,0
964,4,211,NA,NA,NA,0
965,4,211,"E",NA,NA,0
966,4,211,NA,NA,NA,0
967,4,211,NA,NA,NA,0
968,4,212,"E",240,NA,0
969,4,212,NA,NA,NA,0
970,4,212,"E",337,NA,0
971,4,212,NA,NA,NA,0
972,6,213,NA,NA,NA,0
973,6,213,NA,NA,NA,0
974,6,213,"E",335,NA,0
975,6,213,"E",89,NA,0
976,6,213,NA,NA,NA,0
977,6,213,"E",164,NA,0
978,5,214,NA,NA,NA,0
979,5,214,"E",93,NA,0
980,5,214,"E",238,NA,0
981,5,214,NA,NA,NA,0
982,5,214,NA,NA,NA,0
983,4,215,NA,NA,NA,0
984,4,215,"E",362,NA,0
985,4,215,"E",361,NA,0
986,4,215,NA,NA,NA,0
987,6,216,NA,NA,NA,0
988,6,216,NA,NA,NA,0
989,6,216,"E",179,NA,0
990,6,216,"E",295,NA,0
991,6,216,NA,NA,NA,0
992,6,216,NA,NA,NA,0
993,5,217,NA,NA,NA,0
994,5,217,NA,NA,NA,0
995,5,217,NA,NA,NA,0
996,5,217,"E",157,NA,0
997,5,217,NA,NA,NA,0
998,3,218,"E",161,NA,0
999,3,218,NA,NA,NA,0
1000,3,218,NA,NA,NA,0
