"ID","SIZE","HH","TYPE","TIME","S_num","I_num"
1,3,1,"0",28,NA,0
2,3,1,NA,NA,NA,0
3,3,1,"E",NA,NA,0
4,4,2,NA,NA,NA,0
5,4,2,NA,NA,NA,0
6,4,2,NA,NA,NA,0
7,4,2,"E",194,NA,0
8,6,3,NA,NA,NA,0
9,6,3,NA,NA,NA,0
10,6,3,NA,NA,NA,0
11,6,3,NA,NA,NA,0
12,6,3,NA,NA,NA,0
13,6,3,NA,NA,NA,0
14,6,4,NA,NA,NA,0
15,6,4,NA,NA,NA,0
16,6,4,NA,NA,NA,0
17,6,4,NA,NA,NA,0
18,6,4,NA,NA,NA,0
19,6,4,NA,NA,NA,0
20,4,5,"E",211,NA,0
21,4,5,NA,NA,NA,0
22,4,5,NA,NA,NA,0
23,4,5,NA,NA,NA,0
24,5,6,NA,NA,NA,0
25,5,6,NA,NA,NA,0
26,5,6,NA,NA,NA,0
27,5,6,NA,NA,NA,0
28,5,6,NA,NA,NA,0
29,4,7,NA,NA,NA,0
30,4,7,NA,NA,NA,0
31,4,7,NA,NA,NA,0
32,4,7,NA,NA,NA,0
33,6,8,NA,NA,NA,0
34,6,8,NA,NA,NA,0
35,6,8,NA,NA,NA,0
36,6,8,NA,NA,NA,0
37,6,8,NA,NA,NA,0
38,6,8,NA,NA,NA,0
39,3,9,NA,NA,NA,0
40,3,9,NA,NA,NA,0
41,3,9,NA,NA,NA,0
42,5,10,NA,NA,NA,0
43,5,10,NA,NA,NA,0
44,5,10,NA,NA,NA,0
45,5,10,NA,NA,NA,0
46,5,10,NA,NA,NA,0
47,5,11,NA,NA,NA,0
48,5,11,NA,NA,NA,0
49,5,11,NA,NA,NA,0
50,5,11,NA,NA,NA,0
51,5,11,NA,NA,NA,0
52,4,12,NA,NA,NA,0
53,4,12,NA,NA,NA,0
54,4,12,NA,NA,NA,0
55,4,12,NA,NA,NA,0
56,5,13,NA,NA,NA,0
57,5,13,NA,NA,NA,0
58,5,13,NA,NA,NA,0
59,5,13,NA,NA,NA,0
60,5,13,NA,NA,NA,0
61,6,14,NA,NA,NA,0
62,6,14,NA,NA,NA,0
63,6,14,NA,NA,NA,0
64,6,14,NA,NA,NA,0
65,6,14,NA,NA,NA,0
66,6,14,NA,NA,NA,0
67,4,15,NA,NA,NA,0
68,4,15,NA,NA,NA,0
69,4,15,NA,NA,NA,0
70,4,15,NA,NA,NA,0
71,5,16,NA,NA,NA,0
72,5,16,NA,NA,NA,0
73,5,16,NA,NA,NA,0
74,5,16,NA,NA,NA,0
75,5,16,"E",234,NA,0
76,6,17,NA,NA,NA,0
77,6,17,NA,NA,NA,0
78,6,17,NA,NA,NA,0
79,6,17,NA,NA,NA,0
80,6,17,NA,NA,NA,0
81,6,17,NA,NA,NA,0
82,5,18,NA,NA,NA,0
83,5,18,NA,NA,NA,0
84,5,18,NA,NA,NA,0
85,5,18,NA,NA,NA,0
86,5,18,NA,NA,NA,0
87,6,19,NA,NA,NA,0
88,6,19,NA,NA,NA,0
89,6,19,"E",135,NA,0
90,6,19,NA,NA,NA,0
91,6,19,NA,NA,NA,0
92,6,19,NA,NA,NA,0
93,4,20,NA,NA,NA,0
94,4,20,NA,NA,NA,0
95,4,20,NA,NA,NA,0
96,4,20,NA,NA,NA,0
97,4,21,NA,NA,NA,0
98,4,21,NA,NA,NA,0
99,4,21,NA,NA,NA,0
100,4,21,NA,NA,NA,0
101,3,22,NA,NA,NA,0
102,3,22,NA,NA,NA,0
103,3,22,NA,NA,NA,0
104,5,23,NA,NA,NA,0
105,5,23,NA,NA,NA,0
106,5,23,NA,NA,NA,0
107,5,23,NA,NA,NA,0
108,5,23,NA,NA,NA,0
109,4,24,NA,NA,NA,0
110,4,24,NA,NA,NA,0
111,4,24,NA,NA,NA,0
112,4,24,NA,NA,NA,0
113,6,25,NA,NA,NA,0
114,6,25,NA,NA,NA,0
115,6,25,NA,NA,NA,0
116,6,25,NA,NA,NA,0
117,6,25,NA,NA,NA,0
118,6,25,NA,NA,NA,0
119,5,26,NA,NA,NA,0
120,5,26,NA,NA,NA,0
121,5,26,NA,NA,NA,0
122,5,26,NA,NA,NA,0
123,5,26,NA,NA,NA,0
124,3,27,NA,NA,NA,0
125,3,27,NA,NA,NA,0
126,3,27,NA,NA,NA,0
127,5,28,NA,NA,NA,0
128,5,28,NA,NA,NA,0
129,5,28,NA,NA,NA,0
130,5,28,NA,NA,NA,0
131,5,28,NA,NA,NA,0
132,6,29,NA,NA,NA,0
133,6,29,NA,NA,NA,0
134,6,29,NA,NA,NA,0
135,6,29,NA,NA,NA,0
136,6,29,NA,NA,NA,0
137,6,29,NA,NA,NA,0
138,3,30,NA,NA,NA,0
139,3,30,NA,NA,NA,0
140,3,30,NA,NA,NA,0
141,3,31,NA,NA,NA,0
142,3,31,NA,NA,NA,0
143,3,31,NA,NA,NA,0
144,4,32,NA,NA,NA,0
145,4,32,NA,NA,NA,0
146,4,32,NA,NA,NA,0
147,4,32,NA,NA,NA,0
148,4,33,NA,NA,NA,0
149,4,33,NA,NA,NA,0
150,4,33,NA,NA,NA,0
151,4,33,NA,NA,NA,0
152,5,34,NA,NA,NA,0
153,5,34,NA,NA,NA,0
154,5,34,NA,NA,NA,0
155,5,34,NA,NA,NA,0
156,5,34,"E",156,NA,0
157,3,35,NA,NA,NA,0
158,3,35,NA,NA,NA,0
159,3,35,NA,NA,NA,0
160,3,36,NA,NA,NA,0
161,3,36,NA,NA,NA,0
162,3,36,NA,NA,NA,0
163,4,37,NA,NA,NA,0
164,4,37,NA,NA,NA,0
165,4,37,NA,NA,NA,0
166,4,37,NA,NA,NA,0
167,4,38,NA,NA,NA,0
168,4,38,NA,NA,NA,0
169,4,38,NA,NA,NA,0
170,4,38,NA,NA,NA,0
171,4,39,"E",NA,NA,0
172,4,39,NA,NA,NA,0
173,4,39,NA,NA,NA,0
174,4,39,NA,NA,NA,0
175,3,40,NA,NA,NA,0
176,3,40,NA,NA,NA,0
177,3,40,NA,NA,NA,0
178,4,41,NA,NA,NA,0
179,4,41,NA,NA,NA,0
180,4,41,NA,NA,NA,0
181,4,41,NA,NA,NA,0
182,3,42,NA,NA,NA,0
183,3,42,NA,NA,NA,0
184,3,42,NA,NA,NA,0
185,4,43,NA,NA,NA,0
186,4,43,NA,NA,NA,0
187,4,43,"E",NA,NA,0
188,4,43,NA,NA,NA,0
189,6,44,NA,NA,NA,0
190,6,44,NA,NA,NA,0
191,6,44,NA,NA,NA,0
192,6,44,NA,NA,NA,0
193,6,44,NA,NA,NA,0
194,6,44,NA,NA,NA,0
195,6,45,NA,NA,NA,0
196,6,45,NA,NA,NA,0
197,6,45,NA,NA,NA,0
198,6,45,NA,NA,NA,0
199,6,45,NA,NA,NA,0
200,6,45,NA,NA,NA,0
201,3,46,NA,NA,NA,0
202,3,46,NA,NA,NA,0
203,3,46,NA,NA,NA,0
204,6,47,NA,NA,NA,0
205,6,47,NA,NA,NA,0
206,6,47,NA,NA,NA,0
207,6,47,NA,NA,NA,0
208,6,47,NA,NA,NA,0
209,6,47,NA,NA,NA,0
210,5,48,NA,NA,NA,0
211,5,48,NA,NA,NA,0
212,5,48,NA,NA,NA,0
213,5,48,NA,NA,NA,0
214,5,48,NA,NA,NA,0
215,5,49,NA,NA,NA,0
216,5,49,NA,NA,NA,0
217,5,49,NA,NA,NA,0
218,5,49,NA,NA,NA,0
219,5,49,NA,NA,NA,0
220,4,50,NA,NA,NA,0
221,4,50,NA,NA,NA,0
222,4,50,NA,NA,NA,0
223,4,50,"E",NA,NA,0
224,6,51,NA,NA,NA,0
225,6,51,NA,NA,NA,0
226,6,51,NA,NA,NA,0
227,6,51,NA,NA,NA,0
228,6,51,NA,NA,NA,0
229,6,51,NA,NA,NA,0
230,3,52,NA,NA,NA,0
231,3,52,"E",NA,NA,0
232,3,52,NA,NA,NA,0
233,4,53,NA,NA,NA,0
234,4,53,NA,NA,NA,0
235,4,53,NA,NA,NA,0
236,4,53,NA,NA,NA,0
237,4,54,NA,NA,NA,0
238,4,54,NA,NA,NA,0
239,4,54,NA,NA,NA,0
240,4,54,NA,NA,NA,0
241,5,55,NA,NA,NA,0
242,5,55,NA,NA,NA,0
243,5,55,NA,NA,NA,0
244,5,55,NA,NA,NA,0
245,5,55,NA,NA,NA,0
246,5,56,NA,NA,NA,0
247,5,56,NA,NA,NA,0
248,5,56,NA,NA,NA,0
249,5,56,NA,NA,NA,0
250,5,56,NA,NA,NA,0
251,6,57,NA,NA,NA,0
252,6,57,NA,NA,NA,0
253,6,57,NA,NA,NA,0
254,6,57,NA,NA,NA,0
255,6,57,NA,NA,NA,0
256,6,57,NA,NA,NA,0
257,3,58,NA,NA,NA,0
258,3,58,NA,NA,NA,0
259,3,58,NA,NA,NA,0
260,3,59,NA,NA,NA,0
261,3,59,"E",307,NA,0
262,3,59,NA,NA,NA,0
263,3,60,NA,NA,NA,0
264,3,60,NA,NA,NA,0
265,3,60,NA,NA,NA,0
266,3,61,NA,NA,NA,0
267,3,61,NA,NA,NA,0
268,3,61,NA,NA,NA,0
269,4,62,NA,NA,NA,0
270,4,62,NA,NA,NA,0
271,4,62,NA,NA,NA,0
272,4,62,NA,NA,NA,0
273,6,63,NA,NA,NA,0
274,6,63,NA,NA,NA,0
275,6,63,NA,NA,NA,0
276,6,63,NA,NA,NA,0
277,6,63,NA,NA,NA,0
278,6,63,NA,NA,NA,0
279,4,64,"E",176,NA,0
280,4,64,NA,NA,NA,0
281,4,64,NA,NA,NA,0
282,4,64,NA,NA,NA,0
283,3,65,NA,NA,NA,0
284,3,65,NA,NA,NA,0
285,3,65,NA,NA,NA,0
286,3,66,NA,NA,NA,0
287,3,66,NA,NA,NA,0
288,3,66,NA,NA,NA,0
289,3,67,NA,NA,NA,0
290,3,67,NA,NA,NA,0
291,3,67,NA,NA,NA,0
292,5,68,NA,NA,NA,0
293,5,68,NA,NA,NA,0
294,5,68,NA,NA,NA,0
295,5,68,NA,NA,NA,0
296,5,68,NA,NA,NA,0
297,4,69,NA,NA,NA,0
298,4,69,NA,NA,NA,0
299,4,69,NA,NA,NA,0
300,4,69,NA,NA,NA,0
301,4,70,NA,NA,NA,0
302,4,70,NA,NA,NA,0
303,4,70,NA,NA,NA,0
304,4,70,NA,NA,NA,0
305,4,71,NA,NA,NA,0
306,4,71,NA,NA,NA,0
307,4,71,NA,NA,NA,0
308,4,71,NA,NA,NA,0
309,4,72,NA,NA,NA,0
310,4,72,NA,NA,NA,0
311,4,72,NA,NA,NA,0
312,4,72,NA,NA,NA,0
313,6,73,NA,NA,NA,0
314,6,73,NA,NA,NA,0
315,6,73,NA,NA,NA,0
316,6,73,NA,NA,NA,0
317,6,73,NA,NA,NA,0
318,6,73,NA,NA,NA,0
319,4,74,NA,NA,NA,0
320,4,74,NA,NA,NA,0
321,4,74,NA,NA,NA,0
322,4,74,NA,NA,NA,0
323,3,75,NA,NA,NA,0
324,3,75,NA,NA,NA,0
325,3,75,NA,NA,NA,0
326,3,76,NA,NA,NA,0
327,3,76,NA,NA,NA,0
328,3,76,NA,NA,NA,0
329,4,77,NA,NA,NA,0
330,4,77,NA,NA,NA,0
331,4,77,NA,NA,NA,0
332,4,77,NA,NA,NA,0
333,4,78,NA,NA,NA,0
334,4,78,NA,NA,NA,0
335,4,78,NA,NA,NA,0
336,4,78,NA,NA,NA,0
337,4,79,NA,NA,NA,0
338,4,79,NA,NA,NA,0
339,4,79,NA,NA,NA,0
340,4,79,NA,NA,NA,0
341,4,80,NA,NA,NA,0
342,4,80,NA,NA,NA,0
343,4,80,NA,NA,NA,0
344,4,80,NA,NA,NA,0
345,5,81,NA,NA,NA,0
346,5,81,NA,NA,NA,0
347,5,81,NA,NA,NA,0
348,5,81,NA,NA,NA,0
349,5,81,NA,NA,NA,0
350,6,82,NA,NA,NA,0
351,6,82,NA,NA,NA,0
352,6,82,NA,NA,NA,0
353,6,82,NA,NA,NA,0
354,6,82,NA,NA,NA,0
355,6,82,NA,NA,NA,0
356,6,83,NA,NA,NA,0
357,6,83,NA,NA,NA,0
358,6,83,NA,NA,NA,0
359,6,83,NA,NA,NA,0
360,6,83,NA,NA,NA,0
361,6,83,NA,NA,NA,0
362,3,84,NA,NA,NA,0
363,3,84,NA,NA,NA,0
364,3,84,NA,NA,NA,0
365,3,85,NA,NA,NA,0
366,3,85,NA,NA,NA,0
367,3,85,NA,NA,NA,0
368,5,86,NA,NA,NA,0
369,5,86,NA,NA,NA,0
370,5,86,"E",204,NA,0
371,5,86,NA,NA,NA,0
372,5,86,NA,NA,NA,0
373,4,87,NA,NA,NA,0
374,4,87,NA,NA,NA,0
375,4,87,NA,NA,NA,0
376,4,87,NA,NA,NA,0
377,5,88,NA,NA,NA,0
378,5,88,"E",363,NA,0
379,5,88,NA,NA,NA,0
380,5,88,NA,NA,NA,0
381,5,88,NA,NA,NA,0
382,4,89,NA,NA,NA,0
383,4,89,NA,NA,NA,0
384,4,89,NA,NA,NA,0
385,4,89,NA,NA,NA,0
386,6,90,NA,NA,NA,0
387,6,90,NA,NA,NA,0
388,6,90,NA,NA,NA,0
389,6,90,NA,NA,NA,0
390,6,90,NA,NA,NA,0
391,6,90,NA,NA,NA,0
392,3,91,NA,NA,NA,0
393,3,91,NA,NA,NA,0
394,3,91,NA,NA,NA,0
395,4,92,NA,NA,NA,0
396,4,92,NA,NA,NA,0
397,4,92,NA,NA,NA,0
398,4,92,NA,NA,NA,0
399,5,93,NA,NA,NA,0
400,5,93,NA,NA,NA,0
401,5,93,NA,NA,NA,0
402,5,93,NA,NA,NA,0
403,5,93,NA,NA,NA,0
404,6,94,NA,NA,NA,0
405,6,94,NA,NA,NA,0
406,6,94,NA,NA,NA,0
407,6,94,NA,NA,NA,0
408,6,94,NA,NA,NA,0
409,6,94,NA,NA,NA,0
410,5,95,NA,NA,NA,0
411,5,95,NA,NA,NA,0
412,5,95,NA,NA,NA,0
413,5,95,NA,NA,NA,0
414,5,95,NA,NA,NA,0
415,4,96,NA,NA,NA,0
416,4,96,"E",211,NA,0
417,4,96,NA,NA,NA,0
418,4,96,NA,NA,NA,0
419,3,97,NA,NA,NA,0
420,3,97,NA,NA,NA,0
421,3,97,NA,NA,NA,0
422,6,98,NA,NA,NA,0
423,6,98,NA,NA,NA,0
424,6,98,NA,NA,NA,0
425,6,98,NA,NA,NA,0
426,6,98,NA,NA,NA,0
427,6,98,NA,NA,NA,0
428,3,99,NA,NA,NA,0
429,3,99,NA,NA,NA,0
430,3,99,NA,NA,NA,0
431,6,100,NA,NA,NA,0
432,6,100,NA,NA,NA,0
433,6,100,NA,NA,NA,0
434,6,100,NA,NA,NA,0
435,6,100,NA,NA,NA,0
436,6,100,NA,NA,NA,0
437,6,101,NA,NA,NA,0
438,6,101,NA,NA,NA,0
439,6,101,NA,NA,NA,0
440,6,101,NA,NA,NA,0
441,6,101,NA,NA,NA,0
442,6,101,NA,NA,NA,0
443,6,102,NA,NA,NA,0
444,6,102,NA,NA,NA,0
445,6,102,NA,NA,NA,0
446,6,102,NA,NA,NA,0
447,6,102,"E",217,NA,0
448,6,102,NA,NA,NA,0
449,5,103,NA,NA,NA,0
450,5,103,NA,NA,NA,0
451,5,103,NA,NA,NA,0
452,5,103,NA,NA,NA,0
453,5,103,NA,NA,NA,0
454,5,104,NA,NA,NA,0
455,5,104,NA,NA,NA,0
456,5,104,NA,NA,NA,0
457,5,104,NA,NA,NA,0
458,5,104,NA,NA,NA,0
459,5,105,NA,NA,NA,0
460,5,105,"E",273,NA,0
461,5,105,NA,NA,NA,0
462,5,105,NA,NA,NA,0
463,5,105,NA,NA,NA,0
464,5,106,NA,NA,NA,0
465,5,106,NA,NA,NA,0
466,5,106,NA,NA,NA,0
467,5,106,NA,NA,NA,0
468,5,106,NA,NA,NA,0
469,3,107,NA,NA,NA,0
470,3,107,NA,NA,NA,0
471,3,107,"E",142,NA,0
472,3,108,NA,NA,NA,0
473,3,108,NA,NA,NA,0
474,3,108,NA,NA,NA,0
475,5,109,NA,NA,NA,0
476,5,109,NA,NA,NA,0
477,5,109,NA,NA,NA,0
478,5,109,NA,NA,NA,0
479,5,109,NA,NA,NA,0
480,6,110,NA,NA,NA,0
481,6,110,NA,NA,NA,0
482,6,110,NA,NA,NA,0
483,6,110,NA,NA,NA,0
484,6,110,NA,NA,NA,0
485,6,110,NA,NA,NA,0
486,6,111,NA,NA,NA,0
487,6,111,NA,NA,NA,0
488,6,111,NA,NA,NA,0
489,6,111,NA,NA,NA,0
490,6,111,NA,NA,NA,0
491,6,111,NA,NA,NA,0
492,5,112,NA,NA,NA,0
493,5,112,NA,NA,NA,0
494,5,112,NA,NA,NA,0
495,5,112,NA,NA,NA,0
496,5,112,NA,NA,NA,0
497,6,113,NA,NA,NA,0
498,6,113,NA,NA,NA,0
499,6,113,NA,NA,NA,0
500,6,113,NA,NA,NA,0
501,6,113,NA,NA,NA,0
502,6,113,NA,NA,NA,0
503,5,114,NA,NA,NA,0
504,5,114,NA,NA,NA,0
505,5,114,NA,NA,NA,0
506,5,114,NA,NA,NA,0
507,5,114,NA,NA,NA,0
508,6,115,NA,NA,NA,0
509,6,115,NA,NA,NA,0
510,6,115,NA,NA,NA,0
511,6,115,NA,NA,NA,0
512,6,115,NA,NA,NA,0
513,6,115,NA,NA,NA,0
514,4,116,NA,NA,NA,0
515,4,116,NA,NA,NA,0
516,4,116,NA,NA,NA,0
517,4,116,NA,NA,NA,0
518,5,117,NA,NA,NA,0
519,5,117,NA,NA,NA,0
520,5,117,NA,NA,NA,0
521,5,117,NA,NA,NA,0
522,5,117,NA,NA,NA,0
523,6,118,NA,NA,NA,0
524,6,118,NA,NA,NA,0
525,6,118,NA,NA,NA,0
526,6,118,NA,NA,NA,0
527,6,118,NA,NA,NA,0
528,6,118,NA,NA,NA,0
529,5,119,NA,NA,NA,0
530,5,119,NA,NA,NA,0
531,5,119,NA,NA,NA,0
532,5,119,NA,NA,NA,0
533,5,119,NA,NA,NA,0
534,3,120,NA,NA,NA,0
535,3,120,NA,NA,NA,0
536,3,120,NA,NA,NA,0
537,5,121,NA,NA,NA,0
538,5,121,NA,NA,NA,0
539,5,121,NA,NA,NA,0
540,5,121,NA,NA,NA,0
541,5,121,NA,NA,NA,0
542,4,122,NA,NA,NA,0
543,4,122,NA,NA,NA,0
544,4,122,NA,NA,NA,0
545,4,122,NA,NA,NA,0
546,3,123,NA,NA,NA,0
547,3,123,NA,NA,NA,0
548,3,123,NA,NA,NA,0
549,5,124,NA,NA,NA,0
550,5,124,NA,NA,NA,0
551,5,124,NA,NA,NA,0
552,5,124,NA,NA,NA,0
553,5,124,NA,NA,NA,0
554,6,125,NA,NA,NA,0
555,6,125,NA,NA,NA,0
556,6,125,NA,NA,NA,0
557,6,125,NA,NA,NA,0
558,6,125,NA,NA,NA,0
559,6,125,NA,NA,NA,0
560,6,126,NA,NA,NA,0
561,6,126,NA,NA,NA,0
562,6,126,NA,NA,NA,0
563,6,126,NA,NA,NA,0
564,6,126,NA,NA,NA,0
565,6,126,NA,NA,NA,0
566,5,127,NA,NA,NA,0
567,5,127,NA,NA,NA,0
568,5,127,NA,NA,NA,0
569,5,127,NA,NA,NA,0
570,5,127,NA,NA,NA,0
571,3,128,NA,NA,NA,0
572,3,128,NA,NA,NA,0
573,3,128,NA,NA,NA,0
574,3,129,NA,NA,NA,0
575,3,129,NA,NA,NA,0
576,3,129,NA,NA,NA,0
577,5,130,NA,NA,NA,0
578,5,130,NA,NA,NA,0
579,5,130,NA,NA,NA,0
580,5,130,NA,NA,NA,0
581,5,130,NA,NA,NA,0
582,4,131,NA,NA,NA,0
583,4,131,NA,NA,NA,0
584,4,131,NA,NA,NA,0
585,4,131,NA,NA,NA,0
586,5,132,NA,NA,NA,0
587,5,132,NA,NA,NA,0
588,5,132,NA,NA,NA,0
589,5,132,NA,NA,NA,0
590,5,132,NA,NA,NA,0
591,5,133,NA,NA,NA,0
592,5,133,NA,NA,NA,0
593,5,133,NA,NA,NA,0
594,5,133,NA,NA,NA,0
595,5,133,NA,NA,NA,0
596,3,134,NA,NA,NA,0
597,3,134,NA,NA,NA,0
598,3,134,NA,NA,NA,0
599,3,135,NA,NA,NA,0
600,3,135,NA,NA,NA,0
601,3,135,NA,NA,NA,0
602,3,136,NA,NA,NA,0
603,3,136,NA,NA,NA,0
604,3,136,NA,NA,NA,0
605,3,137,NA,NA,NA,0
606,3,137,NA,NA,NA,0
607,3,137,NA,NA,NA,0
608,4,138,NA,NA,NA,0
609,4,138,NA,NA,NA,0
610,4,138,NA,NA,NA,0
611,4,138,NA,NA,NA,0
612,4,139,NA,NA,NA,0
613,4,139,NA,NA,NA,0
614,4,139,NA,NA,NA,0
615,4,139,NA,NA,NA,0
616,6,140,NA,NA,NA,0
617,6,140,NA,NA,NA,0
618,6,140,NA,NA,NA,0
619,6,140,NA,NA,NA,0
620,6,140,NA,NA,NA,0
621,6,140,NA,NA,NA,0
622,6,141,NA,NA,NA,0
623,6,141,NA,NA,NA,0
624,6,141,NA,NA,NA,0
625,6,141,NA,NA,NA,0
626,6,141,NA,NA,NA,0
627,6,141,NA,NA,NA,0
628,5,142,NA,NA,NA,0
629,5,142,NA,NA,NA,0
630,5,142,NA,NA,NA,0
631,5,142,NA,NA,NA,0
632,5,142,NA,NA,NA,0
633,4,143,NA,NA,NA,0
634,4,143,NA,NA,NA,0
635,4,143,NA,NA,NA,0
636,4,143,NA,NA,NA,0
637,6,144,NA,NA,NA,0
638,6,144,NA,NA,NA,0
639,6,144,NA,NA,NA,0
640,6,144,NA,NA,NA,0
641,6,144,NA,NA,NA,0
642,6,144,NA,NA,NA,0
643,6,145,NA,NA,NA,0
644,6,145,NA,NA,NA,0
645,6,145,NA,NA,NA,0
646,6,145,NA,NA,NA,0
647,6,145,NA,NA,NA,0
648,6,145,NA,NA,NA,0
649,3,146,NA,NA,NA,0
650,3,146,NA,NA,NA,0
651,3,146,"E",276,NA,0
652,6,147,NA,NA,NA,0
653,6,147,NA,NA,NA,0
654,6,147,NA,NA,NA,0
655,6,147,NA,NA,NA,0
656,6,147,NA,NA,NA,0
657,6,147,NA,NA,NA,0
658,6,148,NA,NA,NA,0
659,6,148,NA,NA,NA,0
660,6,148,NA,NA,NA,0
661,6,148,NA,NA,NA,0
662,6,148,NA,NA,NA,0
663,6,148,NA,NA,NA,0
664,3,149,NA,NA,NA,0
665,3,149,NA,NA,NA,0
666,3,149,NA,NA,NA,0
667,5,150,NA,NA,NA,0
668,5,150,NA,NA,NA,0
669,5,150,NA,NA,NA,0
670,5,150,NA,NA,NA,0
671,5,150,NA,NA,NA,0
672,3,151,NA,NA,NA,0
673,3,151,NA,NA,NA,0
674,3,151,NA,NA,NA,0
675,3,152,NA,NA,NA,0
676,3,152,NA,NA,NA,0
677,3,152,NA,NA,NA,0
678,5,153,NA,NA,NA,0
679,5,153,NA,NA,NA,0
680,5,153,NA,NA,NA,0
681,5,153,NA,NA,NA,0
682,5,153,NA,NA,NA,0
683,3,154,NA,NA,NA,0
684,3,154,NA,NA,NA,0
685,3,154,NA,NA,NA,0
686,6,155,NA,NA,NA,0
687,6,155,NA,NA,NA,0
688,6,155,"E",NA,NA,0
689,6,155,NA,NA,NA,0
690,6,155,NA,NA,NA,0
691,6,155,NA,NA,NA,0
692,3,156,NA,NA,NA,0
693,3,156,NA,NA,NA,0
694,3,156,NA,NA,NA,0
695,5,157,NA,NA,NA,0
696,5,157,"E",250,NA,0
697,5,157,NA,NA,NA,0
698,5,157,NA,NA,NA,0
699,5,157,NA,NA,NA,0
700,5,158,NA,NA,NA,0
701,5,158,NA,NA,NA,0
702,5,158,NA,NA,NA,0
703,5,158,NA,NA,NA,0
704,5,158,NA,NA,NA,0
705,4,159,NA,NA,NA,0
706,4,159,NA,NA,NA,0
707,4,159,NA,NA,NA,0
708,4,159,NA,NA,NA,0
709,4,160,NA,NA,NA,0
710,4,160,NA,NA,NA,0
711,4,160,NA,NA,NA,0
712,4,160,NA,NA,NA,0
713,3,161,NA,NA,NA,0
714,3,161,NA,NA,NA,0
715,3,161,NA,NA,NA,0
716,4,162,NA,NA,NA,0
717,4,162,NA,NA,NA,0
718,4,162,NA,NA,NA,0
719,4,162,NA,NA,NA,0
720,5,163,NA,NA,NA,0
721,5,163,NA,NA,NA,0
722,5,163,NA,NA,NA,0
723,5,163,NA,NA,NA,0
724,5,163,NA,NA,NA,0
725,5,164,NA,NA,NA,0
726,5,164,NA,NA,NA,0
727,5,164,NA,NA,NA,0
728,5,164,NA,NA,NA,0
729,5,164,NA,NA,NA,0
730,6,165,NA,NA,NA,0
731,6,165,NA,NA,NA,0
732,6,165,NA,NA,NA,0
733,6,165,NA,NA,NA,0
734,6,165,NA,NA,NA,0
735,6,165,NA,NA,NA,0
736,5,166,NA,NA,NA,0
737,5,166,NA,NA,NA,0
738,5,166,NA,NA,NA,0
739,5,166,NA,NA,NA,0
740,5,166,NA,NA,NA,0
741,4,167,NA,NA,NA,0
742,4,167,NA,NA,NA,0
743,4,167,NA,NA,NA,0
744,4,167,NA,NA,NA,0
745,3,168,NA,NA,NA,0
746,3,168,NA,NA,NA,0
747,3,168,NA,NA,NA,0
748,3,169,NA,NA,NA,0
749,3,169,NA,NA,NA,0
750,3,169,NA,NA,NA,0
751,6,170,NA,NA,NA,0
752,6,170,NA,NA,NA,0
753,6,170,NA,NA,NA,0
754,6,170,NA,NA,NA,0
755,6,170,NA,NA,NA,0
756,6,170,NA,NA,NA,0
757,3,171,NA,NA,NA,0
758,3,171,NA,NA,NA,0
759,3,171,NA,NA,NA,0
760,4,172,NA,NA,NA,0
761,4,172,NA,NA,NA,0
762,4,172,NA,NA,NA,0
763,4,172,NA,NA,NA,0
764,5,173,NA,NA,NA,0
765,5,173,NA,NA,NA,0
766,5,173,NA,NA,NA,0
767,5,173,NA,NA,NA,0
768,5,173,NA,NA,NA,0
769,5,174,NA,NA,NA,0
770,5,174,NA,NA,NA,0
771,5,174,NA,NA,NA,0
772,5,174,NA,NA,NA,0
773,5,174,NA,NA,NA,0
774,4,175,"E",205,NA,0
775,4,175,NA,NA,NA,0
776,4,175,NA,NA,NA,0
777,4,175,NA,NA,NA,0
778,4,176,NA,NA,NA,0
779,4,176,NA,NA,NA,0
780,4,176,NA,NA,NA,0
781,4,176,NA,NA,NA,0
782,5,177,NA,NA,NA,0
783,5,177,NA,NA,NA,0
784,5,177,NA,NA,NA,0
785,5,177,NA,NA,NA,0
786,5,177,NA,NA,NA,0
787,6,178,NA,NA,NA,0
788,6,178,NA,NA,NA,0
789,6,178,NA,NA,NA,0
790,6,178,NA,NA,NA,0
791,6,178,NA,NA,NA,0
792,6,178,NA,NA,NA,0
793,6,179,NA,NA,NA,0
794,6,179,NA,NA,NA,0
795,6,179,NA,NA,NA,0
796,6,179,"E",NA,NA,0
797,6,179,NA,NA,NA,0
798,6,179,NA,NA,NA,0
799,4,180,NA,NA,NA,0
800,4,180,NA,NA,NA,0
801,4,180,NA,NA,NA,0
802,4,180,NA,NA,NA,0
803,4,181,NA,NA,NA,0
804,4,181,NA,NA,NA,0
805,4,181,NA,NA,NA,0
806,4,181,NA,NA,NA,0
807,3,182,NA,NA,NA,0
808,3,182,NA,NA,NA,0
809,3,182,NA,NA,NA,0
810,3,183,NA,NA,NA,0
811,3,183,NA,NA,NA,0
812,3,183,NA,NA,NA,0
813,5,184,NA,NA,NA,0
814,5,184,NA,NA,NA,0
815,5,184,NA,NA,NA,0
816,5,184,NA,NA,NA,0
817,5,184,NA,NA,NA,0
818,5,185,NA,NA,NA,0
819,5,185,NA,NA,NA,0
820,5,185,NA,NA,NA,0
821,5,185,NA,NA,NA,0
822,5,185,NA,NA,NA,0
823,6,186,NA,NA,NA,0
824,6,186,NA,NA,NA,0
825,6,186,NA,NA,NA,0
826,6,186,NA,NA,NA,0
827,6,186,NA,NA,NA,0
828,6,186,NA,NA,NA,0
829,6,187,NA,NA,NA,0
830,6,187,NA,NA,NA,0
831,6,187,NA,NA,NA,0
832,6,187,NA,NA,NA,0
833,6,187,NA,NA,NA,0
834,6,187,NA,NA,NA,0
835,4,188,NA,NA,NA,0
836,4,188,NA,NA,NA,0
837,4,188,NA,NA,NA,0
838,4,188,NA,NA,NA,0
839,6,189,NA,NA,NA,0
840,6,189,NA,NA,NA,0
841,6,189,NA,NA,NA,0
842,6,189,NA,NA,NA,0
843,6,189,NA,NA,NA,0
844,6,189,NA,NA,NA,0
845,5,190,NA,NA,NA,0
846,5,190,NA,NA,NA,0
847,5,190,NA,NA,NA,0
848,5,190,NA,NA,NA,0
849,5,190,NA,NA,NA,0
850,5,191,NA,NA,NA,0
851,5,191,NA,NA,NA,0
852,5,191,NA,NA,NA,0
853,5,191,NA,NA,NA,0
854,5,191,NA,NA,NA,0
855,5,192,NA,NA,NA,0
856,5,192,NA,NA,NA,0
857,5,192,NA,NA,NA,0
858,5,192,NA,NA,NA,0
859,5,192,NA,NA,NA,0
860,3,193,NA,NA,NA,0
861,3,193,NA,NA,NA,0
862,3,193,NA,NA,NA,0
863,4,194,NA,NA,NA,0
864,4,194,NA,NA,NA,0
865,4,194,NA,NA,NA,0
866,4,194,NA,NA,NA,0
867,3,195,NA,NA,NA,0
868,3,195,NA,NA,NA,0
869,3,195,NA,NA,NA,0
870,3,196,NA,NA,NA,0
871,3,196,NA,NA,NA,0
872,3,196,NA,NA,NA,0
873,6,197,NA,NA,NA,0
874,6,197,NA,NA,NA,0
875,6,197,NA,NA,NA,0
876,6,197,NA,NA,NA,0
877,6,197,NA,NA,NA,0
878,6,197,NA,NA,NA,0
879,5,198,NA,NA,NA,0
880,5,198,NA,NA,NA,0
881,5,198,NA,NA,NA,0
882,5,198,NA,NA,NA,0
883,5,198,NA,NA,NA,0
884,5,199,NA,NA,NA,0
885,5,199,NA,NA,NA,0
886,5,199,NA,NA,NA,0
887,5,199,NA,NA,NA,0
888,5,199,NA,NA,NA,0
889,3,200,NA,NA,NA,0
890,3,200,NA,NA,NA,0
891,3,200,NA,NA,NA,0
892,3,201,NA,NA,NA,0
893,3,201,NA,NA,NA,0
894,3,201,NA,NA,NA,0
895,3,202,NA,NA,NA,0
896,3,202,NA,NA,NA,0
897,3,202,NA,NA,NA,0
898,5,203,NA,NA,NA,0
899,5,203,NA,NA,NA,0
900,5,203,NA,NA,NA,0
901,5,203,NA,NA,NA,0
902,5,203,NA,NA,NA,0
903,6,204,NA,NA,NA,0
904,6,204,NA,NA,NA,0
905,6,204,NA,NA,NA,0
906,6,204,NA,NA,NA,0
907,6,204,NA,NA,NA,0
908,6,204,NA,NA,NA,0
909,3,205,NA,NA,NA,0
910,3,205,NA,NA,NA,0
911,3,205,NA,NA,NA,0
912,6,206,NA,NA,NA,0
913,6,206,"E",286,NA,0
914,6,206,NA,NA,NA,0
915,6,206,NA,NA,NA,0
916,6,206,NA,NA,NA,0
917,6,206,NA,NA,NA,0
918,3,207,NA,NA,NA,0
919,3,207,NA,NA,NA,0
920,3,207,NA,NA,NA,0
921,3,208,NA,NA,NA,0
922,3,208,NA,NA,NA,0
923,3,208,NA,NA,NA,0
924,4,209,NA,NA,NA,0
925,4,209,NA,NA,NA,0
926,4,209,NA,NA,NA,0
927,4,209,NA,NA,NA,0
928,5,210,NA,NA,NA,0
929,5,210,NA,NA,NA,0
930,5,210,NA,NA,NA,0
931,5,210,NA,NA,NA,0
932,5,210,NA,NA,NA,0
933,6,211,"E",364,NA,0
934,6,211,NA,NA,NA,0
935,6,211,NA,NA,NA,0
936,6,211,NA,NA,NA,0
937,6,211,NA,NA,NA,0
938,6,211,NA,NA,NA,0
939,3,212,NA,NA,NA,0
940,3,212,NA,NA,NA,0
941,3,212,NA,NA,NA,0
942,5,213,NA,NA,NA,0
943,5,213,NA,NA,NA,0
944,5,213,NA,NA,NA,0
945,5,213,NA,NA,NA,0
946,5,213,NA,NA,NA,0
947,3,214,NA,NA,NA,0
948,3,214,NA,NA,NA,0
949,3,214,NA,NA,NA,0
950,6,215,NA,NA,NA,0
951,6,215,NA,NA,NA,0
952,6,215,NA,NA,NA,0
953,6,215,NA,NA,NA,0
954,6,215,NA,NA,NA,0
955,6,215,NA,NA,NA,0
956,6,216,NA,NA,NA,0
957,6,216,NA,NA,NA,0
958,6,216,NA,NA,NA,0
959,6,216,NA,NA,NA,0
960,6,216,NA,NA,NA,0
961,6,216,NA,NA,NA,0
962,4,217,NA,NA,NA,0
963,4,217,NA,NA,NA,0
964,4,217,NA,NA,NA,0
965,4,217,NA,NA,NA,0
966,6,218,NA,NA,NA,0
967,6,218,NA,NA,NA,0
968,6,218,NA,NA,NA,0
969,6,218,NA,NA,NA,0
970,6,218,NA,NA,NA,0
971,6,218,NA,NA,NA,0
972,6,219,NA,NA,NA,0
973,6,219,NA,NA,NA,0
974,6,219,NA,NA,NA,0
975,6,219,NA,NA,NA,0
976,6,219,NA,NA,NA,0
977,6,219,NA,NA,NA,0
978,4,220,NA,NA,NA,0
979,4,220,NA,NA,NA,0
980,4,220,NA,NA,NA,0
981,4,220,NA,NA,NA,0
982,3,221,NA,NA,NA,0
983,3,221,NA,NA,NA,0
984,3,221,NA,NA,NA,0
985,5,222,NA,NA,NA,0
986,5,222,NA,NA,NA,0
987,5,222,NA,NA,NA,0
988,5,222,NA,NA,NA,0
989,5,222,NA,NA,NA,0
990,5,223,NA,NA,NA,0
991,5,223,NA,NA,NA,0
992,5,223,NA,NA,NA,0
993,5,223,NA,NA,NA,0
994,5,223,NA,NA,NA,0
995,6,224,NA,NA,NA,0
996,6,224,NA,NA,NA,0
997,6,224,NA,NA,NA,0
998,6,224,NA,NA,NA,0
999,6,224,NA,NA,NA,0
1000,6,224,NA,NA,NA,0
