"ID","SIZE","HH","TYPE","TIME","S_NUM","I_NUM"
1,6,1,"0",NA,NA,0
2,6,1,NA,NA,NA,0
3,6,1,NA,NA,NA,0
4,6,1,"E",284,3,0
5,6,1,NA,NA,NA,0
6,6,1,"E",119,4,0
7,4,2,NA,NA,NA,0
8,4,2,NA,NA,NA,0
9,4,2,NA,NA,NA,0
10,4,2,NA,NA,NA,0
11,5,3,NA,NA,NA,0
12,5,3,NA,NA,NA,0
13,5,3,NA,NA,NA,0
14,5,3,NA,NA,NA,0
15,5,3,NA,NA,NA,0
16,3,4,NA,NA,NA,0
17,3,4,NA,NA,NA,0
18,3,4,NA,NA,NA,0
19,3,5,NA,NA,NA,0
20,3,5,NA,NA,NA,0
21,3,5,NA,NA,NA,0
22,4,6,NA,NA,NA,0
23,4,6,NA,NA,NA,0
24,4,6,NA,NA,NA,0
25,4,6,NA,NA,NA,0
26,4,7,NA,NA,NA,0
27,4,7,NA,NA,NA,0
28,4,7,NA,NA,NA,0
29,4,7,NA,NA,NA,0
30,3,8,NA,NA,NA,0
31,3,8,NA,NA,NA,0
32,3,8,NA,NA,NA,0
33,5,9,NA,NA,NA,0
34,5,9,NA,NA,NA,0
35,5,9,NA,NA,NA,0
36,5,9,NA,NA,NA,0
37,5,9,NA,NA,NA,0
38,5,10,NA,NA,NA,0
39,5,10,NA,NA,NA,0
40,5,10,NA,NA,NA,0
41,5,10,NA,NA,NA,0
42,5,10,"E",79,4,0
43,4,11,NA,NA,NA,0
44,4,11,NA,NA,NA,0
45,4,11,NA,NA,NA,0
46,4,11,NA,NA,NA,0
47,4,12,NA,NA,NA,0
48,4,12,NA,NA,NA,0
49,4,12,NA,NA,NA,0
50,4,12,NA,NA,NA,0
51,6,13,NA,NA,NA,0
52,6,13,NA,NA,NA,0
53,6,13,NA,NA,NA,0
54,6,13,NA,NA,NA,0
55,6,13,NA,NA,NA,0
56,6,13,NA,NA,NA,0
57,6,14,"H",328,4,1
58,6,14,NA,NA,NA,0
59,6,14,NA,NA,NA,0
60,6,14,"E",269,5,1
61,6,14,NA,NA,NA,0
62,6,14,"H",357,3,0
63,5,15,NA,NA,NA,0
64,5,15,NA,NA,NA,0
65,5,15,NA,NA,NA,0
66,5,15,NA,NA,NA,0
67,5,15,NA,NA,NA,0
68,6,16,NA,NA,NA,0
69,6,16,NA,NA,NA,0
70,6,16,NA,NA,NA,0
71,6,16,NA,NA,NA,0
72,6,16,NA,NA,NA,0
73,6,16,NA,NA,NA,0
74,5,17,NA,NA,NA,0
75,5,17,NA,NA,NA,0
76,5,17,NA,NA,NA,0
77,5,17,NA,NA,NA,0
78,5,17,NA,NA,NA,0
79,6,18,NA,NA,NA,0
80,6,18,NA,NA,NA,0
81,6,18,NA,NA,NA,0
82,6,18,NA,NA,NA,0
83,6,18,NA,NA,NA,0
84,6,18,NA,NA,NA,0
85,6,19,NA,NA,NA,0
86,6,19,NA,NA,NA,0
87,6,19,NA,NA,NA,0
88,6,19,NA,NA,NA,0
89,6,19,NA,NA,NA,0
90,6,19,NA,NA,NA,0
91,5,20,NA,NA,NA,0
92,5,20,NA,NA,NA,0
93,5,20,NA,NA,NA,0
94,5,20,NA,NA,NA,0
95,5,20,NA,NA,NA,0
96,5,21,NA,NA,NA,0
97,5,21,NA,NA,NA,0
98,5,21,NA,NA,NA,0
99,5,21,NA,NA,NA,0
100,5,21,NA,NA,NA,0
101,4,22,NA,NA,NA,0
102,4,22,NA,NA,NA,0
103,4,22,NA,NA,NA,0
104,4,22,NA,NA,NA,0
105,5,23,NA,NA,NA,0
106,5,23,NA,NA,NA,0
107,5,23,NA,NA,NA,0
108,5,23,NA,NA,NA,0
109,5,23,NA,NA,NA,0
110,3,24,NA,NA,NA,0
111,3,24,NA,NA,NA,0
112,3,24,NA,NA,NA,0
113,5,25,NA,NA,NA,0
114,5,25,NA,NA,NA,0
115,5,25,NA,NA,NA,0
116,5,25,NA,NA,NA,0
117,5,25,NA,NA,NA,0
118,5,26,NA,NA,NA,0
119,5,26,NA,NA,NA,0
120,5,26,NA,NA,NA,0
121,5,26,NA,NA,NA,0
122,5,26,NA,NA,NA,0
123,5,27,NA,NA,NA,0
124,5,27,NA,NA,NA,0
125,5,27,NA,NA,NA,0
126,5,27,NA,NA,NA,0
127,5,27,NA,NA,NA,0
128,5,28,NA,NA,NA,0
129,5,28,NA,NA,NA,0
130,5,28,"E",344,4,0
131,5,28,NA,NA,NA,0
132,5,28,NA,NA,NA,0
133,6,29,NA,NA,NA,0
134,6,29,NA,NA,NA,0
135,6,29,NA,NA,NA,0
136,6,29,NA,NA,NA,0
137,6,29,NA,NA,NA,0
138,6,29,NA,NA,NA,0
139,5,30,NA,NA,NA,0
140,5,30,NA,NA,NA,0
141,5,30,NA,NA,NA,0
142,5,30,NA,NA,NA,0
143,5,30,NA,NA,NA,0
144,5,31,NA,NA,NA,0
145,5,31,NA,NA,NA,0
146,5,31,"E",348,4,0
147,5,31,NA,NA,NA,0
148,5,31,NA,NA,NA,0
149,6,32,"E",318,5,0
150,6,32,NA,NA,NA,0
151,6,32,NA,NA,NA,0
152,6,32,NA,NA,NA,0
153,6,32,NA,NA,NA,0
154,6,32,NA,NA,NA,0
155,3,33,NA,NA,NA,0
156,3,33,NA,NA,NA,0
157,3,33,NA,NA,NA,0
158,5,34,NA,NA,NA,0
159,5,34,NA,NA,NA,0
160,5,34,NA,NA,NA,0
161,5,34,NA,NA,NA,0
162,5,34,"E",182,4,0
163,3,35,NA,NA,NA,0
164,3,35,NA,NA,NA,0
165,3,35,NA,NA,NA,0
166,6,36,NA,NA,NA,0
167,6,36,NA,NA,NA,0
168,6,36,NA,NA,NA,0
169,6,36,NA,NA,NA,0
170,6,36,NA,NA,NA,0
171,6,36,NA,NA,NA,0
172,5,37,NA,NA,NA,0
173,5,37,"H",362,1,0
174,5,37,"E",128,4,0
175,5,37,"E",290,3,1
176,5,37,"H",334,2,1
177,3,38,NA,NA,NA,0
178,3,38,NA,NA,NA,0
179,3,38,NA,NA,NA,0
180,6,39,NA,NA,NA,0
181,6,39,NA,NA,NA,0
182,6,39,NA,NA,NA,0
183,6,39,"E",39,5,0
184,6,39,NA,NA,NA,0
185,6,39,NA,NA,NA,0
186,6,40,NA,NA,NA,0
187,6,40,NA,NA,NA,0
188,6,40,NA,NA,NA,0
189,6,40,NA,NA,NA,0
190,6,40,NA,NA,NA,0
191,6,40,NA,NA,NA,0
192,3,41,NA,NA,NA,0
193,3,41,NA,NA,NA,0
194,3,41,NA,NA,NA,0
195,6,42,NA,NA,NA,0
196,6,42,NA,NA,NA,0
197,6,42,"E",72,5,0
198,6,42,NA,NA,NA,0
199,6,42,NA,NA,NA,0
200,6,42,NA,NA,NA,0
201,6,43,NA,NA,NA,0
202,6,43,NA,NA,NA,0
203,6,43,NA,NA,NA,0
204,6,43,NA,NA,NA,0
205,6,43,NA,NA,NA,0
206,6,43,NA,NA,NA,0
207,3,44,NA,NA,NA,0
208,3,44,"C",NA,NA,0
209,3,44,NA,NA,NA,0
210,4,45,NA,NA,NA,0
211,4,45,NA,NA,NA,0
212,4,45,NA,NA,NA,0
213,4,45,"E",156,3,0
214,5,46,NA,NA,NA,0
215,5,46,"E",253,3,0
216,5,46,NA,NA,NA,0
217,5,46,"E",192,4,0
218,5,46,NA,NA,NA,0
219,4,47,NA,NA,NA,0
220,4,47,NA,NA,NA,0
221,4,47,NA,NA,NA,0
222,4,47,NA,NA,NA,0
223,4,48,NA,NA,NA,0
224,4,48,NA,NA,NA,0
225,4,48,NA,NA,NA,0
226,4,48,NA,NA,NA,0
227,3,49,NA,NA,NA,0
228,3,49,NA,NA,NA,0
229,3,49,NA,NA,NA,0
230,3,50,NA,NA,NA,0
231,3,50,NA,NA,NA,0
232,3,50,NA,NA,NA,0
233,3,51,NA,NA,NA,0
234,3,51,NA,NA,NA,0
235,3,51,NA,NA,NA,0
236,4,52,"E",229,3,0
237,4,52,NA,NA,NA,0
238,4,52,NA,NA,NA,0
239,4,52,NA,NA,NA,0
240,4,53,NA,NA,NA,0
241,4,53,NA,NA,NA,0
242,4,53,NA,NA,NA,0
243,4,53,NA,NA,NA,0
244,5,54,NA,NA,NA,0
245,5,54,NA,NA,NA,0
246,5,54,NA,NA,NA,0
247,5,54,NA,NA,NA,0
248,5,54,"E",335,4,0
249,4,55,NA,NA,NA,0
250,4,55,"E",291,3,0
251,4,55,NA,NA,NA,0
252,4,55,NA,NA,NA,0
253,6,56,NA,NA,NA,0
254,6,56,NA,NA,NA,0
255,6,56,NA,NA,NA,0
256,6,56,NA,NA,NA,0
257,6,56,NA,NA,NA,0
258,6,56,NA,NA,NA,0
259,6,57,NA,NA,NA,0
260,6,57,NA,NA,NA,0
261,6,57,NA,NA,NA,0
262,6,57,NA,NA,NA,0
263,6,57,NA,NA,NA,0
264,6,57,NA,NA,NA,0
265,4,58,NA,NA,NA,0
266,4,58,NA,NA,NA,0
267,4,58,NA,NA,NA,0
268,4,58,NA,NA,NA,0
269,5,59,NA,NA,NA,0
270,5,59,NA,NA,NA,0
271,5,59,NA,NA,NA,0
272,5,59,NA,NA,NA,0
273,5,59,NA,NA,NA,0
274,4,60,NA,NA,NA,0
275,4,60,NA,NA,NA,0
276,4,60,NA,NA,NA,0
277,4,60,NA,NA,NA,0
278,4,61,NA,NA,NA,0
279,4,61,NA,NA,NA,0
280,4,61,NA,NA,NA,0
281,4,61,NA,NA,NA,0
282,5,62,NA,NA,NA,0
283,5,62,NA,NA,NA,0
284,5,62,NA,NA,NA,0
285,5,62,NA,NA,NA,0
286,5,62,NA,NA,NA,0
287,6,63,"E",NA,NA,0
288,6,63,NA,NA,NA,0
289,6,63,NA,NA,NA,0
290,6,63,NA,NA,NA,0
291,6,63,NA,NA,NA,0
292,6,63,NA,NA,NA,0
293,3,64,NA,NA,NA,0
294,3,64,NA,NA,NA,0
295,3,64,NA,NA,NA,0
296,6,65,NA,NA,NA,0
297,6,65,NA,NA,NA,0
298,6,65,NA,NA,NA,0
299,6,65,NA,NA,NA,0
300,6,65,"E",45,5,0
301,6,65,NA,NA,NA,0
302,3,66,NA,NA,NA,0
303,3,66,NA,NA,NA,0
304,3,66,NA,NA,NA,0
305,4,67,NA,NA,NA,0
306,4,67,NA,NA,NA,0
307,4,67,NA,NA,NA,0
308,4,67,NA,NA,NA,0
309,5,68,"E",350,4,0
310,5,68,NA,NA,NA,0
311,5,68,NA,NA,NA,0
312,5,68,NA,NA,NA,0
313,5,68,NA,NA,NA,0
314,4,69,"E",128,3,0
315,4,69,NA,NA,NA,0
316,4,69,NA,NA,NA,0
317,4,69,NA,NA,NA,0
318,4,70,"E",173,3,0
319,4,70,NA,NA,NA,0
320,4,70,NA,NA,NA,0
321,4,70,NA,NA,NA,0
322,4,71,NA,NA,NA,0
323,4,71,NA,NA,NA,0
324,4,71,NA,NA,NA,0
325,4,71,NA,NA,NA,0
326,3,72,NA,NA,NA,0
327,3,72,NA,NA,NA,0
328,3,72,NA,NA,NA,0
329,5,73,NA,NA,NA,0
330,5,73,NA,NA,NA,0
331,5,73,NA,NA,NA,0
332,5,73,NA,NA,NA,0
333,5,73,"E",NA,NA,0
334,5,74,NA,NA,NA,0
335,5,74,NA,NA,NA,0
336,5,74,NA,NA,NA,0
337,5,74,NA,NA,NA,0
338,5,74,NA,NA,NA,0
339,5,75,"E",68,4,0
340,5,75,NA,NA,NA,0
341,5,75,NA,NA,NA,0
342,5,75,NA,NA,NA,0
343,5,75,NA,NA,NA,0
344,4,76,NA,NA,NA,0
345,4,76,NA,NA,NA,0
346,4,76,NA,NA,NA,0
347,4,76,NA,NA,NA,0
348,3,77,NA,NA,NA,0
349,3,77,"E",NA,NA,0
350,3,77,NA,NA,NA,0
351,4,78,NA,NA,NA,0
352,4,78,NA,NA,NA,0
353,4,78,"E",233,3,0
354,4,78,"E",298,2,0
355,4,79,NA,NA,NA,0
356,4,79,NA,NA,NA,0
357,4,79,"E",343,3,0
358,4,79,NA,NA,NA,0
359,6,80,"H",142,4,0
360,6,80,NA,NA,NA,0
361,6,80,NA,NA,NA,0
362,6,80,"E",106,5,1
363,6,80,NA,NA,NA,0
364,6,80,NA,NA,NA,0
365,5,81,NA,NA,NA,0
366,5,81,NA,NA,NA,0
367,5,81,NA,NA,NA,0
368,5,81,NA,NA,NA,0
369,5,81,NA,NA,NA,0
370,5,82,NA,NA,NA,0
371,5,82,NA,NA,NA,0
372,5,82,NA,NA,NA,0
373,5,82,NA,NA,NA,0
374,5,82,NA,NA,NA,0
375,6,83,NA,NA,NA,0
376,6,83,"H",342,3,0
377,6,83,NA,NA,NA,0
378,6,83,"H",NA,NA,0
379,6,83,NA,NA,NA,0
380,6,83,"E",312,5,2
381,4,84,NA,NA,NA,0
382,4,84,"E",NA,NA,0
383,4,84,NA,NA,NA,0
384,4,84,NA,NA,NA,0
385,6,85,NA,NA,NA,0
386,6,85,NA,NA,NA,0
387,6,85,"E",140,5,0
388,6,85,NA,NA,NA,0
389,6,85,NA,NA,NA,0
390,6,85,NA,NA,NA,0
391,3,86,NA,NA,NA,0
392,3,86,NA,NA,NA,0
393,3,86,"E",149,2,0
394,3,87,NA,NA,NA,0
395,3,87,NA,NA,NA,0
396,3,87,NA,NA,NA,0
397,4,88,NA,NA,NA,0
398,4,88,NA,NA,NA,0
399,4,88,NA,NA,NA,0
400,4,88,NA,NA,NA,0
401,5,89,NA,NA,NA,0
402,5,89,NA,NA,NA,0
403,5,89,NA,NA,NA,0
404,5,89,NA,NA,NA,0
405,5,89,NA,NA,NA,0
406,3,90,NA,NA,NA,0
407,3,90,NA,NA,NA,0
408,3,90,NA,NA,NA,0
409,6,91,NA,NA,NA,0
410,6,91,NA,NA,NA,0
411,6,91,NA,NA,NA,0
412,6,91,"E",339,5,0
413,6,91,NA,NA,NA,0
414,6,91,NA,NA,NA,0
415,5,92,"H",159,3,1
416,5,92,NA,NA,NA,0
417,5,92,NA,NA,NA,0
418,5,92,"H",181,2,0
419,5,92,"E",128,4,1
420,3,93,"E",170,2,0
421,3,93,NA,NA,NA,0
422,3,93,NA,NA,NA,0
423,3,94,NA,NA,NA,0
424,3,94,NA,NA,NA,0
425,3,94,NA,NA,NA,0
426,4,95,NA,NA,NA,0
427,4,95,NA,NA,NA,0
428,4,95,NA,NA,NA,0
429,4,95,NA,NA,NA,0
430,3,96,NA,NA,NA,0
431,3,96,"E",349,2,0
432,3,96,NA,NA,NA,0
433,5,97,NA,NA,NA,0
434,5,97,NA,NA,NA,0
435,5,97,NA,NA,NA,0
436,5,97,NA,NA,NA,0
437,5,97,NA,NA,NA,0
438,6,98,NA,NA,NA,0
439,6,98,NA,NA,NA,0
440,6,98,NA,NA,NA,0
441,6,98,NA,NA,NA,0
442,6,98,NA,NA,NA,0
443,6,98,NA,NA,NA,0
444,3,99,NA,NA,NA,0
445,3,99,NA,NA,NA,0
446,3,99,NA,NA,NA,0
447,4,100,"E",268,3,1
448,4,100,NA,NA,NA,0
449,4,100,"H",337,1,0
450,4,100,"H",298,2,1
451,6,101,NA,NA,NA,0
452,6,101,NA,NA,NA,0
453,6,101,NA,NA,NA,0
454,6,101,NA,NA,NA,0
455,6,101,NA,NA,NA,0
456,6,101,NA,NA,NA,0
457,5,102,NA,NA,NA,0
458,5,102,NA,NA,NA,0
459,5,102,NA,NA,NA,0
460,5,102,NA,NA,NA,0
461,5,102,NA,NA,NA,0
462,5,103,NA,NA,NA,0
463,5,103,NA,NA,NA,0
464,5,103,NA,NA,NA,0
465,5,103,NA,NA,NA,0
466,5,103,NA,NA,NA,0
467,4,104,NA,NA,NA,0
468,4,104,NA,NA,NA,0
469,4,104,NA,NA,NA,0
470,4,104,NA,NA,NA,0
471,5,105,"E",135,4,0
472,5,105,NA,NA,NA,0
473,5,105,NA,NA,NA,0
474,5,105,NA,NA,NA,0
475,5,105,NA,NA,NA,0
476,5,106,NA,NA,NA,0
477,5,106,NA,NA,NA,0
478,5,106,"E",193,3,0
479,5,106,NA,NA,NA,0
480,5,106,"E",209,3,0
481,6,107,NA,NA,NA,0
482,6,107,NA,NA,NA,0
483,6,107,"E",362,4,1
484,6,107,"H",NA,NA,0
485,6,107,"E",341,5,0
486,6,107,NA,NA,NA,0
487,6,108,NA,NA,NA,0
488,6,108,NA,NA,NA,0
489,6,108,NA,NA,NA,0
490,6,108,"E",308,5,0
491,6,108,NA,NA,NA,0
492,6,108,NA,NA,NA,0
493,5,109,NA,NA,NA,0
494,5,109,NA,NA,NA,0
495,5,109,NA,NA,NA,0
496,5,109,NA,NA,NA,0
497,5,109,NA,NA,NA,0
498,4,110,NA,NA,NA,0
499,4,110,NA,NA,NA,0
500,4,110,NA,NA,NA,0
501,4,110,NA,NA,NA,0
502,3,111,NA,NA,NA,0
503,3,111,NA,NA,NA,0
504,3,111,NA,NA,NA,0
505,6,112,NA,NA,NA,0
506,6,112,NA,NA,NA,0
507,6,112,"E",40,5,1
508,6,112,"C",249,3,0
509,6,112,NA,NA,NA,0
510,6,112,"H",62,4,0
511,4,113,NA,NA,NA,0
512,4,113,NA,NA,NA,0
513,4,113,NA,NA,NA,0
514,4,113,NA,NA,NA,0
515,4,114,NA,NA,NA,0
516,4,114,NA,NA,NA,0
517,4,114,NA,NA,NA,0
518,4,114,NA,NA,NA,0
519,6,115,NA,NA,NA,0
520,6,115,NA,NA,NA,0
521,6,115,NA,NA,NA,0
522,6,115,NA,NA,NA,0
523,6,115,NA,NA,NA,0
524,6,115,NA,NA,NA,0
525,5,116,NA,NA,NA,0
526,5,116,NA,NA,NA,0
527,5,116,"E",101,4,0
528,5,116,NA,NA,NA,0
529,5,116,NA,NA,NA,0
530,4,117,NA,NA,NA,0
531,4,117,"E",216,3,0
532,4,117,NA,NA,NA,0
533,4,117,NA,NA,NA,0
534,5,118,NA,NA,NA,0
535,5,118,NA,NA,NA,0
536,5,118,NA,NA,NA,0
537,5,118,"E",79,4,0
538,5,118,NA,NA,NA,0
539,4,119,NA,NA,NA,0
540,4,119,NA,NA,NA,0
541,4,119,NA,NA,NA,0
542,4,119,NA,NA,NA,0
543,3,120,NA,NA,NA,0
544,3,120,NA,NA,NA,0
545,3,120,NA,NA,NA,0
546,6,121,"H",216,4,0
547,6,121,NA,NA,NA,0
548,6,121,"E",159,5,1
549,6,121,"H",286,2,1
550,6,121,"E",261,3,1
551,6,121,"H",321,1,0
552,5,122,NA,NA,NA,0
553,5,122,NA,NA,NA,0
554,5,122,NA,NA,NA,0
555,5,122,NA,NA,NA,0
556,5,122,NA,NA,NA,0
557,4,123,NA,NA,NA,0
558,4,123,NA,NA,NA,0
559,4,123,NA,NA,NA,0
560,4,123,NA,NA,NA,0
561,6,124,NA,NA,NA,0
562,6,124,NA,NA,NA,0
563,6,124,NA,NA,NA,0
564,6,124,NA,NA,NA,0
565,6,124,NA,NA,NA,0
566,6,124,NA,NA,NA,0
567,6,125,NA,NA,NA,0
568,6,125,NA,NA,NA,0
569,6,125,NA,NA,NA,0
570,6,125,NA,NA,NA,0
571,6,125,NA,NA,NA,0
572,6,125,NA,NA,NA,0
573,3,126,NA,NA,NA,0
574,3,126,NA,NA,NA,0
575,3,126,NA,NA,NA,0
576,4,127,"E",265,3,1
577,4,127,NA,NA,NA,0
578,4,127,"H",301,2,0
579,4,127,NA,NA,NA,0
580,6,128,NA,NA,NA,0
581,6,128,NA,NA,NA,0
582,6,128,NA,NA,NA,0
583,6,128,NA,NA,NA,0
584,6,128,NA,NA,NA,0
585,6,128,NA,NA,NA,0
586,4,129,NA,NA,NA,0
587,4,129,NA,NA,NA,0
588,4,129,NA,NA,NA,0
589,4,129,NA,NA,NA,0
590,3,130,NA,NA,NA,0
591,3,130,NA,NA,NA,0
592,3,130,NA,NA,NA,0
593,6,131,NA,NA,NA,0
594,6,131,"H",328,4,0
595,6,131,NA,NA,NA,0
596,6,131,"E",285,5,1
597,6,131,NA,NA,NA,0
598,6,131,NA,NA,NA,0
599,3,132,NA,NA,NA,0
600,3,132,NA,NA,NA,0
601,3,132,NA,NA,NA,0
602,3,133,NA,NA,NA,0
603,3,133,NA,NA,NA,0
604,3,133,NA,NA,NA,0
605,3,134,NA,NA,NA,0
606,3,134,NA,NA,NA,0
607,3,134,NA,NA,NA,0
608,5,135,NA,NA,NA,0
609,5,135,NA,NA,NA,0
610,5,135,NA,NA,NA,0
611,5,135,NA,NA,NA,0
612,5,135,NA,NA,NA,0
613,3,136,NA,NA,NA,0
614,3,136,NA,NA,NA,0
615,3,136,NA,NA,NA,0
616,6,137,NA,NA,NA,0
617,6,137,NA,NA,NA,0
618,6,137,NA,NA,NA,0
619,6,137,NA,NA,NA,0
620,6,137,NA,NA,NA,0
621,6,137,NA,NA,NA,0
622,6,138,NA,NA,NA,0
623,6,138,NA,NA,NA,0
624,6,138,NA,NA,NA,0
625,6,138,NA,NA,NA,0
626,6,138,"E",59,5,0
627,6,138,NA,NA,NA,0
628,3,139,NA,NA,NA,0
629,3,139,NA,NA,NA,0
630,3,139,NA,NA,NA,0
631,6,140,NA,NA,NA,0
632,6,140,NA,NA,NA,0
633,6,140,NA,NA,NA,0
634,6,140,NA,NA,NA,0
635,6,140,NA,NA,NA,0
636,6,140,NA,NA,NA,0
637,4,141,NA,NA,NA,0
638,4,141,NA,NA,NA,0
639,4,141,NA,NA,NA,0
640,4,141,NA,NA,NA,0
641,5,142,NA,NA,NA,0
642,5,142,NA,NA,NA,0
643,5,142,NA,NA,NA,0
644,5,142,NA,NA,NA,0
645,5,142,NA,NA,NA,0
646,3,143,NA,NA,NA,0
647,3,143,NA,NA,NA,0
648,3,143,NA,NA,NA,0
649,3,144,"H",NA,NA,0
650,3,144,"H",NA,NA,0
651,3,144,"E",359,2,2
652,5,145,NA,NA,NA,0
653,5,145,NA,NA,NA,0
654,5,145,NA,NA,NA,0
655,5,145,NA,NA,NA,0
656,5,145,NA,NA,NA,0
657,3,146,NA,NA,NA,0
658,3,146,NA,NA,NA,0
659,3,146,NA,NA,NA,0
660,5,147,NA,NA,NA,0
661,5,147,NA,NA,NA,0
662,5,147,NA,NA,NA,0
663,5,147,NA,NA,NA,0
664,5,147,NA,NA,NA,0
665,4,148,NA,NA,NA,0
666,4,148,NA,NA,NA,0
667,4,148,NA,NA,NA,0
668,4,148,NA,NA,NA,0
669,5,149,NA,NA,NA,0
670,5,149,NA,NA,NA,0
671,5,149,NA,NA,NA,0
672,5,149,NA,NA,NA,0
673,5,149,NA,NA,NA,0
674,3,150,NA,NA,NA,0
675,3,150,"E",147,2,0
676,3,150,NA,NA,NA,0
677,4,151,NA,NA,NA,0
678,4,151,NA,NA,NA,0
679,4,151,NA,NA,NA,0
680,4,151,NA,NA,NA,0
681,4,152,NA,NA,NA,0
682,4,152,NA,NA,NA,0
683,4,152,NA,NA,NA,0
684,4,152,NA,NA,NA,0
685,5,153,NA,NA,NA,0
686,5,153,NA,NA,NA,0
687,5,153,NA,NA,NA,0
688,5,153,NA,NA,NA,0
689,5,153,NA,NA,NA,0
690,4,154,NA,NA,NA,0
691,4,154,NA,NA,NA,0
692,4,154,NA,NA,NA,0
693,4,154,NA,NA,NA,0
694,3,155,NA,NA,NA,0
695,3,155,NA,NA,NA,0
696,3,155,NA,NA,NA,0
697,5,156,"E",112,4,0
698,5,156,NA,NA,NA,0
699,5,156,NA,NA,NA,0
700,5,156,NA,NA,NA,0
701,5,156,NA,NA,NA,0
702,4,157,NA,NA,NA,0
703,4,157,"E",363,3,0
704,4,157,NA,NA,NA,0
705,4,157,NA,NA,NA,0
706,3,158,NA,NA,NA,0
707,3,158,NA,NA,NA,0
708,3,158,NA,NA,NA,0
709,3,159,NA,NA,NA,0
710,3,159,NA,NA,NA,0
711,3,159,NA,NA,NA,0
712,4,160,NA,NA,NA,0
713,4,160,NA,NA,NA,0
714,4,160,NA,NA,NA,0
715,4,160,NA,NA,NA,0
716,3,161,NA,NA,NA,0
717,3,161,NA,NA,NA,0
718,3,161,NA,NA,NA,0
719,4,162,NA,NA,NA,0
720,4,162,NA,NA,NA,0
721,4,162,NA,NA,NA,0
722,4,162,NA,NA,NA,0
723,6,163,NA,NA,NA,0
724,6,163,NA,NA,NA,0
725,6,163,NA,NA,NA,0
726,6,163,NA,NA,NA,0
727,6,163,NA,NA,NA,0
728,6,163,NA,NA,NA,0
729,6,164,NA,NA,NA,0
730,6,164,NA,NA,NA,0
731,6,164,NA,NA,NA,0
732,6,164,NA,NA,NA,0
733,6,164,NA,NA,NA,0
734,6,164,NA,NA,NA,0
735,3,165,NA,NA,NA,0
736,3,165,NA,NA,NA,0
737,3,165,NA,NA,NA,0
738,4,166,NA,NA,NA,0
739,4,166,NA,NA,NA,0
740,4,166,NA,NA,NA,0
741,4,166,NA,NA,NA,0
742,3,167,NA,NA,NA,0
743,3,167,NA,NA,NA,0
744,3,167,NA,NA,NA,0
745,3,168,NA,NA,NA,0
746,3,168,NA,NA,NA,0
747,3,168,NA,NA,NA,0
748,6,169,"H",187,3,0
749,6,169,"H",164,4,1
750,6,169,NA,NA,NA,0
751,6,169,NA,NA,NA,0
752,6,169,NA,NA,NA,0
753,6,169,"E",127,5,1
754,3,170,NA,NA,NA,0
755,3,170,NA,NA,NA,0
756,3,170,NA,NA,NA,0
757,3,171,NA,NA,NA,0
758,3,171,NA,NA,NA,0
759,3,171,NA,NA,NA,0
760,4,172,NA,NA,NA,0
761,4,172,NA,NA,NA,0
762,4,172,NA,NA,NA,0
763,4,172,NA,NA,NA,0
764,6,173,NA,NA,NA,0
765,6,173,NA,NA,NA,0
766,6,173,"E",269,5,0
767,6,173,NA,NA,NA,0
768,6,173,NA,NA,NA,0
769,6,173,NA,NA,NA,0
770,5,174,NA,NA,NA,0
771,5,174,NA,NA,NA,0
772,5,174,"E",44,4,0
773,5,174,NA,NA,NA,0
774,5,174,NA,NA,NA,0
775,4,175,NA,NA,NA,0
776,4,175,NA,NA,NA,0
777,4,175,NA,NA,NA,0
778,4,175,NA,NA,NA,0
779,4,176,NA,NA,NA,0
780,4,176,NA,NA,NA,0
781,4,176,NA,NA,NA,0
782,4,176,NA,NA,NA,0
783,6,177,NA,NA,NA,0
784,6,177,NA,NA,NA,0
785,6,177,NA,NA,NA,0
786,6,177,NA,NA,NA,0
787,6,177,NA,NA,NA,0
788,6,177,NA,NA,NA,0
789,5,178,NA,NA,NA,0
790,5,178,NA,NA,NA,0
791,5,178,NA,NA,NA,0
792,5,178,NA,NA,NA,0
793,5,178,NA,NA,NA,0
794,3,179,NA,NA,NA,0
795,3,179,NA,NA,NA,0
796,3,179,NA,NA,NA,0
797,6,180,NA,NA,NA,0
798,6,180,NA,NA,NA,0
799,6,180,NA,NA,NA,0
800,6,180,NA,NA,NA,0
801,6,180,NA,NA,NA,0
802,6,180,NA,NA,NA,0
803,4,181,NA,NA,NA,0
804,4,181,NA,NA,NA,0
805,4,181,"E",NA,NA,0
806,4,181,NA,NA,NA,0
807,5,182,NA,NA,NA,0
808,5,182,NA,NA,NA,0
809,5,182,NA,NA,NA,0
810,5,182,"E",344,4,0
811,5,182,NA,NA,NA,0
812,6,183,NA,NA,NA,0
813,6,183,NA,NA,NA,0
814,6,183,NA,NA,NA,0
815,6,183,NA,NA,NA,0
816,6,183,NA,NA,NA,0
817,6,183,NA,NA,NA,0
818,4,184,NA,NA,NA,0
819,4,184,NA,NA,NA,0
820,4,184,NA,NA,NA,0
821,4,184,NA,NA,NA,0
822,6,185,"E",116,5,0
823,6,185,NA,NA,NA,0
824,6,185,NA,NA,NA,0
825,6,185,NA,NA,NA,0
826,6,185,NA,NA,NA,0
827,6,185,NA,NA,NA,0
828,4,186,NA,NA,NA,0
829,4,186,NA,NA,NA,0
830,4,186,NA,NA,NA,0
831,4,186,NA,NA,NA,0
832,4,187,NA,NA,NA,0
833,4,187,"E",338,3,0
834,4,187,NA,NA,NA,0
835,4,187,NA,NA,NA,0
836,3,188,NA,NA,NA,0
837,3,188,"H",252,1,0
838,3,188,"E",229,2,1
839,3,189,NA,NA,NA,0
840,3,189,NA,NA,NA,0
841,3,189,NA,NA,NA,0
842,5,190,NA,NA,NA,0
843,5,190,NA,NA,NA,0
844,5,190,NA,NA,NA,0
845,5,190,NA,NA,NA,0
846,5,190,NA,NA,NA,0
847,6,191,NA,NA,NA,0
848,6,191,NA,NA,NA,0
849,6,191,NA,NA,NA,0
850,6,191,NA,NA,NA,0
851,6,191,NA,NA,NA,0
852,6,191,NA,NA,NA,0
853,6,192,NA,NA,NA,0
854,6,192,NA,NA,NA,0
855,6,192,NA,NA,NA,0
856,6,192,NA,NA,NA,0
857,6,192,NA,NA,NA,0
858,6,192,NA,NA,NA,0
859,5,193,"E",353,3,0
860,5,193,"E",258,4,0
861,5,193,NA,NA,NA,0
862,5,193,NA,NA,NA,0
863,5,193,NA,NA,NA,0
864,4,194,NA,NA,NA,0
865,4,194,NA,NA,NA,0
866,4,194,NA,NA,NA,0
867,4,194,NA,NA,NA,0
868,5,195,NA,NA,NA,0
869,5,195,"E",NA,NA,0
870,5,195,NA,NA,NA,0
871,5,195,NA,NA,NA,0
872,5,195,NA,NA,NA,0
873,6,196,NA,NA,NA,0
874,6,196,NA,NA,NA,0
875,6,196,NA,NA,NA,0
876,6,196,NA,NA,NA,0
877,6,196,NA,NA,NA,0
878,6,196,NA,NA,NA,0
879,5,197,"E",210,4,0
880,5,197,NA,NA,NA,0
881,5,197,NA,NA,NA,0
882,5,197,NA,NA,NA,0
883,5,197,NA,NA,NA,0
884,6,198,NA,NA,NA,0
885,6,198,NA,NA,NA,0
886,6,198,NA,NA,NA,0
887,6,198,NA,NA,NA,0
888,6,198,NA,NA,NA,0
889,6,198,NA,NA,NA,0
890,3,199,NA,NA,NA,0
891,3,199,NA,NA,NA,0
892,3,199,NA,NA,NA,0
893,5,200,NA,NA,NA,0
894,5,200,NA,NA,NA,0
895,5,200,NA,NA,NA,0
896,5,200,NA,NA,NA,0
897,5,200,NA,NA,NA,0
898,4,201,NA,NA,NA,0
899,4,201,NA,NA,NA,0
900,4,201,NA,NA,NA,0
901,4,201,"E",257,3,0
902,4,202,NA,NA,NA,0
903,4,202,NA,NA,NA,0
904,4,202,NA,NA,NA,0
905,4,202,NA,NA,NA,0
906,4,203,NA,NA,NA,0
907,4,203,NA,NA,NA,0
908,4,203,NA,NA,NA,0
909,4,203,NA,NA,NA,0
910,3,204,NA,NA,NA,0
911,3,204,NA,NA,NA,0
912,3,204,NA,NA,NA,0
913,3,205,NA,NA,NA,0
914,3,205,NA,NA,NA,0
915,3,205,NA,NA,NA,0
916,3,206,NA,NA,NA,0
917,3,206,NA,NA,NA,0
918,3,206,NA,NA,NA,0
919,6,207,NA,NA,NA,0
920,6,207,NA,NA,NA,0
921,6,207,NA,NA,NA,0
922,6,207,NA,NA,NA,0
923,6,207,NA,NA,NA,0
924,6,207,NA,NA,NA,0
925,5,208,NA,NA,NA,0
926,5,208,"E",319,4,1
927,5,208,"H",352,3,0
928,5,208,NA,NA,NA,0
929,5,208,NA,NA,NA,0
930,6,209,NA,NA,NA,0
931,6,209,NA,NA,NA,0
932,6,209,NA,NA,NA,0
933,6,209,NA,NA,NA,0
934,6,209,NA,NA,NA,0
935,6,209,"E",41,5,0
936,5,210,NA,NA,NA,0
937,5,210,NA,NA,NA,0
938,5,210,NA,NA,NA,0
939,5,210,NA,NA,NA,0
940,5,210,NA,NA,NA,0
941,6,211,"H",59,4,1
942,6,211,NA,NA,NA,0
943,6,211,NA,NA,NA,0
944,6,211,NA,NA,NA,0
945,6,211,"E",31,5,1
946,6,211,"H",109,3,0
947,4,212,NA,NA,NA,0
948,4,212,NA,NA,NA,0
949,4,212,NA,NA,NA,0
950,4,212,NA,NA,NA,0
951,3,213,NA,NA,NA,0
952,3,213,NA,NA,NA,0
953,3,213,NA,NA,NA,0
954,3,214,NA,NA,NA,0
955,3,214,NA,NA,NA,0
956,3,214,NA,NA,NA,0
957,3,215,NA,NA,NA,0
958,3,215,NA,NA,NA,0
959,3,215,NA,NA,NA,0
960,5,216,NA,NA,NA,0
961,5,216,NA,NA,NA,0
962,5,216,NA,NA,NA,0
963,5,216,NA,NA,NA,0
964,5,216,NA,NA,NA,0
965,5,217,NA,NA,NA,0
966,5,217,NA,NA,NA,0
967,5,217,NA,NA,NA,0
968,5,217,NA,NA,NA,0
969,5,217,NA,NA,NA,0
970,4,218,NA,NA,NA,0
971,4,218,NA,NA,NA,0
972,4,218,NA,NA,NA,0
973,4,218,NA,NA,NA,0
974,5,219,NA,NA,NA,0
975,5,219,NA,NA,NA,0
976,5,219,NA,NA,NA,0
977,5,219,NA,NA,NA,0
978,5,219,NA,NA,NA,0
979,4,220,NA,NA,NA,0
980,4,220,NA,NA,NA,0
981,4,220,NA,NA,NA,0
982,4,220,NA,NA,NA,0
983,5,221,NA,NA,NA,0
984,5,221,NA,NA,NA,0
985,5,221,NA,NA,NA,0
986,5,221,NA,NA,NA,0
987,5,221,NA,NA,NA,0
988,5,222,NA,NA,NA,0
989,5,222,NA,NA,NA,0
990,5,222,NA,NA,NA,0
991,5,222,NA,NA,NA,0
992,5,222,NA,NA,NA,0
993,4,223,NA,NA,NA,0
994,4,223,"E",NA,NA,0
995,4,223,NA,NA,NA,0
996,4,223,NA,NA,NA,0
997,4,224,NA,NA,NA,0
998,4,224,NA,NA,NA,0
999,4,224,NA,NA,NA,0
1000,4,224,NA,NA,NA,0
