"ID","SIZE","HH","TYPE","TIME","S_NUM","I_NUM"
1,3,1,"0",NA,NA,0
2,3,1,NA,NA,NA,0
3,3,1,"E",220,1,0
4,5,2,NA,NA,NA,0
5,5,2,NA,NA,NA,0
6,5,2,NA,NA,NA,0
7,5,2,NA,NA,NA,0
8,5,2,NA,NA,NA,0
9,5,3,NA,NA,NA,0
10,5,3,NA,NA,NA,0
11,5,3,"E",324,4,0
12,5,3,NA,NA,NA,0
13,5,3,NA,NA,NA,0
14,5,4,"E",NA,NA,0
15,5,4,NA,NA,NA,0
16,5,4,NA,NA,NA,0
17,5,4,NA,NA,NA,0
18,5,4,NA,NA,NA,0
19,4,5,"E",337,3,0
20,4,5,NA,NA,NA,0
21,4,5,NA,NA,NA,0
22,4,5,NA,NA,NA,0
23,6,6,NA,NA,NA,0
24,6,6,NA,NA,NA,0
25,6,6,NA,NA,NA,0
26,6,6,NA,NA,NA,0
27,6,6,NA,NA,NA,0
28,6,6,NA,NA,NA,0
29,4,7,NA,NA,NA,0
30,4,7,NA,NA,NA,0
31,4,7,NA,NA,NA,0
32,4,7,NA,NA,NA,0
33,3,8,NA,NA,NA,0
34,3,8,NA,NA,NA,0
35,3,8,NA,NA,NA,0
36,6,9,NA,NA,NA,0
37,6,9,NA,NA,NA,0
38,6,9,NA,NA,NA,0
39,6,9,NA,NA,NA,0
40,6,9,NA,NA,NA,0
41,6,9,NA,NA,NA,0
42,4,10,NA,NA,NA,0
43,4,10,NA,NA,NA,0
44,4,10,NA,NA,NA,0
45,4,10,NA,NA,NA,0
46,3,11,NA,NA,NA,0
47,3,11,"H",270,1,0
48,3,11,"E",230,2,1
49,6,12,NA,NA,NA,0
50,6,12,NA,NA,NA,0
51,6,12,NA,NA,NA,0
52,6,12,NA,NA,NA,0
53,6,12,NA,NA,NA,0
54,6,12,NA,NA,NA,0
55,3,13,NA,NA,NA,0
56,3,13,"E",NA,NA,0
57,3,13,NA,NA,NA,0
58,6,14,NA,NA,NA,0
59,6,14,NA,NA,NA,0
60,6,14,NA,NA,NA,0
61,6,14,NA,NA,NA,0
62,6,14,NA,NA,NA,0
63,6,14,NA,NA,NA,0
64,4,15,NA,NA,NA,0
65,4,15,NA,NA,NA,0
66,4,15,NA,NA,NA,0
67,4,15,NA,NA,NA,0
68,5,16,NA,NA,NA,0
69,5,16,NA,NA,NA,0
70,5,16,NA,NA,NA,0
71,5,16,NA,NA,NA,0
72,5,16,NA,NA,NA,0
73,5,17,NA,NA,NA,0
74,5,17,NA,NA,NA,0
75,5,17,NA,NA,NA,0
76,5,17,NA,NA,NA,0
77,5,17,NA,NA,NA,0
78,4,18,NA,NA,NA,0
79,4,18,NA,NA,NA,0
80,4,18,NA,NA,NA,0
81,4,18,NA,NA,NA,0
82,5,19,NA,NA,NA,0
83,5,19,NA,NA,NA,0
84,5,19,NA,NA,NA,0
85,5,19,"E",179,4,0
86,5,19,NA,NA,NA,0
87,3,20,NA,NA,NA,0
88,3,20,NA,NA,NA,0
89,3,20,NA,NA,NA,0
90,6,21,NA,NA,NA,0
91,6,21,NA,NA,NA,0
92,6,21,NA,NA,NA,0
93,6,21,NA,NA,NA,0
94,6,21,NA,NA,NA,0
95,6,21,NA,NA,NA,0
96,4,22,NA,NA,NA,0
97,4,22,NA,NA,NA,0
98,4,22,NA,NA,NA,0
99,4,22,NA,NA,NA,0
100,5,23,NA,NA,NA,0
101,5,23,NA,NA,NA,0
102,5,23,NA,NA,NA,0
103,5,23,NA,NA,NA,0
104,5,23,NA,NA,NA,0
105,4,24,NA,NA,NA,0
106,4,24,NA,NA,NA,0
107,4,24,NA,NA,NA,0
108,4,24,NA,NA,NA,0
109,5,25,NA,NA,NA,0
110,5,25,NA,NA,NA,0
111,5,25,NA,NA,NA,0
112,5,25,NA,NA,NA,0
113,5,25,NA,NA,NA,0
114,6,26,NA,NA,NA,0
115,6,26,"E",262,5,2
116,6,26,"H",282,3,0
117,6,26,"H",283,3,0
118,6,26,NA,NA,NA,0
119,6,26,NA,NA,NA,0
120,4,27,NA,NA,NA,0
121,4,27,NA,NA,NA,0
122,4,27,NA,NA,NA,0
123,4,27,NA,NA,NA,0
124,3,28,NA,NA,NA,0
125,3,28,NA,NA,NA,0
126,3,28,NA,NA,NA,0
127,4,29,NA,NA,NA,0
128,4,29,NA,NA,NA,0
129,4,29,NA,NA,NA,0
130,4,29,NA,NA,NA,0
131,5,30,NA,NA,NA,0
132,5,30,NA,NA,NA,0
133,5,30,NA,NA,NA,0
134,5,30,NA,NA,NA,0
135,5,30,"E",NA,NA,0
136,4,31,NA,NA,NA,0
137,4,31,NA,NA,NA,0
138,4,31,NA,NA,NA,0
139,4,31,NA,NA,NA,0
140,4,32,NA,NA,NA,0
141,4,32,NA,NA,NA,0
142,4,32,NA,NA,NA,0
143,4,32,NA,NA,NA,0
144,3,33,NA,NA,NA,0
145,3,33,NA,NA,NA,0
146,3,33,NA,NA,NA,0
147,6,34,NA,NA,NA,0
148,6,34,NA,NA,NA,0
149,6,34,NA,NA,NA,0
150,6,34,NA,NA,NA,0
151,6,34,"E",273,5,0
152,6,34,NA,NA,NA,0
153,5,35,NA,NA,NA,0
154,5,35,NA,NA,NA,0
155,5,35,NA,NA,NA,0
156,5,35,NA,NA,NA,0
157,5,35,NA,NA,NA,0
158,5,36,NA,NA,NA,0
159,5,36,NA,NA,NA,0
160,5,36,NA,NA,NA,0
161,5,36,NA,NA,NA,0
162,5,36,NA,NA,NA,0
163,5,37,NA,NA,NA,0
164,5,37,NA,NA,NA,0
165,5,37,NA,NA,NA,0
166,5,37,NA,NA,NA,0
167,5,37,NA,NA,NA,0
168,6,38,NA,NA,NA,0
169,6,38,"E",307,4,0
170,6,38,NA,NA,NA,0
171,6,38,NA,NA,NA,0
172,6,38,"E",151,5,0
173,6,38,NA,NA,NA,0
174,6,39,NA,NA,NA,0
175,6,39,NA,NA,NA,0
176,6,39,NA,NA,NA,0
177,6,39,NA,NA,NA,0
178,6,39,NA,NA,NA,0
179,6,39,"E",354,5,0
180,6,40,NA,NA,NA,0
181,6,40,NA,NA,NA,0
182,6,40,NA,NA,NA,0
183,6,40,NA,NA,NA,0
184,6,40,"E",NA,NA,0
185,6,40,NA,NA,NA,0
186,3,41,NA,NA,NA,0
187,3,41,NA,NA,NA,0
188,3,41,NA,NA,NA,0
189,3,42,NA,NA,NA,0
190,3,42,NA,NA,NA,0
191,3,42,NA,NA,NA,0
192,4,43,NA,NA,NA,0
193,4,43,NA,NA,NA,0
194,4,43,NA,NA,NA,0
195,4,43,NA,NA,NA,0
196,5,44,NA,NA,NA,0
197,5,44,NA,NA,NA,0
198,5,44,NA,NA,NA,0
199,5,44,NA,NA,NA,0
200,5,44,NA,NA,NA,0
201,3,45,NA,NA,NA,0
202,3,45,NA,NA,NA,0
203,3,45,NA,NA,NA,0
204,3,46,NA,NA,NA,0
205,3,46,NA,NA,NA,0
206,3,46,NA,NA,NA,0
207,4,47,NA,NA,NA,0
208,4,47,NA,NA,NA,0
209,4,47,NA,NA,NA,0
210,4,47,"E",326,3,0
211,5,48,NA,NA,NA,0
212,5,48,NA,NA,NA,0
213,5,48,NA,NA,NA,0
214,5,48,NA,NA,NA,0
215,5,48,NA,NA,NA,0
216,5,49,NA,NA,NA,0
217,5,49,NA,NA,NA,0
218,5,49,"E",330,4,0
219,5,49,NA,NA,NA,0
220,5,49,NA,NA,NA,0
221,4,50,NA,NA,NA,0
222,4,50,NA,NA,NA,0
223,4,50,NA,NA,NA,0
224,4,50,NA,NA,NA,0
225,5,51,NA,NA,NA,0
226,5,51,NA,NA,NA,0
227,5,51,"H",132,3,0
228,5,51,"E",111,4,1
229,5,51,"E",225,2,0
230,4,52,NA,NA,NA,0
231,4,52,NA,NA,NA,0
232,4,52,NA,NA,NA,0
233,4,52,"E",186,3,0
234,4,53,NA,NA,NA,0
235,4,53,NA,NA,NA,0
236,4,53,NA,NA,NA,0
237,4,53,NA,NA,NA,0
238,3,54,NA,NA,NA,0
239,3,54,NA,NA,NA,0
240,3,54,NA,NA,NA,0
241,6,55,NA,NA,NA,0
242,6,55,NA,NA,NA,0
243,6,55,"E",245,5,0
244,6,55,NA,NA,NA,0
245,6,55,NA,NA,NA,0
246,6,55,NA,NA,NA,0
247,3,56,NA,NA,NA,0
248,3,56,NA,NA,NA,0
249,3,56,"E",173,2,0
250,5,57,NA,NA,NA,0
251,5,57,NA,NA,NA,0
252,5,57,NA,NA,NA,0
253,5,57,NA,NA,NA,0
254,5,57,NA,NA,NA,0
255,3,58,NA,NA,NA,0
256,3,58,NA,NA,NA,0
257,3,58,NA,NA,NA,0
258,3,59,NA,NA,NA,0
259,3,59,NA,NA,NA,0
260,3,59,NA,NA,NA,0
261,5,60,NA,NA,NA,0
262,5,60,NA,NA,NA,0
263,5,60,NA,NA,NA,0
264,5,60,NA,NA,NA,0
265,5,60,NA,NA,NA,0
266,6,61,NA,NA,NA,0
267,6,61,"H",78,4,0
268,6,61,NA,NA,NA,0
269,6,61,NA,NA,NA,0
270,6,61,NA,NA,NA,0
271,6,61,"E",54,5,1
272,3,62,NA,NA,NA,0
273,3,62,NA,NA,NA,0
274,3,62,NA,NA,NA,0
275,4,63,NA,NA,NA,0
276,4,63,NA,NA,NA,0
277,4,63,NA,NA,NA,0
278,4,63,NA,NA,NA,0
279,6,64,NA,NA,NA,0
280,6,64,NA,NA,NA,0
281,6,64,NA,NA,NA,0
282,6,64,NA,NA,NA,0
283,6,64,"E",266,5,0
284,6,64,NA,NA,NA,0
285,6,65,NA,NA,NA,0
286,6,65,NA,NA,NA,0
287,6,65,NA,NA,NA,0
288,6,65,NA,NA,NA,0
289,6,65,NA,NA,NA,0
290,6,65,NA,NA,NA,0
291,3,66,NA,NA,NA,0
292,3,66,NA,NA,NA,0
293,3,66,NA,NA,NA,0
294,5,67,NA,NA,NA,0
295,5,67,"E",266,4,0
296,5,67,NA,NA,NA,0
297,5,67,NA,NA,NA,0
298,5,67,NA,NA,NA,0
299,5,68,NA,NA,NA,0
300,5,68,NA,NA,NA,0
301,5,68,NA,NA,NA,0
302,5,68,NA,NA,NA,0
303,5,68,NA,NA,NA,0
304,5,69,NA,NA,NA,0
305,5,69,NA,NA,NA,0
306,5,69,"E",315,4,0
307,5,69,NA,NA,NA,0
308,5,69,NA,NA,NA,0
309,4,70,NA,NA,NA,0
310,4,70,NA,NA,NA,0
311,4,70,NA,NA,NA,0
312,4,70,"E",175,3,0
313,5,71,NA,NA,NA,0
314,5,71,NA,NA,NA,0
315,5,71,"E",NA,NA,0
316,5,71,NA,NA,NA,0
317,5,71,NA,NA,NA,0
318,6,72,NA,NA,NA,0
319,6,72,NA,NA,NA,0
320,6,72,NA,NA,NA,0
321,6,72,NA,NA,NA,0
322,6,72,NA,NA,NA,0
323,6,72,NA,NA,NA,0
324,3,73,NA,NA,NA,0
325,3,73,NA,NA,NA,0
326,3,73,NA,NA,NA,0
327,6,74,NA,NA,NA,0
328,6,74,NA,NA,NA,0
329,6,74,NA,NA,NA,0
330,6,74,NA,NA,NA,0
331,6,74,NA,NA,NA,0
332,6,74,NA,NA,NA,0
333,4,75,NA,NA,NA,0
334,4,75,NA,NA,NA,0
335,4,75,NA,NA,NA,0
336,4,75,"E",128,3,0
337,4,76,NA,NA,NA,0
338,4,76,NA,NA,NA,0
339,4,76,NA,NA,NA,0
340,4,76,NA,NA,NA,0
341,3,77,NA,NA,NA,0
342,3,77,NA,NA,NA,0
343,3,77,NA,NA,NA,0
344,3,78,NA,NA,NA,0
345,3,78,NA,NA,NA,0
346,3,78,NA,NA,NA,0
347,4,79,NA,NA,NA,0
348,4,79,NA,NA,NA,0
349,4,79,NA,NA,NA,0
350,4,79,NA,NA,NA,0
351,6,80,NA,NA,NA,0
352,6,80,NA,NA,NA,0
353,6,80,NA,NA,NA,0
354,6,80,NA,NA,NA,0
355,6,80,NA,NA,NA,0
356,6,80,NA,NA,NA,0
357,3,81,NA,NA,NA,0
358,3,81,NA,NA,NA,0
359,3,81,NA,NA,NA,0
360,3,82,NA,NA,NA,0
361,3,82,"E",35,2,0
362,3,82,NA,NA,NA,0
363,3,83,NA,NA,NA,0
364,3,83,NA,NA,NA,0
365,3,83,NA,NA,NA,0
366,6,84,NA,NA,NA,0
367,6,84,NA,NA,NA,0
368,6,84,NA,NA,NA,0
369,6,84,NA,NA,NA,0
370,6,84,NA,NA,NA,0
371,6,84,NA,NA,NA,0
372,4,85,NA,NA,NA,0
373,4,85,NA,NA,NA,0
374,4,85,NA,NA,NA,0
375,4,85,NA,NA,NA,0
376,3,86,NA,NA,NA,0
377,3,86,NA,NA,NA,0
378,3,86,NA,NA,NA,0
379,3,87,NA,NA,NA,0
380,3,87,NA,NA,NA,0
381,3,87,"E",NA,NA,0
382,3,88,NA,NA,NA,0
383,3,88,NA,NA,NA,0
384,3,88,NA,NA,NA,0
385,3,89,NA,NA,NA,0
386,3,89,NA,NA,NA,0
387,3,89,NA,NA,NA,0
388,6,90,NA,NA,NA,0
389,6,90,NA,NA,NA,0
390,6,90,NA,NA,NA,0
391,6,90,NA,NA,NA,0
392,6,90,NA,NA,NA,0
393,6,90,NA,NA,NA,0
394,4,91,"E",98,3,1
395,4,91,"H",120,2,0
396,4,91,NA,NA,NA,0
397,4,91,NA,NA,NA,0
398,3,92,NA,NA,NA,0
399,3,92,NA,NA,NA,0
400,3,92,NA,NA,NA,0
401,6,93,NA,NA,NA,0
402,6,93,NA,NA,NA,0
403,6,93,NA,NA,NA,0
404,6,93,NA,NA,NA,0
405,6,93,NA,NA,NA,0
406,6,93,NA,NA,NA,0
407,4,94,NA,NA,NA,0
408,4,94,NA,NA,NA,0
409,4,94,NA,NA,NA,0
410,4,94,NA,NA,NA,0
411,6,95,"E",135,5,0
412,6,95,NA,NA,NA,0
413,6,95,NA,NA,NA,0
414,6,95,"E",329,4,0
415,6,95,NA,NA,NA,0
416,6,95,NA,NA,NA,0
417,5,96,NA,NA,NA,0
418,5,96,NA,NA,NA,0
419,5,96,NA,NA,NA,0
420,5,96,"E",281,4,1
421,5,96,"H",310,3,0
422,6,97,NA,NA,NA,0
423,6,97,NA,NA,NA,0
424,6,97,NA,NA,NA,0
425,6,97,NA,NA,NA,0
426,6,97,NA,NA,NA,0
427,6,97,NA,NA,NA,0
428,5,98,NA,NA,NA,0
429,5,98,"E",145,4,1
430,5,98,NA,NA,NA,0
431,5,98,"H",175,3,0
432,5,98,NA,NA,NA,0
433,3,99,NA,NA,NA,0
434,3,99,NA,NA,NA,0
435,3,99,NA,NA,NA,0
436,5,100,NA,NA,NA,0
437,5,100,NA,NA,NA,0
438,5,100,"E",214,4,0
439,5,100,NA,NA,NA,0
440,5,100,NA,NA,NA,0
441,5,101,NA,NA,NA,0
442,5,101,NA,NA,NA,0
443,5,101,NA,NA,NA,0
444,5,101,NA,NA,NA,0
445,5,101,NA,NA,NA,0
446,3,102,NA,NA,NA,0
447,3,102,NA,NA,NA,0
448,3,102,NA,NA,NA,0
449,5,103,"E",77,4,0
450,5,103,NA,NA,NA,0
451,5,103,NA,NA,NA,0
452,5,103,NA,NA,NA,0
453,5,103,"E",153,3,0
454,6,104,NA,NA,NA,0
455,6,104,NA,NA,NA,0
456,6,104,NA,NA,NA,0
457,6,104,NA,NA,NA,0
458,6,104,NA,NA,NA,0
459,6,104,NA,NA,NA,0
460,3,105,NA,NA,NA,0
461,3,105,NA,NA,NA,0
462,3,105,NA,NA,NA,0
463,4,106,NA,NA,NA,0
464,4,106,NA,NA,NA,0
465,4,106,"E",NA,NA,0
466,4,106,"E",NA,NA,0
467,4,107,NA,NA,NA,0
468,4,107,"E",362,3,0
469,4,107,NA,NA,NA,0
470,4,107,NA,NA,NA,0
471,3,108,NA,NA,NA,0
472,3,108,NA,NA,NA,0
473,3,108,NA,NA,NA,0
474,5,109,NA,NA,NA,0
475,5,109,NA,NA,NA,0
476,5,109,NA,NA,NA,0
477,5,109,NA,NA,NA,0
478,5,109,NA,NA,NA,0
479,4,110,NA,NA,NA,0
480,4,110,NA,NA,NA,0
481,4,110,NA,NA,NA,0
482,4,110,NA,NA,NA,0
483,6,111,NA,NA,NA,0
484,6,111,NA,NA,NA,0
485,6,111,NA,NA,NA,0
486,6,111,"H",NA,NA,0
487,6,111,"E",314,5,1
488,6,111,"H",347,4,1
489,5,112,NA,NA,NA,0
490,5,112,NA,NA,NA,0
491,5,112,NA,NA,NA,0
492,5,112,NA,NA,NA,0
493,5,112,NA,NA,NA,0
494,5,113,NA,NA,NA,0
495,5,113,NA,NA,NA,0
496,5,113,NA,NA,NA,0
497,5,113,NA,NA,NA,0
498,5,113,NA,NA,NA,0
499,6,114,NA,NA,NA,0
500,6,114,NA,NA,NA,0
501,6,114,NA,NA,NA,0
502,6,114,NA,NA,NA,0
503,6,114,NA,NA,NA,0
504,6,114,NA,NA,NA,0
505,5,115,NA,NA,NA,0
506,5,115,NA,NA,NA,0
507,5,115,NA,NA,NA,0
508,5,115,NA,NA,NA,0
509,5,115,NA,NA,NA,0
510,5,116,NA,NA,NA,0
511,5,116,NA,NA,NA,0
512,5,116,NA,NA,NA,0
513,5,116,NA,NA,NA,0
514,5,116,NA,NA,NA,0
515,5,117,NA,NA,NA,0
516,5,117,NA,NA,NA,0
517,5,117,NA,NA,NA,0
518,5,117,NA,NA,NA,0
519,5,117,NA,NA,NA,0
520,3,118,NA,NA,NA,0
521,3,118,"E",260,2,0
522,3,118,NA,NA,NA,0
523,5,119,NA,NA,NA,0
524,5,119,NA,NA,NA,0
525,5,119,NA,NA,NA,0
526,5,119,NA,NA,NA,0
527,5,119,NA,NA,NA,0
528,5,120,NA,NA,NA,0
529,5,120,NA,NA,NA,0
530,5,120,"E",313,4,0
531,5,120,NA,NA,NA,0
532,5,120,NA,NA,NA,0
533,3,121,NA,NA,NA,0
534,3,121,NA,NA,NA,0
535,3,121,NA,NA,NA,0
536,5,122,NA,NA,NA,0
537,5,122,NA,NA,NA,0
538,5,122,NA,NA,NA,0
539,5,122,NA,NA,NA,0
540,5,122,NA,NA,NA,0
541,5,123,NA,NA,NA,0
542,5,123,NA,NA,NA,0
543,5,123,NA,NA,NA,0
544,5,123,NA,NA,NA,0
545,5,123,NA,NA,NA,0
546,3,124,NA,NA,NA,0
547,3,124,NA,NA,NA,0
548,3,124,NA,NA,NA,0
549,5,125,"H",NA,NA,0
550,5,125,"H",NA,NA,0
551,5,125,NA,NA,NA,0
552,5,125,NA,NA,NA,0
553,5,125,"E",350,4,2
554,6,126,NA,NA,NA,0
555,6,126,"H",95,4,0
556,6,126,"E",72,5,1
557,6,126,NA,NA,NA,0
558,6,126,NA,NA,NA,0
559,6,126,NA,NA,NA,0
560,4,127,NA,NA,NA,0
561,4,127,NA,NA,NA,0
562,4,127,NA,NA,NA,0
563,4,127,NA,NA,NA,0
564,3,128,NA,NA,NA,0
565,3,128,NA,NA,NA,0
566,3,128,NA,NA,NA,0
567,5,129,NA,NA,NA,0
568,5,129,NA,NA,NA,0
569,5,129,"E",310,3,0
570,5,129,"E",331,3,0
571,5,129,NA,NA,NA,0
572,3,130,NA,NA,NA,0
573,3,130,NA,NA,NA,0
574,3,130,"E",323,2,0
575,5,131,"E",101,4,2
576,5,131,NA,NA,NA,0
577,5,131,"H",125,2,0
578,5,131,NA,NA,NA,0
579,5,131,"H",130,2,0
580,3,132,NA,NA,NA,0
581,3,132,NA,NA,NA,0
582,3,132,NA,NA,NA,0
583,4,133,NA,NA,NA,0
584,4,133,NA,NA,NA,0
585,4,133,NA,NA,NA,0
586,4,133,NA,NA,NA,0
587,5,134,NA,NA,NA,0
588,5,134,NA,NA,NA,0
589,5,134,NA,NA,NA,0
590,5,134,NA,NA,NA,0
591,5,134,NA,NA,NA,0
592,3,135,NA,NA,NA,0
593,3,135,NA,NA,NA,0
594,3,135,NA,NA,NA,0
595,3,136,"H",88,1,0
596,3,136,"E",49,2,1
597,3,136,NA,NA,NA,0
598,4,137,NA,NA,NA,0
599,4,137,NA,NA,NA,0
600,4,137,NA,NA,NA,0
601,4,137,NA,NA,NA,0
602,5,138,NA,NA,NA,0
603,5,138,NA,NA,NA,0
604,5,138,NA,NA,NA,0
605,5,138,NA,NA,NA,0
606,5,138,NA,NA,NA,0
607,6,139,NA,NA,NA,0
608,6,139,NA,NA,NA,0
609,6,139,NA,NA,NA,0
610,6,139,NA,NA,NA,0
611,6,139,NA,NA,NA,0
612,6,139,NA,NA,NA,0
613,6,140,"C",NA,NA,0
614,6,140,NA,NA,NA,0
615,6,140,NA,NA,NA,0
616,6,140,NA,NA,NA,0
617,6,140,NA,NA,NA,0
618,6,140,NA,NA,NA,0
619,3,141,NA,NA,NA,0
620,3,141,NA,NA,NA,0
621,3,141,NA,NA,NA,0
622,5,142,NA,NA,NA,0
623,5,142,NA,NA,NA,0
624,5,142,"E",259,4,0
625,5,142,NA,NA,NA,0
626,5,142,NA,NA,NA,0
627,6,143,NA,NA,NA,0
628,6,143,NA,NA,NA,0
629,6,143,NA,NA,NA,0
630,6,143,NA,NA,NA,0
631,6,143,"E",307,5,0
632,6,143,NA,NA,NA,0
633,5,144,NA,NA,NA,0
634,5,144,NA,NA,NA,0
635,5,144,NA,NA,NA,0
636,5,144,NA,NA,NA,0
637,5,144,NA,NA,NA,0
638,6,145,NA,NA,NA,0
639,6,145,NA,NA,NA,0
640,6,145,NA,NA,NA,0
641,6,145,NA,NA,NA,0
642,6,145,NA,NA,NA,0
643,6,145,"E",278,5,0
644,3,146,NA,NA,NA,0
645,3,146,NA,NA,NA,0
646,3,146,NA,NA,NA,0
647,6,147,NA,NA,NA,0
648,6,147,NA,NA,NA,0
649,6,147,NA,NA,NA,0
650,6,147,NA,NA,NA,0
651,6,147,NA,NA,NA,0
652,6,147,NA,NA,NA,0
653,6,148,NA,NA,NA,0
654,6,148,NA,NA,NA,0
655,6,148,NA,NA,NA,0
656,6,148,NA,NA,NA,0
657,6,148,NA,NA,NA,0
658,6,148,NA,NA,NA,0
659,3,149,"E",224,2,0
660,3,149,NA,NA,NA,0
661,3,149,NA,NA,NA,0
662,3,150,NA,NA,NA,0
663,3,150,"E",322,2,0
664,3,150,NA,NA,NA,0
665,5,151,NA,NA,NA,0
666,5,151,NA,NA,NA,0
667,5,151,NA,NA,NA,0
668,5,151,NA,NA,NA,0
669,5,151,NA,NA,NA,0
670,6,152,"E",182,5,1
671,6,152,"H",210,4,0
672,6,152,NA,NA,NA,0
673,6,152,NA,NA,NA,0
674,6,152,NA,NA,NA,0
675,6,152,NA,NA,NA,0
676,6,153,NA,NA,NA,0
677,6,153,NA,NA,NA,0
678,6,153,NA,NA,NA,0
679,6,153,NA,NA,NA,0
680,6,153,NA,NA,NA,0
681,6,153,NA,NA,NA,0
682,5,154,NA,NA,NA,0
683,5,154,NA,NA,NA,0
684,5,154,NA,NA,NA,0
685,5,154,NA,NA,NA,0
686,5,154,NA,NA,NA,0
687,6,155,NA,NA,NA,0
688,6,155,NA,NA,NA,0
689,6,155,NA,NA,NA,0
690,6,155,"E",303,5,0
691,6,155,NA,NA,NA,0
692,6,155,NA,NA,NA,0
693,5,156,NA,NA,NA,0
694,5,156,"H",334,2,0
695,5,156,"H",289,3,1
696,5,156,NA,NA,NA,0
697,5,156,"E",262,4,1
698,5,157,NA,NA,NA,0
699,5,157,NA,NA,NA,0
700,5,157,NA,NA,NA,0
701,5,157,NA,NA,NA,0
702,5,157,NA,NA,NA,0
703,5,158,NA,NA,NA,0
704,5,158,NA,NA,NA,0
705,5,158,NA,NA,NA,0
706,5,158,NA,NA,NA,0
707,5,158,NA,NA,NA,0
708,6,159,NA,NA,NA,0
709,6,159,NA,NA,NA,0
710,6,159,NA,NA,NA,0
711,6,159,NA,NA,NA,0
712,6,159,NA,NA,NA,0
713,6,159,NA,NA,NA,0
714,4,160,"H",197,1,0
715,4,160,NA,NA,NA,0
716,4,160,"H",191,1,0
717,4,160,"E",163,3,2
718,3,161,NA,NA,NA,0
719,3,161,NA,NA,NA,0
720,3,161,NA,NA,NA,0
721,3,162,NA,NA,NA,0
722,3,162,NA,NA,NA,0
723,3,162,NA,NA,NA,0
724,6,163,"E",NA,NA,0
725,6,163,NA,NA,NA,0
726,6,163,NA,NA,NA,0
727,6,163,NA,NA,NA,0
728,6,163,NA,NA,NA,0
729,6,163,NA,NA,NA,0
730,5,164,NA,NA,NA,0
731,5,164,NA,NA,NA,0
732,5,164,NA,NA,NA,0
733,5,164,NA,NA,NA,0
734,5,164,NA,NA,NA,0
735,6,165,NA,NA,NA,0
736,6,165,NA,NA,NA,0
737,6,165,NA,NA,NA,0
738,6,165,NA,NA,NA,0
739,6,165,NA,NA,NA,0
740,6,165,"E",163,5,0
741,6,166,NA,NA,NA,0
742,6,166,NA,NA,NA,0
743,6,166,NA,NA,NA,0
744,6,166,NA,NA,NA,0
745,6,166,NA,NA,NA,0
746,6,166,NA,NA,NA,0
747,5,167,NA,NA,NA,0
748,5,167,NA,NA,NA,0
749,5,167,NA,NA,NA,0
750,5,167,NA,NA,NA,0
751,5,167,NA,NA,NA,0
752,3,168,NA,NA,NA,0
753,3,168,NA,NA,NA,0
754,3,168,NA,NA,NA,0
755,6,169,NA,NA,NA,0
756,6,169,NA,NA,NA,0
757,6,169,NA,NA,NA,0
758,6,169,NA,NA,NA,0
759,6,169,NA,NA,NA,0
760,6,169,NA,NA,NA,0
761,4,170,NA,NA,NA,0
762,4,170,NA,NA,NA,0
763,4,170,NA,NA,NA,0
764,4,170,NA,NA,NA,0
765,3,171,NA,NA,NA,0
766,3,171,NA,NA,NA,0
767,3,171,NA,NA,NA,0
768,5,172,"E",248,3,1
769,5,172,NA,NA,NA,0
770,5,172,"H",284,2,1
771,5,172,"E",240,3,0
772,5,172,"H",310,1,0
773,5,173,NA,NA,NA,0
774,5,173,"E",77,4,0
775,5,173,NA,NA,NA,0
776,5,173,NA,NA,NA,0
777,5,173,NA,NA,NA,0
778,4,174,NA,NA,NA,0
779,4,174,NA,NA,NA,0
780,4,174,NA,NA,NA,0
781,4,174,NA,NA,NA,0
782,6,175,NA,NA,NA,0
783,6,175,NA,NA,NA,0
784,6,175,NA,NA,NA,0
785,6,175,NA,NA,NA,0
786,6,175,NA,NA,NA,0
787,6,175,NA,NA,NA,0
788,5,176,NA,NA,NA,0
789,5,176,NA,NA,NA,0
790,5,176,NA,NA,NA,0
791,5,176,NA,NA,NA,0
792,5,176,NA,NA,NA,0
793,3,177,NA,NA,NA,0
794,3,177,NA,NA,NA,0
795,3,177,NA,NA,NA,0
796,6,178,NA,NA,NA,0
797,6,178,NA,NA,NA,0
798,6,178,NA,NA,NA,0
799,6,178,NA,NA,NA,0
800,6,178,NA,NA,NA,0
801,6,178,NA,NA,NA,0
802,4,179,NA,NA,NA,0
803,4,179,NA,NA,NA,0
804,4,179,NA,NA,NA,0
805,4,179,NA,NA,NA,0
806,5,180,NA,NA,NA,0
807,5,180,NA,NA,NA,0
808,5,180,NA,NA,NA,0
809,5,180,NA,NA,NA,0
810,5,180,NA,NA,NA,0
811,5,181,NA,NA,NA,0
812,5,181,NA,NA,NA,0
813,5,181,NA,NA,NA,0
814,5,181,NA,NA,NA,0
815,5,181,NA,NA,NA,0
816,4,182,NA,NA,NA,0
817,4,182,NA,NA,NA,0
818,4,182,NA,NA,NA,0
819,4,182,NA,NA,NA,0
820,3,183,NA,NA,NA,0
821,3,183,"E",284,2,0
822,3,183,NA,NA,NA,0
823,6,184,NA,NA,NA,0
824,6,184,NA,NA,NA,0
825,6,184,NA,NA,NA,0
826,6,184,NA,NA,NA,0
827,6,184,NA,NA,NA,0
828,6,184,NA,NA,NA,0
829,6,185,NA,NA,NA,0
830,6,185,NA,NA,NA,0
831,6,185,NA,NA,NA,0
832,6,185,NA,NA,NA,0
833,6,185,NA,NA,NA,0
834,6,185,NA,NA,NA,0
835,5,186,NA,NA,NA,0
836,5,186,NA,NA,NA,0
837,5,186,NA,NA,NA,0
838,5,186,NA,NA,NA,0
839,5,186,NA,NA,NA,0
840,4,187,"H",263,2,0
841,4,187,NA,NA,NA,0
842,4,187,NA,NA,NA,0
843,4,187,"E",223,3,1
844,5,188,NA,NA,NA,0
845,5,188,NA,NA,NA,0
846,5,188,NA,NA,NA,0
847,5,188,NA,NA,NA,0
848,5,188,NA,NA,NA,0
849,6,189,NA,NA,NA,0
850,6,189,NA,NA,NA,0
851,6,189,NA,NA,NA,0
852,6,189,NA,NA,NA,0
853,6,189,NA,NA,NA,0
854,6,189,NA,NA,NA,0
855,4,190,NA,NA,NA,0
856,4,190,NA,NA,NA,0
857,4,190,NA,NA,NA,0
858,4,190,NA,NA,NA,0
859,5,191,NA,NA,NA,0
860,5,191,NA,NA,NA,0
861,5,191,NA,NA,NA,0
862,5,191,NA,NA,NA,0
863,5,191,NA,NA,NA,0
864,5,192,"E",16,4,0
865,5,192,NA,NA,NA,0
866,5,192,NA,NA,NA,0
867,5,192,NA,NA,NA,0
868,5,192,NA,NA,NA,0
869,6,193,NA,NA,NA,0
870,6,193,NA,NA,NA,0
871,6,193,NA,NA,NA,0
872,6,193,NA,NA,NA,0
873,6,193,"E",252,5,0
874,6,193,NA,NA,NA,0
875,3,194,NA,NA,NA,0
876,3,194,NA,NA,NA,0
877,3,194,NA,NA,NA,0
878,5,195,"H",258,3,0
879,5,195,NA,NA,NA,0
880,5,195,NA,NA,NA,0
881,5,195,"E",239,4,1
882,5,195,NA,NA,NA,0
883,5,196,NA,NA,NA,0
884,5,196,NA,NA,NA,0
885,5,196,NA,NA,NA,0
886,5,196,NA,NA,NA,0
887,5,196,NA,NA,NA,0
888,3,197,"E",257,1,0
889,3,197,NA,NA,NA,0
890,3,197,"E",228,1,0
891,6,198,NA,NA,NA,0
892,6,198,NA,NA,NA,0
893,6,198,NA,NA,NA,0
894,6,198,NA,NA,NA,0
895,6,198,NA,NA,NA,0
896,6,198,NA,NA,NA,0
897,5,199,NA,NA,NA,0
898,5,199,NA,NA,NA,0
899,5,199,NA,NA,NA,0
900,5,199,NA,NA,NA,0
901,5,199,"E",206,4,0
902,3,200,NA,NA,NA,0
903,3,200,NA,NA,NA,0
904,3,200,NA,NA,NA,0
905,6,201,"E",233,5,1
906,6,201,NA,NA,NA,0
907,6,201,NA,NA,NA,0
908,6,201,"H",247,4,0
909,6,201,NA,NA,NA,0
910,6,201,NA,NA,NA,0
911,6,202,NA,NA,NA,0
912,6,202,"E",NA,NA,0
913,6,202,NA,NA,NA,0
914,6,202,NA,NA,NA,0
915,6,202,NA,NA,NA,0
916,6,202,NA,NA,NA,0
917,6,203,NA,NA,NA,0
918,6,203,NA,NA,NA,0
919,6,203,NA,NA,NA,0
920,6,203,NA,NA,NA,0
921,6,203,NA,NA,NA,0
922,6,203,NA,NA,NA,0
923,3,204,NA,NA,NA,0
924,3,204,NA,NA,NA,0
925,3,204,NA,NA,NA,0
926,4,205,"E",219,3,1
927,4,205,"H",252,1,0
928,4,205,NA,NA,NA,0
929,4,205,"E",264,1,0
930,6,206,NA,NA,NA,0
931,6,206,NA,NA,NA,0
932,6,206,NA,NA,NA,0
933,6,206,NA,NA,NA,0
934,6,206,NA,NA,NA,0
935,6,206,NA,NA,NA,0
936,6,207,NA,NA,NA,0
937,6,207,NA,NA,NA,0
938,6,207,NA,NA,NA,0
939,6,207,NA,NA,NA,0
940,6,207,NA,NA,NA,0
941,6,207,NA,NA,NA,0
942,5,208,NA,NA,NA,0
943,5,208,NA,NA,NA,0
944,5,208,NA,NA,NA,0
945,5,208,NA,NA,NA,0
946,5,208,NA,NA,NA,0
947,4,209,NA,NA,NA,0
948,4,209,NA,NA,NA,0
949,4,209,NA,NA,NA,0
950,4,209,NA,NA,NA,0
951,4,210,NA,NA,NA,0
952,4,210,NA,NA,NA,0
953,4,210,NA,NA,NA,0
954,4,210,NA,NA,NA,0
955,4,211,NA,NA,NA,0
956,4,211,NA,NA,NA,0
957,4,211,NA,NA,NA,0
958,4,211,NA,NA,NA,0
959,3,212,NA,NA,NA,0
960,3,212,NA,NA,NA,0
961,3,212,NA,NA,NA,0
962,4,213,NA,NA,NA,0
963,4,213,"E",239,3,0
964,4,213,NA,NA,NA,0
965,4,213,NA,NA,NA,0
966,6,214,NA,NA,NA,0
967,6,214,NA,NA,NA,0
968,6,214,NA,NA,NA,0
969,6,214,NA,NA,NA,0
970,6,214,NA,NA,NA,0
971,6,214,"E",245,5,0
972,5,215,NA,NA,NA,0
973,5,215,NA,NA,NA,0
974,5,215,NA,NA,NA,0
975,5,215,NA,NA,NA,0
976,5,215,NA,NA,NA,0
977,4,216,NA,NA,NA,0
978,4,216,NA,NA,NA,0
979,4,216,NA,NA,NA,0
980,4,216,NA,NA,NA,0
981,5,217,NA,NA,NA,0
982,5,217,NA,NA,NA,0
983,5,217,NA,NA,NA,0
984,5,217,NA,NA,NA,0
985,5,217,NA,NA,NA,0
986,3,218,NA,NA,NA,0
987,3,218,NA,NA,NA,0
988,3,218,NA,NA,NA,0
989,4,219,NA,NA,NA,0
990,4,219,NA,NA,NA,0
991,4,219,"E",116,3,0
992,4,219,NA,NA,NA,0
993,5,220,NA,NA,NA,0
994,5,220,"E",82,4,0
995,5,220,NA,NA,NA,0
996,5,220,NA,NA,NA,0
997,5,220,NA,NA,NA,0
998,3,221,NA,NA,NA,0
999,3,221,NA,NA,NA,0
1000,3,221,"E",324,2,0
