"ID","SIZE","HH","TYPE","TIME","S_NUM","I_NUM"
1,5,1,"0",NA,NA,0
2,5,1,NA,NA,NA,0
3,5,1,NA,NA,NA,0
4,5,1,NA,NA,NA,0
5,5,1,NA,NA,NA,0
6,4,2,NA,NA,NA,0
7,4,2,NA,NA,NA,0
8,4,2,NA,NA,NA,0
9,4,2,NA,NA,NA,0
10,4,3,NA,NA,NA,0
11,4,3,NA,NA,NA,0
12,4,3,NA,NA,NA,0
13,4,3,NA,NA,NA,0
14,6,4,NA,NA,NA,0
15,6,4,NA,NA,NA,0
16,6,4,NA,NA,NA,0
17,6,4,"E",280,5,0
18,6,4,NA,NA,NA,0
19,6,4,NA,NA,NA,0
20,5,5,NA,NA,NA,0
21,5,5,"E",182,4,1
22,5,5,NA,NA,NA,0
23,5,5,NA,NA,NA,0
24,5,5,"H",224,3,0
25,6,6,NA,NA,NA,0
26,6,6,"E",78,5,0
27,6,6,NA,NA,NA,0
28,6,6,NA,NA,NA,0
29,6,6,NA,NA,NA,0
30,6,6,NA,NA,NA,0
31,3,7,NA,NA,NA,0
32,3,7,NA,NA,NA,0
33,3,7,NA,NA,NA,0
34,4,8,NA,NA,NA,0
35,4,8,NA,NA,NA,0
36,4,8,NA,NA,NA,0
37,4,8,NA,NA,NA,0
38,3,9,NA,NA,NA,0
39,3,9,NA,NA,NA,0
40,3,9,NA,NA,NA,0
41,4,10,NA,NA,NA,0
42,4,10,NA,NA,NA,0
43,4,10,NA,NA,NA,0
44,4,10,NA,NA,NA,0
45,6,11,NA,NA,NA,0
46,6,11,NA,NA,NA,0
47,6,11,NA,NA,NA,0
48,6,11,NA,NA,NA,0
49,6,11,"E",338,5,0
50,6,11,NA,NA,NA,0
51,4,12,NA,NA,NA,0
52,4,12,NA,NA,NA,0
53,4,12,NA,NA,NA,0
54,4,12,NA,NA,NA,0
55,3,13,NA,NA,NA,0
56,3,13,NA,NA,NA,0
57,3,13,NA,NA,NA,0
58,5,14,NA,NA,NA,0
59,5,14,NA,NA,NA,0
60,5,14,NA,NA,NA,0
61,5,14,NA,NA,NA,0
62,5,14,NA,NA,NA,0
63,6,15,NA,NA,NA,0
64,6,15,NA,NA,NA,0
65,6,15,NA,NA,NA,0
66,6,15,NA,NA,NA,0
67,6,15,NA,NA,NA,0
68,6,15,NA,NA,NA,0
69,3,16,"E",169,2,0
70,3,16,NA,NA,NA,0
71,3,16,NA,NA,NA,0
72,4,17,NA,NA,NA,0
73,4,17,NA,NA,NA,0
74,4,17,NA,NA,NA,0
75,4,17,NA,NA,NA,0
76,5,18,NA,NA,NA,0
77,5,18,NA,NA,NA,0
78,5,18,NA,NA,NA,0
79,5,18,NA,NA,NA,0
80,5,18,NA,NA,NA,0
81,5,19,NA,NA,NA,0
82,5,19,NA,NA,NA,0
83,5,19,NA,NA,NA,0
84,5,19,NA,NA,NA,0
85,5,19,NA,NA,NA,0
86,3,20,NA,NA,NA,0
87,3,20,NA,NA,NA,0
88,3,20,NA,NA,NA,0
89,3,21,NA,NA,NA,0
90,3,21,NA,NA,NA,0
91,3,21,"E",167,2,0
92,3,22,NA,NA,NA,0
93,3,22,NA,NA,NA,0
94,3,22,NA,NA,NA,0
95,5,23,NA,NA,NA,0
96,5,23,NA,NA,NA,0
97,5,23,NA,NA,NA,0
98,5,23,NA,NA,NA,0
99,5,23,NA,NA,NA,0
100,4,24,NA,NA,NA,0
101,4,24,"E",344,3,0
102,4,24,NA,NA,NA,0
103,4,24,NA,NA,NA,0
104,5,25,NA,NA,NA,0
105,5,25,NA,NA,NA,0
106,5,25,NA,NA,NA,0
107,5,25,NA,NA,NA,0
108,5,25,NA,NA,NA,0
109,3,26,NA,NA,NA,0
110,3,26,NA,NA,NA,0
111,3,26,NA,NA,NA,0
112,5,27,NA,NA,NA,0
113,5,27,NA,NA,NA,0
114,5,27,NA,NA,NA,0
115,5,27,NA,NA,NA,0
116,5,27,NA,NA,NA,0
117,3,28,NA,NA,NA,0
118,3,28,NA,NA,NA,0
119,3,28,NA,NA,NA,0
120,5,29,NA,NA,NA,0
121,5,29,NA,NA,NA,0
122,5,29,NA,NA,NA,0
123,5,29,"E",314,4,0
124,5,29,NA,NA,NA,0
125,3,30,NA,NA,NA,0
126,3,30,NA,NA,NA,0
127,3,30,NA,NA,NA,0
128,6,31,NA,NA,NA,0
129,6,31,NA,NA,NA,0
130,6,31,NA,NA,NA,0
131,6,31,NA,NA,NA,0
132,6,31,NA,NA,NA,0
133,6,31,NA,NA,NA,0
134,6,32,NA,NA,NA,0
135,6,32,NA,NA,NA,0
136,6,32,NA,NA,NA,0
137,6,32,"E",218,5,1
138,6,32,NA,NA,NA,0
139,6,32,"H",237,4,0
140,5,33,NA,NA,NA,0
141,5,33,NA,NA,NA,0
142,5,33,NA,NA,NA,0
143,5,33,NA,NA,NA,0
144,5,33,NA,NA,NA,0
145,5,34,NA,NA,NA,0
146,5,34,NA,NA,NA,0
147,5,34,NA,NA,NA,0
148,5,34,NA,NA,NA,0
149,5,34,NA,NA,NA,0
150,4,35,NA,NA,NA,0
151,4,35,NA,NA,NA,0
152,4,35,NA,NA,NA,0
153,4,35,"E",344,3,0
154,5,36,NA,NA,NA,0
155,5,36,NA,NA,NA,0
156,5,36,NA,NA,NA,0
157,5,36,NA,NA,NA,0
158,5,36,NA,NA,NA,0
159,3,37,NA,NA,NA,0
160,3,37,NA,NA,NA,0
161,3,37,NA,NA,NA,0
162,5,38,NA,NA,NA,0
163,5,38,"E",138,4,0
164,5,38,NA,NA,NA,0
165,5,38,NA,NA,NA,0
166,5,38,NA,NA,NA,0
167,5,39,NA,NA,NA,0
168,5,39,NA,NA,NA,0
169,5,39,NA,NA,NA,0
170,5,39,"E",135,4,0
171,5,39,NA,NA,NA,0
172,4,40,NA,NA,NA,0
173,4,40,NA,NA,NA,0
174,4,40,NA,NA,NA,0
175,4,40,NA,NA,NA,0
176,5,41,NA,NA,NA,0
177,5,41,NA,NA,NA,0
178,5,41,NA,NA,NA,0
179,5,41,NA,NA,NA,0
180,5,41,NA,NA,NA,0
181,6,42,NA,NA,NA,0
182,6,42,NA,NA,NA,0
183,6,42,NA,NA,NA,0
184,6,42,NA,NA,NA,0
185,6,42,"E",60,5,0
186,6,42,NA,NA,NA,0
187,5,43,"E",NA,NA,0
188,5,43,NA,NA,NA,0
189,5,43,NA,NA,NA,0
190,5,43,NA,NA,NA,0
191,5,43,"E",151,4,0
192,6,44,NA,NA,NA,0
193,6,44,NA,NA,NA,0
194,6,44,NA,NA,NA,0
195,6,44,NA,NA,NA,0
196,6,44,NA,NA,NA,0
197,6,44,NA,NA,NA,0
198,6,45,NA,NA,NA,0
199,6,45,NA,NA,NA,0
200,6,45,NA,NA,NA,0
201,6,45,NA,NA,NA,0
202,6,45,NA,NA,NA,0
203,6,45,NA,NA,NA,0
204,5,46,NA,NA,NA,0
205,5,46,NA,NA,NA,0
206,5,46,"E",81,4,0
207,5,46,NA,NA,NA,0
208,5,46,NA,NA,NA,0
209,3,47,NA,NA,NA,0
210,3,47,NA,NA,NA,0
211,3,47,NA,NA,NA,0
212,6,48,NA,NA,NA,0
213,6,48,NA,NA,NA,0
214,6,48,"E",292,5,1
215,6,48,"H",317,4,0
216,6,48,NA,NA,NA,0
217,6,48,NA,NA,NA,0
218,5,49,NA,NA,NA,0
219,5,49,NA,NA,NA,0
220,5,49,NA,NA,NA,0
221,5,49,NA,NA,NA,0
222,5,49,NA,NA,NA,0
223,6,50,NA,NA,NA,0
224,6,50,NA,NA,NA,0
225,6,50,NA,NA,NA,0
226,6,50,NA,NA,NA,0
227,6,50,NA,NA,NA,0
228,6,50,NA,NA,NA,0
229,3,51,NA,NA,NA,0
230,3,51,NA,NA,NA,0
231,3,51,NA,NA,NA,0
232,3,52,"E",167,2,0
233,3,52,NA,NA,NA,0
234,3,52,NA,NA,NA,0
235,4,53,"E",207,3,0
236,4,53,NA,NA,NA,0
237,4,53,NA,NA,NA,0
238,4,53,NA,NA,NA,0
239,5,54,NA,NA,NA,0
240,5,54,NA,NA,NA,0
241,5,54,NA,NA,NA,0
242,5,54,NA,NA,NA,0
243,5,54,NA,NA,NA,0
244,6,55,NA,NA,NA,0
245,6,55,NA,NA,NA,0
246,6,55,NA,NA,NA,0
247,6,55,NA,NA,NA,0
248,6,55,"E",153,5,1
249,6,55,"H",170,4,0
250,5,56,NA,NA,NA,0
251,5,56,NA,NA,NA,0
252,5,56,NA,NA,NA,0
253,5,56,NA,NA,NA,0
254,5,56,NA,NA,NA,0
255,4,57,NA,NA,NA,0
256,4,57,NA,NA,NA,0
257,4,57,NA,NA,NA,0
258,4,57,NA,NA,NA,0
259,4,58,NA,NA,NA,0
260,4,58,NA,NA,NA,0
261,4,58,NA,NA,NA,0
262,4,58,NA,NA,NA,0
263,5,59,"E",168,4,0
264,5,59,NA,NA,NA,0
265,5,59,"E",288,3,1
266,5,59,NA,NA,NA,0
267,5,59,"H",324,2,0
268,6,60,NA,NA,NA,0
269,6,60,NA,NA,NA,0
270,6,60,NA,NA,NA,0
271,6,60,NA,NA,NA,0
272,6,60,NA,NA,NA,0
273,6,60,NA,NA,NA,0
274,3,61,NA,NA,NA,0
275,3,61,NA,NA,NA,0
276,3,61,NA,NA,NA,0
277,6,62,NA,NA,NA,0
278,6,62,NA,NA,NA,0
279,6,62,NA,NA,NA,0
280,6,62,NA,NA,NA,0
281,6,62,NA,NA,NA,0
282,6,62,NA,NA,NA,0
283,5,63,NA,NA,NA,0
284,5,63,NA,NA,NA,0
285,5,63,NA,NA,NA,0
286,5,63,NA,NA,NA,0
287,5,63,NA,NA,NA,0
288,5,64,NA,NA,NA,0
289,5,64,NA,NA,NA,0
290,5,64,NA,NA,NA,0
291,5,64,NA,NA,NA,0
292,5,64,NA,NA,NA,0
293,4,65,NA,NA,NA,0
294,4,65,NA,NA,NA,0
295,4,65,NA,NA,NA,0
296,4,65,NA,NA,NA,0
297,4,66,NA,NA,NA,0
298,4,66,NA,NA,NA,0
299,4,66,NA,NA,NA,0
300,4,66,NA,NA,NA,0
301,6,67,NA,NA,NA,0
302,6,67,NA,NA,NA,0
303,6,67,NA,NA,NA,0
304,6,67,NA,NA,NA,0
305,6,67,NA,NA,NA,0
306,6,67,NA,NA,NA,0
307,3,68,NA,NA,NA,0
308,3,68,NA,NA,NA,0
309,3,68,NA,NA,NA,0
310,4,69,NA,NA,NA,0
311,4,69,NA,NA,NA,0
312,4,69,NA,NA,NA,0
313,4,69,NA,NA,NA,0
314,6,70,NA,NA,NA,0
315,6,70,NA,NA,NA,0
316,6,70,NA,NA,NA,0
317,6,70,NA,NA,NA,0
318,6,70,NA,NA,NA,0
319,6,70,NA,NA,NA,0
320,6,71,NA,NA,NA,0
321,6,71,NA,NA,NA,0
322,6,71,NA,NA,NA,0
323,6,71,NA,NA,NA,0
324,6,71,NA,NA,NA,0
325,6,71,NA,NA,NA,0
326,6,72,NA,NA,NA,0
327,6,72,NA,NA,NA,0
328,6,72,NA,NA,NA,0
329,6,72,NA,NA,NA,0
330,6,72,NA,NA,NA,0
331,6,72,NA,NA,NA,0
332,5,73,NA,NA,NA,0
333,5,73,NA,NA,NA,0
334,5,73,NA,NA,NA,0
335,5,73,NA,NA,NA,0
336,5,73,NA,NA,NA,0
337,3,74,NA,NA,NA,0
338,3,74,NA,NA,NA,0
339,3,74,NA,NA,NA,0
340,4,75,NA,NA,NA,0
341,4,75,"E",51,3,0
342,4,75,NA,NA,NA,0
343,4,75,NA,NA,NA,0
344,3,76,NA,NA,NA,0
345,3,76,NA,NA,NA,0
346,3,76,NA,NA,NA,0
347,4,77,NA,NA,NA,0
348,4,77,"E",288,3,1
349,4,77,"H",361,1,0
350,4,77,"H",341,2,1
351,5,78,NA,NA,NA,0
352,5,78,NA,NA,NA,0
353,5,78,"E",243,4,1
354,5,78,NA,NA,NA,0
355,5,78,"H",269,3,0
356,5,79,NA,NA,NA,0
357,5,79,NA,NA,NA,0
358,5,79,NA,NA,NA,0
359,5,79,NA,NA,NA,0
360,5,79,NA,NA,NA,0
361,6,80,NA,NA,NA,0
362,6,80,NA,NA,NA,0
363,6,80,NA,NA,NA,0
364,6,80,NA,NA,NA,0
365,6,80,NA,NA,NA,0
366,6,80,NA,NA,NA,0
367,5,81,NA,NA,NA,0
368,5,81,NA,NA,NA,0
369,5,81,NA,NA,NA,0
370,5,81,NA,NA,NA,0
371,5,81,NA,NA,NA,0
372,5,82,NA,NA,NA,0
373,5,82,"E",99,4,0
374,5,82,NA,NA,NA,0
375,5,82,NA,NA,NA,0
376,5,82,NA,NA,NA,0
377,5,83,NA,NA,NA,0
378,5,83,NA,NA,NA,0
379,5,83,"E",298,4,0
380,5,83,NA,NA,NA,0
381,5,83,NA,NA,NA,0
382,3,84,"E",207,2,0
383,3,84,NA,NA,NA,0
384,3,84,NA,NA,NA,0
385,3,85,"H",239,0,0
386,3,85,"E",205,2,2
387,3,85,"H",241,0,0
388,3,86,NA,NA,NA,0
389,3,86,NA,NA,NA,0
390,3,86,NA,NA,NA,0
391,4,87,NA,NA,NA,0
392,4,87,NA,NA,NA,0
393,4,87,NA,NA,NA,0
394,4,87,NA,NA,NA,0
395,3,88,NA,NA,NA,0
396,3,88,NA,NA,NA,0
397,3,88,NA,NA,NA,0
398,6,89,NA,NA,NA,0
399,6,89,NA,NA,NA,0
400,6,89,NA,NA,NA,0
401,6,89,NA,NA,NA,0
402,6,89,NA,NA,NA,0
403,6,89,NA,NA,NA,0
404,3,90,NA,NA,NA,0
405,3,90,NA,NA,NA,0
406,3,90,NA,NA,NA,0
407,5,91,NA,NA,NA,0
408,5,91,NA,NA,NA,0
409,5,91,NA,NA,NA,0
410,5,91,NA,NA,NA,0
411,5,91,NA,NA,NA,0
412,3,92,NA,NA,NA,0
413,3,92,NA,NA,NA,0
414,3,92,NA,NA,NA,0
415,5,93,NA,NA,NA,0
416,5,93,NA,NA,NA,0
417,5,93,NA,NA,NA,0
418,5,93,NA,NA,NA,0
419,5,93,NA,NA,NA,0
420,3,94,NA,NA,NA,0
421,3,94,NA,NA,NA,0
422,3,94,NA,NA,NA,0
423,6,95,NA,NA,NA,0
424,6,95,NA,NA,NA,0
425,6,95,NA,NA,NA,0
426,6,95,"E",209,4,0
427,6,95,"E",215,4,0
428,6,95,NA,NA,NA,0
429,4,96,NA,NA,NA,0
430,4,96,"E",166,3,0
431,4,96,NA,NA,NA,0
432,4,96,NA,NA,NA,0
433,4,97,NA,NA,NA,0
434,4,97,NA,NA,NA,0
435,4,97,NA,NA,NA,0
436,4,97,NA,NA,NA,0
437,5,98,NA,NA,NA,0
438,5,98,NA,NA,NA,0
439,5,98,NA,NA,NA,0
440,5,98,NA,NA,NA,0
441,5,98,"E",NA,NA,0
442,4,99,NA,NA,NA,0
443,4,99,NA,NA,NA,0
444,4,99,"E",70,3,0
445,4,99,"E",198,2,0
446,3,100,NA,NA,NA,0
447,3,100,NA,NA,NA,0
448,3,100,NA,NA,NA,0
449,5,101,"E",360,4,0
450,5,101,NA,NA,NA,0
451,5,101,NA,NA,NA,0
452,5,101,NA,NA,NA,0
453,5,101,NA,NA,NA,0
454,6,102,NA,NA,NA,0
455,6,102,NA,NA,NA,0
456,6,102,NA,NA,NA,0
457,6,102,NA,NA,NA,0
458,6,102,NA,NA,NA,0
459,6,102,NA,NA,NA,0
460,5,103,NA,NA,NA,0
461,5,103,NA,NA,NA,0
462,5,103,NA,NA,NA,0
463,5,103,NA,NA,NA,0
464,5,103,NA,NA,NA,0
465,6,104,NA,NA,NA,0
466,6,104,NA,NA,NA,0
467,6,104,NA,NA,NA,0
468,6,104,NA,NA,NA,0
469,6,104,NA,NA,NA,0
470,6,104,NA,NA,NA,0
471,3,105,NA,NA,NA,0
472,3,105,"E",NA,NA,0
473,3,105,NA,NA,NA,0
474,5,106,NA,NA,NA,0
475,5,106,NA,NA,NA,0
476,5,106,NA,NA,NA,0
477,5,106,NA,NA,NA,0
478,5,106,NA,NA,NA,0
479,4,107,"H",137,1,0
480,4,107,"E",42,3,0
481,4,107,"E",118,2,1
482,4,107,NA,NA,NA,0
483,4,108,NA,NA,NA,0
484,4,108,NA,NA,NA,0
485,4,108,NA,NA,NA,0
486,4,108,NA,NA,NA,0
487,6,109,"H",295,4,0
488,6,109,NA,NA,NA,0
489,6,109,NA,NA,NA,0
490,6,109,NA,NA,NA,0
491,6,109,"E",253,5,1
492,6,109,NA,NA,NA,0
493,4,110,NA,NA,NA,0
494,4,110,NA,NA,NA,0
495,4,110,NA,NA,NA,0
496,4,110,NA,NA,NA,0
497,4,111,NA,NA,NA,0
498,4,111,NA,NA,NA,0
499,4,111,NA,NA,NA,0
500,4,111,NA,NA,NA,0
501,5,112,NA,NA,NA,0
502,5,112,NA,NA,NA,0
503,5,112,NA,NA,NA,0
504,5,112,NA,NA,NA,0
505,5,112,NA,NA,NA,0
506,5,113,NA,NA,NA,0
507,5,113,NA,NA,NA,0
508,5,113,NA,NA,NA,0
509,5,113,NA,NA,NA,0
510,5,113,NA,NA,NA,0
511,4,114,NA,NA,NA,0
512,4,114,NA,NA,NA,0
513,4,114,NA,NA,NA,0
514,4,114,NA,NA,NA,0
515,3,115,NA,NA,NA,0
516,3,115,NA,NA,NA,0
517,3,115,"E",NA,NA,0
518,5,116,NA,NA,NA,0
519,5,116,NA,NA,NA,0
520,5,116,NA,NA,NA,0
521,5,116,NA,NA,NA,0
522,5,116,NA,NA,NA,0
523,5,117,NA,NA,NA,0
524,5,117,NA,NA,NA,0
525,5,117,NA,NA,NA,0
526,5,117,NA,NA,NA,0
527,5,117,NA,NA,NA,0
528,4,118,"E",121,3,1
529,4,118,NA,NA,NA,0
530,4,118,"H",135,2,0
531,4,118,NA,NA,NA,0
532,6,119,NA,NA,NA,0
533,6,119,NA,NA,NA,0
534,6,119,NA,NA,NA,0
535,6,119,NA,NA,NA,0
536,6,119,NA,NA,NA,0
537,6,119,NA,NA,NA,0
538,4,120,NA,NA,NA,0
539,4,120,NA,NA,NA,0
540,4,120,NA,NA,NA,0
541,4,120,"E",199,3,0
542,4,121,NA,NA,NA,0
543,4,121,NA,NA,NA,0
544,4,121,NA,NA,NA,0
545,4,121,NA,NA,NA,0
546,4,122,NA,NA,NA,0
547,4,122,NA,NA,NA,0
548,4,122,NA,NA,NA,0
549,4,122,NA,NA,NA,0
550,4,123,NA,NA,NA,0
551,4,123,NA,NA,NA,0
552,4,123,NA,NA,NA,0
553,4,123,NA,NA,NA,0
554,3,124,NA,NA,NA,0
555,3,124,NA,NA,NA,0
556,3,124,NA,NA,NA,0
557,4,125,NA,NA,NA,0
558,4,125,NA,NA,NA,0
559,4,125,NA,NA,NA,0
560,4,125,"E",24,3,0
561,4,126,NA,NA,NA,0
562,4,126,NA,NA,NA,0
563,4,126,NA,NA,NA,0
564,4,126,NA,NA,NA,0
565,3,127,NA,NA,NA,0
566,3,127,NA,NA,NA,0
567,3,127,NA,NA,NA,0
568,3,128,NA,NA,NA,0
569,3,128,NA,NA,NA,0
570,3,128,"E",304,2,0
571,5,129,NA,NA,NA,0
572,5,129,NA,NA,NA,0
573,5,129,NA,NA,NA,0
574,5,129,NA,NA,NA,0
575,5,129,NA,NA,NA,0
576,6,130,NA,NA,NA,0
577,6,130,NA,NA,NA,0
578,6,130,NA,NA,NA,0
579,6,130,NA,NA,NA,0
580,6,130,NA,NA,NA,0
581,6,130,"E",170,5,0
582,3,131,NA,NA,NA,0
583,3,131,NA,NA,NA,0
584,3,131,NA,NA,NA,0
585,6,132,NA,NA,NA,0
586,6,132,NA,NA,NA,0
587,6,132,"E",210,5,0
588,6,132,NA,NA,NA,0
589,6,132,NA,NA,NA,0
590,6,132,NA,NA,NA,0
591,3,133,NA,NA,NA,0
592,3,133,NA,NA,NA,0
593,3,133,NA,NA,NA,0
594,5,134,NA,NA,NA,0
595,5,134,NA,NA,NA,0
596,5,134,NA,NA,NA,0
597,5,134,NA,NA,NA,0
598,5,134,NA,NA,NA,0
599,4,135,NA,NA,NA,0
600,4,135,NA,NA,NA,0
601,4,135,NA,NA,NA,0
602,4,135,NA,NA,NA,0
603,3,136,NA,NA,NA,0
604,3,136,NA,NA,NA,0
605,3,136,NA,NA,NA,0
606,5,137,NA,NA,NA,0
607,5,137,NA,NA,NA,0
608,5,137,NA,NA,NA,0
609,5,137,NA,NA,NA,0
610,5,137,NA,NA,NA,0
611,4,138,NA,NA,NA,0
612,4,138,NA,NA,NA,0
613,4,138,NA,NA,NA,0
614,4,138,NA,NA,NA,0
615,6,139,"E",104,5,0
616,6,139,NA,NA,NA,0
617,6,139,NA,NA,NA,0
618,6,139,NA,NA,NA,0
619,6,139,"E",NA,NA,0
620,6,139,NA,NA,NA,0
621,3,140,NA,NA,NA,0
622,3,140,NA,NA,NA,0
623,3,140,"E",324,2,0
624,4,141,NA,NA,NA,0
625,4,141,NA,NA,NA,0
626,4,141,NA,NA,NA,0
627,4,141,NA,NA,NA,0
628,3,142,NA,NA,NA,0
629,3,142,NA,NA,NA,0
630,3,142,NA,NA,NA,0
631,5,143,NA,NA,NA,0
632,5,143,NA,NA,NA,0
633,5,143,NA,NA,NA,0
634,5,143,NA,NA,NA,0
635,5,143,NA,NA,NA,0
636,5,144,NA,NA,NA,0
637,5,144,NA,NA,NA,0
638,5,144,NA,NA,NA,0
639,5,144,NA,NA,NA,0
640,5,144,NA,NA,NA,0
641,5,145,NA,NA,NA,0
642,5,145,NA,NA,NA,0
643,5,145,NA,NA,NA,0
644,5,145,NA,NA,NA,0
645,5,145,NA,NA,NA,0
646,4,146,NA,NA,NA,0
647,4,146,NA,NA,NA,0
648,4,146,"E",NA,NA,0
649,4,146,NA,NA,NA,0
650,6,147,NA,NA,NA,0
651,6,147,NA,NA,NA,0
652,6,147,NA,NA,NA,0
653,6,147,NA,NA,NA,0
654,6,147,NA,NA,NA,0
655,6,147,NA,NA,NA,0
656,5,148,NA,NA,NA,0
657,5,148,NA,NA,NA,0
658,5,148,NA,NA,NA,0
659,5,148,NA,NA,NA,0
660,5,148,"E",48,4,0
661,4,149,NA,NA,NA,0
662,4,149,NA,NA,NA,0
663,4,149,NA,NA,NA,0
664,4,149,"E",68,3,0
665,3,150,NA,NA,NA,0
666,3,150,NA,NA,NA,0
667,3,150,NA,NA,NA,0
668,3,151,NA,NA,NA,0
669,3,151,NA,NA,NA,0
670,3,151,NA,NA,NA,0
671,4,152,NA,NA,NA,0
672,4,152,NA,NA,NA,0
673,4,152,NA,NA,NA,0
674,4,152,NA,NA,NA,0
675,4,153,NA,NA,NA,0
676,4,153,NA,NA,NA,0
677,4,153,NA,NA,NA,0
678,4,153,NA,NA,NA,0
679,6,154,NA,NA,NA,0
680,6,154,"E",265,5,0
681,6,154,NA,NA,NA,0
682,6,154,NA,NA,NA,0
683,6,154,NA,NA,NA,0
684,6,154,NA,NA,NA,0
685,4,155,NA,NA,NA,0
686,4,155,NA,NA,NA,0
687,4,155,NA,NA,NA,0
688,4,155,NA,NA,NA,0
689,6,156,NA,NA,NA,0
690,6,156,NA,NA,NA,0
691,6,156,NA,NA,NA,0
692,6,156,"H",89,4,0
693,6,156,"E",73,5,1
694,6,156,NA,NA,NA,0
695,4,157,"E",149,3,0
696,4,157,NA,NA,NA,0
697,4,157,NA,NA,NA,0
698,4,157,NA,NA,NA,0
699,6,158,NA,NA,NA,0
700,6,158,NA,NA,NA,0
701,6,158,"E",149,5,0
702,6,158,NA,NA,NA,0
703,6,158,NA,NA,NA,0
704,6,158,NA,NA,NA,0
705,5,159,NA,NA,NA,0
706,5,159,NA,NA,NA,0
707,5,159,NA,NA,NA,0
708,5,159,NA,NA,NA,0
709,5,159,NA,NA,NA,0
710,4,160,NA,NA,NA,0
711,4,160,"E",NA,NA,0
712,4,160,NA,NA,NA,0
713,4,160,NA,NA,NA,0
714,3,161,NA,NA,NA,0
715,3,161,NA,NA,NA,0
716,3,161,NA,NA,NA,0
717,4,162,NA,NA,NA,0
718,4,162,NA,NA,NA,0
719,4,162,NA,NA,NA,0
720,4,162,NA,NA,NA,0
721,6,163,NA,NA,NA,0
722,6,163,NA,NA,NA,0
723,6,163,"H",207,4,0
724,6,163,NA,NA,NA,0
725,6,163,"E",171,5,1
726,6,163,NA,NA,NA,0
727,5,164,NA,NA,NA,0
728,5,164,NA,NA,NA,0
729,5,164,"E",164,4,0
730,5,164,NA,NA,NA,0
731,5,164,NA,NA,NA,0
732,6,165,NA,NA,NA,0
733,6,165,NA,NA,NA,0
734,6,165,"E",132,5,0
735,6,165,NA,NA,NA,0
736,6,165,NA,NA,NA,0
737,6,165,NA,NA,NA,0
738,5,166,NA,NA,NA,0
739,5,166,NA,NA,NA,0
740,5,166,"H",114,3,0
741,5,166,NA,NA,NA,0
742,5,166,"E",90,4,1
743,6,167,NA,NA,NA,0
744,6,167,NA,NA,NA,0
745,6,167,NA,NA,NA,0
746,6,167,NA,NA,NA,0
747,6,167,"E",217,5,0
748,6,167,NA,NA,NA,0
749,3,168,NA,NA,NA,0
750,3,168,"H",230,1,0
751,3,168,"E",214,2,1
752,5,169,NA,NA,NA,0
753,5,169,NA,NA,NA,0
754,5,169,NA,NA,NA,0
755,5,169,NA,NA,NA,0
756,5,169,NA,NA,NA,0
757,3,170,NA,NA,NA,0
758,3,170,NA,NA,NA,0
759,3,170,NA,NA,NA,0
760,6,171,NA,NA,NA,0
761,6,171,NA,NA,NA,0
762,6,171,NA,NA,NA,0
763,6,171,NA,NA,NA,0
764,6,171,NA,NA,NA,0
765,6,171,NA,NA,NA,0
766,3,172,NA,NA,NA,0
767,3,172,NA,NA,NA,0
768,3,172,NA,NA,NA,0
769,3,173,"E",330,2,0
770,3,173,NA,NA,NA,0
771,3,173,NA,NA,NA,0
772,3,174,"H",196,0,0
773,3,174,"E",153,2,2
774,3,174,"H",181,0,0
775,4,175,NA,NA,NA,0
776,4,175,NA,NA,NA,0
777,4,175,NA,NA,NA,0
778,4,175,NA,NA,NA,0
779,3,176,"E",40,2,0
780,3,176,NA,NA,NA,0
781,3,176,NA,NA,NA,0
782,6,177,NA,NA,NA,0
783,6,177,NA,NA,NA,0
784,6,177,NA,NA,NA,0
785,6,177,NA,NA,NA,0
786,6,177,NA,NA,NA,0
787,6,177,NA,NA,NA,0
788,3,178,NA,NA,NA,0
789,3,178,NA,NA,NA,0
790,3,178,NA,NA,NA,0
791,6,179,NA,NA,NA,0
792,6,179,NA,NA,NA,0
793,6,179,NA,NA,NA,0
794,6,179,NA,NA,NA,0
795,6,179,NA,NA,NA,0
796,6,179,NA,NA,NA,0
797,6,180,NA,NA,NA,0
798,6,180,NA,NA,NA,0
799,6,180,NA,NA,NA,0
800,6,180,NA,NA,NA,0
801,6,180,NA,NA,NA,0
802,6,180,NA,NA,NA,0
803,5,181,NA,NA,NA,0
804,5,181,NA,NA,NA,0
805,5,181,NA,NA,NA,0
806,5,181,NA,NA,NA,0
807,5,181,NA,NA,NA,0
808,4,182,NA,NA,NA,0
809,4,182,NA,NA,NA,0
810,4,182,NA,NA,NA,0
811,4,182,NA,NA,NA,0
812,3,183,NA,NA,NA,0
813,3,183,NA,NA,NA,0
814,3,183,NA,NA,NA,0
815,4,184,NA,NA,NA,0
816,4,184,NA,NA,NA,0
817,4,184,NA,NA,NA,0
818,4,184,NA,NA,NA,0
819,6,185,NA,NA,NA,0
820,6,185,NA,NA,NA,0
821,6,185,NA,NA,NA,0
822,6,185,NA,NA,NA,0
823,6,185,NA,NA,NA,0
824,6,185,NA,NA,NA,0
825,4,186,NA,NA,NA,0
826,4,186,"E",248,3,0
827,4,186,NA,NA,NA,0
828,4,186,NA,NA,NA,0
829,5,187,NA,NA,NA,0
830,5,187,NA,NA,NA,0
831,5,187,NA,NA,NA,0
832,5,187,NA,NA,NA,0
833,5,187,NA,NA,NA,0
834,5,188,NA,NA,NA,0
835,5,188,NA,NA,NA,0
836,5,188,NA,NA,NA,0
837,5,188,NA,NA,NA,0
838,5,188,NA,NA,NA,0
839,5,189,NA,NA,NA,0
840,5,189,NA,NA,NA,0
841,5,189,NA,NA,NA,0
842,5,189,NA,NA,NA,0
843,5,189,NA,NA,NA,0
844,5,190,NA,NA,NA,0
845,5,190,NA,NA,NA,0
846,5,190,NA,NA,NA,0
847,5,190,NA,NA,NA,0
848,5,190,NA,NA,NA,0
849,6,191,NA,NA,NA,0
850,6,191,NA,NA,NA,0
851,6,191,NA,NA,NA,0
852,6,191,NA,NA,NA,0
853,6,191,NA,NA,NA,0
854,6,191,NA,NA,NA,0
855,4,192,NA,NA,NA,0
856,4,192,NA,NA,NA,0
857,4,192,NA,NA,NA,0
858,4,192,"E",171,3,0
859,4,193,"E",54,3,1
860,4,193,"H",101,2,0
861,4,193,NA,NA,NA,0
862,4,193,NA,NA,NA,0
863,3,194,NA,NA,NA,0
864,3,194,"E",NA,NA,0
865,3,194,NA,NA,NA,0
866,4,195,NA,NA,NA,0
867,4,195,NA,NA,NA,0
868,4,195,NA,NA,NA,0
869,4,195,NA,NA,NA,0
870,5,196,"E",178,3,0
871,5,196,"C",109,4,0
872,5,196,NA,NA,NA,0
873,5,196,NA,NA,NA,0
874,5,196,NA,NA,NA,0
875,4,197,NA,NA,NA,0
876,4,197,NA,NA,NA,0
877,4,197,NA,NA,NA,0
878,4,197,NA,NA,NA,0
879,5,198,"H",286,1,0
880,5,198,"H",302,1,0
881,5,198,"E",247,4,2
882,5,198,NA,NA,NA,0
883,5,198,"H",262,2,1
884,5,199,NA,NA,NA,0
885,5,199,NA,NA,NA,0
886,5,199,NA,NA,NA,0
887,5,199,NA,NA,NA,0
888,5,199,NA,NA,NA,0
889,3,200,NA,NA,NA,0
890,3,200,NA,NA,NA,0
891,3,200,NA,NA,NA,0
892,5,201,"E",233,4,0
893,5,201,NA,NA,NA,0
894,5,201,NA,NA,NA,0
895,5,201,NA,NA,NA,0
896,5,201,NA,NA,NA,0
897,4,202,NA,NA,NA,0
898,4,202,"E",109,3,0
899,4,202,NA,NA,NA,0
900,4,202,NA,NA,NA,0
901,4,203,"E",305,1,1
902,4,203,"E",27,3,0
903,4,203,"E",188,2,0
904,4,203,"H",344,0,0
905,5,204,NA,NA,NA,0
906,5,204,NA,NA,NA,0
907,5,204,NA,NA,NA,0
908,5,204,NA,NA,NA,0
909,5,204,NA,NA,NA,0
910,4,205,NA,NA,NA,0
911,4,205,NA,NA,NA,0
912,4,205,NA,NA,NA,0
913,4,205,NA,NA,NA,0
914,3,206,NA,NA,NA,0
915,3,206,NA,NA,NA,0
916,3,206,NA,NA,NA,0
917,3,207,NA,NA,NA,0
918,3,207,NA,NA,NA,0
919,3,207,NA,NA,NA,0
920,6,208,NA,NA,NA,0
921,6,208,"E",127,5,0
922,6,208,NA,NA,NA,0
923,6,208,NA,NA,NA,0
924,6,208,NA,NA,NA,0
925,6,208,NA,NA,NA,0
926,4,209,NA,NA,NA,0
927,4,209,NA,NA,NA,0
928,4,209,NA,NA,NA,0
929,4,209,NA,NA,NA,0
930,3,210,NA,NA,NA,0
931,3,210,NA,NA,NA,0
932,3,210,NA,NA,NA,0
933,4,211,NA,NA,NA,0
934,4,211,NA,NA,NA,0
935,4,211,NA,NA,NA,0
936,4,211,NA,NA,NA,0
937,5,212,NA,NA,NA,0
938,5,212,NA,NA,NA,0
939,5,212,NA,NA,NA,0
940,5,212,NA,NA,NA,0
941,5,212,NA,NA,NA,0
942,3,213,NA,NA,NA,0
943,3,213,NA,NA,NA,0
944,3,213,NA,NA,NA,0
945,4,214,NA,NA,NA,0
946,4,214,NA,NA,NA,0
947,4,214,NA,NA,NA,0
948,4,214,NA,NA,NA,0
949,3,215,NA,NA,NA,0
950,3,215,NA,NA,NA,0
951,3,215,NA,NA,NA,0
952,4,216,NA,NA,NA,0
953,4,216,NA,NA,NA,0
954,4,216,NA,NA,NA,0
955,4,216,NA,NA,NA,0
956,3,217,NA,NA,NA,0
957,3,217,NA,NA,NA,0
958,3,217,NA,NA,NA,0
959,3,218,NA,NA,NA,0
960,3,218,"E",273,2,0
961,3,218,NA,NA,NA,0
962,6,219,NA,NA,NA,0
963,6,219,NA,NA,NA,0
964,6,219,NA,NA,NA,0
965,6,219,NA,NA,NA,0
966,6,219,NA,NA,NA,0
967,6,219,NA,NA,NA,0
968,3,220,NA,NA,NA,0
969,3,220,NA,NA,NA,0
970,3,220,"E",300,2,0
971,6,221,NA,NA,NA,0
972,6,221,NA,NA,NA,0
973,6,221,"E",270,3,0
974,6,221,"E",244,5,1
975,6,221,NA,NA,NA,0
976,6,221,"H",274,3,0
977,5,222,NA,NA,NA,0
978,5,222,NA,NA,NA,0
979,5,222,NA,NA,NA,0
980,5,222,NA,NA,NA,0
981,5,222,NA,NA,NA,0
982,6,223,NA,NA,NA,0
983,6,223,NA,NA,NA,0
984,6,223,NA,NA,NA,0
985,6,223,NA,NA,NA,0
986,6,223,NA,NA,NA,0
987,6,223,NA,NA,NA,0
988,6,224,NA,NA,NA,0
989,6,224,NA,NA,NA,0
990,6,224,NA,NA,NA,0
991,6,224,NA,NA,NA,0
992,6,224,NA,NA,NA,0
993,6,224,NA,NA,NA,0
994,4,225,"H",283,2,0
995,4,225,"E",261,3,1
996,4,225,NA,NA,NA,0
997,4,225,NA,NA,NA,0
998,3,226,NA,NA,NA,0
999,3,226,NA,NA,NA,0
1000,3,226,NA,NA,NA,0
