"ID","SIZE","HH","TYPE","TIME","S_NUM","I_NUM"
1,3,1,"0",NA,NA,0
2,3,1,NA,NA,NA,0
3,3,1,NA,NA,NA,0
4,5,2,NA,NA,NA,0
5,5,2,NA,NA,NA,0
6,5,2,NA,NA,NA,0
7,5,2,NA,NA,NA,0
8,5,2,NA,NA,NA,0
9,6,3,NA,NA,NA,0
10,6,3,"H",NA,NA,0
11,6,3,NA,NA,NA,0
12,6,3,NA,NA,NA,0
13,6,3,"E",311,5,1
14,6,3,NA,NA,NA,0
15,3,4,NA,NA,NA,0
16,3,4,NA,NA,NA,0
17,3,4,NA,NA,NA,0
18,6,5,NA,NA,NA,0
19,6,5,NA,NA,NA,0
20,6,5,NA,NA,NA,0
21,6,5,NA,NA,NA,0
22,6,5,NA,NA,NA,0
23,6,5,NA,NA,NA,0
24,5,6,NA,NA,NA,0
25,5,6,NA,NA,NA,0
26,5,6,"E",252,4,0
27,5,6,NA,NA,NA,0
28,5,6,NA,NA,NA,0
29,3,7,NA,NA,NA,0
30,3,7,NA,NA,NA,0
31,3,7,NA,NA,NA,0
32,6,8,NA,NA,NA,0
33,6,8,"H",104,4,0
34,6,8,"E",45,5,1
35,6,8,NA,NA,NA,0
36,6,8,NA,NA,NA,0
37,6,8,NA,NA,NA,0
38,6,9,NA,NA,NA,0
39,6,9,NA,NA,NA,0
40,6,9,NA,NA,NA,0
41,6,9,NA,NA,NA,0
42,6,9,NA,NA,NA,0
43,6,9,NA,NA,NA,0
44,6,10,"E",210,5,0
45,6,10,NA,NA,NA,0
46,6,10,NA,NA,NA,0
47,6,10,NA,NA,NA,0
48,6,10,NA,NA,NA,0
49,6,10,NA,NA,NA,0
50,4,11,"E",134,3,0
51,4,11,NA,NA,NA,0
52,4,11,NA,NA,NA,0
53,4,11,NA,NA,NA,0
54,5,12,NA,NA,NA,0
55,5,12,NA,NA,NA,0
56,5,12,NA,NA,NA,0
57,5,12,NA,NA,NA,0
58,5,12,NA,NA,NA,0
59,4,13,NA,NA,NA,0
60,4,13,NA,NA,NA,0
61,4,13,NA,NA,NA,0
62,4,13,NA,NA,NA,0
63,4,14,NA,NA,NA,0
64,4,14,NA,NA,NA,0
65,4,14,NA,NA,NA,0
66,4,14,NA,NA,NA,0
67,6,15,NA,NA,NA,0
68,6,15,"H",NA,NA,0
69,6,15,NA,NA,NA,0
70,6,15,"E",343,5,1
71,6,15,NA,NA,NA,0
72,6,15,NA,NA,NA,0
73,3,16,NA,NA,NA,0
74,3,16,NA,NA,NA,0
75,3,16,NA,NA,NA,0
76,5,17,NA,NA,NA,0
77,5,17,NA,NA,NA,0
78,5,17,NA,NA,NA,0
79,5,17,NA,NA,NA,0
80,5,17,NA,NA,NA,0
81,4,18,NA,NA,NA,0
82,4,18,NA,NA,NA,0
83,4,18,NA,NA,NA,0
84,4,18,NA,NA,NA,0
85,4,19,NA,NA,NA,0
86,4,19,NA,NA,NA,0
87,4,19,NA,NA,NA,0
88,4,19,"E",146,3,0
89,5,20,NA,NA,NA,0
90,5,20,NA,NA,NA,0
91,5,20,NA,NA,NA,0
92,5,20,NA,NA,NA,0
93,5,20,NA,NA,NA,0
94,4,21,NA,NA,NA,0
95,4,21,NA,NA,NA,0
96,4,21,NA,NA,NA,0
97,4,21,NA,NA,NA,0
98,4,22,NA,NA,NA,0
99,4,22,NA,NA,NA,0
100,4,22,NA,NA,NA,0
101,4,22,NA,NA,NA,0
102,6,23,NA,NA,NA,0
103,6,23,"E",133,5,0
104,6,23,NA,NA,NA,0
105,6,23,NA,NA,NA,0
106,6,23,NA,NA,NA,0
107,6,23,NA,NA,NA,0
108,4,24,NA,NA,NA,0
109,4,24,NA,NA,NA,0
110,4,24,NA,NA,NA,0
111,4,24,NA,NA,NA,0
112,3,25,NA,NA,NA,0
113,3,25,NA,NA,NA,0
114,3,25,NA,NA,NA,0
115,4,26,NA,NA,NA,0
116,4,26,NA,NA,NA,0
117,4,26,NA,NA,NA,0
118,4,26,NA,NA,NA,0
119,4,27,NA,NA,NA,0
120,4,27,NA,NA,NA,0
121,4,27,NA,NA,NA,0
122,4,27,NA,NA,NA,0
123,5,28,NA,NA,NA,0
124,5,28,NA,NA,NA,0
125,5,28,NA,NA,NA,0
126,5,28,NA,NA,NA,0
127,5,28,NA,NA,NA,0
128,3,29,NA,NA,NA,0
129,3,29,NA,NA,NA,0
130,3,29,NA,NA,NA,0
131,5,30,NA,NA,NA,0
132,5,30,NA,NA,NA,0
133,5,30,NA,NA,NA,0
134,5,30,NA,NA,NA,0
135,5,30,NA,NA,NA,0
136,5,31,NA,NA,NA,0
137,5,31,NA,NA,NA,0
138,5,31,NA,NA,NA,0
139,5,31,NA,NA,NA,0
140,5,31,"E",308,4,0
141,5,32,NA,NA,NA,0
142,5,32,NA,NA,NA,0
143,5,32,NA,NA,NA,0
144,5,32,NA,NA,NA,0
145,5,32,NA,NA,NA,0
146,5,33,NA,NA,NA,0
147,5,33,NA,NA,NA,0
148,5,33,NA,NA,NA,0
149,5,33,"E",353,4,0
150,5,33,NA,NA,NA,0
151,3,34,NA,NA,NA,0
152,3,34,NA,NA,NA,0
153,3,34,NA,NA,NA,0
154,5,35,NA,NA,NA,0
155,5,35,NA,NA,NA,0
156,5,35,NA,NA,NA,0
157,5,35,NA,NA,NA,0
158,5,35,NA,NA,NA,0
159,5,36,NA,NA,NA,0
160,5,36,NA,NA,NA,0
161,5,36,NA,NA,NA,0
162,5,36,NA,NA,NA,0
163,5,36,NA,NA,NA,0
164,4,37,NA,NA,NA,0
165,4,37,NA,NA,NA,0
166,4,37,NA,NA,NA,0
167,4,37,NA,NA,NA,0
168,3,38,NA,NA,NA,0
169,3,38,NA,NA,NA,0
170,3,38,NA,NA,NA,0
171,3,39,NA,NA,NA,0
172,3,39,NA,NA,NA,0
173,3,39,NA,NA,NA,0
174,3,40,NA,NA,NA,0
175,3,40,NA,NA,NA,0
176,3,40,NA,NA,NA,0
177,3,41,NA,NA,NA,0
178,3,41,NA,NA,NA,0
179,3,41,NA,NA,NA,0
180,5,42,NA,NA,NA,0
181,5,42,NA,NA,NA,0
182,5,42,NA,NA,NA,0
183,5,42,NA,NA,NA,0
184,5,42,NA,NA,NA,0
185,6,43,NA,NA,NA,0
186,6,43,NA,NA,NA,0
187,6,43,NA,NA,NA,0
188,6,43,NA,NA,NA,0
189,6,43,NA,NA,NA,0
190,6,43,NA,NA,NA,0
191,3,44,NA,NA,NA,0
192,3,44,NA,NA,NA,0
193,3,44,NA,NA,NA,0
194,5,45,NA,NA,NA,0
195,5,45,NA,NA,NA,0
196,5,45,NA,NA,NA,0
197,5,45,NA,NA,NA,0
198,5,45,NA,NA,NA,0
199,4,46,NA,NA,NA,0
200,4,46,NA,NA,NA,0
201,4,46,"E",164,3,0
202,4,46,NA,NA,NA,0
203,5,47,NA,NA,NA,0
204,5,47,"E",272,4,0
205,5,47,NA,NA,NA,0
206,5,47,NA,NA,NA,0
207,5,47,NA,NA,NA,0
208,3,48,NA,NA,NA,0
209,3,48,NA,NA,NA,0
210,3,48,NA,NA,NA,0
211,5,49,NA,NA,NA,0
212,5,49,NA,NA,NA,0
213,5,49,NA,NA,NA,0
214,5,49,NA,NA,NA,0
215,5,49,NA,NA,NA,0
216,6,50,NA,NA,NA,0
217,6,50,NA,NA,NA,0
218,6,50,NA,NA,NA,0
219,6,50,NA,NA,NA,0
220,6,50,"E",213,5,1
221,6,50,"H",238,4,0
222,5,51,NA,NA,NA,0
223,5,51,NA,NA,NA,0
224,5,51,NA,NA,NA,0
225,5,51,NA,NA,NA,0
226,5,51,NA,NA,NA,0
227,5,52,"H",355,3,0
228,5,52,NA,NA,NA,0
229,5,52,NA,NA,NA,0
230,5,52,NA,NA,NA,0
231,5,52,"E",288,4,1
232,6,53,NA,NA,NA,0
233,6,53,NA,NA,NA,0
234,6,53,NA,NA,NA,0
235,6,53,NA,NA,NA,0
236,6,53,NA,NA,NA,0
237,6,53,NA,NA,NA,0
238,5,54,"E",317,4,0
239,5,54,NA,NA,NA,0
240,5,54,NA,NA,NA,0
241,5,54,NA,NA,NA,0
242,5,54,NA,NA,NA,0
243,5,55,NA,NA,NA,0
244,5,55,NA,NA,NA,0
245,5,55,NA,NA,NA,0
246,5,55,NA,NA,NA,0
247,5,55,NA,NA,NA,0
248,4,56,NA,NA,NA,0
249,4,56,NA,NA,NA,0
250,4,56,NA,NA,NA,0
251,4,56,NA,NA,NA,0
252,4,57,NA,NA,NA,0
253,4,57,NA,NA,NA,0
254,4,57,NA,NA,NA,0
255,4,57,NA,NA,NA,0
256,4,58,NA,NA,NA,0
257,4,58,NA,NA,NA,0
258,4,58,NA,NA,NA,0
259,4,58,NA,NA,NA,0
260,4,59,NA,NA,NA,0
261,4,59,NA,NA,NA,0
262,4,59,NA,NA,NA,0
263,4,59,NA,NA,NA,0
264,4,60,NA,NA,NA,0
265,4,60,NA,NA,NA,0
266,4,60,NA,NA,NA,0
267,4,60,NA,NA,NA,0
268,5,61,NA,NA,NA,0
269,5,61,NA,NA,NA,0
270,5,61,NA,NA,NA,0
271,5,61,NA,NA,NA,0
272,5,61,NA,NA,NA,0
273,6,62,"E",346,4,0
274,6,62,NA,NA,NA,0
275,6,62,NA,NA,NA,0
276,6,62,"E",329,4,0
277,6,62,NA,NA,NA,0
278,6,62,NA,NA,NA,0
279,6,63,NA,NA,NA,0
280,6,63,NA,NA,NA,0
281,6,63,NA,NA,NA,0
282,6,63,NA,NA,NA,0
283,6,63,NA,NA,NA,0
284,6,63,NA,NA,NA,0
285,6,64,NA,NA,NA,0
286,6,64,NA,NA,NA,0
287,6,64,NA,NA,NA,0
288,6,64,NA,NA,NA,0
289,6,64,NA,NA,NA,0
290,6,64,NA,NA,NA,0
291,4,65,NA,NA,NA,0
292,4,65,NA,NA,NA,0
293,4,65,NA,NA,NA,0
294,4,65,NA,NA,NA,0
295,5,66,NA,NA,NA,0
296,5,66,NA,NA,NA,0
297,5,66,NA,NA,NA,0
298,5,66,NA,NA,NA,0
299,5,66,NA,NA,NA,0
300,5,67,"H",NA,NA,0
301,5,67,"E",227,4,1
302,5,67,"H",296,3,1
303,5,67,NA,NA,NA,0
304,5,67,"H",330,2,1
305,6,68,NA,NA,NA,0
306,6,68,NA,NA,NA,0
307,6,68,NA,NA,NA,0
308,6,68,NA,NA,NA,0
309,6,68,NA,NA,NA,0
310,6,68,NA,NA,NA,0
311,4,69,NA,NA,NA,0
312,4,69,NA,NA,NA,0
313,4,69,NA,NA,NA,0
314,4,69,NA,NA,NA,0
315,5,70,NA,NA,NA,0
316,5,70,NA,NA,NA,0
317,5,70,NA,NA,NA,0
318,5,70,NA,NA,NA,0
319,5,70,NA,NA,NA,0
320,3,71,NA,NA,NA,0
321,3,71,NA,NA,NA,0
322,3,71,NA,NA,NA,0
323,5,72,NA,NA,NA,0
324,5,72,NA,NA,NA,0
325,5,72,NA,NA,NA,0
326,5,72,NA,NA,NA,0
327,5,72,"E",211,4,0
328,6,73,NA,NA,NA,0
329,6,73,NA,NA,NA,0
330,6,73,NA,NA,NA,0
331,6,73,NA,NA,NA,0
332,6,73,NA,NA,NA,0
333,6,73,NA,NA,NA,0
334,5,74,NA,NA,NA,0
335,5,74,NA,NA,NA,0
336,5,74,NA,NA,NA,0
337,5,74,NA,NA,NA,0
338,5,74,NA,NA,NA,0
339,4,75,"E",212,3,1
340,4,75,"H",257,2,0
341,4,75,NA,NA,NA,0
342,4,75,NA,NA,NA,0
343,5,76,NA,NA,NA,0
344,5,76,NA,NA,NA,0
345,5,76,NA,NA,NA,0
346,5,76,NA,NA,NA,0
347,5,76,NA,NA,NA,0
348,4,77,NA,NA,NA,0
349,4,77,"E",265,3,0
350,4,77,NA,NA,NA,0
351,4,77,NA,NA,NA,0
352,6,78,NA,NA,NA,0
353,6,78,NA,NA,NA,0
354,6,78,NA,NA,NA,0
355,6,78,NA,NA,NA,0
356,6,78,NA,NA,NA,0
357,6,78,NA,NA,NA,0
358,3,79,NA,NA,NA,0
359,3,79,NA,NA,NA,0
360,3,79,NA,NA,NA,0
361,3,80,NA,NA,NA,0
362,3,80,NA,NA,NA,0
363,3,80,NA,NA,NA,0
364,4,81,NA,NA,NA,0
365,4,81,NA,NA,NA,0
366,4,81,NA,NA,NA,0
367,4,81,"E",132,3,0
368,6,82,NA,NA,NA,0
369,6,82,NA,NA,NA,0
370,6,82,NA,NA,NA,0
371,6,82,NA,NA,NA,0
372,6,82,NA,NA,NA,0
373,6,82,NA,NA,NA,0
374,4,83,NA,NA,NA,0
375,4,83,NA,NA,NA,0
376,4,83,NA,NA,NA,0
377,4,83,NA,NA,NA,0
378,6,84,NA,NA,NA,0
379,6,84,NA,NA,NA,0
380,6,84,NA,NA,NA,0
381,6,84,NA,NA,NA,0
382,6,84,NA,NA,NA,0
383,6,84,NA,NA,NA,0
384,5,85,NA,NA,NA,0
385,5,85,NA,NA,NA,0
386,5,85,"H",122,3,0
387,5,85,NA,NA,NA,0
388,5,85,"E",44,4,1
389,5,86,NA,NA,NA,0
390,5,86,NA,NA,NA,0
391,5,86,NA,NA,NA,0
392,5,86,NA,NA,NA,0
393,5,86,NA,NA,NA,0
394,5,87,NA,NA,NA,0
395,5,87,NA,NA,NA,0
396,5,87,NA,NA,NA,0
397,5,87,NA,NA,NA,0
398,5,87,NA,NA,NA,0
399,5,88,"E",360,4,0
400,5,88,NA,NA,NA,0
401,5,88,NA,NA,NA,0
402,5,88,NA,NA,NA,0
403,5,88,NA,NA,NA,0
404,4,89,NA,NA,NA,0
405,4,89,"E",273,3,0
406,4,89,"E",348,2,0
407,4,89,NA,NA,NA,0
408,6,90,NA,NA,NA,0
409,6,90,NA,NA,NA,0
410,6,90,NA,NA,NA,0
411,6,90,NA,NA,NA,0
412,6,90,NA,NA,NA,0
413,6,90,NA,NA,NA,0
414,3,91,NA,NA,NA,0
415,3,91,NA,NA,NA,0
416,3,91,NA,NA,NA,0
417,5,92,NA,NA,NA,0
418,5,92,NA,NA,NA,0
419,5,92,NA,NA,NA,0
420,5,92,NA,NA,NA,0
421,5,92,NA,NA,NA,0
422,3,93,NA,NA,NA,0
423,3,93,NA,NA,NA,0
424,3,93,NA,NA,NA,0
425,5,94,NA,NA,NA,0
426,5,94,NA,NA,NA,0
427,5,94,NA,NA,NA,0
428,5,94,NA,NA,NA,0
429,5,94,"E",39,4,0
430,6,95,"H",204,3,0
431,6,95,NA,NA,NA,0
432,6,95,"E",185,5,2
433,6,95,"H",237,3,0
434,6,95,NA,NA,NA,0
435,6,95,NA,NA,NA,0
436,5,96,NA,NA,NA,0
437,5,96,NA,NA,NA,0
438,5,96,NA,NA,NA,0
439,5,96,NA,NA,NA,0
440,5,96,NA,NA,NA,0
441,4,97,NA,NA,NA,0
442,4,97,NA,NA,NA,0
443,4,97,NA,NA,NA,0
444,4,97,NA,NA,NA,0
445,6,98,NA,NA,NA,0
446,6,98,NA,NA,NA,0
447,6,98,NA,NA,NA,0
448,6,98,NA,NA,NA,0
449,6,98,"E",154,5,0
450,6,98,NA,NA,NA,0
451,4,99,NA,NA,NA,0
452,4,99,NA,NA,NA,0
453,4,99,NA,NA,NA,0
454,4,99,NA,NA,NA,0
455,4,100,NA,NA,NA,0
456,4,100,NA,NA,NA,0
457,4,100,NA,NA,NA,0
458,4,100,"E",140,3,0
459,5,101,NA,NA,NA,0
460,5,101,NA,NA,NA,0
461,5,101,NA,NA,NA,0
462,5,101,NA,NA,NA,0
463,5,101,"E",NA,NA,0
464,4,102,NA,NA,NA,0
465,4,102,NA,NA,NA,0
466,4,102,NA,NA,NA,0
467,4,102,NA,NA,NA,0
468,3,103,NA,NA,NA,0
469,3,103,NA,NA,NA,0
470,3,103,NA,NA,NA,0
471,5,104,NA,NA,NA,0
472,5,104,NA,NA,NA,0
473,5,104,NA,NA,NA,0
474,5,104,NA,NA,NA,0
475,5,104,NA,NA,NA,0
476,6,105,"H",125,3,0
477,6,105,"E",68,5,2
478,6,105,NA,NA,NA,0
479,6,105,NA,NA,NA,0
480,6,105,NA,NA,NA,0
481,6,105,"H",95,3,0
482,5,106,NA,NA,NA,0
483,5,106,NA,NA,NA,0
484,5,106,NA,NA,NA,0
485,5,106,NA,NA,NA,0
486,5,106,NA,NA,NA,0
487,4,107,NA,NA,NA,0
488,4,107,NA,NA,NA,0
489,4,107,NA,NA,NA,0
490,4,107,NA,NA,NA,0
491,4,108,NA,NA,NA,0
492,4,108,NA,NA,NA,0
493,4,108,NA,NA,NA,0
494,4,108,NA,NA,NA,0
495,4,109,NA,NA,NA,0
496,4,109,NA,NA,NA,0
497,4,109,NA,NA,NA,0
498,4,109,NA,NA,NA,0
499,3,110,NA,NA,NA,0
500,3,110,NA,NA,NA,0
501,3,110,NA,NA,NA,0
502,5,111,NA,NA,NA,0
503,5,111,NA,NA,NA,0
504,5,111,NA,NA,NA,0
505,5,111,NA,NA,NA,0
506,5,111,NA,NA,NA,0
507,3,112,"E",296,2,0
508,3,112,NA,NA,NA,0
509,3,112,NA,NA,NA,0
510,6,113,NA,NA,NA,0
511,6,113,NA,NA,NA,0
512,6,113,NA,NA,NA,0
513,6,113,NA,NA,NA,0
514,6,113,NA,NA,NA,0
515,6,113,NA,NA,NA,0
516,3,114,NA,NA,NA,0
517,3,114,NA,NA,NA,0
518,3,114,"E",158,2,0
519,5,115,NA,NA,NA,0
520,5,115,NA,NA,NA,0
521,5,115,NA,NA,NA,0
522,5,115,"E",119,4,0
523,5,115,NA,NA,NA,0
524,4,116,NA,NA,NA,0
525,4,116,NA,NA,NA,0
526,4,116,NA,NA,NA,0
527,4,116,NA,NA,NA,0
528,6,117,NA,NA,NA,0
529,6,117,NA,NA,NA,0
530,6,117,NA,NA,NA,0
531,6,117,NA,NA,NA,0
532,6,117,NA,NA,NA,0
533,6,117,"E",56,5,0
534,5,118,NA,NA,NA,0
535,5,118,NA,NA,NA,0
536,5,118,NA,NA,NA,0
537,5,118,NA,NA,NA,0
538,5,118,NA,NA,NA,0
539,3,119,NA,NA,NA,0
540,3,119,NA,NA,NA,0
541,3,119,NA,NA,NA,0
542,6,120,NA,NA,NA,0
543,6,120,NA,NA,NA,0
544,6,120,NA,NA,NA,0
545,6,120,NA,NA,NA,0
546,6,120,NA,NA,NA,0
547,6,120,NA,NA,NA,0
548,4,121,NA,NA,NA,0
549,4,121,NA,NA,NA,0
550,4,121,"E",305,3,0
551,4,121,NA,NA,NA,0
552,5,122,"E",140,4,0
553,5,122,NA,NA,NA,0
554,5,122,NA,NA,NA,0
555,5,122,NA,NA,NA,0
556,5,122,NA,NA,NA,0
557,3,123,"E",279,2,1
558,3,123,"H",326,1,1
559,3,123,"H",NA,NA,0
560,4,124,NA,NA,NA,0
561,4,124,NA,NA,NA,0
562,4,124,NA,NA,NA,0
563,4,124,NA,NA,NA,0
564,6,125,NA,NA,NA,0
565,6,125,NA,NA,NA,0
566,6,125,NA,NA,NA,0
567,6,125,NA,NA,NA,0
568,6,125,NA,NA,NA,0
569,6,125,NA,NA,NA,0
570,6,126,NA,NA,NA,0
571,6,126,NA,NA,NA,0
572,6,126,NA,NA,NA,0
573,6,126,NA,NA,NA,0
574,6,126,NA,NA,NA,0
575,6,126,NA,NA,NA,0
576,5,127,NA,NA,NA,0
577,5,127,"H",271,3,0
578,5,127,"E",245,4,1
579,5,127,NA,NA,NA,0
580,5,127,NA,NA,NA,0
581,3,128,"E",296,2,0
582,3,128,NA,NA,NA,0
583,3,128,NA,NA,NA,0
584,5,129,NA,NA,NA,0
585,5,129,NA,NA,NA,0
586,5,129,NA,NA,NA,0
587,5,129,NA,NA,NA,0
588,5,129,NA,NA,NA,0
589,5,130,NA,NA,NA,0
590,5,130,NA,NA,NA,0
591,5,130,NA,NA,NA,0
592,5,130,"E",NA,NA,0
593,5,130,NA,NA,NA,0
594,6,131,NA,NA,NA,0
595,6,131,NA,NA,NA,0
596,6,131,"E",360,5,1
597,6,131,NA,NA,NA,0
598,6,131,"H",NA,NA,0
599,6,131,NA,NA,NA,0
600,3,132,NA,NA,NA,0
601,3,132,NA,NA,NA,0
602,3,132,"E",241,2,0
603,6,133,NA,NA,NA,0
604,6,133,NA,NA,NA,0
605,6,133,NA,NA,NA,0
606,6,133,NA,NA,NA,0
607,6,133,NA,NA,NA,0
608,6,133,NA,NA,NA,0
609,5,134,NA,NA,NA,0
610,5,134,NA,NA,NA,0
611,5,134,NA,NA,NA,0
612,5,134,NA,NA,NA,0
613,5,134,NA,NA,NA,0
614,3,135,"E",243,2,0
615,3,135,NA,NA,NA,0
616,3,135,NA,NA,NA,0
617,5,136,NA,NA,NA,0
618,5,136,NA,NA,NA,0
619,5,136,NA,NA,NA,0
620,5,136,NA,NA,NA,0
621,5,136,NA,NA,NA,0
622,5,137,NA,NA,NA,0
623,5,137,"H",213,2,0
624,5,137,NA,NA,NA,0
625,5,137,"E",126,4,0
626,5,137,"E",174,3,1
627,6,138,NA,NA,NA,0
628,6,138,NA,NA,NA,0
629,6,138,NA,NA,NA,0
630,6,138,NA,NA,NA,0
631,6,138,NA,NA,NA,0
632,6,138,NA,NA,NA,0
633,5,139,NA,NA,NA,0
634,5,139,"E",163,4,0
635,5,139,NA,NA,NA,0
636,5,139,NA,NA,NA,0
637,5,139,NA,NA,NA,0
638,4,140,NA,NA,NA,0
639,4,140,NA,NA,NA,0
640,4,140,NA,NA,NA,0
641,4,140,NA,NA,NA,0
642,4,141,NA,NA,NA,0
643,4,141,NA,NA,NA,0
644,4,141,NA,NA,NA,0
645,4,141,NA,NA,NA,0
646,3,142,NA,NA,NA,0
647,3,142,"E",306,2,0
648,3,142,NA,NA,NA,0
649,3,143,NA,NA,NA,0
650,3,143,NA,NA,NA,0
651,3,143,NA,NA,NA,0
652,6,144,NA,NA,NA,0
653,6,144,NA,NA,NA,0
654,6,144,NA,NA,NA,0
655,6,144,NA,NA,NA,0
656,6,144,NA,NA,NA,0
657,6,144,NA,NA,NA,0
658,3,145,NA,NA,NA,0
659,3,145,NA,NA,NA,0
660,3,145,NA,NA,NA,0
661,5,146,"E",96,4,0
662,5,146,NA,NA,NA,0
663,5,146,NA,NA,NA,0
664,5,146,"E",209,3,1
665,5,146,"H",273,2,0
666,3,147,"H",199,0,0
667,3,147,"E",151,1,1
668,3,147,"E",159,0,0
669,5,148,NA,NA,NA,0
670,5,148,NA,NA,NA,0
671,5,148,NA,NA,NA,0
672,5,148,NA,NA,NA,0
673,5,148,NA,NA,NA,0
674,4,149,NA,NA,NA,0
675,4,149,"E",254,3,0
676,4,149,NA,NA,NA,0
677,4,149,NA,NA,NA,0
678,4,150,NA,NA,NA,0
679,4,150,NA,NA,NA,0
680,4,150,NA,NA,NA,0
681,4,150,NA,NA,NA,0
682,5,151,NA,NA,NA,0
683,5,151,NA,NA,NA,0
684,5,151,NA,NA,NA,0
685,5,151,NA,NA,NA,0
686,5,151,NA,NA,NA,0
687,5,152,NA,NA,NA,0
688,5,152,NA,NA,NA,0
689,5,152,NA,NA,NA,0
690,5,152,NA,NA,NA,0
691,5,152,NA,NA,NA,0
692,5,153,NA,NA,NA,0
693,5,153,NA,NA,NA,0
694,5,153,NA,NA,NA,0
695,5,153,NA,NA,NA,0
696,5,153,NA,NA,NA,0
697,6,154,NA,NA,NA,0
698,6,154,NA,NA,NA,0
699,6,154,NA,NA,NA,0
700,6,154,NA,NA,NA,0
701,6,154,NA,NA,NA,0
702,6,154,NA,NA,NA,0
703,6,155,NA,NA,NA,0
704,6,155,NA,NA,NA,0
705,6,155,"E",285,5,0
706,6,155,NA,NA,NA,0
707,6,155,NA,NA,NA,0
708,6,155,NA,NA,NA,0
709,4,156,NA,NA,NA,0
710,4,156,NA,NA,NA,0
711,4,156,NA,NA,NA,0
712,4,156,NA,NA,NA,0
713,6,157,NA,NA,NA,0
714,6,157,NA,NA,NA,0
715,6,157,NA,NA,NA,0
716,6,157,NA,NA,NA,0
717,6,157,NA,NA,NA,0
718,6,157,NA,NA,NA,0
719,3,158,NA,NA,NA,0
720,3,158,NA,NA,NA,0
721,3,158,NA,NA,NA,0
722,5,159,NA,NA,NA,0
723,5,159,NA,NA,NA,0
724,5,159,NA,NA,NA,0
725,5,159,NA,NA,NA,0
726,5,159,NA,NA,NA,0
727,3,160,NA,NA,NA,0
728,3,160,NA,NA,NA,0
729,3,160,NA,NA,NA,0
730,5,161,NA,NA,NA,0
731,5,161,NA,NA,NA,0
732,5,161,NA,NA,NA,0
733,5,161,NA,NA,NA,0
734,5,161,NA,NA,NA,0
735,6,162,NA,NA,NA,0
736,6,162,NA,NA,NA,0
737,6,162,NA,NA,NA,0
738,6,162,NA,NA,NA,0
739,6,162,NA,NA,NA,0
740,6,162,NA,NA,NA,0
741,4,163,NA,NA,NA,0
742,4,163,NA,NA,NA,0
743,4,163,NA,NA,NA,0
744,4,163,NA,NA,NA,0
745,3,164,NA,NA,NA,0
746,3,164,"E",215,2,0
747,3,164,NA,NA,NA,0
748,6,165,NA,NA,NA,0
749,6,165,NA,NA,NA,0
750,6,165,NA,NA,NA,0
751,6,165,NA,NA,NA,0
752,6,165,NA,NA,NA,0
753,6,165,NA,NA,NA,0
754,4,166,NA,NA,NA,0
755,4,166,NA,NA,NA,0
756,4,166,NA,NA,NA,0
757,4,166,NA,NA,NA,0
758,5,167,NA,NA,NA,0
759,5,167,NA,NA,NA,0
760,5,167,NA,NA,NA,0
761,5,167,NA,NA,NA,0
762,5,167,NA,NA,NA,0
763,5,168,NA,NA,NA,0
764,5,168,NA,NA,NA,0
765,5,168,NA,NA,NA,0
766,5,168,NA,NA,NA,0
767,5,168,NA,NA,NA,0
768,4,169,NA,NA,NA,0
769,4,169,NA,NA,NA,0
770,4,169,NA,NA,NA,0
771,4,169,NA,NA,NA,0
772,5,170,NA,NA,NA,0
773,5,170,"E",276,4,0
774,5,170,NA,NA,NA,0
775,5,170,NA,NA,NA,0
776,5,170,"E",347,3,0
777,4,171,NA,NA,NA,0
778,4,171,NA,NA,NA,0
779,4,171,NA,NA,NA,0
780,4,171,NA,NA,NA,0
781,6,172,"E",145,5,0
782,6,172,NA,NA,NA,0
783,6,172,NA,NA,NA,0
784,6,172,"E",314,4,0
785,6,172,NA,NA,NA,0
786,6,172,NA,NA,NA,0
787,4,173,NA,NA,NA,0
788,4,173,NA,NA,NA,0
789,4,173,NA,NA,NA,0
790,4,173,"E",207,3,0
791,5,174,NA,NA,NA,0
792,5,174,NA,NA,NA,0
793,5,174,NA,NA,NA,0
794,5,174,NA,NA,NA,0
795,5,174,"E",NA,NA,0
796,4,175,"E",191,3,1
797,4,175,"H",218,2,1
798,4,175,"H",234,1,0
799,4,175,NA,NA,NA,0
800,6,176,"H",NA,NA,0
801,6,176,"H",354,4,1
802,6,176,NA,NA,NA,0
803,6,176,NA,NA,NA,0
804,6,176,"E",309,5,1
805,6,176,NA,NA,NA,0
806,4,177,NA,NA,NA,0
807,4,177,NA,NA,NA,0
808,4,177,NA,NA,NA,0
809,4,177,NA,NA,NA,0
810,3,178,NA,NA,NA,0
811,3,178,NA,NA,NA,0
812,3,178,NA,NA,NA,0
813,5,179,"E",279,3,2
814,5,179,"H",311,1,0
815,5,179,"E",94,4,0
816,5,179,NA,NA,NA,0
817,5,179,"H",NA,NA,0
818,3,180,NA,NA,NA,0
819,3,180,NA,NA,NA,0
820,3,180,NA,NA,NA,0
821,6,181,NA,NA,NA,0
822,6,181,NA,NA,NA,0
823,6,181,NA,NA,NA,0
824,6,181,NA,NA,NA,0
825,6,181,NA,NA,NA,0
826,6,181,NA,NA,NA,0
827,4,182,NA,NA,NA,0
828,4,182,NA,NA,NA,0
829,4,182,NA,NA,NA,0
830,4,182,NA,NA,NA,0
831,5,183,NA,NA,NA,0
832,5,183,NA,NA,NA,0
833,5,183,NA,NA,NA,0
834,5,183,NA,NA,NA,0
835,5,183,NA,NA,NA,0
836,5,184,NA,NA,NA,0
837,5,184,NA,NA,NA,0
838,5,184,NA,NA,NA,0
839,5,184,NA,NA,NA,0
840,5,184,NA,NA,NA,0
841,3,185,NA,NA,NA,0
842,3,185,NA,NA,NA,0
843,3,185,NA,NA,NA,0
844,6,186,NA,NA,NA,0
845,6,186,NA,NA,NA,0
846,6,186,NA,NA,NA,0
847,6,186,NA,NA,NA,0
848,6,186,NA,NA,NA,0
849,6,186,NA,NA,NA,0
850,4,187,NA,NA,NA,0
851,4,187,NA,NA,NA,0
852,4,187,NA,NA,NA,0
853,4,187,NA,NA,NA,0
854,4,188,NA,NA,NA,0
855,4,188,NA,NA,NA,0
856,4,188,NA,NA,NA,0
857,4,188,NA,NA,NA,0
858,4,189,NA,NA,NA,0
859,4,189,NA,NA,NA,0
860,4,189,NA,NA,NA,0
861,4,189,NA,NA,NA,0
862,3,190,"H",88,1,0
863,3,190,"E",56,2,1
864,3,190,NA,NA,NA,0
865,6,191,NA,NA,NA,0
866,6,191,NA,NA,NA,0
867,6,191,NA,NA,NA,0
868,6,191,NA,NA,NA,0
869,6,191,NA,NA,NA,0
870,6,191,NA,NA,NA,0
871,6,192,NA,NA,NA,0
872,6,192,"H",125,2,1
873,6,192,"H",126,2,0
874,6,192,"H",163,1,0
875,6,192,"E",74,5,2
876,6,192,"H",95,3,1
877,6,193,NA,NA,NA,0
878,6,193,NA,NA,NA,0
879,6,193,"H",NA,NA,0
880,6,193,"E",328,4,0
881,6,193,NA,NA,NA,0
882,6,193,"E",330,4,1
883,3,194,NA,NA,NA,0
884,3,194,"E",303,2,0
885,3,194,NA,NA,NA,0
886,5,195,NA,NA,NA,0
887,5,195,NA,NA,NA,0
888,5,195,NA,NA,NA,0
889,5,195,"E",295,4,0
890,5,195,NA,NA,NA,0
891,3,196,NA,NA,NA,0
892,3,196,NA,NA,NA,0
893,3,196,NA,NA,NA,0
894,4,197,NA,NA,NA,0
895,4,197,NA,NA,NA,0
896,4,197,NA,NA,NA,0
897,4,197,NA,NA,NA,0
898,4,198,NA,NA,NA,0
899,4,198,NA,NA,NA,0
900,4,198,NA,NA,NA,0
901,4,198,NA,NA,NA,0
902,3,199,NA,NA,NA,0
903,3,199,NA,NA,NA,0
904,3,199,NA,NA,NA,0
905,4,200,NA,NA,NA,0
906,4,200,NA,NA,NA,0
907,4,200,NA,NA,NA,0
908,4,200,NA,NA,NA,0
909,3,201,NA,NA,NA,0
910,3,201,NA,NA,NA,0
911,3,201,NA,NA,NA,0
912,6,202,NA,NA,NA,0
913,6,202,NA,NA,NA,0
914,6,202,NA,NA,NA,0
915,6,202,NA,NA,NA,0
916,6,202,"E",136,5,0
917,6,202,NA,NA,NA,0
918,5,203,NA,NA,NA,0
919,5,203,NA,NA,NA,0
920,5,203,NA,NA,NA,0
921,5,203,NA,NA,NA,0
922,5,203,NA,NA,NA,0
923,3,204,NA,NA,NA,0
924,3,204,NA,NA,NA,0
925,3,204,NA,NA,NA,0
926,5,205,NA,NA,NA,0
927,5,205,NA,NA,NA,0
928,5,205,NA,NA,NA,0
929,5,205,NA,NA,NA,0
930,5,205,NA,NA,NA,0
931,5,206,NA,NA,NA,0
932,5,206,NA,NA,NA,0
933,5,206,NA,NA,NA,0
934,5,206,NA,NA,NA,0
935,5,206,NA,NA,NA,0
936,4,207,"E",96,3,0
937,4,207,NA,NA,NA,0
938,4,207,NA,NA,NA,0
939,4,207,NA,NA,NA,0
940,3,208,NA,NA,NA,0
941,3,208,NA,NA,NA,0
942,3,208,NA,NA,NA,0
943,5,209,NA,NA,NA,0
944,5,209,NA,NA,NA,0
945,5,209,NA,NA,NA,0
946,5,209,NA,NA,NA,0
947,5,209,NA,NA,NA,0
948,3,210,NA,NA,NA,0
949,3,210,NA,NA,NA,0
950,3,210,NA,NA,NA,0
951,5,211,NA,NA,NA,0
952,5,211,NA,NA,NA,0
953,5,211,NA,NA,NA,0
954,5,211,NA,NA,NA,0
955,5,211,NA,NA,NA,0
956,4,212,NA,NA,NA,0
957,4,212,NA,NA,NA,0
958,4,212,NA,NA,NA,0
959,4,212,NA,NA,NA,0
960,4,213,NA,NA,NA,0
961,4,213,NA,NA,NA,0
962,4,213,NA,NA,NA,0
963,4,213,NA,NA,NA,0
964,5,214,NA,NA,NA,0
965,5,214,NA,NA,NA,0
966,5,214,NA,NA,NA,0
967,5,214,NA,NA,NA,0
968,5,214,NA,NA,NA,0
969,5,215,NA,NA,NA,0
970,5,215,NA,NA,NA,0
971,5,215,NA,NA,NA,0
972,5,215,NA,NA,NA,0
973,5,215,NA,NA,NA,0
974,4,216,NA,NA,NA,0
975,4,216,NA,NA,NA,0
976,4,216,"H",163,2,0
977,4,216,"E",136,3,1
978,5,217,NA,NA,NA,0
979,5,217,NA,NA,NA,0
980,5,217,NA,NA,NA,0
981,5,217,NA,NA,NA,0
982,5,217,NA,NA,NA,0
983,6,218,NA,NA,NA,0
984,6,218,NA,NA,NA,0
985,6,218,NA,NA,NA,0
986,6,218,NA,NA,NA,0
987,6,218,NA,NA,NA,0
988,6,218,NA,NA,NA,0
989,3,219,NA,NA,NA,0
990,3,219,NA,NA,NA,0
991,3,219,NA,NA,NA,0
992,4,220,NA,NA,NA,0
993,4,220,NA,NA,NA,0
994,4,220,NA,NA,NA,0
995,4,220,NA,NA,NA,0
996,5,221,NA,NA,NA,0
997,5,221,NA,NA,NA,0
998,5,221,NA,NA,NA,0
999,5,221,NA,NA,NA,0
1000,5,221,"E",251,4,0
