"ID","SIZE","HH","TYPE","TIME","S_NUM","I_NUM"
1,5,1,"0",NA,NA,0
2,5,1,NA,NA,NA,0
3,5,1,NA,NA,NA,0
4,5,1,NA,NA,NA,0
5,5,1,NA,NA,NA,0
6,5,2,NA,NA,NA,0
7,5,2,NA,NA,NA,0
8,5,2,"E",61,4,1
9,5,2,"H",80,3,0
10,5,2,NA,NA,NA,0
11,4,3,NA,NA,NA,0
12,4,3,NA,NA,NA,0
13,4,3,NA,NA,NA,0
14,4,3,NA,NA,NA,0
15,4,4,NA,NA,NA,0
16,4,4,"E",320,3,0
17,4,4,NA,NA,NA,0
18,4,4,NA,NA,NA,0
19,4,5,NA,NA,NA,0
20,4,5,NA,NA,NA,0
21,4,5,NA,NA,NA,0
22,4,5,NA,NA,NA,0
23,4,6,NA,NA,NA,0
24,4,6,NA,NA,NA,0
25,4,6,NA,NA,NA,0
26,4,6,NA,NA,NA,0
27,3,7,NA,NA,NA,0
28,3,7,"E",364,2,0
29,3,7,NA,NA,NA,0
30,4,8,"H",349,2,0
31,4,8,NA,NA,NA,0
32,4,8,"E",313,3,1
33,4,8,NA,NA,NA,0
34,5,9,NA,NA,NA,0
35,5,9,NA,NA,NA,0
36,5,9,NA,NA,NA,0
37,5,9,NA,NA,NA,0
38,5,9,NA,NA,NA,0
39,4,10,NA,NA,NA,0
40,4,10,NA,NA,NA,0
41,4,10,NA,NA,NA,0
42,4,10,NA,NA,NA,0
43,4,11,NA,NA,NA,0
44,4,11,NA,NA,NA,0
45,4,11,NA,NA,NA,0
46,4,11,NA,NA,NA,0
47,5,12,NA,NA,NA,0
48,5,12,NA,NA,NA,0
49,5,12,NA,NA,NA,0
50,5,12,NA,NA,NA,0
51,5,12,NA,NA,NA,0
52,3,13,NA,NA,NA,0
53,3,13,"E",68,2,0
54,3,13,NA,NA,NA,0
55,6,14,NA,NA,NA,0
56,6,14,NA,NA,NA,0
57,6,14,NA,NA,NA,0
58,6,14,NA,NA,NA,0
59,6,14,NA,NA,NA,0
60,6,14,NA,NA,NA,0
61,6,15,NA,NA,NA,0
62,6,15,NA,NA,NA,0
63,6,15,NA,NA,NA,0
64,6,15,NA,NA,NA,0
65,6,15,NA,NA,NA,0
66,6,15,"E",NA,NA,0
67,6,16,NA,NA,NA,0
68,6,16,NA,NA,NA,0
69,6,16,NA,NA,NA,0
70,6,16,NA,NA,NA,0
71,6,16,NA,NA,NA,0
72,6,16,"E",NA,NA,0
73,4,17,NA,NA,NA,0
74,4,17,NA,NA,NA,0
75,4,17,NA,NA,NA,0
76,4,17,NA,NA,NA,0
77,5,18,NA,NA,NA,0
78,5,18,NA,NA,NA,0
79,5,18,NA,NA,NA,0
80,5,18,NA,NA,NA,0
81,5,18,NA,NA,NA,0
82,6,19,"E",142,3,0
83,6,19,NA,NA,NA,0
84,6,19,NA,NA,NA,0
85,6,19,NA,NA,NA,0
86,6,19,"H",110,4,0
87,6,19,"E",82,5,1
88,4,20,NA,NA,NA,0
89,4,20,NA,NA,NA,0
90,4,20,NA,NA,NA,0
91,4,20,NA,NA,NA,0
92,6,21,NA,NA,NA,0
93,6,21,NA,NA,NA,0
94,6,21,NA,NA,NA,0
95,6,21,NA,NA,NA,0
96,6,21,NA,NA,NA,0
97,6,21,NA,NA,NA,0
98,3,22,NA,NA,NA,0
99,3,22,NA,NA,NA,0
100,3,22,NA,NA,NA,0
101,4,23,NA,NA,NA,0
102,4,23,NA,NA,NA,0
103,4,23,NA,NA,NA,0
104,4,23,"E",257,3,0
105,6,24,"E",54,5,1
106,6,24,NA,NA,NA,0
107,6,24,"H",93,4,0
108,6,24,NA,NA,NA,0
109,6,24,NA,NA,NA,0
110,6,24,NA,NA,NA,0
111,4,25,NA,NA,NA,0
112,4,25,NA,NA,NA,0
113,4,25,NA,NA,NA,0
114,4,25,NA,NA,NA,0
115,3,26,NA,NA,NA,0
116,3,26,NA,NA,NA,0
117,3,26,NA,NA,NA,0
118,4,27,NA,NA,NA,0
119,4,27,NA,NA,NA,0
120,4,27,NA,NA,NA,0
121,4,27,NA,NA,NA,0
122,5,28,NA,NA,NA,0
123,5,28,NA,NA,NA,0
124,5,28,NA,NA,NA,0
125,5,28,NA,NA,NA,0
126,5,28,NA,NA,NA,0
127,5,29,NA,NA,NA,0
128,5,29,NA,NA,NA,0
129,5,29,NA,NA,NA,0
130,5,29,NA,NA,NA,0
131,5,29,NA,NA,NA,0
132,3,30,NA,NA,NA,0
133,3,30,NA,NA,NA,0
134,3,30,NA,NA,NA,0
135,6,31,NA,NA,NA,0
136,6,31,NA,NA,NA,0
137,6,31,"E",232,5,0
138,6,31,NA,NA,NA,0
139,6,31,NA,NA,NA,0
140,6,31,NA,NA,NA,0
141,4,32,NA,NA,NA,0
142,4,32,NA,NA,NA,0
143,4,32,NA,NA,NA,0
144,4,32,NA,NA,NA,0
145,4,33,NA,NA,NA,0
146,4,33,NA,NA,NA,0
147,4,33,NA,NA,NA,0
148,4,33,NA,NA,NA,0
149,6,34,NA,NA,NA,0
150,6,34,NA,NA,NA,0
151,6,34,NA,NA,NA,0
152,6,34,NA,NA,NA,0
153,6,34,NA,NA,NA,0
154,6,34,NA,NA,NA,0
155,4,35,NA,NA,NA,0
156,4,35,NA,NA,NA,0
157,4,35,NA,NA,NA,0
158,4,35,NA,NA,NA,0
159,3,36,NA,NA,NA,0
160,3,36,NA,NA,NA,0
161,3,36,NA,NA,NA,0
162,5,37,NA,NA,NA,0
163,5,37,NA,NA,NA,0
164,5,37,NA,NA,NA,0
165,5,37,NA,NA,NA,0
166,5,37,NA,NA,NA,0
167,3,38,NA,NA,NA,0
168,3,38,NA,NA,NA,0
169,3,38,NA,NA,NA,0
170,3,39,"H",207,1,0
171,3,39,"E",179,2,1
172,3,39,"E",278,0,0
173,5,40,NA,NA,NA,0
174,5,40,NA,NA,NA,0
175,5,40,NA,NA,NA,0
176,5,40,NA,NA,NA,0
177,5,40,NA,NA,NA,0
178,6,41,"H",290,3,0
179,6,41,"E",257,5,2
180,6,41,"H",335,2,0
181,6,41,"H",312,3,1
182,6,41,NA,NA,NA,0
183,6,41,NA,NA,NA,0
184,4,42,NA,NA,NA,0
185,4,42,NA,NA,NA,0
186,4,42,"E",35,3,0
187,4,42,NA,NA,NA,0
188,6,43,NA,NA,NA,0
189,6,43,NA,NA,NA,0
190,6,43,NA,NA,NA,0
191,6,43,NA,NA,NA,0
192,6,43,NA,NA,NA,0
193,6,43,NA,NA,NA,0
194,6,44,NA,NA,NA,0
195,6,44,NA,NA,NA,0
196,6,44,NA,NA,NA,0
197,6,44,NA,NA,NA,0
198,6,44,NA,NA,NA,0
199,6,44,NA,NA,NA,0
200,5,45,NA,NA,NA,0
201,5,45,NA,NA,NA,0
202,5,45,NA,NA,NA,0
203,5,45,NA,NA,NA,0
204,5,45,NA,NA,NA,0
205,3,46,NA,NA,NA,0
206,3,46,NA,NA,NA,0
207,3,46,NA,NA,NA,0
208,6,47,NA,NA,NA,0
209,6,47,"E",NA,NA,0
210,6,47,NA,NA,NA,0
211,6,47,NA,NA,NA,0
212,6,47,"E",NA,NA,0
213,6,47,NA,NA,NA,0
214,3,48,NA,NA,NA,0
215,3,48,NA,NA,NA,0
216,3,48,NA,NA,NA,0
217,3,49,NA,NA,NA,0
218,3,49,NA,NA,NA,0
219,3,49,NA,NA,NA,0
220,3,50,NA,NA,NA,0
221,3,50,"E",25,2,0
222,3,50,NA,NA,NA,0
223,3,51,NA,NA,NA,0
224,3,51,NA,NA,NA,0
225,3,51,NA,NA,NA,0
226,6,52,NA,NA,NA,0
227,6,52,NA,NA,NA,0
228,6,52,NA,NA,NA,0
229,6,52,NA,NA,NA,0
230,6,52,NA,NA,NA,0
231,6,52,NA,NA,NA,0
232,6,53,NA,NA,NA,0
233,6,53,NA,NA,NA,0
234,6,53,NA,NA,NA,0
235,6,53,NA,NA,NA,0
236,6,53,"E",165,5,0
237,6,53,NA,NA,NA,0
238,4,54,NA,NA,NA,0
239,4,54,NA,NA,NA,0
240,4,54,NA,NA,NA,0
241,4,54,NA,NA,NA,0
242,5,55,NA,NA,NA,0
243,5,55,NA,NA,NA,0
244,5,55,NA,NA,NA,0
245,5,55,NA,NA,NA,0
246,5,55,NA,NA,NA,0
247,6,56,"E",142,5,1
248,6,56,"H",184,3,0
249,6,56,"E",162,3,0
250,6,56,NA,NA,NA,0
251,6,56,NA,NA,NA,0
252,6,56,NA,NA,NA,0
253,6,57,NA,NA,NA,0
254,6,57,NA,NA,NA,0
255,6,57,NA,NA,NA,0
256,6,57,NA,NA,NA,0
257,6,57,NA,NA,NA,0
258,6,57,NA,NA,NA,0
259,4,58,NA,NA,NA,0
260,4,58,NA,NA,NA,0
261,4,58,"E",106,3,0
262,4,58,NA,NA,NA,0
263,6,59,NA,NA,NA,0
264,6,59,NA,NA,NA,0
265,6,59,NA,NA,NA,0
266,6,59,NA,NA,NA,0
267,6,59,NA,NA,NA,0
268,6,59,NA,NA,NA,0
269,4,60,"E",266,3,0
270,4,60,NA,NA,NA,0
271,4,60,NA,NA,NA,0
272,4,60,NA,NA,NA,0
273,3,61,NA,NA,NA,0
274,3,61,NA,NA,NA,0
275,3,61,NA,NA,NA,0
276,6,62,NA,NA,NA,0
277,6,62,NA,NA,NA,0
278,6,62,NA,NA,NA,0
279,6,62,NA,NA,NA,0
280,6,62,NA,NA,NA,0
281,6,62,NA,NA,NA,0
282,4,63,NA,NA,NA,0
283,4,63,NA,NA,NA,0
284,4,63,NA,NA,NA,0
285,4,63,NA,NA,NA,0
286,4,64,NA,NA,NA,0
287,4,64,NA,NA,NA,0
288,4,64,NA,NA,NA,0
289,4,64,NA,NA,NA,0
290,5,65,NA,NA,NA,0
291,5,65,"H",252,3,0
292,5,65,NA,NA,NA,0
293,5,65,"E",217,4,1
294,5,65,NA,NA,NA,0
295,5,66,NA,NA,NA,0
296,5,66,NA,NA,NA,0
297,5,66,NA,NA,NA,0
298,5,66,NA,NA,NA,0
299,5,66,NA,NA,NA,0
300,5,67,NA,NA,NA,0
301,5,67,NA,NA,NA,0
302,5,67,NA,NA,NA,0
303,5,67,NA,NA,NA,0
304,5,67,NA,NA,NA,0
305,5,68,NA,NA,NA,0
306,5,68,NA,NA,NA,0
307,5,68,NA,NA,NA,0
308,5,68,NA,NA,NA,0
309,5,68,NA,NA,NA,0
310,5,69,NA,NA,NA,0
311,5,69,NA,NA,NA,0
312,5,69,NA,NA,NA,0
313,5,69,"E",126,4,0
314,5,69,NA,NA,NA,0
315,5,70,NA,NA,NA,0
316,5,70,NA,NA,NA,0
317,5,70,NA,NA,NA,0
318,5,70,NA,NA,NA,0
319,5,70,NA,NA,NA,0
320,6,71,NA,NA,NA,0
321,6,71,NA,NA,NA,0
322,6,71,NA,NA,NA,0
323,6,71,NA,NA,NA,0
324,6,71,NA,NA,NA,0
325,6,71,NA,NA,NA,0
326,4,72,NA,NA,NA,0
327,4,72,NA,NA,NA,0
328,4,72,NA,NA,NA,0
329,4,72,NA,NA,NA,0
330,5,73,NA,NA,NA,0
331,5,73,"E",227,4,0
332,5,73,NA,NA,NA,0
333,5,73,NA,NA,NA,0
334,5,73,NA,NA,NA,0
335,4,74,NA,NA,NA,0
336,4,74,NA,NA,NA,0
337,4,74,NA,NA,NA,0
338,4,74,NA,NA,NA,0
339,3,75,NA,NA,NA,0
340,3,75,NA,NA,NA,0
341,3,75,NA,NA,NA,0
342,4,76,NA,NA,NA,0
343,4,76,NA,NA,NA,0
344,4,76,NA,NA,NA,0
345,4,76,NA,NA,NA,0
346,6,77,NA,NA,NA,0
347,6,77,NA,NA,NA,0
348,6,77,NA,NA,NA,0
349,6,77,NA,NA,NA,0
350,6,77,NA,NA,NA,0
351,6,77,NA,NA,NA,0
352,4,78,NA,NA,NA,0
353,4,78,"E",339,2,0
354,4,78,"E",271,3,0
355,4,78,NA,NA,NA,0
356,4,79,NA,NA,NA,0
357,4,79,NA,NA,NA,0
358,4,79,NA,NA,NA,0
359,4,79,NA,NA,NA,0
360,5,80,NA,NA,NA,0
361,5,80,NA,NA,NA,0
362,5,80,NA,NA,NA,0
363,5,80,NA,NA,NA,0
364,5,80,"E",65,4,0
365,6,81,NA,NA,NA,0
366,6,81,NA,NA,NA,0
367,6,81,NA,NA,NA,0
368,6,81,NA,NA,NA,0
369,6,81,NA,NA,NA,0
370,6,81,NA,NA,NA,0
371,5,82,NA,NA,NA,0
372,5,82,NA,NA,NA,0
373,5,82,NA,NA,NA,0
374,5,82,NA,NA,NA,0
375,5,82,NA,NA,NA,0
376,6,83,NA,NA,NA,0
377,6,83,NA,NA,NA,0
378,6,83,NA,NA,NA,0
379,6,83,NA,NA,NA,0
380,6,83,NA,NA,NA,0
381,6,83,NA,NA,NA,0
382,4,84,"E",94,2,0
383,4,84,NA,NA,NA,0
384,4,84,"E",74,3,0
385,4,84,NA,NA,NA,0
386,5,85,NA,NA,NA,0
387,5,85,NA,NA,NA,0
388,5,85,NA,NA,NA,0
389,5,85,NA,NA,NA,0
390,5,85,NA,NA,NA,0
391,5,86,NA,NA,NA,0
392,5,86,NA,NA,NA,0
393,5,86,NA,NA,NA,0
394,5,86,NA,NA,NA,0
395,5,86,NA,NA,NA,0
396,4,87,NA,NA,NA,0
397,4,87,"E",81,3,0
398,4,87,NA,NA,NA,0
399,4,87,NA,NA,NA,0
400,6,88,NA,NA,NA,0
401,6,88,NA,NA,NA,0
402,6,88,NA,NA,NA,0
403,6,88,NA,NA,NA,0
404,6,88,NA,NA,NA,0
405,6,88,NA,NA,NA,0
406,4,89,NA,NA,NA,0
407,4,89,"E",65,3,0
408,4,89,NA,NA,NA,0
409,4,89,NA,NA,NA,0
410,5,90,NA,NA,NA,0
411,5,90,NA,NA,NA,0
412,5,90,"H",347,3,0
413,5,90,"E",307,4,1
414,5,90,NA,NA,NA,0
415,4,91,"E",58,3,0
416,4,91,"E",217,2,0
417,4,91,NA,NA,NA,0
418,4,91,NA,NA,NA,0
419,5,92,NA,NA,NA,0
420,5,92,NA,NA,NA,0
421,5,92,NA,NA,NA,0
422,5,92,NA,NA,NA,0
423,5,92,NA,NA,NA,0
424,6,93,NA,NA,NA,0
425,6,93,NA,NA,NA,0
426,6,93,NA,NA,NA,0
427,6,93,NA,NA,NA,0
428,6,93,"E",315,5,0
429,6,93,NA,NA,NA,0
430,6,94,NA,NA,NA,0
431,6,94,NA,NA,NA,0
432,6,94,NA,NA,NA,0
433,6,94,NA,NA,NA,0
434,6,94,NA,NA,NA,0
435,6,94,NA,NA,NA,0
436,3,95,NA,NA,NA,0
437,3,95,NA,NA,NA,0
438,3,95,NA,NA,NA,0
439,5,96,NA,NA,NA,0
440,5,96,NA,NA,NA,0
441,5,96,NA,NA,NA,0
442,5,96,NA,NA,NA,0
443,5,96,NA,NA,NA,0
444,6,97,NA,NA,NA,0
445,6,97,NA,NA,NA,0
446,6,97,NA,NA,NA,0
447,6,97,NA,NA,NA,0
448,6,97,NA,NA,NA,0
449,6,97,NA,NA,NA,0
450,6,98,NA,NA,NA,0
451,6,98,NA,NA,NA,0
452,6,98,NA,NA,NA,0
453,6,98,NA,NA,NA,0
454,6,98,NA,NA,NA,0
455,6,98,NA,NA,NA,0
456,3,99,NA,NA,NA,0
457,3,99,NA,NA,NA,0
458,3,99,NA,NA,NA,0
459,3,100,NA,NA,NA,0
460,3,100,NA,NA,NA,0
461,3,100,NA,NA,NA,0
462,5,101,NA,NA,NA,0
463,5,101,NA,NA,NA,0
464,5,101,NA,NA,NA,0
465,5,101,NA,NA,NA,0
466,5,101,NA,NA,NA,0
467,3,102,"E",208,2,0
468,3,102,NA,NA,NA,0
469,3,102,NA,NA,NA,0
470,4,103,NA,NA,NA,0
471,4,103,NA,NA,NA,0
472,4,103,NA,NA,NA,0
473,4,103,NA,NA,NA,0
474,5,104,NA,NA,NA,0
475,5,104,NA,NA,NA,0
476,5,104,NA,NA,NA,0
477,5,104,NA,NA,NA,0
478,5,104,NA,NA,NA,0
479,4,105,NA,NA,NA,0
480,4,105,NA,NA,NA,0
481,4,105,NA,NA,NA,0
482,4,105,NA,NA,NA,0
483,4,106,NA,NA,NA,0
484,4,106,NA,NA,NA,0
485,4,106,NA,NA,NA,0
486,4,106,NA,NA,NA,0
487,3,107,NA,NA,NA,0
488,3,107,NA,NA,NA,0
489,3,107,NA,NA,NA,0
490,6,108,"E",NA,NA,0
491,6,108,NA,NA,NA,0
492,6,108,NA,NA,NA,0
493,6,108,NA,NA,NA,0
494,6,108,NA,NA,NA,0
495,6,108,NA,NA,NA,0
496,6,109,NA,NA,NA,0
497,6,109,NA,NA,NA,0
498,6,109,NA,NA,NA,0
499,6,109,NA,NA,NA,0
500,6,109,"E",NA,NA,0
501,6,109,NA,NA,NA,0
502,4,110,NA,NA,NA,0
503,4,110,NA,NA,NA,0
504,4,110,NA,NA,NA,0
505,4,110,NA,NA,NA,0
506,5,111,NA,NA,NA,0
507,5,111,NA,NA,NA,0
508,5,111,NA,NA,NA,0
509,5,111,"E",363,4,0
510,5,111,NA,NA,NA,0
511,4,112,NA,NA,NA,0
512,4,112,"E",121,3,0
513,4,112,NA,NA,NA,0
514,4,112,NA,NA,NA,0
515,6,113,NA,NA,NA,0
516,6,113,NA,NA,NA,0
517,6,113,"E",251,5,0
518,6,113,NA,NA,NA,0
519,6,113,NA,NA,NA,0
520,6,113,NA,NA,NA,0
521,5,114,NA,NA,NA,0
522,5,114,NA,NA,NA,0
523,5,114,"H",193,3,0
524,5,114,NA,NA,NA,0
525,5,114,"E",159,4,1
526,6,115,NA,NA,NA,0
527,6,115,NA,NA,NA,0
528,6,115,NA,NA,NA,0
529,6,115,NA,NA,NA,0
530,6,115,NA,NA,NA,0
531,6,115,NA,NA,NA,0
532,5,116,NA,NA,NA,0
533,5,116,"H",189,3,1
534,5,116,"H",208,2,0
535,5,116,"E",168,4,1
536,5,116,NA,NA,NA,0
537,4,117,NA,NA,NA,0
538,4,117,NA,NA,NA,0
539,4,117,NA,NA,NA,0
540,4,117,NA,NA,NA,0
541,6,118,"H",307,3,0
542,6,118,"E",278,5,2
543,6,118,NA,NA,NA,0
544,6,118,"H",316,3,1
545,6,118,"H",361,2,0
546,6,118,NA,NA,NA,0
547,3,119,NA,NA,NA,0
548,3,119,"E",358,2,0
549,3,119,NA,NA,NA,0
550,5,120,NA,NA,NA,0
551,5,120,NA,NA,NA,0
552,5,120,NA,NA,NA,0
553,5,120,NA,NA,NA,0
554,5,120,NA,NA,NA,0
555,3,121,NA,NA,NA,0
556,3,121,NA,NA,NA,0
557,3,121,NA,NA,NA,0
558,6,122,NA,NA,NA,0
559,6,122,NA,NA,NA,0
560,6,122,NA,NA,NA,0
561,6,122,NA,NA,NA,0
562,6,122,NA,NA,NA,0
563,6,122,NA,NA,NA,0
564,5,123,NA,NA,NA,0
565,5,123,NA,NA,NA,0
566,5,123,NA,NA,NA,0
567,5,123,NA,NA,NA,0
568,5,123,NA,NA,NA,0
569,6,124,"E",145,5,0
570,6,124,NA,NA,NA,0
571,6,124,NA,NA,NA,0
572,6,124,NA,NA,NA,0
573,6,124,NA,NA,NA,0
574,6,124,NA,NA,NA,0
575,5,125,NA,NA,NA,0
576,5,125,NA,NA,NA,0
577,5,125,NA,NA,NA,0
578,5,125,NA,NA,NA,0
579,5,125,NA,NA,NA,0
580,3,126,NA,NA,NA,0
581,3,126,NA,NA,NA,0
582,3,126,NA,NA,NA,0
583,4,127,NA,NA,NA,0
584,4,127,NA,NA,NA,0
585,4,127,NA,NA,NA,0
586,4,127,NA,NA,NA,0
587,3,128,NA,NA,NA,0
588,3,128,NA,NA,NA,0
589,3,128,NA,NA,NA,0
590,5,129,NA,NA,NA,0
591,5,129,NA,NA,NA,0
592,5,129,NA,NA,NA,0
593,5,129,NA,NA,NA,0
594,5,129,NA,NA,NA,0
595,6,130,NA,NA,NA,0
596,6,130,NA,NA,NA,0
597,6,130,NA,NA,NA,0
598,6,130,NA,NA,NA,0
599,6,130,NA,NA,NA,0
600,6,130,NA,NA,NA,0
601,6,131,NA,NA,NA,0
602,6,131,NA,NA,NA,0
603,6,131,NA,NA,NA,0
604,6,131,NA,NA,NA,0
605,6,131,NA,NA,NA,0
606,6,131,NA,NA,NA,0
607,4,132,NA,NA,NA,0
608,4,132,NA,NA,NA,0
609,4,132,NA,NA,NA,0
610,4,132,NA,NA,NA,0
611,6,133,NA,NA,NA,0
612,6,133,NA,NA,NA,0
613,6,133,NA,NA,NA,0
614,6,133,NA,NA,NA,0
615,6,133,NA,NA,NA,0
616,6,133,NA,NA,NA,0
617,4,134,NA,NA,NA,0
618,4,134,"E",80,3,2
619,4,134,"H",108,1,0
620,4,134,"H",131,1,0
621,4,135,NA,NA,NA,0
622,4,135,NA,NA,NA,0
623,4,135,NA,NA,NA,0
624,4,135,NA,NA,NA,0
625,6,136,NA,NA,NA,0
626,6,136,NA,NA,NA,0
627,6,136,NA,NA,NA,0
628,6,136,"E",180,5,0
629,6,136,NA,NA,NA,0
630,6,136,NA,NA,NA,0
631,5,137,"E",185,4,0
632,5,137,NA,NA,NA,0
633,5,137,NA,NA,NA,0
634,5,137,NA,NA,NA,0
635,5,137,NA,NA,NA,0
636,5,138,NA,NA,NA,0
637,5,138,NA,NA,NA,0
638,5,138,"E",88,4,1
639,5,138,"H",104,3,0
640,5,138,NA,NA,NA,0
641,6,139,"E",282,5,0
642,6,139,NA,NA,NA,0
643,6,139,NA,NA,NA,0
644,6,139,NA,NA,NA,0
645,6,139,NA,NA,NA,0
646,6,139,"E",NA,NA,0
647,4,140,NA,NA,NA,0
648,4,140,NA,NA,NA,0
649,4,140,NA,NA,NA,0
650,4,140,NA,NA,NA,0
651,4,141,NA,NA,NA,0
652,4,141,NA,NA,NA,0
653,4,141,NA,NA,NA,0
654,4,141,NA,NA,NA,0
655,6,142,NA,NA,NA,0
656,6,142,NA,NA,NA,0
657,6,142,NA,NA,NA,0
658,6,142,NA,NA,NA,0
659,6,142,"E",53,5,0
660,6,142,NA,NA,NA,0
661,4,143,NA,NA,NA,0
662,4,143,NA,NA,NA,0
663,4,143,NA,NA,NA,0
664,4,143,"E",352,3,0
665,4,144,NA,NA,NA,0
666,4,144,NA,NA,NA,0
667,4,144,NA,NA,NA,0
668,4,144,NA,NA,NA,0
669,6,145,NA,NA,NA,0
670,6,145,"E",215,5,0
671,6,145,NA,NA,NA,0
672,6,145,NA,NA,NA,0
673,6,145,NA,NA,NA,0
674,6,145,"E",296,4,0
675,4,146,NA,NA,NA,0
676,4,146,NA,NA,NA,0
677,4,146,NA,NA,NA,0
678,4,146,NA,NA,NA,0
679,6,147,NA,NA,NA,0
680,6,147,NA,NA,NA,0
681,6,147,NA,NA,NA,0
682,6,147,NA,NA,NA,0
683,6,147,NA,NA,NA,0
684,6,147,NA,NA,NA,0
685,3,148,NA,NA,NA,0
686,3,148,NA,NA,NA,0
687,3,148,NA,NA,NA,0
688,3,149,NA,NA,NA,0
689,3,149,NA,NA,NA,0
690,3,149,NA,NA,NA,0
691,5,150,NA,NA,NA,0
692,5,150,NA,NA,NA,0
693,5,150,NA,NA,NA,0
694,5,150,NA,NA,NA,0
695,5,150,NA,NA,NA,0
696,4,151,NA,NA,NA,0
697,4,151,NA,NA,NA,0
698,4,151,NA,NA,NA,0
699,4,151,NA,NA,NA,0
700,4,152,NA,NA,NA,0
701,4,152,NA,NA,NA,0
702,4,152,NA,NA,NA,0
703,4,152,NA,NA,NA,0
704,5,153,"E",286,4,1
705,5,153,NA,NA,NA,0
706,5,153,NA,NA,NA,0
707,5,153,"H",317,3,0
708,5,153,NA,NA,NA,0
709,3,154,NA,NA,NA,0
710,3,154,NA,NA,NA,0
711,3,154,NA,NA,NA,0
712,6,155,NA,NA,NA,0
713,6,155,"E",266,5,0
714,6,155,NA,NA,NA,0
715,6,155,NA,NA,NA,0
716,6,155,NA,NA,NA,0
717,6,155,NA,NA,NA,0
718,4,156,NA,NA,NA,0
719,4,156,NA,NA,NA,0
720,4,156,NA,NA,NA,0
721,4,156,NA,NA,NA,0
722,4,157,NA,NA,NA,0
723,4,157,NA,NA,NA,0
724,4,157,NA,NA,NA,0
725,4,157,NA,NA,NA,0
726,3,158,NA,NA,NA,0
727,3,158,NA,NA,NA,0
728,3,158,NA,NA,NA,0
729,4,159,NA,NA,NA,0
730,4,159,"E",142,3,0
731,4,159,NA,NA,NA,0
732,4,159,NA,NA,NA,0
733,4,160,NA,NA,NA,0
734,4,160,NA,NA,NA,0
735,4,160,NA,NA,NA,0
736,4,160,"E",199,3,0
737,5,161,NA,NA,NA,0
738,5,161,NA,NA,NA,0
739,5,161,NA,NA,NA,0
740,5,161,NA,NA,NA,0
741,5,161,NA,NA,NA,0
742,5,162,NA,NA,NA,0
743,5,162,NA,NA,NA,0
744,5,162,NA,NA,NA,0
745,5,162,NA,NA,NA,0
746,5,162,NA,NA,NA,0
747,4,163,NA,NA,NA,0
748,4,163,"E",346,2,0
749,4,163,"E",289,3,0
750,4,163,NA,NA,NA,0
751,6,164,NA,NA,NA,0
752,6,164,NA,NA,NA,0
753,6,164,NA,NA,NA,0
754,6,164,NA,NA,NA,0
755,6,164,NA,NA,NA,0
756,6,164,NA,NA,NA,0
757,6,165,NA,NA,NA,0
758,6,165,"E",49,5,0
759,6,165,NA,NA,NA,0
760,6,165,NA,NA,NA,0
761,6,165,NA,NA,NA,0
762,6,165,NA,NA,NA,0
763,4,166,NA,NA,NA,0
764,4,166,NA,NA,NA,0
765,4,166,NA,NA,NA,0
766,4,166,NA,NA,NA,0
767,5,167,NA,NA,NA,0
768,5,167,NA,NA,NA,0
769,5,167,NA,NA,NA,0
770,5,167,NA,NA,NA,0
771,5,167,NA,NA,NA,0
772,5,168,NA,NA,NA,0
773,5,168,NA,NA,NA,0
774,5,168,NA,NA,NA,0
775,5,168,NA,NA,NA,0
776,5,168,NA,NA,NA,0
777,3,169,NA,NA,NA,0
778,3,169,NA,NA,NA,0
779,3,169,NA,NA,NA,0
780,5,170,NA,NA,NA,0
781,5,170,NA,NA,NA,0
782,5,170,NA,NA,NA,0
783,5,170,NA,NA,NA,0
784,5,170,NA,NA,NA,0
785,6,171,"E",76,5,1
786,6,171,NA,NA,NA,0
787,6,171,NA,NA,NA,0
788,6,171,NA,NA,NA,0
789,6,171,"H",120,4,0
790,6,171,NA,NA,NA,0
791,4,172,NA,NA,NA,0
792,4,172,NA,NA,NA,0
793,4,172,NA,NA,NA,0
794,4,172,NA,NA,NA,0
795,4,173,NA,NA,NA,0
796,4,173,NA,NA,NA,0
797,4,173,"E",65,3,0
798,4,173,"E",NA,NA,0
799,6,174,NA,NA,NA,0
800,6,174,NA,NA,NA,0
801,6,174,NA,NA,NA,0
802,6,174,NA,NA,NA,0
803,6,174,NA,NA,NA,0
804,6,174,NA,NA,NA,0
805,3,175,NA,NA,NA,0
806,3,175,NA,NA,NA,0
807,3,175,NA,NA,NA,0
808,5,176,NA,NA,NA,0
809,5,176,NA,NA,NA,0
810,5,176,NA,NA,NA,0
811,5,176,NA,NA,NA,0
812,5,176,NA,NA,NA,0
813,5,177,NA,NA,NA,0
814,5,177,NA,NA,NA,0
815,5,177,NA,NA,NA,0
816,5,177,NA,NA,NA,0
817,5,177,NA,NA,NA,0
818,6,178,NA,NA,NA,0
819,6,178,NA,NA,NA,0
820,6,178,NA,NA,NA,0
821,6,178,NA,NA,NA,0
822,6,178,NA,NA,NA,0
823,6,178,NA,NA,NA,0
824,4,179,NA,NA,NA,0
825,4,179,NA,NA,NA,0
826,4,179,NA,NA,NA,0
827,4,179,NA,NA,NA,0
828,3,180,NA,NA,NA,0
829,3,180,NA,NA,NA,0
830,3,180,NA,NA,NA,0
831,3,181,NA,NA,NA,0
832,3,181,NA,NA,NA,0
833,3,181,NA,NA,NA,0
834,3,182,NA,NA,NA,0
835,3,182,NA,NA,NA,0
836,3,182,NA,NA,NA,0
837,6,183,NA,NA,NA,0
838,6,183,NA,NA,NA,0
839,6,183,NA,NA,NA,0
840,6,183,NA,NA,NA,0
841,6,183,NA,NA,NA,0
842,6,183,NA,NA,NA,0
843,4,184,NA,NA,NA,0
844,4,184,NA,NA,NA,0
845,4,184,NA,NA,NA,0
846,4,184,NA,NA,NA,0
847,5,185,"E",271,4,0
848,5,185,NA,NA,NA,0
849,5,185,NA,NA,NA,0
850,5,185,NA,NA,NA,0
851,5,185,NA,NA,NA,0
852,5,186,NA,NA,NA,0
853,5,186,NA,NA,NA,0
854,5,186,NA,NA,NA,0
855,5,186,NA,NA,NA,0
856,5,186,NA,NA,NA,0
857,6,187,NA,NA,NA,0
858,6,187,NA,NA,NA,0
859,6,187,NA,NA,NA,0
860,6,187,NA,NA,NA,0
861,6,187,NA,NA,NA,0
862,6,187,NA,NA,NA,0
863,6,188,NA,NA,NA,0
864,6,188,NA,NA,NA,0
865,6,188,NA,NA,NA,0
866,6,188,NA,NA,NA,0
867,6,188,NA,NA,NA,0
868,6,188,NA,NA,NA,0
869,3,189,NA,NA,NA,0
870,3,189,NA,NA,NA,0
871,3,189,NA,NA,NA,0
872,5,190,NA,NA,NA,0
873,5,190,NA,NA,NA,0
874,5,190,NA,NA,NA,0
875,5,190,NA,NA,NA,0
876,5,190,NA,NA,NA,0
877,3,191,NA,NA,NA,0
878,3,191,NA,NA,NA,0
879,3,191,NA,NA,NA,0
880,5,192,"E",318,4,0
881,5,192,NA,NA,NA,0
882,5,192,NA,NA,NA,0
883,5,192,NA,NA,NA,0
884,5,192,NA,NA,NA,0
885,3,193,NA,NA,NA,0
886,3,193,NA,NA,NA,0
887,3,193,NA,NA,NA,0
888,6,194,NA,NA,NA,0
889,6,194,NA,NA,NA,0
890,6,194,NA,NA,NA,0
891,6,194,NA,NA,NA,0
892,6,194,NA,NA,NA,0
893,6,194,NA,NA,NA,0
894,5,195,"H",94,3,0
895,5,195,NA,NA,NA,0
896,5,195,NA,NA,NA,0
897,5,195,"E",63,4,1
898,5,195,NA,NA,NA,0
899,4,196,NA,NA,NA,0
900,4,196,NA,NA,NA,0
901,4,196,NA,NA,NA,0
902,4,196,NA,NA,NA,0
903,6,197,NA,NA,NA,0
904,6,197,NA,NA,NA,0
905,6,197,NA,NA,NA,0
906,6,197,NA,NA,NA,0
907,6,197,NA,NA,NA,0
908,6,197,NA,NA,NA,0
909,6,198,NA,NA,NA,0
910,6,198,NA,NA,NA,0
911,6,198,NA,NA,NA,0
912,6,198,NA,NA,NA,0
913,6,198,NA,NA,NA,0
914,6,198,NA,NA,NA,0
915,3,199,NA,NA,NA,0
916,3,199,NA,NA,NA,0
917,3,199,NA,NA,NA,0
918,3,200,NA,NA,NA,0
919,3,200,NA,NA,NA,0
920,3,200,NA,NA,NA,0
921,3,201,NA,NA,NA,0
922,3,201,NA,NA,NA,0
923,3,201,NA,NA,NA,0
924,5,202,NA,NA,NA,0
925,5,202,NA,NA,NA,0
926,5,202,NA,NA,NA,0
927,5,202,NA,NA,NA,0
928,5,202,NA,NA,NA,0
929,5,203,NA,NA,NA,0
930,5,203,NA,NA,NA,0
931,5,203,NA,NA,NA,0
932,5,203,"E",248,4,0
933,5,203,NA,NA,NA,0
934,6,204,NA,NA,NA,0
935,6,204,NA,NA,NA,0
936,6,204,NA,NA,NA,0
937,6,204,NA,NA,NA,0
938,6,204,NA,NA,NA,0
939,6,204,NA,NA,NA,0
940,3,205,NA,NA,NA,0
941,3,205,NA,NA,NA,0
942,3,205,NA,NA,NA,0
943,6,206,NA,NA,NA,0
944,6,206,"E",166,5,0
945,6,206,NA,NA,NA,0
946,6,206,NA,NA,NA,0
947,6,206,NA,NA,NA,0
948,6,206,NA,NA,NA,0
949,4,207,NA,NA,NA,0
950,4,207,NA,NA,NA,0
951,4,207,NA,NA,NA,0
952,4,207,NA,NA,NA,0
953,3,208,NA,NA,NA,0
954,3,208,"E",346,2,0
955,3,208,NA,NA,NA,0
956,4,209,NA,NA,NA,0
957,4,209,NA,NA,NA,0
958,4,209,"E",316,3,1
959,4,209,"H",336,2,0
960,6,210,NA,NA,NA,0
961,6,210,NA,NA,NA,0
962,6,210,NA,NA,NA,0
963,6,210,NA,NA,NA,0
964,6,210,NA,NA,NA,0
965,6,210,NA,NA,NA,0
966,5,211,NA,NA,NA,0
967,5,211,NA,NA,NA,0
968,5,211,NA,NA,NA,0
969,5,211,NA,NA,NA,0
970,5,211,NA,NA,NA,0
971,6,212,NA,NA,NA,0
972,6,212,NA,NA,NA,0
973,6,212,NA,NA,NA,0
974,6,212,NA,NA,NA,0
975,6,212,"E",56,5,0
976,6,212,NA,NA,NA,0
977,6,213,NA,NA,NA,0
978,6,213,NA,NA,NA,0
979,6,213,NA,NA,NA,0
980,6,213,NA,NA,NA,0
981,6,213,NA,NA,NA,0
982,6,213,NA,NA,NA,0
983,6,214,NA,NA,NA,0
984,6,214,NA,NA,NA,0
985,6,214,NA,NA,NA,0
986,6,214,NA,NA,NA,0
987,6,214,NA,NA,NA,0
988,6,214,NA,NA,NA,0
989,4,215,NA,NA,NA,0
990,4,215,NA,NA,NA,0
991,4,215,NA,NA,NA,0
992,4,215,NA,NA,NA,0
993,3,216,NA,NA,NA,0
994,3,216,NA,NA,NA,0
995,3,216,NA,NA,NA,0
996,5,217,NA,NA,NA,0
997,5,217,NA,NA,NA,0
998,5,217,NA,NA,NA,0
999,5,217,NA,NA,NA,0
1000,5,217,NA,NA,NA,0
