"","ID","SIZE","HH","TYPE","TIME","S_num","I_num"
"1",1,5,1,"0",29,4,1
"2",2,5,1,"H",49,3,2
"3",3,5,1,"H",67,1,0
"4",4,5,1,"C",340,0,0
"5",5,5,1,"H",75,1,0
"6",6,6,2,"H",231,0,0
"7",7,6,2,"H",260,0,0
"8",8,6,2,"H",247,0,0
"9",9,6,2,"H",239,0,0
"10",10,6,2,"H",218,2,2
"11",11,6,2,"C",200,5,3
"12",12,3,3,NA,NA,NA,0
"13",13,3,3,"H",NA,NA,0
"14",14,3,3,"C",337,2,1
"15",15,5,4,"H",NA,NA,0
"16",16,5,4,"C",362,2,0
"17",17,5,4,NA,NA,NA,0
"18",18,5,4,"C",348,3,1
"19",19,5,4,NA,NA,NA,0
"20",20,4,5,NA,NA,NA,0
"21",21,4,5,NA,NA,NA,0
"22",22,4,5,NA,NA,NA,0
"23",23,4,5,NA,NA,NA,0
"24",24,4,6,"C",215,3,0
"25",25,4,6,"H",NA,NA,0
"26",26,4,6,"C",NA,NA,0
"27",27,4,6,"C",347,1,1
"28",28,4,7,NA,NA,NA,0
"29",29,4,7,NA,NA,NA,0
"30",30,4,7,NA,NA,NA,0
"31",31,4,7,"C",357,3,0
"32",32,4,8,NA,NA,NA,0
"33",33,4,8,NA,NA,NA,0
"34",34,4,8,NA,NA,NA,0
"35",35,4,8,NA,NA,NA,0
"36",36,5,9,NA,NA,NA,0
"37",37,5,9,NA,NA,NA,0
"38",38,5,9,NA,NA,NA,0
"39",39,5,9,NA,NA,NA,0
"40",40,5,9,NA,NA,NA,0
"41",41,4,10,NA,NA,NA,0
"42",42,4,10,"C",NA,NA,0
"43",43,4,10,NA,NA,NA,0
"44",44,4,10,NA,NA,NA,0
"45",45,6,11,"C",264,0,0
"46",46,6,11,"C",188,5,2
"47",47,6,11,"H",236,2,1
"48",48,6,11,"H",254,1,1
"49",49,6,11,"H",288,0,0
"50",50,6,11,"H",244,1,0
"51",51,3,12,NA,NA,NA,0
"52",52,3,12,NA,NA,NA,0
"53",53,3,12,"C",NA,NA,0
"54",54,3,13,"C",351,2,1
"55",55,3,13,"H",NA,NA,0
"56",56,3,13,NA,NA,NA,0
"57",57,5,14,NA,NA,NA,0
"58",58,5,14,NA,NA,NA,0
"59",59,5,14,NA,NA,NA,0
"60",60,5,14,NA,NA,NA,0
"61",61,5,14,NA,NA,NA,0
"62",62,5,15,NA,NA,NA,0
"63",63,5,15,NA,NA,NA,0
"64",64,5,15,NA,NA,NA,0
"65",65,5,15,"C",NA,NA,0
"66",66,5,15,NA,NA,NA,0
"67",67,6,16,"H",NA,NA,0
"68",68,6,16,"C",NA,NA,0
"69",69,6,16,NA,NA,NA,0
"70",70,6,16,"H",NA,NA,0
"71",71,6,16,"C",351,5,2
"72",72,6,16,NA,NA,NA,0
"73",73,4,17,NA,NA,NA,0
"74",74,4,17,NA,NA,NA,0
"75",75,4,17,NA,NA,NA,0
"76",76,4,17,"C",296,3,0
"77",77,4,18,NA,NA,NA,0
"78",78,4,18,NA,NA,NA,0
"79",79,4,18,NA,NA,NA,0
"80",80,4,18,NA,NA,NA,0
"81",81,5,19,NA,NA,NA,0
"82",82,5,19,NA,NA,NA,0
"83",83,5,19,NA,NA,NA,0
"84",84,5,19,"C",300,4,1
"85",85,5,19,"H",353,3,0
"86",86,3,20,NA,NA,NA,0
"87",87,3,20,NA,NA,NA,0
"88",88,3,20,NA,NA,NA,0
"89",89,6,21,"C",282,5,5
"90",90,6,21,"H",322,0,0
"91",91,6,21,"H",331,0,0
"92",92,6,21,"H",310,0,0
"93",93,6,21,"H",309,0,0
"94",94,6,21,"H",316,0,0
"95",95,6,22,"H",343,3,1
"96",96,6,22,"C",322,4,1
"97",97,6,22,"H",NA,NA,0
"98",98,6,22,"C",355,2,1
"99",99,6,22,NA,NA,NA,0
"100",100,6,22,"H",NA,NA,0
"101",101,5,23,"C",172,4,1
"102",102,5,23,"C",326,2,1
"103",103,5,23,NA,NA,NA,0
"104",104,5,23,"H",186,3,0
"105",105,5,23,"H",364,1,0
"106",106,3,24,NA,NA,NA,0
"107",107,3,24,NA,NA,NA,0
"108",108,3,24,NA,NA,NA,0
"109",109,3,25,NA,NA,NA,0
"110",110,3,25,"C",NA,NA,0
"111",111,3,25,NA,NA,NA,0
"112",112,6,26,NA,NA,NA,0
"113",113,6,26,NA,NA,NA,0
"114",114,6,26,"C",274,5,1
"115",115,6,26,NA,NA,NA,0
"116",116,6,26,NA,NA,NA,0
"117",117,6,26,"H",296,4,0
"118",118,4,27,NA,NA,NA,0
"119",119,4,27,"C",NA,NA,0
"120",120,4,27,NA,NA,NA,0
"121",121,4,27,NA,NA,NA,0
"122",122,3,28,NA,NA,NA,0
"123",123,3,28,NA,NA,NA,0
"124",124,3,28,NA,NA,NA,0
"125",125,6,29,"C",345,1,1
"126",126,6,29,"C",321,5,3
"127",127,6,29,"H",342,1,0
"128",128,6,29,"H",NA,NA,0
"129",129,6,29,"H",351,1,0
"130",130,6,29,"H",NA,NA,0
"131",131,6,30,"H",240,2,0
"132",132,6,30,NA,NA,NA,0
"133",133,6,30,"C",189,5,0
"134",134,6,30,"C",239,2,0
"135",135,6,30,"C",211,3,1
"136",136,6,30,NA,NA,NA,0
"137",137,5,31,"C",360,4,1
"138",138,5,31,NA,NA,NA,0
"139",139,5,31,NA,NA,NA,0
"140",140,5,31,"H",NA,NA,0
"141",141,5,31,NA,NA,NA,0
"142",142,3,32,NA,NA,NA,0
"143",143,3,32,NA,NA,NA,0
"144",144,3,32,NA,NA,NA,0
"145",145,3,33,NA,NA,NA,0
"146",146,3,33,NA,NA,NA,0
"147",147,3,33,NA,NA,NA,0
"148",148,3,34,NA,NA,NA,0
"149",149,3,34,NA,NA,NA,0
"150",150,3,34,NA,NA,NA,0
"151",151,4,35,"C",364,2,0
"152",152,4,35,NA,NA,NA,0
"153",153,4,35,"C",353,2,0
"154",154,4,35,NA,NA,NA,0
"155",155,4,36,"C",NA,NA,0
"156",156,4,36,NA,NA,NA,0
"157",157,4,36,"C",317,3,0
"158",158,4,36,NA,NA,NA,0
"159",159,6,37,"H",224,1,0
"160",160,6,37,"C",211,1,0
"161",161,6,37,"C",187,5,3
"162",162,6,37,"H",237,1,1
"163",163,6,37,"H",238,1,0
"164",164,6,37,"H",271,0,0
"165",165,5,38,"C",277,4,2
"166",166,5,38,"H",300,2,1
"167",167,5,38,"H",353,0,0
"168",168,5,38,"H",332,1,1
"169",169,5,38,"H",355,0,0
"170",170,5,39,NA,NA,NA,0
"171",171,5,39,NA,NA,NA,0
"172",172,5,39,"H",315,2,0
"173",173,5,39,"H",292,3,1
"174",174,5,39,"C",256,4,1
"175",175,3,40,"C",360,2,1
"176",176,3,40,NA,NA,NA,0
"177",177,3,40,"H",NA,NA,0
"178",178,3,41,NA,NA,NA,0
"179",179,3,41,NA,NA,NA,0
"180",180,3,41,"C",206,2,0
"181",181,3,42,"C",NA,NA,0
"182",182,3,42,NA,NA,NA,0
"183",183,3,42,"C",318,2,0
"184",184,5,43,"H",308,0,0
"185",185,5,43,"H",263,1,1
"186",186,5,43,"H",246,2,1
"187",187,5,43,"H",198,3,1
"188",188,5,43,"C",156,4,1
"189",189,6,44,NA,NA,NA,0
"190",190,6,44,"C",289,4,2
"191",191,6,44,"C",335,1,0
"192",192,6,44,"H",328,1,0
"193",193,6,44,"C",334,1,0
"194",194,6,44,"H",317,1,0
"195",195,6,45,NA,NA,NA,0
"196",196,6,45,NA,NA,NA,0
"197",197,6,45,NA,NA,NA,0
"198",198,6,45,NA,NA,NA,0
"199",199,6,45,"H",293,4,0
"200",200,6,45,"C",254,5,1
"201",201,6,46,NA,NA,NA,0
"202",202,6,46,"C",NA,NA,0
"203",203,6,46,NA,NA,NA,0
"204",204,6,46,NA,NA,NA,0
"205",205,6,46,NA,NA,NA,0
"206",206,6,46,"C",NA,NA,0
"207",207,4,47,"C",297,1,0
"208",208,4,47,NA,NA,NA,0
"209",209,4,47,"C",224,3,1
"210",210,4,47,"H",275,1,0
"211",211,4,48,"C",115,3,0
"212",212,4,48,"C",321,2,2
"213",213,4,48,"H",361,0,0
"214",214,4,48,"H",356,0,0
"215",215,4,49,NA,NA,NA,0
"216",216,4,49,NA,NA,NA,0
"217",217,4,49,NA,NA,NA,0
"218",218,4,49,NA,NA,NA,0
"219",219,4,50,NA,NA,NA,0
"220",220,4,50,"C",363,2,1
"221",221,4,50,"H",NA,NA,0
"222",222,4,50,"C",267,3,0
"223",223,3,51,"C",358,0,0
"224",224,3,51,"C",313,2,1
"225",225,3,51,"H",345,0,0
"226",226,3,52,NA,NA,NA,0
"227",227,3,52,NA,NA,NA,0
"228",228,3,52,NA,NA,NA,0
"229",229,5,53,"C",NA,NA,0
"230",230,5,53,NA,NA,NA,0
"231",231,5,53,"C",295,4,0
"232",232,5,53,NA,NA,NA,0
"233",233,5,53,"C",NA,NA,0
"234",234,5,54,"H",291,1,1
"235",235,5,54,"H",314,0,0
"236",236,5,54,"H",345,0,0
"237",237,5,54,"C",263,4,2
"238",238,5,54,"H",277,2,1
"239",239,4,55,"H",175,1,1
"240",240,4,55,"H",190,0,0
"241",241,4,55,"C",151,3,2
"242",242,4,55,"H",190,0,0
"243",243,3,56,"C",239,2,1
"244",244,3,56,"H",288,1,1
"245",245,3,56,"H",302,0,0
"246",246,3,57,"C",204,2,1
"247",247,3,57,"H",239,1,0
"248",248,3,57,NA,NA,NA,0
"249",249,4,58,"C",321,0,0
"250",250,4,58,"H",271,1,0
"251",251,4,58,"C",246,3,2
"252",252,4,58,"H",265,1,0
"253",253,4,59,NA,NA,NA,0
"254",254,4,59,"H",112,2,0
"255",255,4,59,"C",95,3,1
"256",256,4,59,NA,NA,NA,0
"257",257,6,60,NA,NA,NA,0
"258",258,6,60,NA,NA,NA,0
"259",259,6,60,NA,NA,NA,0
"260",260,6,60,NA,NA,NA,0
"261",261,6,60,"C",285,5,0
"262",262,6,60,NA,NA,NA,0
"263",263,3,61,NA,NA,NA,0
"264",264,3,61,"C",NA,NA,0
"265",265,3,61,"C",335,2,0
"266",266,6,62,"H",118,2,0
"267",267,6,62,NA,NA,NA,0
"268",268,6,62,NA,NA,NA,0
"269",269,6,62,"H",177,2,0
"270",270,6,62,"C",69,5,1
"271",271,6,62,"H",96,4,2
"272",272,4,63,"H",310,1,0
"273",273,4,63,"H",341,0,0
"274",274,4,63,"C",274,3,2
"275",275,4,63,"H",318,1,1
"276",276,3,64,NA,NA,NA,0
"277",277,3,64,"C",NA,NA,0
"278",278,3,64,NA,NA,NA,0
"279",279,4,65,"H",NA,NA,0
"280",280,4,65,"H",NA,NA,0
"281",281,4,65,"C",346,3,2
"282",282,4,65,NA,NA,NA,0
"283",283,4,66,NA,NA,NA,0
"284",284,4,66,NA,NA,NA,0
"285",285,4,66,NA,NA,NA,0
"286",286,4,66,NA,NA,NA,0
"287",287,5,67,"H",197,1,0
"288",288,5,67,NA,NA,NA,0
"289",289,5,67,"H",173,2,1
"290",290,5,67,"H",175,2,0
"291",291,5,67,"C",154,4,2
"292",292,3,68,"C",317,1,0
"293",293,3,68,"C",322,1,0
"294",294,3,68,NA,NA,NA,0
"295",295,3,69,"C",303,2,1
"296",296,3,69,NA,NA,NA,0
"297",297,3,69,"H",319,1,0
"298",298,3,70,NA,NA,NA,0
"299",299,3,70,"C",84,2,0
"300",300,3,70,NA,NA,NA,0
"301",301,5,71,NA,NA,NA,0
"302",302,5,71,NA,NA,NA,0
"303",303,5,71,NA,NA,NA,0
"304",304,5,71,NA,NA,NA,0
"305",305,5,71,NA,NA,NA,0
"306",306,3,72,"H",334,1,0
"307",307,3,72,"C",NA,NA,0
"308",308,3,72,"C",294,2,1
"309",309,4,73,NA,NA,NA,0
"310",310,4,73,"C",364,1,0
"311",311,4,73,"H",306,2,0
"312",312,4,73,"C",275,3,1
"313",313,6,74,"C",342,1,1
"314",314,6,74,"C",365,0,0
"315",315,6,74,"C",338,3,2
"316",316,6,74,"H",361,0,0
"317",317,6,74,"H",356,0,0
"318",318,6,74,"H",NA,NA,0
"319",319,3,75,NA,NA,NA,0
"320",320,3,75,NA,NA,NA,0
"321",321,3,75,NA,NA,NA,0
"322",322,4,76,"C",NA,NA,0
"323",323,4,76,"H",277,1,0
"324",324,4,76,"H",305,1,0
"325",325,4,76,"C",247,3,2
"326",326,4,77,"C",186,3,1
"327",327,4,77,NA,NA,NA,0
"328",328,4,77,NA,NA,NA,0
"329",329,4,77,"H",213,2,0
"330",330,6,78,NA,NA,NA,0
"331",331,6,78,"C",361,3,1
"332",332,6,78,NA,NA,NA,0
"333",333,6,78,"C",362,3,0
"334",334,6,78,"H",NA,NA,0
"335",335,6,78,"C",268,5,0
"336",336,3,79,"H",NA,NA,0
"337",337,3,79,"C",362,2,1
"338",338,3,79,NA,NA,NA,0
"339",339,5,80,"H",NA,NA,0
"340",340,5,80,"C",328,3,1
"341",341,5,80,"C",NA,NA,0
"342",342,5,80,"C",333,2,0
"343",343,5,80,NA,NA,NA,0
"344",344,6,81,NA,NA,NA,0
"345",345,6,81,"H",324,2,0
"346",346,6,81,NA,NA,NA,0
"347",347,6,81,"H",282,3,1
"348",348,6,81,"C",319,2,0
"349",349,6,81,"C",249,5,1
"350",350,6,82,"H",273,0,0
"351",351,6,82,"H",254,1,1
"352",352,6,82,"H",247,2,1
"353",353,6,82,"H",275,0,0
"354",354,6,82,"C",221,5,3
"355",355,6,82,"H",260,0,0
"356",356,5,83,"C",319,4,2
"357",357,5,83,"H",347,1,0
"358",358,5,83,"H",NA,NA,0
"359",359,5,83,"H",345,2,1
"360",360,5,83,NA,NA,NA,0
"361",361,5,84,NA,NA,NA,0
"362",362,5,84,NA,NA,NA,0
"363",363,5,84,NA,NA,NA,0
"364",364,5,84,NA,NA,NA,0
"365",365,5,84,NA,NA,NA,0
"366",366,5,85,NA,NA,NA,0
"367",367,5,85,NA,NA,NA,0
"368",368,5,85,NA,NA,NA,0
"369",369,5,85,NA,NA,NA,0
"370",370,5,85,NA,NA,NA,0
"371",371,6,86,"C",343,3,1
"372",372,6,86,NA,NA,NA,0
"373",373,6,86,"H",NA,NA,0
"374",374,6,86,"C",149,5,1
"375",375,6,86,NA,NA,NA,0
"376",376,6,86,"H",197,4,0
"377",377,6,87,NA,NA,NA,0
"378",378,6,87,"H",NA,NA,0
"379",379,6,87,NA,NA,NA,0
"380",380,6,87,"C",335,5,1
"381",381,6,87,"C",362,3,1
"382",382,6,87,"H",363,3,0
"383",383,4,88,"C",262,3,0
"384",384,4,88,NA,NA,NA,0
"385",385,4,88,NA,NA,NA,0
"386",386,4,88,NA,NA,NA,0
"387",387,3,89,NA,NA,NA,0
"388",388,3,89,NA,NA,NA,0
"389",389,3,89,NA,NA,NA,0
"390",390,4,90,"H",NA,NA,0
"391",391,4,90,NA,NA,NA,0
"392",392,4,90,"C",353,2,1
"393",393,4,90,"C",308,3,0
"394",394,3,91,NA,NA,NA,0
"395",395,3,91,"C",269,1,0
"396",396,3,91,"C",202,2,0
"397",397,5,92,"C",261,2,0
"398",398,5,92,"H",NA,NA,0
"399",399,5,92,"C",228,3,1
"400",400,5,92,"C",330,1,1
"401",401,5,92,"H",265,1,0
"402",402,4,93,"H",260,1,0
"403",403,4,93,NA,NA,NA,0
"404",404,4,93,"C",244,3,2
"405",405,4,93,"H",265,1,0
"406",406,4,94,NA,NA,NA,0
"407",407,4,94,NA,NA,NA,0
"408",408,4,94,"C",172,3,0
"409",409,4,94,NA,NA,NA,0
"410",410,3,95,NA,NA,NA,0
"411",411,3,95,NA,NA,NA,0
"412",412,3,95,"C",273,2,0
"413",413,6,96,NA,NA,NA,0
"414",414,6,96,NA,NA,NA,0
"415",415,6,96,NA,NA,NA,0
"416",416,6,96,NA,NA,NA,0
"417",417,6,96,NA,NA,NA,0
"418",418,6,96,NA,NA,NA,0
"419",419,5,97,NA,NA,NA,0
"420",420,5,97,NA,NA,NA,0
"421",421,5,97,NA,NA,NA,0
"422",422,5,97,NA,NA,NA,0
"423",423,5,97,NA,NA,NA,0
"424",424,3,98,"C",329,1,0
"425",425,3,98,NA,NA,NA,0
"426",426,3,98,"C",331,1,0
"427",427,3,99,NA,NA,NA,0
"428",428,3,99,"C",300,2,1
"429",429,3,99,"H",NA,NA,0
"430",430,6,100,"C",118,5,2
"431",431,6,100,NA,NA,NA,0
"432",432,6,100,"H",165,3,2
"433",433,6,100,"H",196,1,0
"434",434,6,100,"H",202,1,0
"435",435,6,100,"H",154,3,0
"436",436,3,101,"H",343,1,0
"437",437,3,101,"C",306,2,1
"438",438,3,101,NA,NA,NA,0
"439",439,5,102,NA,NA,NA,0
"440",440,5,102,NA,NA,NA,0
"441",441,5,102,NA,NA,NA,0
"442",442,5,102,"H",NA,NA,0
"443",443,5,102,"C",319,4,1
"444",444,4,103,NA,NA,NA,0
"445",445,4,103,NA,NA,NA,0
"446",446,4,103,NA,NA,NA,0
"447",447,4,103,NA,NA,NA,0
"448",448,4,104,NA,NA,NA,0
"449",449,4,104,NA,NA,NA,0
"450",450,4,104,NA,NA,NA,0
"451",451,4,104,NA,NA,NA,0
"452",452,5,105,"H",NA,NA,0
"453",453,5,105,"C",359,2,2
"454",454,5,105,"H",NA,NA,0
"455",455,5,105,"C",170,4,0
"456",456,5,105,"C",NA,NA,0
"457",457,6,106,"C",235,5,2
"458",458,6,106,"H",297,1,1
"459",459,6,106,"H",333,0,0
"460",460,6,106,"H",310,0,0
"461",461,6,106,"H",254,3,0
"462",462,6,106,"H",269,3,2
"463",463,5,107,"H",327,3,0
"464",464,5,107,"C",304,4,1
"465",465,5,107,"C",362,2,1
"466",466,5,107,NA,NA,NA,0
"467",467,5,107,"H",NA,NA,0
"468",468,6,108,"H",285,1,1
"469",469,6,108,"H",277,2,1
"470",470,6,108,"C",263,5,3
"471",471,6,108,"H",312,0,0
"472",472,6,108,"H",294,0,0
"473",473,6,108,"H",352,0,0
"474",474,6,109,"H",277,2,1
"475",475,6,109,"H",301,1,0
"476",476,6,109,NA,NA,NA,0
"477",477,6,109,"C",248,5,3
"478",478,6,109,"H",291,1,0
"479",479,6,109,"H",286,1,0
"480",480,4,110,NA,NA,NA,0
"481",481,4,110,NA,NA,NA,0
"482",482,4,110,"C",365,3,0
"483",483,4,110,NA,NA,NA,0
"484",484,4,111,"H",295,0,0
"485",485,4,111,"C",256,3,2
"486",486,4,111,"H",277,1,1
"487",487,4,111,"H",274,1,0
"488",488,5,112,NA,NA,NA,0
"489",489,5,112,NA,NA,NA,0
"490",490,5,112,NA,NA,NA,0
"491",491,5,112,"C",NA,NA,0
"492",492,5,112,NA,NA,NA,0
"493",493,5,113,"H",301,1,0
"494",494,5,113,"H",305,1,0
"495",495,5,113,"C",261,4,2
"496",496,5,113,NA,NA,NA,0
"497",497,5,113,"C",312,1,0
"498",498,6,114,"H",320,0,0
"499",499,6,114,"C",318,0,0
"500",500,6,114,"C",265,3,0
"501",501,6,114,"H",301,1,1
"502",502,6,114,"C",273,3,1
"503",503,6,114,"C",293,2,0
"504",504,3,115,"C",356,2,1
"505",505,3,115,"H",NA,NA,0
"506",506,3,115,NA,NA,NA,0
"507",507,4,116,"C",362,2,1
"508",508,4,116,"C",NA,NA,0
"509",509,4,116,"H",NA,NA,0
"510",510,4,116,NA,NA,NA,0
"511",511,4,117,"H",182,1,1
"512",512,4,117,"H",221,0,0
"513",513,4,117,"H",126,2,1
"514",514,4,117,"C",83,3,1
"515",515,3,118,"C",NA,NA,0
"516",516,3,118,NA,NA,NA,0
"517",517,3,118,NA,NA,NA,0
"518",518,5,119,NA,NA,NA,0
"519",519,5,119,NA,NA,NA,0
"520",520,5,119,NA,NA,NA,0
"521",521,5,119,NA,NA,NA,0
"522",522,5,119,"C",334,4,0
"523",523,5,120,"H",NA,NA,0
"524",524,5,120,"H",355,1,1
"525",525,5,120,"H",340,1,0
"526",526,5,120,"C",319,4,3
"527",527,5,120,"H",340,1,0
"528",528,4,121,"C",344,2,1
"529",529,4,121,NA,NA,NA,0
"530",530,4,121,"H",NA,NA,0
"531",531,4,121,"C",261,3,0
"532",532,3,122,NA,NA,NA,0
"533",533,3,122,NA,NA,NA,0
"534",534,3,122,NA,NA,NA,0
"535",535,4,123,NA,NA,NA,0
"536",536,4,123,NA,NA,NA,0
"537",537,4,123,NA,NA,NA,0
"538",538,4,123,"C",250,3,0
"539",539,4,124,"C",355,2,0
"540",540,4,124,"C",NA,NA,0
"541",541,4,124,NA,NA,NA,0
"542",542,4,124,NA,NA,NA,0
"543",543,5,125,"H",310,0,0
"544",544,5,125,"C",291,0,0
"545",545,5,125,"H",307,0,0
"546",546,5,125,"C",262,4,3
"547",547,5,125,"H",304,0,0
"548",548,3,126,NA,NA,NA,0
"549",549,3,126,NA,NA,NA,0
"550",550,3,126,NA,NA,NA,0
"551",551,5,127,"C",313,4,1
"552",552,5,127,"C",NA,NA,0
"553",553,5,127,NA,NA,NA,0
"554",554,5,127,"H",334,3,1
"555",555,5,127,"H",NA,NA,0
"556",556,5,128,"C",283,3,1
"557",557,5,128,"H",304,2,0
"558",558,5,128,"C",340,2,1
"559",559,5,128,"H",NA,NA,0
"560",560,5,128,NA,NA,NA,0
"561",561,6,129,"H",323,3,0
"562",562,6,129,"C",300,5,2
"563",563,6,129,NA,NA,NA,0
"564",564,6,129,NA,NA,NA,0
"565",565,6,129,"H",330,3,1
"566",566,6,129,"H",NA,NA,0
"567",567,3,130,NA,NA,NA,0
"568",568,3,130,NA,NA,NA,0
"569",569,3,130,NA,NA,NA,0
"570",570,3,131,NA,NA,NA,0
"571",571,3,131,NA,NA,NA,0
"572",572,3,131,"C",184,2,0
"573",573,4,132,"H",320,0,0
"574",574,4,132,"C",340,0,0
"575",575,4,132,"C",348,0,0
"576",576,4,132,"C",305,2,1
"577",577,5,133,"C",NA,NA,0
"578",578,5,133,"H",NA,NA,0
"579",579,5,133,NA,NA,NA,0
"580",580,5,133,"C",259,4,0
"581",581,5,133,"C",342,2,1
"582",582,4,134,"C",NA,NA,0
"583",583,4,134,NA,NA,NA,0
"584",584,4,134,NA,NA,NA,0
"585",585,4,134,NA,NA,NA,0
"586",586,4,135,"C",298,2,0
"587",587,4,135,NA,NA,NA,0
"588",588,4,135,"C",305,2,0
"589",589,4,135,NA,NA,NA,0
"590",590,6,136,"C",325,5,1
"591",591,6,136,"H",NA,NA,0
"592",592,6,136,"C",NA,NA,0
"593",593,6,136,"H",355,4,2
"594",594,6,136,NA,NA,NA,0
"595",595,6,136,"H",NA,NA,0
"596",596,3,137,"C",360,1,1
"597",597,3,137,"C",297,2,0
"598",598,3,137,"H",NA,NA,0
"599",599,4,138,NA,NA,NA,0
"600",600,4,138,"C",260,2,0
"601",601,4,138,"C",217,3,0
"602",602,4,138,NA,NA,NA,0
"603",603,3,139,NA,NA,NA,0
"604",604,3,139,"H",270,1,0
"605",605,3,139,"C",239,2,1
"606",606,4,140,"H",235,0,0
"607",607,4,140,"H",237,0,0
"608",608,4,140,"C",179,3,1
"609",609,4,140,"H",212,2,2
"610",610,3,141,NA,NA,NA,0
"611",611,3,141,NA,NA,NA,0
"612",612,3,141,NA,NA,NA,0
"613",613,4,142,"C",234,3,3
"614",614,4,142,"H",268,0,0
"615",615,4,142,"H",262,0,0
"616",616,4,142,"H",290,0,0
"617",617,6,143,"H",277,0,0
"618",618,6,143,"H",287,0,0
"619",619,6,143,"H",254,1,1
"620",620,6,143,"H",295,0,0
"621",621,6,143,"C",236,5,4
"622",622,6,143,"H",259,1,0
"623",623,6,144,"H",105,3,3
"624",624,6,144,"H",146,0,0
"625",625,6,144,"H",160,0,0
"626",626,6,144,"H",120,0,0
"627",627,6,144,"H",156,0,0
"628",628,6,144,"C",82,5,2
"629",629,4,145,"C",283,3,1
"630",630,4,145,"C",NA,NA,0
"631",631,4,145,"H",357,0,0
"632",632,4,145,"H",316,2,1
"633",633,6,146,"C",361,3,0
"634",634,6,146,NA,NA,NA,0
"635",635,6,146,"H",NA,NA,0
"636",636,6,146,NA,NA,NA,0
"637",637,6,146,"C",320,4,1
"638",638,6,146,NA,NA,NA,0
"639",639,6,147,"H",NA,NA,0
"640",640,6,147,"H",349,1,1
"641",641,6,147,"H",358,0,0
"642",642,6,147,"C",323,3,1
"643",643,6,147,"H",326,2,1
"644",644,6,147,"C",283,5,1
"645",645,5,148,NA,NA,NA,0
"646",646,5,148,"H",342,2,0
"647",647,5,148,NA,NA,NA,0
"648",648,5,148,"C",285,4,2
"649",649,5,148,"H",321,2,0
"650",650,5,149,NA,NA,NA,0
"651",651,5,149,"C",79,4,0
"652",652,5,149,"C",358,3,0
"653",653,5,149,NA,NA,NA,0
"654",654,5,149,NA,NA,NA,0
"655",655,6,150,NA,NA,NA,0
"656",656,6,150,NA,NA,NA,0
"657",657,6,150,NA,NA,NA,0
"658",658,6,150,NA,NA,NA,0
"659",659,6,150,NA,NA,NA,0
"660",660,6,150,NA,NA,NA,0
"661",661,5,151,NA,NA,NA,0
"662",662,5,151,NA,NA,NA,0
"663",663,5,151,NA,NA,NA,0
"664",664,5,151,NA,NA,NA,0
"665",665,5,151,NA,NA,NA,0
"666",666,6,152,NA,NA,NA,0
"667",667,6,152,NA,NA,NA,0
"668",668,6,152,NA,NA,NA,0
"669",669,6,152,NA,NA,NA,0
"670",670,6,152,NA,NA,NA,0
"671",671,6,152,NA,NA,NA,0
"672",672,4,153,"C",343,3,0
"673",673,4,153,NA,NA,NA,0
"674",674,4,153,NA,NA,NA,0
"675",675,4,153,"C",NA,NA,0
"676",676,4,154,"H",NA,NA,0
"677",677,4,154,"C",346,3,2
"678",678,4,154,NA,NA,NA,0
"679",679,4,154,"H",NA,NA,0
"680",680,6,155,NA,NA,NA,0
"681",681,6,155,NA,NA,NA,0
"682",682,6,155,"C",364,5,0
"683",683,6,155,NA,NA,NA,0
"684",684,6,155,NA,NA,NA,0
"685",685,6,155,NA,NA,NA,0
"686",686,6,156,"H",314,4,3
"687",687,6,156,NA,NA,NA,0
"688",688,6,156,"C",291,5,1
"689",689,6,156,"H",331,1,0
"690",690,6,156,"H",343,1,0
"691",691,6,156,"H",340,1,0
"692",692,4,157,"C",305,2,0
"693",693,4,157,"H",336,1,1
"694",694,4,157,"C",314,2,1
"695",695,4,157,"H",NA,NA,0
"696",696,4,158,"C",358,1,0
"697",697,4,158,NA,NA,NA,0
"698",698,4,158,"C",321,3,0
"699",699,4,158,"C",NA,NA,0
"700",700,5,159,NA,NA,NA,0
"701",701,5,159,"C",227,4,2
"702",702,5,159,"H",270,2,0
"703",703,5,159,"H",283,2,0
"704",704,5,159,NA,NA,NA,0
"705",705,6,160,"H",334,1,0
"706",706,6,160,"C",295,5,4
"707",707,6,160,"H",327,1,0
"708",708,6,160,"H",323,1,0
"709",709,6,160,"H",356,1,0
"710",710,6,160,NA,NA,NA,0
"711",711,6,161,"H",361,0,0
"712",712,6,161,"C",254,5,2
"713",713,6,161,"H",333,1,1
"714",714,6,161,"H",282,3,1
"715",715,6,161,"H",287,3,1
"716",716,6,161,"H",320,1,0
"717",717,3,162,NA,NA,NA,0
"718",718,3,162,"C",325,2,0
"719",719,3,162,NA,NA,NA,0
"720",720,6,163,"H",335,2,1
"721",721,6,163,"H",313,4,2
"722",722,6,163,"C",NA,NA,0
"723",723,6,163,"H",356,0,0
"724",724,6,163,"H",NA,NA,0
"725",725,6,163,"C",295,5,1
"726",726,3,164,NA,NA,NA,0
"727",727,3,164,NA,NA,NA,0
"728",728,3,164,NA,NA,NA,0
"729",729,5,165,NA,NA,NA,0
"730",730,5,165,NA,NA,NA,0
"731",731,5,165,NA,NA,NA,0
"732",732,5,165,"C",NA,NA,0
"733",733,5,165,NA,NA,NA,0
"734",734,4,166,NA,NA,NA,0
"735",735,4,166,"C",NA,NA,0
"736",736,4,166,NA,NA,NA,0
"737",737,4,166,NA,NA,NA,0
"738",738,3,167,"H",326,0,0
"739",739,3,167,"H",336,0,0
"740",740,3,167,"C",311,2,2
"741",741,3,168,NA,NA,NA,0
"742",742,3,168,"H",NA,NA,0
"743",743,3,168,"C",360,2,1
"744",744,6,169,NA,NA,NA,0
"745",745,6,169,NA,NA,NA,0
"746",746,6,169,NA,NA,NA,0
"747",747,6,169,NA,NA,NA,0
"748",748,6,169,NA,NA,NA,0
"749",749,6,169,NA,NA,NA,0
"750",750,3,170,NA,NA,NA,0
"751",751,3,170,NA,NA,NA,0
"752",752,3,170,"C",265,2,0
"753",753,5,171,"C",291,2,1
"754",754,5,171,"C",232,4,0
"755",755,5,171,NA,NA,NA,0
"756",756,5,171,"C",290,2,0
"757",757,5,171,"H",304,1,0
"758",758,4,172,NA,NA,NA,0
"759",759,4,172,NA,NA,NA,0
"760",760,4,172,NA,NA,NA,0
"761",761,4,172,"C",NA,NA,0
"762",762,6,173,"C",211,5,1
"763",763,6,173,"C",NA,NA,0
"764",764,6,173,"C",293,2,0
"765",765,6,173,"H",256,3,0
"766",766,6,173,"C",336,1,0
"767",767,6,173,"H",236,4,1
"768",768,6,174,"C",254,5,2
"769",769,6,174,"H",342,2,0
"770",770,6,174,NA,NA,NA,0
"771",771,6,174,NA,NA,NA,0
"772",772,6,174,"H",283,3,0
"773",773,6,174,"H",308,3,1
"774",774,3,175,NA,NA,NA,0
"775",775,3,175,"H",345,1,0
"776",776,3,175,"C",317,2,1
"777",777,6,176,"H",309,2,0
"778",778,6,176,"C",267,5,3
"779",779,6,176,"H",309,2,0
"780",780,6,176,NA,NA,NA,0
"781",781,6,176,NA,NA,NA,0
"782",782,6,176,"H",288,2,0
"783",783,5,177,NA,NA,NA,0
"784",784,5,177,NA,NA,NA,0
"785",785,5,177,NA,NA,NA,0
"786",786,5,177,NA,NA,NA,0
"787",787,5,177,NA,NA,NA,0
"788",788,4,178,NA,NA,NA,0
"789",789,4,178,"H",238,2,0
"790",790,4,178,NA,NA,NA,0
"791",791,4,178,"C",216,3,1
"792",792,5,179,"H",NA,NA,0
"793",793,5,179,"C",363,1,1
"794",794,5,179,"C",335,4,2
"795",795,5,179,"H",NA,NA,0
"796",796,5,179,"H",359,1,0
"797",797,3,180,"C",345,0,0
"798",798,3,180,"C",308,1,1
"799",799,3,180,"H",352,0,0
"800",800,5,181,NA,NA,NA,0
"801",801,5,181,"C",110,4,1
"802",802,5,181,NA,NA,NA,0
"803",803,5,181,"C",285,2,0
"804",804,5,181,"H",131,3,0
"805",805,5,182,"H",323,2,0
"806",806,5,182,"C",326,2,0
"807",807,5,182,NA,NA,NA,0
"808",808,5,182,"C",284,3,1
"809",809,5,182,NA,NA,NA,0
"810",810,5,183,NA,NA,NA,0
"811",811,5,183,NA,NA,NA,0
"812",812,5,183,"C",296,4,0
"813",813,5,183,NA,NA,NA,0
"814",814,5,183,NA,NA,NA,0
"815",815,6,184,"H",332,1,0
"816",816,6,184,"C",270,5,3
"817",817,6,184,"H",308,2,1
"818",818,6,184,"H",296,2,0
"819",819,6,184,NA,NA,NA,0
"820",820,6,184,"H",355,1,0
"821",821,6,185,"H",301,1,0
"822",822,6,185,NA,NA,NA,0
"823",823,6,185,"H",287,2,1
"824",824,6,185,"C",289,2,0
"825",825,6,185,"C",273,4,2
"826",826,6,185,"H",290,1,0
"827",827,4,186,"C",317,3,0
"828",828,4,186,NA,NA,NA,0
"829",829,4,186,NA,NA,NA,0
"830",830,4,186,NA,NA,NA,0
"831",831,5,187,"C",293,4,1
"832",832,5,187,NA,NA,NA,0
"833",833,5,187,NA,NA,NA,0
"834",834,5,187,"H",318,3,0
"835",835,5,187,NA,NA,NA,0
"836",836,3,188,"C",240,1,1
"837",837,3,188,"H",309,0,0
"838",838,3,188,"C",254,0,0
"839",839,3,189,"C",172,2,2
"840",840,3,189,"H",220,0,0
"841",841,3,189,"H",196,0,0
"842",842,4,190,NA,NA,NA,0
"843",843,4,190,NA,NA,NA,0
"844",844,4,190,NA,NA,NA,0
"845",845,4,190,NA,NA,NA,0
"846",846,3,191,"H",NA,NA,0
"847",847,3,191,"C",362,2,2
"848",848,3,191,"H",NA,NA,0
"849",849,6,192,NA,NA,NA,0
"850",850,6,192,NA,NA,NA,0
"851",851,6,192,NA,NA,NA,0
"852",852,6,192,NA,NA,NA,0
"853",853,6,192,NA,NA,NA,0
"854",854,6,192,NA,NA,NA,0
"855",855,5,193,NA,NA,NA,0
"856",856,5,193,NA,NA,NA,0
"857",857,5,193,NA,NA,NA,0
"858",858,5,193,NA,NA,NA,0
"859",859,5,193,NA,NA,NA,0
"860",860,5,194,"H",NA,NA,0
"861",861,5,194,NA,NA,NA,0
"862",862,5,194,"C",355,4,1
"863",863,5,194,NA,NA,NA,0
"864",864,5,194,NA,NA,NA,0
"865",865,6,195,"H",357,0,0
"866",866,6,195,"H",351,1,1
"867",867,6,195,"H",NA,NA,0
"868",868,6,195,"C",309,3,0
"869",869,6,195,"C",239,5,0
"870",870,6,195,"C",326,3,2
"871",871,3,196,"C",335,0,0
"872",872,3,196,"C",302,2,1
"873",873,3,196,"H",322,0,0
"874",874,4,197,NA,NA,NA,0
"875",875,4,197,NA,NA,NA,0
"876",876,4,197,"C",NA,NA,0
"877",877,4,197,"C",362,2,0
"878",878,6,198,"H",273,1,1
"879",879,6,198,"C",212,5,1
"880",880,6,198,"H",252,4,3
"881",881,6,198,"H",278,1,0
"882",882,6,198,"H",327,0,0
"883",883,6,198,"H",276,1,0
"884",884,5,199,NA,NA,NA,0
"885",885,5,199,NA,NA,NA,0
"886",886,5,199,NA,NA,NA,0
"887",887,5,199,NA,NA,NA,0
"888",888,5,199,NA,NA,NA,0
"889",889,4,200,NA,NA,NA,0
"890",890,4,200,NA,NA,NA,0
"891",891,4,200,NA,NA,NA,0
"892",892,4,200,"C",340,3,0
"893",893,5,201,"C",274,4,2
"894",894,5,201,"H",320,2,1
"895",895,5,201,"C",NA,NA,0
"896",896,5,201,"H",312,2,0
"897",897,5,201,"H",343,0,0
"898",898,4,202,"C",319,3,0
"899",899,4,202,NA,NA,NA,0
"900",900,4,202,NA,NA,NA,0
"901",901,4,202,NA,NA,NA,0
"902",902,3,203,"C",331,2,0
"903",903,3,203,NA,NA,NA,0
"904",904,3,203,NA,NA,NA,0
"905",905,3,204,"H",NA,NA,0
"906",906,3,204,"H",NA,NA,0
"907",907,3,204,"C",342,2,2
"908",908,3,205,"C",NA,NA,0
"909",909,3,205,"C",289,2,0
"910",910,3,205,NA,NA,NA,0
"911",911,5,206,"C",361,2,0
"912",912,5,206,NA,NA,NA,0
"913",913,5,206,"C",331,4,1
"914",914,5,206,NA,NA,NA,0
"915",915,5,206,"H",NA,NA,0
"916",916,5,207,NA,NA,NA,0
"917",917,5,207,NA,NA,NA,0
"918",918,5,207,NA,NA,NA,0
"919",919,5,207,NA,NA,NA,0
"920",920,5,207,NA,NA,NA,0
"921",921,5,208,"C",319,0,0
"922",922,5,208,"C",281,3,1
"923",923,5,208,"C",265,3,0
"924",924,5,208,"H",306,1,1
"925",925,5,208,"H",NA,NA,0
"926",926,4,209,NA,NA,NA,0
"927",927,4,209,NA,NA,NA,0
"928",928,4,209,NA,NA,NA,0
"929",929,4,209,NA,NA,NA,0
"930",930,6,210,"H",277,3,1
"931",931,6,210,"C",257,5,2
"932",932,6,210,"H",307,2,0
"933",933,6,210,"C",357,1,0
"934",934,6,210,NA,NA,NA,0
"935",935,6,210,"H",296,2,0
"936",936,5,211,NA,NA,NA,0
"937",937,5,211,NA,NA,NA,0
"938",938,5,211,"C",147,4,1
"939",939,5,211,NA,NA,NA,0
"940",940,5,211,"H",176,3,0
"941",941,4,212,"C",308,2,1
"942",942,4,212,"C",293,2,0
"943",943,4,212,NA,NA,NA,0
"944",944,4,212,"H",358,1,0
"945",945,3,213,NA,NA,NA,0
"946",946,3,213,"C",288,2,1
"947",947,3,213,"H",339,1,0
"948",948,6,214,NA,NA,NA,0
"949",949,6,214,"C",NA,NA,0
"950",950,6,214,NA,NA,NA,0
"951",951,6,214,NA,NA,NA,0
"952",952,6,214,"H",NA,NA,0
"953",953,6,214,"C",338,5,1
"954",954,3,215,"C",311,1,1
"955",955,3,215,"C",347,0,0
"956",956,3,215,"H",337,0,0
"957",957,6,216,"H",345,0,0
"958",958,6,216,"C",284,4,1
"959",959,6,216,"C",306,2,1
"960",960,6,216,"C",333,1,1
"961",961,6,216,"H",340,0,0
"962",962,6,216,"H",359,0,0
"963",963,5,217,"C",330,4,0
"964",964,5,217,NA,NA,NA,0
"965",965,5,217,NA,NA,NA,0
"966",966,5,217,NA,NA,NA,0
"967",967,5,217,"C",NA,NA,0
"968",968,4,218,"H",279,0,0
"969",969,4,218,"H",273,1,1
"970",970,4,218,"C",238,3,2
"971",971,4,218,"H",302,0,0
"972",972,3,219,NA,NA,NA,0
"973",973,3,219,NA,NA,NA,0
"974",974,3,219,NA,NA,NA,0
"975",975,6,220,"C",360,5,1
"976",976,6,220,NA,NA,NA,0
"977",977,6,220,NA,NA,NA,0
"978",978,6,220,"H",NA,NA,0
"979",979,6,220,NA,NA,NA,0
"980",980,6,220,NA,NA,NA,0
"981",981,4,221,"C",NA,NA,0
"982",982,4,221,NA,NA,NA,0
"983",983,4,221,NA,NA,NA,0
"984",984,4,221,NA,NA,NA,0
"985",985,6,222,"C",294,5,0
"986",986,6,222,NA,NA,NA,0
"987",987,6,222,NA,NA,NA,0
"988",988,6,222,NA,NA,NA,0
"989",989,6,222,NA,NA,NA,0
"990",990,6,222,"C",NA,NA,0
"991",991,6,223,"H",NA,NA,0
"992",992,6,223,"C",341,5,2
"993",993,6,223,NA,NA,NA,0
"994",994,6,223,NA,NA,NA,0
"995",995,6,223,"C",NA,NA,0
"996",996,6,223,"H",364,2,0
"997",997,4,224,"H",210,1,0
"998",998,4,224,"C",190,3,2
"999",999,4,224,NA,NA,NA,0
"1000",1000,4,224,"H",235,1,0
